0.0308338 0.0177276 0.0242807 0.0120484 0.0202313 0.0191362 0.0130265
0.0179663 0.0339607 0.0259635 0.0150885 0.0250872 0.0140303 0.00761523
0.00161452 0.00128817 0.00145135 0.00231349 0.00147544 0.000615149 0.000274928
0.00598492 0.00553593 0.00576043 0.00301951 0.0052817 0.00212492 0.00103829
0.0619142 0.0220914 0.0420028 0.0119324 0.0143967 0.0135899 0.0113728
0.0248624 0.039559 0.0322107 0.0170184 0.0334342 0.0251674 0.00974387
0.0548416 0.0259314 0.0403865 0.0171518 0.0152921 0.0117465 0.00839527
0.0805115 0.0576019 0.0690567 0.040249 0.0553785 0.0497306 0.0116781
0.0149327 0.0297401 0.0223364 0.0125345 0.0156098 0.0156098 0.00273289
0.0110587 0.0116378 0.0113482 0.006558 0.0101462 0.00732858 0.00231321
0.0191315 0.029875 0.0245033 0.0123621 0.0252113 0.0242631 0.00402542
0.0681797 0.0457686 0.0569741 0.0447909 0.0492013 0.0477809 0.00869587
0.0898299 0.0411363 0.0654831 0.030696 0.0278911 0.0277925 0.00900992
0.0154506 0.0351408 0.0252957 0.0164284 0.00956621 0.00469018 0.00303647
0.0504204 0.0200747 0.0352475 0.0310429 0.0235491 0.0223548 0.00301344
0.158928 0.078136 0.118532 0.0678874 0.0822224 0.0585167 0.0103656
0.125203 0.0934017 0.109302 0.0628493 0.0965665 0.0664117 0.0096148
0.0240061 0.0187589 0.0213825 0.00888473 0.0202343 0.0159317 0.00155588
0.0269212 0.0288633 0.0278922 0.02157 0.0271235 0.0164826 0.00282954
