0
1
1310
1312
4
3108
6
2888
2887
706
2595
1332
1326
3132
2396
519
1336
517
1356
1356
1509
1358
2472
22
27
1356
2290
3751
1360
2469
1355
1355
1574
32
1560
1413
1381
2631
2672
2646
2679
1394
3635
2691
1388
5465
5467
47
48
1559
3569
50
2648
1430
51
1428
1382
1443
58
1448
3632
3630
1454
3634
2749
65
2969
3293
1470
3276
1482
2489
2463
73
74
75
3278
2699
78
79
1501
81
1356
1356
1355
3751
2539
2565
1513
89
90
91
92
93
94
1589
1543
97
1524
99
100
1614
1538
1546
1557
105
106
107
108
3589
1567
111
112
113
1594
2682
116
117
118
1597
1617
121
2643
123
64
1609
1607
127
1603
3606
607
2732
606
2654
1439
1612
3608
137
138
139
140
141
1627
2337
2349
710
501
2348
1640
1635
2212
1641
2211
1647
457
155
156
157
743
82
1667
161
162
163
164
3885
166
4580
991
1691
170
171
1682
1686
4141
4160
4167
4157
1694
247
1713
1881
247
4196
4014
1704
1713
4019
5426
4193
1714
1712
1712
4980
1942
234
1731
1729
1774
1726
5250
1920
1745
203
4372
4373
1976
4401
1744
1753
1765
5457
1087
292
1768
1773
4369
4370
4413
1789
217
4447
1801
224
226
5313
5315
1823
1822
1820
1758
231
4977
4959
1839
1849
4216
4187
1858
1865
4949
4962
1860
4973
4986
245
246
1710
1709
188
188
4280
4257
1884
254
255
256
257
258
259
5291
1913
262
1894
5283
1928
1899
1783
1916
1922
5253
1925
1946
5271
1933
1932
199
5288
4671
194
1941
1735
4350
283
1952
1958
1089
1954
1963
1967
291
5311
1775
1756
294
1780
1903
1907
4449
4448
266
1975
207
303
304
305
306
307
308
4683
4079
311
1007
1004
1999
315
2000
317
4878
4782
318
321
322
5020
1875
325
2028
3943
598
2034
2108
3249
2039
2059
2045
336
3292
3286
2047
3258
2054
2056
1503
343
2061
2067
2065
3232
3246
349
350
2968
3248
353
354
355
356
357
2079
2078
2082
2084
3355
3362
2089
3826
366
367
368
369
370
2102
3307
2943
2175
3105
2114
2117
2133
2132
2119
3048
2123
2126
2128
4751
2135
2173
388
3003
2431
2140
2146
393
394
395
396
397
2153
2155
3034
2157
402
403
2163
405
406
407
408
409
2197
2196
3905
413
3040
3912
2184
2186
2922
2185
3205
3224
2192
2194
424
425
426
427
428
429
743
3192
432
2218
2216
3145
2261
2221
2222
2030
440
2770
442
2231
3142
2237
2233
2236
3081
2240
2951
2246
3024
2255
2777
455
3012
456
2250
1636
2265
2272
2270
2780
2781
465
466
470
469
3117
3118
3745
1510
473
2291
3125
3125
2964
2966
1631
480
481
482
483
484
1633
2313
2841
2840
488
2323
3098
492
493
494
495
2331
2332
3102
2334
2338
661
503
507
2941
2353
5803
659
66
2878
2889
2407
2371
513
3137
3128
3148
3122
2439
3123
2489
1509
2452
462
461
524
2466
2458
2460
2462
2471
3743
2496
2494
1356
2491
2563
2538
2544
2543
550
3747
2499
552
551
2547
1355
545
540
475
468
2280
476
2949
543
540
545
538
2282
467
2494
538
2549
2536
3751
2583
2585
542
567
539
3164
1351
572
2577
2233
447
576
2282
2280
574
580
581
582
583
1529
585
2602
1491
588
2656
590
591
592
593
594
595
2623
2621
3578
2628
33
601
602
1373
2649
3294
102
1540
608
1548
844
611
612
2675
1605
2683
2727
2694
618
619
1649
621
622
623
1450
625
626
627
628
629
630
631
3139
2765
2786
2788
2772
637
3183
639
640
641
642
643
644
3130
646
554
647
2523
2812
651
652
2830
489
2365
2375
657
658
1456
660
2385
662
1466
2884
665
666
667
668
669
670
671
672
3359
3322
2923
676
677
678
2946
2955
3752
3177
683
3168
3223
2959
687
3256
2987
2991
3254
500
2998
3252
695
3013
2266
698
3064
3035
3213
702
3051
3337
705
705
3218
445
3079
496
3095
3114
3112
3135
715
3339
3174
718
3198
3238
721
3226
3208
3209
3211
446
3282
3229
3280
3284
3264
732
3260
734
3762
736
3384
738
739
3316
3320
3317
3749
2491
1359
3354
2291
748
749
750
751
752
753
754
755
756
757
758
759
760
761
762
763
764
765
766
767
768
769
770
771
772
773
774
775
776
777
778
779
780
781
782
783
784
785
786
787
788
789
790
791
792
793
794
795
796
797
798
799
800
801
802
803
804
805
806
807
808
809
810
811
812
813
814
815
816
817
818
819
820
821
822
823
824
825
826
827
828
829
830
831
832
833
3610
835
836
3618
2661
1600
840
841
842
843
40
3623
846
847
848
849
850
851
852
3844
3777
4933
856
3793
858
859
860
861
3795
863
4910
4946
3799
867
3803
4930
4915
4633
872
873
874
875
876
877
878
879
3817
5038
5036
3816
884
3822
886
3833
888
3832
4322
891
892
893
4792
3846
3850
3852
3854
3867
3865
3859
4736
3864
3871
905
906
907
908
909
910
911
4712
3880
3883
4762
916
917
918
919
920
921
922
923
924
3902
3928
927
4731
3920
3918
4614
932
933
3924
935
3930
937
938
4701
940
1212
4876
943
3946
4829
3948
3990
948
949
4479
4826
952
953
4757
4770
3965
3963
3971
4640
3985
3974
962
4015
3992
2007
3987
967
4484
3999
970
971
4008
4804
4805
974
5420
1702
4784
4021
980
981
4630
983
984
985
986
987
1006
1995
4532
990
993
4533
994
995
996
997
998
999
1000
1001
1002
1003
1129
1009
1005
1131
4076
1127
1830
4087
1688
4135
4140
4833
4814
4154
4165
1019
5025
1881
4179
969
4184
4182
4183
4188
4194
5418
4220
4218
4278
4214
4256
4261
4260
4236
4225
5422
4238
1712
1037
4237
4024
4242
1037
5421
4006
4010
1039
1036
5050
4275
5426
4299
1038
1056
4305
4849
324
4292
1062
4296
3966
4022
2295
1067
4006
2017
4332
1071
1072
4314
1074
1075
1076
1094
4433
4996
4427
4329
1082
1083
4339
4338
4347
1943
1969
1813
4673
4978
1904
1909
1094
1095
4378
1305
1098
4391
1958
4440
1102
1103
1104
1759
1106
1107
4454
227
1110
1111
1112
4606
4518
1115
4489
1117
1679
1119
1120
1122
992
4104
4528
1125
1126
4088
1128
1011
1130
1834
4578
4585
1134
1135
1136
1137
1138
1139
1140
1141
1142
4613
1144
1145
1146
5834
4635
4647
5427
4714
4854
4863
4649
4906
4667
4939
4686
4678
4938
1161
4925
4936
1164
1165
1166
1167
4730
1169
4899
1171
4739
4741
4760
1175
4897
4756
4766
1179
4783
4795
4797
4821
1184
5024
4860
1187
1188
1189
1190
1191
1192
1193
4895
5014
4908
4914
1198
1199
4966
4942
4944
1203
5437
1205
1206
1207
1208
1209
1210
5005
5424
4211
1711
1215
4021
1217
1218
5352
1220
1221
1222
1223
1224
1225
1226
1227
1228
1229
1230
1231
1232
1233
1234
1235
1236
1237
1238
1239
1240
1241
1242
1243
1244
1245
1246
1247
1248
1249
1250
1251
1252
1253
1254
1255
1256
1257
1258
1259
1260
1261
1262
1263
1264
1265
1266
1267
5176
1269
1270
1271
1272
1273
1274
1275
1276
1277
1278
1279
1280
1281
1282
1283
1284
1285
1286
1287
1288
1289
1290
1291
1292
1293
1294
4394
5256
5306
1297
1956
4380
1301
1302
1303
1769
5298
290
1307
1308
1309
1310
1308
1314
1313
1314
1312
1316
1316
1318
1320
2887
8
1322
7
1325
2594
11
1325
1329
5831
2409
1328
14
3056
2390
5802
2429
2443
2429
2444
1356
1356
1356
1356
1509
1358
1358
1509
1509
3335
2284
3335
82
3335
3751
2566
474
1356
2566
2293
3744
531
2469
3744
3745
1355
1355
1355
1355
3568
3570
1574
3568
1569
34
1376
1570
1569
1578
1380
1369
1578
2734
131
131
2734
2734
2747
2747
1388
1388
1393
1393
1449
624
1397
1397
136
1374
35
1403
1400
2749
1403
1404
1405
1406
1407
1408
1409
1410
1411
1414
1413
1558
1415
1416
1417
1415
50
1372
1420
50
50
1422
2650
1432
52
2731
1430
52
52
1425
3636
2733
1436
130
56
1437
1615
1442
1440
2745
59
1444
3631
1446
1447
60
1609
1450
126
1453
2687
58
1455
2361
2876
2357
1460
2917
1459
5836
1464
5820
144
2350
1465
1469
2351
1473
67
69
3293
5758
5758
5478
5476
5574
5697
1324
1327
12
2487
86
2487
2489
1489
74
1489
1487
77
3297
2698
3573
76
1496
1497
1498
1499
1500
81
1502
1503
1500
1356
1356
1355
1356
26
26
2565
1461
65
1461
1515
1516
1517
1518
1519
1520
1521
1522
1523
1524
1525
1526
1523
135
1614
135
2682
2645
1539
1421
1538
1538
1539
37
1420
1379
1544
1541
95
1544
1542
98
1545
1548
1528
1531
1528
1528
1556
1554
103
3587
597
1558
1559
108
1561
1562
1563
1564
1565
1566
1568
3589
1568
109
3304
3304
1572
68
1579
1576
1575
1371
1579
2684
120
2683
2684
120
119
120
1587
1588
1589
1591
2685
1592
1593
1606
3627
124
614
2684
1390
1597
1601
1602
1603
124
1607
124
1607
126
126
1610
2716
132
1612
132
606
64
64
1618
1619
1620
1623
1622
1623
1621
140
1626
2207
1625
2346
2347
147
1629
2343
1637
148
1637
2212
1640
1638
2211
152
5803
5803
2263
2262
2263
1647
1651
1649
1648
2620
1652
1653
1654
1655
446
3332
446
446
21
1347
3160
18
1664
1664
1666
1667
1671
1669
1670
1672
1673
4742
1674
1676
4579
167
1675
168
1683
1680
173
1683
1685
4161
4162
1684
174
4750
4127
4106
1693
4168
177
1693
1713
1713
1713
1713
1881
247
4210
4210
4847
188
188
1878
1713
4281
979
4019
4281
1710
1029
1718
1717
5419
4193
247
1712
247
247
5249
5248
234
5249
1730
1727
277
5288
5318
1724
4351
1726
193
1093
4371
1907
267
1906
4403
4403
1742
4407
1748
1962
1745
1815
1752
1750
5468
298
222
1755
5463
302
1754
294
1762
1084
1762
5461
1968
1766
1969
1778
1764
213
1768
1764
1728
1771
197
196
1776
1779
1775
295
1781
198
1781
4369
1091
4369
5251
1091
1091
4367
4413
1795
1793
4413
4368
4368
1090
4446
1798
4445
1977
5320
299
1801
1092
1905
4456
1811
4457
1807
1810
5314
226
1809
225
1815
1972
227
1818
1821
1817
228
1757
230
293
5722
5591
5655
1827
1828
1829
5786
5801
5777
1147
4627
1836
5832
1831
4960
4960
4960
1839
4147
4146
5740
4818
4099
4817
1681
172
1848
1034
4216
1034
4211
4949
1857
4974
240
1860
4981
241
1862
1863
1867
243
1864
4985
1868
1869
1870
1871
1872
1713
1709
247
1713
188
5020
187
4280
187
1828
1882
1884
1886
1886
1887
1888
1889
1890
1891
1892
265
262
1893
1930
265
1898
1899
5253
1901
1898
4444
1788
4443
5459
1909
193
1783
1785
1912
5290
5291
1911
1914
263
1917
1918
1920
5272
1920
1921
1926
1923
1085
5268
1927
1931
1773
274
5284
1936
273
1932
272
279
5286
1733
276
5286
1841
1841
4988
232
195
1725
195
5248
194
284
1950
1952
1950
1953
1953
283
4404
223
4404
1812
1965
1961
289
1951
1950
283
1099
1778
295
292
1972
1963
4402
4402
4363
300
4448
4363
1742
4401
1741
1887
1983
1984
1985
1986
1987
1988
1989
1989
1991
1992
4073
4073
4072
1994
4074
1998
1999
2000
1998
1999
2023
2002
4106
1691
2008
4877
2008
318
2011
2012
2013
2014
1063
4296
1063
2016
324
324
2022
4846
2023
2024
325
1639
2026
148
148
2029
2031
3943
2031
3577
2035
2036
3577
598
331
2111
3275
2041
2040
2048
333
2044
337
3285
2051
336
3291
2049
2057
339
2053
334
3262
2060
342
2060
343
2058
2066
2063
347
3244
348
2068
2069
2071
3247
2072
2073
2074
2075
2076
2077
2082
357
2078
3352
2082
2085
362
3358
2083
3825
2084
361
3825
3826
2092
2093
2094
2095
2096
2097
2098
2099
2100
2103
372
3306
2101
2086
2942
2086
375
2110
375
3105
2113
3741
73
2112
2118
378
2130
379
2116
2122
3115
381
2121
2129
2120
2125
385
3062
2131
2134
0
386
2134
2135
2136
2139
2138
3099
390
2137
2142
393
2144
2145
395
2147
2148
2149
2150
2151
1315
5
2152
1315
2159
400
2156
3021
2164
2161
2162
405
2247
2165
2166
2167
2168
2169
2174
2195
2172
412
3904
2177
2176
3104
2176
2182
2179
416
2183
2183
3915
2187
88
3330
418
2185
2191
3206
421
2190
420
2195
2196
2197
2198
2199
2200
2201
2202
2203
2204
2205
2206
2206
743
743
431
3191
2210
3192
2217
2214
435
3767
3767
2223
2223
2219
439
2260
2226
2225
2226
2227
2228
2229
2230
444
3140
448
2233
2236
448
3081
2283
2240
2286
2238
453
2244
2256
2259
454
2247
2248
2249
2254
456
2250
142
3011
149
2257
1634
2029
2258
2030
326
2251
2287
2252
1628
2253
1628
2271
2268
463
2779
464
2273
2274
2275
2276
2277
3116
2281
3117
3116
3118
471
3163
1510
1364
2287
2288
2289
3119
3119
2291
2291
3124
3125
3124
3124
2300
477
2963
2300
2302
2303
2304
2305
2306
2307
2308
2309
2310
2342
2311
502
2345
2318
2318
2317
2967
2320
2839
488
2319
487
2324
3097
2326
2327
2328
2330
2330
2331
2329
2329
2335
2335
2335
2334
2338
2339
2340
2341
2867
2869
2382
2868
2881
2881
2940
499
2353
2352
2337
2336
5762
1642
5708
5546
5482
2356
5753
2354
5513
5517
5712
5518
5519
5523
5502
5555
5500
5563
5474
5561
5503
5688
2358
5755
2995
2995
2996
2384
2857
2384
2855
508
508
1467
2386
3088
3087
3089
3084
145
2395
145
2394
5819
2394
2392
2390
145
5808
5808
2403
2403
2420
512
2410
3150
3758
2418
5715
5691
5692
2369
2389
2399
5808
2420
5808
2420
2378
515
514
515
3128
2427
2432
2432
2432
497
3121
2428
2140
2443
1337
5806
1331
511
2438
2393
2444
517
3123
86
86
1509
2489
1358
1358
2815
523
2269
2816
2453
2457
2465
522
2456
526
2460
3743
528
2461
2467
530
2519
2470
2468
2470
553
537
2464
2495
527
2492
2494
2494
538
1510
1511
1511
2491
87
1359
1359
2539
2541
2541
2542
558
3748
2544
3748
3746
2514
2517
2517
2545
2546
552
1356
1356
3751
1355
2500
2500
540
2582
545
2515
2518
2297
551
2296
469
2296
476
2520
2948
462
2511
2512
2498
2497
2499
2500
2501
2493
3747
2493
2500
540
545
539
2490
539
467
2282
467
467
2279
2278
2561
468
2294
2295
3774
2494
3774
3335
1356
1356
1355
2493
2493
538
2589
2493
538
2281
470
2562
2561
2282
2290
3774
541
561
2489
2529
2533
2574
2495
562
2573
2577
2569
3749
2233
3749
2584
578
2294
1066
2573
568
2588
2590
2278
577
3333
1659
2436
16
2596
2597
2598
2599
2600
1551
585
2601
3598
2605
2655
2607
2608
2609
2610
2611
2612
2613
2614
2615
2616
2617
2618
2619
2622
99
2622
107
2624
2625
2627
2627
2628
2626
1369
1369
1369
2625
2634
2635
2636
3629
2638
2638
2640
2641
2640
2643
2647
1612
55
1537
605
2985
3295
2649
1540
1540
1535
2655
608
2655
2662
610
2658
1600
3612
2663
2664
2665
2666
2667
2668
2669
2670
2671
3637
2692
2674
2675
2676
2677
2680
41
3628
2678
1388
2692
1389
1447
2686
2688
5462
63
45
45
1438
2696
616
2693
2726
2651
2697
604
2700
2701
2702
2703
2704
2705
2706
2707
2708
2709
1547
1650
620
104
2714
2715
2716
2719
329
5460
2038
328
599
2725
1573
1573
1418
123
55
1429
1422
1422
36
3606
36
1534
1536
2737
2738
2739
2740
2741
2742
1385
2652
2746
3633
2748
5465
5467
2695
2751
2752
2753
2754
2755
2756
2757
2758
2759
2760
2761
2762
2763
2764
2765
632
2765
2261
2771
634
2785
635
2769
2774
2775
2776
439
2777
2243
3025
451
2782
2783
2784
2787
425
3182
638
2791
2790
2791
2792
2793
2794
2795
2796
2797
2798
2799
645
2801
2532
2534
2805
2524
2522
2523
2496
2522
2455
2810
525
2811
650
2269
461
2804
2818
648
2820
2821
2822
2823
2824
2828
653
2827
2829
2831
654
2319
490
489
2366
2412
2367
2364
5484
2834
655
656
2842
2843
2844
2845
2846
2847
2848
2849
2854
2851
2383
2383
2853
3640
1458
2863
2858
2859
2860
2312
485
2361
2866
2359
2880
2868
2388
661
509
2871
2872
2873
2874
2875
3766
1464
2879
5837
1463
663
2941
2885
510
2889
2883
2886
664
2836
2370
2891
2892
2893
2894
2895
2896
2897
2898
2899
2900
2901
2902
2903
2904
2905
2906
2907
2908
2909
2910
2911
2912
2913
2914
2915
630
2917
674
674
3361
2193
423
422
2921
2925
2926
2927
2928
2929
2930
2931
2932
2933
2934
2316
2936
5833
2939
2964
505
2350
2198
424
2947
2944
675
3231
2950
680
3038
1364
2953
1361
2958
682
2954
684
3176
1350
3333
2960
2238
399
2965
2155
2154
398
398
143
2992
498
2972
2973
2974
2975
2976
2977
2978
2979
2980
2981
2982
2983
688
3256
2984
688
2990
2988
3253
691
2337
500
500
2994
2994
2999
694
3255
2997
3001
3002
494
3004
3005
3006
3007
3008
3009
3010
3011
3012
2264
1645
3016
458
2253
2266
3019
3020
3021
3022
3023
2257
459
3765
699
401
3075
3041
450
2952
2239
686
2959
3034
2962
3026
3042
679
701
3215
2143
3044
3045
1514
3046
2
2189
2189
3052
417
3053
3054
3055
3086
3060
3054
705
3058
3056
3062
3914
707
3214
3067
3219
704
3068
445
3337
3072
3073
3072
3036
3076
2120
3077
380
2124
382
3080
3074
3074
496
3058
3059
3083
3085
3090
3091
3092
3093
3094
426
3096
2434
391
2333
2341
3101
1317
3103
2945
346
3106
3107
712
3109
3110
3111
2178
3113
713
1311
3078
383
709
3082
5805
2332
3121
3089
2127
384
3127
3134
714
3126
70
5758
5542
2404
2440
518
3129
3137
2027
151
3141
3146
711
3143
2267
432
2200
1481
3149
3151
5541
3152
3153
2408
3154
3155
3156
681
3158
1510
2485
1509
1509
2473
22
1485
3165
2215
433
3169
3170
3179
2487
536
563
2578
2218
150
3178
2470
3180
3181
3182
3183
3184
3186
3187
696
3014
3190
3018
3018
460
3096
3193
3194
3199
3196
720
3237
721
3201
3233
3209
3204
722
3226
3208
722
3211
3209
3240
3069
703
708
3050
2188
2924
3329
3329
3329
2234
3332
3332
3227
3227
340
3742
3225
727
3228
3230
728
3235
729
3279
3240
3239
730
3283
2055
3242
3251
3241
3245
3281
731
2989
690
346
2064
374
2109
3243
693
330
2043
3257
3258
3259
3260
3257
2062
3263
733
3265
3266
3269
1495
3277
587
3271
3272
3273
3274
2115
376
3000
689
2046
338
3282
733
2052
335
1504
80
3287
3288
3289
3290
2104
371
2894
332
3296
2042
2986
3298
3299
3300
3301
3302
3303
2979
3305
3306
737
3383
3309
3310
3311
3312
3197
3314
3313
719
723
3320
3210
723
3322
3324
3321
3207
3324
3326
3327
2234
446
3323
446
2235
3750
3750
3750
382
3338
3047
87
2540
1511
1355
87
2491
87
26
1511
474
447
2293
741
741
3318
3354
739
3354
740
3327
3359
3359
3359
362
746
3364
2490
2490
2488
2563
3370
2282
3371
3372
3373
3374
3375
3376
3377
3378
3379
3380
3381
3382
3385
752
3385
3386
3387
3388
3389
3390
3391
3392
3393
3394
3395
3396
3397
3398
3399
3400
3401
3402
3403
3404
3405
3406
3407
3408
3409
3410
3411
3412
3413
3414
3415
3416
3417
3418
3419
3420
3421
3422
3423
3424
3425
3426
3427
3428
3429
3430
3431
3432
3433
3434
3435
3436
3437
3438
3439
3440
3441
3442
3443
3444
3445
3446
3447
3448
3449
3450
3451
3452
3453
3454
3455
3456
3457
3458
3459
3460
3461
3462
3463
3464
3465
3466
3467
3468
3469
3470
3471
3472
3473
3474
3475
3476
3477
3478
3479
3480
3481
3482
3483
3484
3485
3486
3487
3488
3489
3490
3491
3492
3493
3494
3495
3496
3497
3498
3499
3500
3501
3502
3503
3504
3505
3506
3507
3508
3509
3510
3511
3512
3513
3514
3515
3516
3517
3518
3519
3520
3521
3522
3523
3524
3525
3526
3527
3528
3529
3530
3531
3532
3533
3534
3535
3536
3537
3538
3539
3540
3541
3542
3543
3544
3545
3546
3547
3548
3549
3550
3551
3552
3553
3554
3555
3556
3557
3558
3559
3560
3561
3562
3563
3564
3565
3566
3567
3570
735
1472
735
2698
1529
3576
834
3609
1564
3578
3582
3579
837
3619
120
1606
3586
3621
1527
3588
112
3590
101
3592
838
3594
1604
2657
3580
2655
3599
3600
3601
3602
1569
3604
1577
3605
3606
3606
2677
613
3614
3616
3615
3616
40
3626
3624
845
3624
3622
2681
2681
122
2642
3625
1392
1616
1455
3629
3629
3630
3631
3633
3634
2733
3607
134
1536
1570
2360
3641
3642
3643
3644
3645
3646
3647
3648
3649
3650
3651
3652
3653
3654
3655
3656
3657
3658
3659
3660
3661
3662
3663
3664
3665
3666
3667
3668
3669
3670
3671
3672
3673
3674
3675
3676
3677
3678
3679
3680
3681
3682
3683
3684
3685
3686
3687
3688
3689
3690
3691
3692
3693
3694
3695
3696
3697
3698
3699
3700
3701
3702
3703
3704
3705
3706
3707
3708
3709
3710
3711
3712
3713
3714
3715
3716
3717
3718
3719
3720
3721
3722
3723
3724
3725
3726
3727
3728
3729
3730
3731
3732
3733
3734
3735
3736
3737
3738
3739
3325
3741
3261
2469
2462
529
2542
2543
2561
447
2292
2292
29
2960
3754
3755
2239
2158
2368
3759
3760
3761
69
5805
1632
1637
2379
2212
3768
3769
3770
3771
3772
1624
2564
1356
2492
855
3781
3780
4934
3845
3782
857
3784
3785
3786
3787
3788
3789
3790
3794
3791
3793
4924
864
3797
4946
3797
3799
3800
870
4928
1197
4634
3804
3806
3807
4931
3809
3810
3811
3812
3813
3814
3815
881
881
5038
3818
3817
3824
3822
3821
5043
3825
3826
885
5047
3831
3830
3831
3832
3829
3830
887
3836
888
3838
3839
3840
3841
3823
3820
894
4792
894
3846
4929
3802
238
1200
899
3854
899
3867
3855
3860
3857
902
4802
3862
3856
3861
3853
3868
3868
160
3869
1667
3870
3869
3872
3873
3874
3875
3876
3879
911
4709
3879
3877
3884
913
4764
915
3882
3887
3888
3889
3890
3891
3892
3893
3894
3895
3896
3897
3898
3899
3900
3901
3902
3903
3906
905
5049
3926
3910
3909
4791
3911
904
3915
3866
3871
3919
3916
931
5015
253
3921
3922
3921
3921
3925
3928
3927
5044
3929
3930
3931
3932
3933
3934
3935
3936
3937
5017
5020
5020
3941
3942
3941
942
3947
5443
5443
945
3945
3950
3951
3952
3950
3954
3955
3956
3957
3958
4825
3960
3961
3962
3964
5021
955
3965
3964
3970
3968
4012
959
3973
4482
960
3972
3976
3977
3978
3982
3980
964
2009
2009
3986
3986
2001
2000
3984
2001
314
319
320
319
3994
3995
3996
3998
4483
968
3997
4001
4002
4003
4004
4005
4803
4804
4803
4805
974
4848
1716
4014
4848
4016
4784
978
4806
973
4021
4806
4811
4811
4811
4028
4025
982
1008
4029
4030
4031
4032
4033
4034
4035
4036
4037
4069
4040
4070
4071
4042
4043
980
4045
4531
990
4050
4533
4531
4051
4052
4053
4054
4055
4056
4057
4058
4059
4060
4061
4062
4063
4064
4065
4066
4067
4068
4559
4561
4110
4560
4573
4574
4114
4078
1002
4681
309
4079
5677
5607
5588
5618
5622
5590
5661
5622
5627
5628
5626
5628
5632
5581
5612
5649
4095
5716
4096
5583
4097
4098
5629
5719
5815
5815
4547
4549
4108
4548
4570
1832
4556
4112
4118
311
4117
4118
4120
4810
4121
4123
4166
5828
5811
5823
5812
4130
4128
5809
4129
4129
4136
4133
1014
4139
5828
4094
1845
1846
4137
4125
4126
4128
4130
4128
4144
5729
4152
4149
1016
4822
4155
998
4155
4156
4153
4158
4159
176
5824
1695
1687
4163
1012
4121
1019
4168
1017
4211
1034
1881
1034
247
247
4509
4176
4000
1023
4184
4180
1026
1022
4189
4181
4185
1025
1024
4190
4240
1028
1028
4191
1045
4194
1034
4186
4217
4217
4217
1038
4220
1036
1702
1713
1880
1880
4214
1880
1711
4256
251
1048
1048
4261
4258
4235
4234
1040
5423
4262
4238
4264
4264
4237
188
1713
1710
5020
4223
4223
4297
1037
4237
4237
4023
4024
4024
4024
4242
969
4637
2512
4225
4222
4223
4222
4224
4221
5421
4223
1037
1035
1035
4215
972
4007
4010
972
975
4009
975
975
4022
5451
5451
4220
247
1712
4221
4221
4303
4215
4221
5421
974
4008
4277
4276
4007
4018
4254
4254
1051
4250
4249
4219
4287
4252
1053
4284
1062
4288
1064
5424
3963
4298
4022
4298
4288
4301
1057
1065
4009
4304
323
2018
4162
4309
4311
4330
1071
4310
1070
4315
4316
4317
4318
4319
4375
4321
4324
4325
4995
4434
1078
4429
4327
890
4330
4331
4332
4333
4335
4337
4334
4340
264
1932
1934
4353
1765
4353
4437
4347
278
1943
4437
5250
5250
5248
4432
215
4356
4354
4440
1805
1808
229
291
4359
1820
4365
266
1791
4366
4676
4673
4978
4676
267
1904
1909
4375
4375
1094
4379
1097
5296
1299
4377
5267
1096
1098
1297
5267
4387
5254
4389
4390
1902
4392
4405
1958
4405
5308
202
4398
4398
1747
4403
1099
4392
1812
1089
301
1976
301
4411
1101
1777
4412
1090
4675
4414
4416
4417
4418
4419
4420
4421
4422
4423
4424
4425
4426
1105
4336
1761
271
4428
1772
211
4997
1941
1944
4988
1943
1777
4439
4366
4415
4367
4367
200
1908
1735
220
1905
4450
4451
4452
4453
4454
4453
4457
5316
4406
4458
4461
5473
4462
4463
4464
4465
4466
4467
4468
1113
4470
4470
4472
3953
947
4473
4478
4476
4487
1116
4480
4481
4482
3975
961
4485
4486
4488
4867
936
4493
4491
1118
1678
4494
4495
4496
4497
4498
4499
4251
4244
4501
4243
4243
4218
4177
4506
4508
4000
4502
4511
4512
4513
4514
4515
4519
4516
1121
4520
4523
4048
4524
4046
4049
4047
4530
4093
4102
4138
5633
4529
1124
4527
4534
4535
4536
4537
4538
4539
4540
4543
4041
4545
4107
4109
4544
5322
1825
4091
4550
4551
4552
4039
989
5767
5764
4085
4086
4562
4113
4558
1824
4563
4564
4565
4566
4567
5676
5588
4083
4148
5589
4111
1834
4577
4575
4581
1013
4576
1132
4582
5433
4583
1855
239
4584
4587
4588
4589
4590
4591
4592
4593
4594
4595
4596
4597
4598
4599
4600
4601
4602
4604
4605
4471
925
4607
4608
4609
4610
3923
4611
934
4614
4615
4616
4617
4618
4619
4620
4621
4622
4623
4624
4625
4626
169
1008
4080
4077
310
3927
4634
4915
1143
4633
4638
4727
4637
190
1715
4641
4644
4861
4645
4646
1151
3969
958
4651
185
4652
4653
4654
4655
4656
4657
4659
4684
4660
4661
4662
4663
4664
4431
4666
1133
889
4987
4586
4670
4672
1157
4688
4674
4940
4677
1160
4937
4677
4681
4682
1161
4685
4685
1163
4689
4936
4927
4690
4691
4692
4693
4694
4695
4695
4697
4698
4699
4700
4017
4705
4702
1166
4879
4703
4707
4708
4709
4710
4711
4712
3988
966
4713
4716
4728
4718
4719
4722
4720
4642
4723
5431
4725
4650
4715
4729
4900
1170
1148
3881
4732
4734
1883
161
4735
3917
929
3917
930
4743
4760
1174
4745
4746
4747
4748
4749
5817
900
4755
1176
4754
4896
4740
1172
4757
4740
1000
4761
4696
4763
912
3853
898
4765
3858
4768
901
4771
4772
4773
4774
4775
4776
4777
4778
4779
4780
4781
4781
938
4784
4785
4786
4787
4788
4789
4790
4636
4636
3886
4794
914
4796
895
4798
4799
4733
1182
1665
4767
1178
903
4769
5438
4808
4809
4810
3863
4816
4813
4814
1183
4820
4131
1842
5825
4164
1018
4822
2004
4824
4827
1180
4831
4828
943
4830
3933
1850
4834
4836
5748
4837
4838
4134
4839
4840
4841
1150
4856
247
4210
1702
4848
4197
1185
1186
4858
3949
4853
944
4855
4864
5025
1033
1052
1061
4862
5441
4863
4195
4866
4866
4867
4868
4869
4870
4871
4872
4873
4874
4875
4876
4781
3960
3960
4880
4881
4882
4883
4884
4885
4886
4893
4888
4889
4890
4891
4892
4893
4894
1192
1173
1177
4741
4900
4901
4612
4903
5013
1195
4902
5016
5016
4892
4908
1191
4892
935
4912
1196
4913
4913
4917
4918
4919
4920
4921
4922
4923
4924
4927
4801
4935
4914
4965
1196
4680
1159
871
3805
3847
3847
1181
4926
853
3778
4945
3795
4941
865
3792
3792
4943
4947
1202
1201
4952
4961
4951
4954
4955
4956
4957
4958
868
3849
1162
4687
4963
4964
4966
5417
4967
4968
4969
4970
3798
4971
866
4972
4975
4976
896
854
3779
4979
1158
4982
4982
4984
4983
1205
1866
232
4671
4990
4991
4992
4993
4668
1156
4989
4438
4998
4999
5000
5001
5003
5003
5002
1210
5006
5007
5008
5009
5010
5011
5012
954
957
5007
957
1212
3966
5020
5425
5022
5023
4737
251
4259
1880
4214
1879
1712
1879
1709
1880
5035
5055
956
1210
5036
1210
5039
5040
5041
5042
5043
5046
1141
5415
5047
5048
4608
4215
4215
4213
4305
5055
4007
5056
5057
5058
5059
5060
5061
5062
5063
5064
5065
5066
5067
5068
5069
5070
5071
5072
5073
5074
5075
5076
5077
5078
5079
5080
5081
5082
5083
5084
5085
5086
5087
5088
5089
5090
5091
5092
5093
5094
5095
5096
5097
5098
5099
5100
5101
5102
5103
5104
5105
5106
5107
5108
5109
5110
5111
5112
5113
5114
5115
5116
5117
5118
5119
5120
5121
5122
5123
5124
5125
5126
5127
5128
5129
5130
5131
5132
5133
5134
5135
5136
5137
5138
5139
5140
5141
5142
5143
5144
5145
5146
5147
5148
5149
5150
5151
5152
5153
5154
5155
5156
5157
5158
5159
5160
5161
5162
5163
5164
5165
5166
5167
5168
5169
5170
5171
5172
5172
5174
5175
1271
5177
5178
5179
5180
5181
5182
5183
5184
5185
5186
5187
5188
5189
5190
5191
5192
5193
5194
5195
5196
5197
5198
5199
5200
5201
5202
5203
5204
5205
5206
5207
5208
5209
5210
5211
5212
5213
5214
5215
5216
5217
5218
5219
5220
5221
5222
5223
5224
5225
5226
5227
5228
5229
5230
5231
5232
5233
5234
5235
5236
5237
5238
5239
5240
5241
5242
5243
5244
5245
5246
5247
5249
1840
4979
4978
4442
5253
5292
4393
5293
5258
280
1086
5300
4361
1306
5260
5264
5265
5303
5305
1895
1949
1947
1948
5253
4381
5274
5275
5265
5276
5260
4375
5280
5281
5282
1934
1939
4436
1948
199
1732
282
5290
1769
4405
4394
5297
5298
5297
5299
203
1956
4359
4359
290
5305
4399
4399
291
4359
4355
287
1967
1817
4440
1101
4410
1102
4462
1910
4447
4364
1905
4447
5794
5323
5324
5325
5326
5327
5328
5329
5330
5331
5332
5333
5334
5335
5336
5337
5338
5339
5340
5341
5342
5343
5344
5345
5346
5347
5348
5349
5350
5351
5352
5353
5389
5355
5356
5357
5358
5359
5360
5361
5362
5363
5364
5365
5366
5367
5368
5369
5370
5371
5372
5373
5374
5375
5376
5377
5378
5379
5380
5381
5382
5383
5384
5385
5386
5387
5388
5178
5390
5391
5392
5393
5394
5395
5396
5397
5398
5399
5400
5401
5402
5403
5404
5404
5406
5407
5408
5409
5410
5411
5412
5413
5414
5415
4950
864
4191
5418
1027
1044
1044
4239
956
4020
979
189
1155
5429
5430
4721
5432
4101
5434
5435
5444
233
5810
1996
4105
2032
5728
3943
5282
5445
5446
5447
5405
1986
188
4279
247
4217
5454
5455
4438
4346
1419
1787
596
4345
1401
1981
5464
5470
1396
5467
204
5469
1397
1797
5472
5473
5485
5495
5572
5560
5560
2380
2380
5544
5569
5509
5538
5533
5499
5756
5578
5571
5536
5535
5528
5506
1334
5497
5556
5508
5543
5818
5554
5556
5551
5554
2399
2399
2416
5508
2399
5494
5565
5576
5494
5512
5498
5512
5577
5516
5516
5538
5534
5492
5531
5548
5492
5570
5570
5701
5578
5527
5527
5526
5499
5505
5570
5488
5579
5488
5488
5534
5572
5572
5560
3061
2380
1335
5575
5504
5487
5508
5532
5486
5575
5479
5549
5558
5507
5549
5508
2417
5497
5699
5699
5495
3061
3061
2400
5807
5704
5745
1334
5702
5699
5493
5495
1333
5543
5580
2400
2400
5807
5664
5682
5651
5585
5772
1690
5783
5730
5675
5685
5646
5638
5601
5733
5614
5617
5635
5600
5659
5594
5667
5686
5734
5666
4142
4143
5674
4142
5604
5604
5666
5666
5614
4143
5771
5614
5614
5679
5678
5596
5679
5643
5637
5645
5644
5600
5600
5640
5648
5660
5659
5660
5593
5613
5608
5613
5595
5658
5656
5657
5614
5615
5595
5635
5636
5636
5636
5600
5670
5585
5772
5782
5730
5652
5684
5615
5606
5615
5657
5667
5602
5602
5668
5665
5668
5603
5606
5778
4807
5672
5672
5680
5782
5605
5586
5673
5673
5732
5605
5669
5663
5670
5673
5674
5678
5605
5782
5485
5554
5555
5562
5698
5698
5698
5758
5758
5560
3120
2401
5508
5818
5807
5821
5802
5802
5802
2378
1642
5544
5568
5553
5510
5513
5490
5491
5612
5681
5632
5631
5648
5597
5619
5684
5683
5587
5587
1691
1691
1691
1689
1690
4125
4143
4807
4145
4144
5773
5799
5799
5799
5737
5650
5671
5802
5821
5802
5802
5737
5799
1642
5762
5568
5546
5482
5513
2389
2399
3763
2420
5758
5758
2378
2401
5607
5683
5623
5618
5649
5612
4125
4126
4145
4144
5799
5773
5653
5729
5438
5807
5698
5478
4127
4750
1691
1691
1691
5517
5523
5491
5555
5557
5562
5758
5598
5599
5632
5611
5583
4144
5803
4106
692
692
2403
3089
5808
9
2391
4121
4119
4115
4117
5814
5809
4685
4685
5817
3088
2393
2993
3057
5816
4116
4123
4122
2394
2402
5813
5828
2403
5819
5816
143
4105
5440
2970
2970
247
1713
1356
1358
1356
247
188
3751
1356
1713
1356
188
