0
1
2
3
4
5
6
3151
2887
3087
10
1332
1326
1479
5826
2443
1336
2430
1485
1484
2472
2472
3745
471
2284
1484
2488
3339
29
553
1485
1485
1574
32
34
35
1378
50
1552
39
40
41
131
2692
1390
45
46
47
48
49
3571
1425
2651
1431
52
1426
130
1443
2689
1448
3632
3630
1454
3634
64
65
2969
67
1470
3276
1482
2463
526
1488
3265
75
76
2699
78
79
1501
3309
1483
22
1485
22
3774
2489
1513
89
90
91
92
93
94
1589
1543
97
98
99
100
2645
51
103
104
3589
3604
1562
1566
3605
3606
3305
1579
1573
119
1582
116
2686
1593
1594
1599
121
2643
123
1616
1609
1607
127
128
36
1536
1540
2735
2736
134
135
2733
137
141
1621
2254
3192
2264
2352
2349
3089
501
2348
2026
2027
2028
3185
1641
3194
153
3096
156
157
3345
716
160
161
162
163
164
165
166
4580
991
5822
4775
171
1680
1686
4137
5824
4121
4169
1692
1702
1702
4196
183
4197
4848
4014
1702
4214
5024
4863
5427
1853
1853
5250
195
1942
221
1729
1774
1948
193
201
1745
5299
4372
4373
1976
1742
1744
1753
1765
5457
4346
1970
1768
1773
1783
4367
4413
1792
217
4447
1801
1806
1811
5313
5315
1823
1822
228
1758
231
4977
4960
1838
4832
4187
4188
1858
239
4947
241
1860
243
244
245
246
1851
1853
1702
1702
4213
5451
1884
254
255
256
257
258
259
5291
1913
262
1894
1896
1928
4441
1784
1916
1922
270
1925
5270
276
1933
1935
5286
5287
4989
1945
4436
282
1734
1954
1952
285
4405
1961
1963
1967
4400
1819
292
1756
5464
295
1903
267
4449
4448
266
1978
1979
303
5449
1991
1988
4830
3979
4078
4079
4777
4074
1004
4823
2003
314
4824
4877
4781
318
321
322
4228
4845
2024
3138
2000
2722
2035
2109
2111
2043
2059
334
2050
3292
3286
338
3258
2054
341
342
343
2061
2067
2065
3232
3246
349
350
351
352
353
354
355
356
2081
359
3353
3351
2084
3355
363
3827
365
366
367
368
369
370
2102
3307
358
2178
375
376
377
378
379
380
381
382
383
384
385
2133
387
388
2138
390
391
2143
2150
3006
2145
2148
3055
398
399
3021
2158
402
2161
2163
405
406
407
408
409
2197
2196
412
413
414
415
2181
2186
2922
2188
3207
3224
2192
2194
2942
425
2200
427
2206
3180
82
152
1640
149
2218
1637
632
2765
2220
2768
3145
2770
2229
2230
3140
2237
3750
2293
448
450
2952
2778
453
2260
2219
455
2289
155
3013
2258
3190
464
2271
452
451
3154
465
2542
2546
468
2279
3744
471
3094
2540
2547
2518
477
478
1631
480
481
482
483
484
1633
2313
487
2840
2321
2323
491
2327
493
3003
495
496
497
498
2336
500
2869
2344
507
2882
2353
5836
2857
1468
2878
2410
1330
1478
2424
3137
3129
3148
2432
2439
2444
2463
1485
2815
2268
2272
461
523
2451
522
2468
462
2471
2810
2458
22
2463
2478
2478
2492
2493
2522
527
2811
545
2500
2523
1483
650
2813
2501
2497
2514
543
2270
650
2811
650
527
3748
3746
2458
2474
2458
562
3347
2806
2807
2810
2804
3776
717
3164
2588
572
575
747
2818
2589
2582
2579
580
581
582
583
3573
1550
586
587
588
2656
590
591
592
593
594
595
2623
597
2627
1573
1369
601
1446
1375
2986
2985
1533
102
608
609
844
2659
612
118
1596
615
616
617
618
619
620
621
622
2742
1450
625
626
627
628
629
630
631
2783
2784
634
635
636
2775
638
639
640
641
642
2795
2797
2799
2801
2812
2819
2812
524
651
652
653
2831
2837
2836
657
658
2865
660
2388
662
1466
3153
665
666
667
668
669
670
671
672
3360
3325
2923
676
677
678
2946
3025
683
2256
680
3176
1350
449
687
2999
2987
690
3254
2994
2998
3242
3091
3188
696
3755
699
3035
3213
3045
3049
3052
705
706
3218
3328
709
710
3141
712
713
3135
684
563
573
718
3198
3238
721
3240
3208
3203
3236
3335
3227
3229
729
3284
3264
3259
3261
734
3296
736
3384
3381
3314
3316
3320
3319
1509
2478
2548
746
3369
748
749
750
3673
3675
753
754
755
756
757
758
759
760
761
762
763
764
765
766
767
768
769
770
771
772
773
774
775
776
777
778
779
780
781
782
783
784
785
786
787
788
789
790
791
792
793
794
795
796
797
798
799
800
801
802
803
804
805
806
807
808
809
810
811
812
813
814
815
816
817
818
819
820
821
822
823
824
825
826
827
828
829
830
831
832
833
2675
3575
3581
845
2661
114
840
841
842
843
40
122
846
847
848
849
850
851
852
3847
3777
4933
856
857
858
859
860
861
862
863
3794
865
866
867
3801
4928
4916
3804
872
873
874
875
876
877
878
879
3818
5036
5037
3819
884
885
5048
887
888
889
890
891
3841
893
4792
895
3848
897
898
899
3855
901
902
903
3865
905
906
3874
4155
909
3881
4709
912
3880
3886
915
916
917
4710
3894
3898
3897
922
923
924
925
3928
927
928
3920
3918
4614
4891
3922
3924
4892
4488
3931
3933
939
940
247
325
3941
2033
3943
3947
4474
947
3956
4476
4826
952
4481
954
955
4019
5425
959
4642
3951
960
962
4017
320
4015
2001
4875
961
968
4004
4840
4261
4010
975
1044
1714
4848
4784
4256
980
981
982
983
984
985
986
987
4041
1995
4532
990
993
4533
994
995
4053
997
998
999
1000
1001
4064
1003
4560
1009
1005
4574
1008
4548
1837
4570
1688
4135
1846
4833
4814
4810
4165
4120
4202
1853
4241
3999
4194
4184
4179
4193
1045
4192
4182
4506
4202
4202
4254
4221
4217
4218
4507
4198
1037
1851
4507
1040
4235
4637
4507
4182
5423
5421
4182
4198
4284
4288
4207
4505
4506
4183
4271
4850
2022
4292
4301
1064
5035
4299
2585
1067
4303
2016
1070
1071
1072
1073
1074
1075
1076
1094
4433
1079
1080
1081
1082
1083
4339
4338
4348
278
1969
1813
4675
4676
1904
1909
1094
1095
5273
5298
5275
4391
4394
1101
1102
1103
1104
1759
5252
5436
4454
227
1110
1111
1112
1113
4518
4475
4487
1117
1679
4499
1120
4522
4049
4104
4102
1125
1126
1825
1128
4113
1130
1835
4578
4584
4662
1135
1136
1137
1138
1139
1140
5046
5010
4613
1144
1145
1146
4658
4635
4727
4856
3988
4861
4643
958
1704
1156
4939
4674
1159
1160
4682
4689
4936
1164
4872
4873
5430
1168
4726
1170
4733
4739
1173
1174
1175
4902
1177
1178
1179
4783
1181
1182
4816
4852
4858
4860
1187
1188
1189
1190
1191
1192
1193
1194
1212
4909
4914
1198
1199
4965
4942
4944
1203
4979
1205
1206
1207
1208
1209
5002
5004
1712
4203
5051
1215
5054
1217
1218
1219
1220
1221
1222
1223
1224
1225
1226
1227
1228
1229
1230
1231
1232
1233
1234
1235
1236
1237
1238
1239
1240
1241
1242
1243
1244
1245
1246
1247
1248
1249
1250
1251
1252
1253
1254
1255
1256
1257
1258
1259
1260
1261
1262
1263
1264
1265
1266
1267
1268
1269
1270
1271
1272
1273
1274
1275
1276
1277
1278
1279
1280
1281
1282
1283
1284
1285
1286
1287
1288
1289
1290
1291
1292
1293
1294
5293
5256
1306
5262
283
4380
1301
1302
1303
1769
5298
4400
1307
1308
0
1310
1311
1312
1313
1314
1315
1316
1317
1318
7
2887
1320
1323
7
1325
2594
11
1325
1329
2411
13
1328
14
5821
2400
2378
17
17
2433
2429
1484
1484
1484
1485
2472
1485
2472
2473
2473
1348
2286
2446
2446
3161
2445
3340
537
1483
3340
2488
2468
2470
553
2469
531
1485
1485
1485
1485
3568
3568
1574
1370
110
1374
3639
3607
110
2632
2630
1372
2632
607
1385
2652
607
607
1387
1388
1387
2683
1393
1392
1451
624
1395
1396
1434
1398
1399
1400
1400
64
1403
1404
1405
1406
1407
1408
1409
1410
1411
1412
1413
1414
1415
1416
1417
1418
50
50
50
2650
2648
2648
2648
1430
1431
1430
53
52
2651
52
3635
2732
1435
3638
1437
1438
1439
2745
1442
2745
59
1445
3631
1446
1444
60
1451
125
1605
1453
2687
58
1452
1457
2880
2359
1460
1460
1461
5837
2937
5833
1469
144
1465
66
2351
69
1470
69
3276
5804
5804
2404
5692
2373
5694
1327
1327
12
2464
72
2464
2461
1489
74
3290
1487
1491
1492
1493
1494
1495
1497
1497
1498
1499
1500
81
1502
1503
1504
1485
1485
1483
1485
2537
1486
3774
1461
65
1514
1515
1516
1517
1518
1519
1520
1521
1522
1523
1524
1525
1526
1527
1528
1529
1530
1582
3573
5458
1424
1539
102
1534
1420
1422
37
1541
1542
95
1544
1545
1546
1547
1548
1552
1549
1549
3591
1553
1554
1555
1556
1557
1558
1559
1560
1561
1563
3590
106
1562
105
3605
3605
109
3606
1572
3304
1572
68
33
1579
33
1371
1571
115
1580
615
120
1580
114
1580
1587
1588
843
1591
2685
1591
57
1598
1598
120
1594
120
615
119
1601
1602
1603
1617
1604
2684
124
1605
126
1610
1611
1612
1613
1614
2736
1387
44
1618
1619
1620
1625
3773
1627
1628
2266
460
2250
3018
1630
2346
147
1629
2343
2026
2027
326
2026
151
151
1641
3186
2378
2378
3193
3194
1647
3193
1648
1649
1650
1651
1652
1653
1654
1655
2581
564
2581
3348
3164
3165
3166
3164
1665
1665
1666
1667
1671
1669
1670
1671
1672
1673
1674
4579
4576
4834
1677
4525
1683
1683
173
4308
1685
4124
175
1684
174
4106
5812
4105
4168
1019
4168
4167
1702
1702
1702
4845
4848
183
4196
4848
4011
4845
4845
1021
4845
1034
1034
4213
5025
5024
189
4864
1715
1718
4195
1854
1853
1854
1854
5248
1726
1942
5248
5289
1727
1938
5288
5318
4351
1948
4351
4349
1907
4371
1907
267
1906
5319
5319
5319
4407
1815
1962
1745
1815
1752
1753
204
298
222
5463
5463
302
1754
294
1762
1084
211
5461
1968
1763
1088
1968
1764
213
214
1770
1728
1771
197
196
1776
1779
1110
1778
1781
198
5471
193
4369
193
193
4369
4369
1787
1795
218
1795
4413
217
217
4368
4446
1798
4445
299
4449
299
1975
1092
1905
1807
224
4456
1805
1810
5314
226
1809
225
1971
1972
1823
1821
1757
1818
1822
1754
1758
293
4087
4085
4568
1827
1828
1829
5835
5832
1830
1836
1833
310
4079
1836
233
4960
233
1839
5736
5773
5736
5740
5742
4147
1681
1848
4054
237
4187
4186
1852
240
1855
4949
4948
1859
4981
1861
1862
1859
1867
243
1864
1867
1868
1869
1870
1871
1872
1854
1851
1854
1854
1702
4206
5025
4216
1032
1882
1883
1884
1885
1886
1887
1888
1889
1890
1891
1892
1893
262
1893
1928
1897
1898
4442
1900
1901
1898
4444
1788
4444
1909
1909
1785
1783
200
1912
5290
260
1911
1914
263
261
1915
1920
5272
1919
201
1926
1924
1085
5268
1927
1931
1773
274
5284
1936
1940
1932
272
5269
5287
5287
276
5271
4988
234
1944
4988
1947
4435
1947
194
1945
284
284
4391
1950
1950
1950
283
1960
223
1960
4404
1965
1961
289
1965
289
1964
1099
1778
1969
292
1972
5310
1980
4402
4363
1978
4448
219
1741
1742
1744
1982
1983
1984
1986
1989
305
304
3994
3996
3980
3994
1994
4073
313
1993
312
2004
2004
2002
2004
2004
317
4823
5822
5440
2008
4782
2008
318
2011
2012
2013
2014
4295
4295
4294
4229
4849
4849
4850
4849
317
317
2023
3139
3139
2027
2027
3138
1999
1999
1999
328
328
2034
598
2722
2040
2108
331
2039
330
2048
2045
2044
337
3285
2051
336
3291
2049
2057
339
2053
2056
3262
2060
2059
2060
343
2058
2066
2063
347
3244
348
2068
2069
2070
2071
2072
2073
2074
2075
2076
2077
3351
3351
3353
3318
3351
2085
362
3358
2083
2087
2088
2089
2090
2091
2092
2093
2094
2095
2096
2097
2098
2099
2100
2103
372
3306
2101
2086
2080
2105
2110
374
2110
2111
2113
3741
73
2112
2116
2117
2118
2119
2120
2121
2122
2123
2124
2125
2126
2127
2128
2129
2132
2130
2132
2133
2131
386
2136
2137
388
2139
2140
2141
2144
393
3076
394
2142
2149
4
3053
397
2147
2152
2153
2154
2155
2146
2156
392
395
2164
402
2160
405
2164
2165
2166
2167
2168
2169
2170
2195
2172
2173
2174
2175
2176
2177
2178
2179
2180
2181
2179
2182
416
2187
88
3330
418
2185
2191
3205
421
2190
420
357
2082
424
2081
2199
2200
2199
2202
2203
1627
2204
429
3012
1348
1348
1638
1641
1638
1640
1634
3765
150
148
2029
2220
2766
2220
436
2768
2212
3144
2210
2217
2232
441
2228
2232
3140
447
2235
474
2291
448
2951
2952
28
2240
2222
2777
439
2223
438
2247
2248
2249
154
155
1644
3016
2263
2261
2260
2261
2261
2223
3138
2768
1647
1647
153
697
3015
2211
2779
2271
2780
2243
2781
440
2227
3156
2277
2267
2516
2545
2516
468
2561
3745
3745
471
1360
2289
473
3093
2562
467
2539
2541
2517
552
2297
2546
2298
2299
2300
2301
2302
2303
2304
2305
2306
2307
2308
2309
2310
2342
2311
502
2345
2315
2316
2317
2318
2320
2320
488
2319
487
2324
2325
2324
2327
2328
2329
2330
2331
2332
2333
2334
2335
498
2334
2338
2339
2340
2341
2867
2869
2382
2867
2347
2881
504
499
2349
2352
499
2971
2355
3766
2354
5752
5753
2361
2357
2876
5483
5518
2358
5714
5522
5474
5500
5563
5689
5691
5688
2419
2370
2367
2362
2363
5803
5820
5802
2384
507
2381
2855
1467
508
2385
2386
2392
9
145
3088
2395
2444
3123
2441
15
2442
5818
5807
5805
5819
2394
2441
5806
2398
512
2407
3150
512
2398
2366
1476
1474
2373
2399
5805
5819
5806
5819
5806
5800
2425
514
3136
3128
2423
2428
2428
390
2431
2432
2140
1338
1339
1337
2396
1331
511
2438
519
2443
2429
517
72
72
1485
2463
1485
1485
2269
2269
2268
461
2269
523
2521
2453
2452
2452
2465
2467
2457
2466
462
2520
2270
2520
553
2948
2270
529
531
522
2455
2458
2458
2460
2460
2472
1486
1486
2463
1486
1486
1486
2537
2494
541
2493
538
2526
2496
2495
527
2813
2500
2500
2500
2522
545
1484
1483
3341
1483
2814
650
2813
2806
2814
2497
2501
2497
2497
2513
2514
2511
2512
2270
463
2268
2524
554
650
650
2811
650
650
527
527
527
650
2811
650
528
528
2477
2490
539
2490
3747
544
544
2499
2498
2498
543
528
2458
528
22
22
1485
1485
532
2475
2474
567
527
527
550
2544
538
3746
559
2563
528
2458
2460
2463
2458
2810
522
2458
2586
2586
2588
2576
3348
3349
745
2506
2506
2582
2510
576
2818
576
565
2583
2555
3159
2502
2436
16
2600
2597
2598
583
2600
2601
2602
2603
2604
2605
2657
2607
2608
2609
2610
2611
2612
2613
2614
2615
2616
2617
2618
2619
2620
2621
2622
107
2624
2625
2628
2628
1573
111
1372
1370
1370
2625
2634
2635
2635
3629
1441
2638
2640
2641
2640
121
1614
2645
2646
2735
2649
2984
605
604
1535
1535
1536
2657
608
2657
2662
610
2658
839
3612
3585
611
3585
3581
2667
2668
2669
835
3574
2673
2673
117
1593
3625
117
2678
2679
2680
2678
2683
3637
44
1447
602
2688
5462
63
2690
2690
1613
2693
2694
2695
2726
2699
2697
3297
2700
2701
2702
2703
2704
2705
2706
2707
2708
2709
2710
2711
2712
2713
2714
2715
2716
329
591
2036
2629
2629
3305
1571
1571
1571
2726
2727
2728
2729
1425
1425
1538
1379
1538
54
1537
2737
2738
2739
2740
2740
2742
2654
606
2746
3633
2691
2748
2749
2750
2751
2752
2753
2754
2755
2756
2757
2758
2759
2760
2761
2762
2763
2764
2766
2782
2766
632
2769
2770
2771
2772
2773
2773
636
2774
2223
2219
2242
2244
2246
2776
442
637
2785
2786
2787
2788
2789
2790
2791
2792
2793
2794
2795
2794
643
2796
492
2798
644
2810
2812
2817
2812
2812
2812
2810
2812
2453
2451
2816
525
525
2268
2272
2818
2818
651
2820
2821
2822
2823
2824
2825
2826
2827
2828
2832
2829
2322
490
489
2838
2834
2375
2365
5715
2835
655
656
2842
2843
2844
2845
2846
2847
2848
2849
2854
486
2383
2852
2853
2856
3640
659
2858
2859
2860
2861
2862
1457
2866
1456
2878
2868
2870
661
2864
2871
2872
2873
2874
2875
2877
1462
2879
1468
1463
2387
663
2883
3153
2885
2883
2886
3152
2890
3758
2891
2892
1490
2894
2895
2896
2897
2898
2899
2900
2901
2902
2903
2904
2905
2906
2907
2908
2909
2910
2911
2912
2913
2914
2915
2916
2917
3740
674
2920
2193
423
422
2921
2925
2926
2927
2928
2929
2930
2931
2932
2933
2934
2935
2936
66
2938
2939
505
2350
2081
2942
2947
2944
675
3231
2780
463
452
1361
3171
3179
682
3025
3038
2955
3026
2240
3162
2238
2239
2963
2964
2965
2966
2967
2968
143
2993
2971
2972
2973
2974
2975
2976
2977
2978
2979
2980
2981
2982
2983
2987
688
689
2999
2988
2989
2990
2991
2337
2992
500
2993
692
694
3242
3252
2998
3004
3001
389
3008
3002
495
428
3009
3090
695
456
2288
3195
3195
3188
3014
696
3189
3022
3754
698
3023
2205
2258
2256
2255
3027
3757
401
3030
3157
3158
3032
3037
2962
3034
3033
3024
3042
3040
3041
3215
2151
3043
396
3046
3046
3048
2189
419
3049
417
3053
3054
3055
3057
3086
3058
3059
3060
5821
3062
3063
3067
3212
700
3753
3071
3068
445
704
3072
3072
3074
3036
3073
3077
3078
3079
3080
3081
3082
3083
3084
3085
3086
3087
3088
710
3090
427
3092
3095
426
3146
711
2434
3098
3099
2341
3100
3102
3103
2945
346
3106
3107
3108
3109
3110
702
3109
3113
3114
3115
2280
469
2281
470
5808
3121
3122
3122
2296
476
3130
3134
3126
645
70
5804
5695
5831
2440
518
2800
646
632
3185
3140
3141
3141
2210
152
1640
3146
2326
714
3151
5692
3152
3153
2408
434
433
3155
3170
2957
1485
3173
2570
2473
529
3174
2578
3175
433
3177
2958
2954
2956
72
2569
2575
2577
2257
2030
2950
2949
3181
3184
3182
3182
2201
2230
2230
3186
443
3187
3187
152
152
711
444
2231
3199
3196
720
3237
3200
3202
3233
725
3201
3208
3226
3208
3211
3211
3209
3211
3069
703
3221
3216
3217
2924
3331
3222
3334
3329
1357
1357
340
3227
3240
2054
3225
727
3228
3230
728
3235
3234
3279
341
3239
730
3283
3240
3241
713
3243
3245
3281
731
3247
3248
3249
2064
3112
3251
3253
693
3252
3255
3259
344
3287
3257
3257
2062
3260
733
732
3263
3267
3268
3277
3270
3271
3272
3273
3274
2115
376
3000
689
3279
3280
3282
3742
2052
335
3285
80
3287
3288
3289
3289
2104
371
3293
3256
3294
332
2986
3298
3299
3300
3301
3302
3303
3304
687
3308
737
3383
738
3310
3310
3311
3197
3314
3313
719
3210
3317
724
723
3322
3324
3321
723
3320
3204
3326
446
3751
3323
1356
1356
1510
2486
2485
3336
3338
3047
1486
2478
1486
1483
1486
2478
1486
535
2478
3368
747
3368
3318
741
742
3354
3355
3356
3357
3327
360
3352
3360
3362
3363
3364
528
2477
2477
560
2557
2591
3371
3372
3373
3374
3375
3376
3377
3382
3379
3380
751
3672
3385
752
3674
3386
3387
3388
3389
3390
3391
3392
3393
3394
3395
3396
3397
3398
3399
3400
3401
3402
3403
3404
3405
3406
3407
3408
3409
3410
3411
3412
3413
3414
3415
3416
3417
3418
3419
3420
3421
3422
3423
3424
3425
3426
3427
3428
3429
3430
3431
3432
3433
3434
3435
3436
3437
3438
3439
3440
3441
3442
3443
3444
3445
3446
3447
3448
3449
3450
3451
3452
3453
3454
3455
3456
3457
3458
3459
3460
3461
3462
3463
3464
3465
3466
3467
3468
3469
3470
3471
3472
3473
3474
3475
3476
3477
3478
3479
3480
3481
3482
3483
3484
3485
3486
3487
3488
3489
3490
3491
3492
3493
3494
3495
3496
3497
3498
3499
3500
3501
3502
3503
3504
3505
3506
3507
3508
3509
3510
3511
3512
3513
3514
3515
3516
3517
3518
3519
3520
3521
3522
3523
3524
3525
3526
3527
3528
3529
3530
3531
3532
3533
3534
3535
3536
3537
3538
3539
3540
3541
3542
3543
3544
3545
3546
3547
3548
3549
3550
3551
3552
3553
3554
3555
3556
3557
3558
3559
3560
3561
3562
3563
3564
3565
3566
3567
3570
735
3762
3295
3572
39
3576
834
2674
3578
2627
3582
3579
837
3619
1581
3584
3586
3621
3587
112
1577
1576
3573
2660
3593
3594
3584
3595
3597
2657
3599
3600
3601
3602
1569
113
1578
600
1381
3606
117
118
3614
3616
3615
3616
40
3626
3624
3623
2642
3622
3622
2681
122
2640
2636
3626
2684
3628
3629
3630
2694
3632
2751
127
1540
36
3637
606
3607
2364
3641
3642
3643
3644
3645
3646
3647
3648
3649
3650
3651
3652
3653
3654
3655
3656
3657
3658
3659
3660
3661
3662
3663
3664
3665
3666
3667
3668
3669
3670
3671
3672
3673
3674
3675
3676
3677
3678
3679
3680
3681
3682
3683
3684
3685
3686
3687
3688
3689
3690
3691
3692
3693
3694
3695
3696
3697
3698
3699
3700
3701
3702
3703
3704
3705
3706
3707
3708
3709
3710
3711
3712
3713
3714
3715
3716
3717
3718
3719
3720
3721
3722
3723
3724
3725
3726
3727
3728
3729
3730
3731
3732
3733
3734
3735
3736
3737
3738
3739
741
3266
2054
2519
2470
1362
540
540
2499
26
1511
2487
3178
2959
138
2275
3031
3044
2374
3759
3760
3768
2042
2393
3764
2030
1464
148
3601
3769
3770
3771
3772
460
2477
1485
2458
855
3781
3780
4934
3845
3782
3783
3784
3785
3786
3787
3788
3789
3790
3794
3792
3793
4924
3795
3796
3797
3798
3799
3800
870
3803
4916
3804
3804
3806
3807
3808
3809
3810
3811
3812
3813
3814
3815
3818
3818
5036
882
3818
3824
3822
3823
5043
2090
3826
3827
3828
3829
3830
3831
3832
3833
3834
887
3836
3837
3840
3839
3840
893
3823
883
3845
4792
3846
3844
869
3802
238
4929
3855
3853
3854
3855
3852
3857
3858
3859
3860
3861
3862
3863
3864
3865
3866
3867
3868
3869
3870
3871
3872
3873
908
3875
3876
3879
911
912
912
913
3885
3882
4764
3885
3886
3887
3888
3889
3890
3892
4708
910
918
2162
3895
404
403
3899
3900
3901
3902
3903
3904
3905
3906
3926
3908
3909
3910
3911
3912
3913
900
3915
3919
3916
931
5015
253
3925
932
3921
935
4889
3927
3820
3817
3930
4867
921
3929
936
305
4700
3935
3934
1703
248
1703
2023
2025
315
325
2032
2000
2032
5443
327
3953
947
3953
4473
943
4829
3942
4828
3962
4479
951
953
4477
956
3964
4021
979
3966
4640
3970
4640
959
3952
3950
948
4482
3896
920
3978
965
963
964
3993
4015
3990
3951
3990
314
3989
3990
4823
319
2010
4016
4707
4876
1165
4483
3975
4484
3998
949
307
4001
971
3955
4239
4276
975
4239
4260
1716
190
4848
1716
4016
4784
978
4277
1048
4257
972
4238
4264
4237
4025
4026
4027
4028
4029
4030
4031
4032
4033
4034
4035
4036
4037
4040
4038
4070
4071
4042
4043
4044
4045
4531
4532
4050
4533
4531
4051
4052
4496
4051
4055
4056
4057
4058
4059
4060
4061
4062
4063
4064
4065
4066
4788
4068
4559
4559
1005
4560
4075
1007
4573
4077
4660
1002
4076
1008
5776
5724
5786
5723
5722
4082
4081
5767
5591
5592
5720
5719
5633
5581
5612
5670
5582
5717
5649
5651
5768
4094
4089
5795
4659
5816
4547
4547
4108
4548
1834
1010
4112
1834
4118
311
170
4776
4120
4810
4119
5814
5809
5814
5811
5823
5812
4130
4130
5438
4145
4144
4136
4133
1014
1847
4129
4093
1844
4100
4132
5811
4126
4145
4807
4145
4145
5801
4152
4149
1016
4822
4154
4809
998
4153
1017
4156
4158
176
4123
1695
1687
4163
1012
4121
1019
4169
4120
1852
4202
1853
1852
183
4170
4000
4509
3997
969
4190
4189
1022
1023
4240
4191
5418
1024
1028
4242
4637
1045
4863
4195
4639
4639
1027
5419
4183
4180
4183
4177
4181
1025
4848
1702
1852
1852
4202
1852
1032
5451
1852
4220
1036
4221
4220
1038
1038
1026
4219
4218
4223
4243
1037
4223
4170
4170
1854
5030
4508
4508
4503
1031
4222
4224
4222
4236
4234
1043
4637
3999
4638
4244
4508
4507
4507
4507
1026
1026
4182
4507
4507
4199
4199
4199
1035
4279
5422
4215
5422
5423
1040
4224
4225
1025
1025
4182
1854
1853
4201
4201
5453
4198
1026
4198
4263
4260
4215
5421
1049
4278
1025
4202
1053
4182
1026
1026
1057
1026
4293
4290
1062
4300
5033
5033
1064
4230
4297
4233
4302
1067
1067
1055
4299
4272
1705
1707
4162
178
4310
4311
4312
4313
4314
4315
4316
4317
4318
1077
4375
4321
4324
4322
4995
4434
4323
4429
4328
4329
4330
4331
4332
4333
4335
4337
4334
4340
264
1935
5283
4353
4342
4353
4347
4344
4438
4436
4347
1724
1724
1723
4353
4432
4356
4354
5312
1808
4358
4359
5311
4359
4362
219
4441
1789
1790
1091
1090
4980
4673
267
1904
267
4375
4375
1094
5294
1097
5297
283
4377
5266
5273
1098
5262
4383
4388
5254
1296
4390
1902
266
286
4394
286
5308
202
5309
4398
1747
4403
4401
4392
1812
1089
1975
1976
301
4411
4410
1110
4461
4368
1090
4413
4416
4417
4418
4419
4420
4421
4422
4423
4424
4425
4426
4429
4428
1761
4430
4431
1772
211
5457
1943
1943
1941
4989
1110
4440
1790
4415
1787
1786
1735
1908
1735
220
1905
4450
5281
1108
4453
1107
4453
4457
5316
4406
4458
4461
5473
1102
4463
4464
4465
4466
4467
4468
4469
4470
4471
4541
2767
1115
2784
4478
4476
4487
4478
636
2775
3950
3972
3974
637
4485
638
638
4487
4490
4491
1118
4493
643
2797
643
4495
4497
996
4506
4506
4510
4506
4506
4506
4178
4176
4177
3997
4511
4511
4512
4513
4514
4515
4519
4516
1121
4520
4523
4046
4524
4050
4049
4047
4530
4092
4098
4138
5718
4526
1124
4527
4534
4535
4536
4537
4538
4539
4540
4543
988
4546
4107
4109
4545
5322
4557
4103
4550
4551
4552
4039
989
1826
4572
4088
4556
4561
1129
4562
4558
4563
4564
4565
4566
4567
4083
5442
4571
4627
1832
4114
4574
4577
4577
4581
1013
4575
1132
4582
4101
4583
1856
4585
3850
4587
4588
4589
4590
4591
4592
4593
4594
4595
4596
4597
4598
4599
4600
4601
4602
4603
4604
4605
4606
4610
4608
1142
5415
3923
4611
934
933
4615
4616
4617
4618
4619
4620
4621
4622
4623
4624
4625
4626
1147
4628
4629
4630
4080
3820
4634
4915
1143
4633
4638
4484
4638
4641
5427
1150
1151
4714
4644
4647
4715
3968
3971
3969
4013
4652
4653
4654
4655
4656
4657
309
309
4655
4455
1108
4663
4664
4665
4666
4667
4668
4669
4586
4671
4672
1157
1157
4673
1157
4677
4678
4679
4680
4063
1001
4681
4683
1161
4688
4686
4936
1163
4690
4691
4692
4693
4694
4695
4696
4697
4698
4699
4701
4865
4705
1166
1166
4879
4704
4874
4711
4712
1167
5429
4712
948
3984
960
4716
4717
4718
4719
4722
4720
4842
4724
5431
4723
1154
3974
4728
4729
4730
4731
3883
914
4732
1883
4736
4735
3917
929
4738
930
4742
4743
4744
4746
4774
4747
4748
4749
5817
3856
4752
5428
4754
4755
4756
4757
4758
4759
4760
4761
4762
4725
4696
4765
4766
4767
4768
4769
4770
4771
4772
4773
4774
4775
4776
1179
4778
4779
4780
938
4783
3933
938
4159
4786
4787
3101
4789
4790
4636
4792
4793
4794
4795
4796
4797
4798
4799
4800
4801
4802
974
4008
974
973
5438
4808
4808
4809
4024
4813
4499
1119
4812
235
4144
5737
5828
4164
1018
4498
4824
1115
1116
4827
4489
3942
3941
3944
936
4054
4815
4836
5584
4837
4838
4134
946
1184
3949
4843
4855
4857
1853
1185
976
1717
4851
1186
4859
944
4854
4862
4645
1153
1852
1052
4291
1061
3987
316
4646
4646
4866
4868
3183
3932
4486
4869
4870
4871
952
4872
325
3944
1180
4826
3960
4880
4881
4882
4883
4884
4885
4886
4887
4888
4890
4890
1192
1191
4893
4894
4895
4896
4897
4898
4900
4901
4612
1195
5014
5019
4904
1878
188
1191
864
1191
4908
4911
4912
1196
4913
1197
4917
4918
4919
4920
4921
4922
4923
4924
4925
4926
4927
1197
4930
4914
4931
4932
871
3805
4935
3847
4937
1162
853
3778
4941
4942
4942
4944
4945
4946
1201
4950
4943
4966
4951
4952
4953
4954
4955
4956
4957
4958
868
3849
4687
4962
4963
4964
1196
5417
4967
4968
4969
4970
4971
4972
4973
4972
4975
4976
896
4940
854
4978
4675
4982
4983
4984
4985
4986
4987
4671
1156
4990
4991
4992
4993
4994
4995
4346
4346
4998
4999
5000
5001
4895
1192
1194
5002
5008
5006
5009
5003
5003
5011
5012
957
5018
5007
5020
247
1710
247
4210
5021
5022
4737
1852
4202
1852
4202
236
1853
236
5027
4203
1214
5053
1216
5005
1211
5005
5039
5040
5041
5042
5043
881
5044
5038
5047
5048
5049
4199
4199
1030
1051
1058
4305
5056
5057
5058
5059
5060
5061
5062
5063
5064
5065
5066
5067
5068
5069
5070
5071
5072
5073
5074
5075
5076
5077
5078
5079
5080
5081
5082
5083
5084
5085
5086
5087
5088
5089
5090
5091
5092
5093
5094
5095
5096
5097
5098
5099
5100
5101
5102
5103
5104
5105
5106
5107
5108
5109
5110
5111
5112
5113
5114
5115
5116
5117
5118
5119
5120
5121
5122
5123
5124
5125
5126
5127
5128
5129
5130
5131
5132
5133
5134
5135
5136
5137
5138
5139
5140
5141
5142
5143
5144
5145
5146
5147
5148
5149
5150
5151
5152
5153
5154
5155
5156
5157
5158
5159
5160
5161
5162
5163
5164
5165
5166
5167
5168
5169
5170
5171
5172
5173
5174
5175
5176
5177
5178
5179
5180
5181
5182
5183
5184
5185
5186
5187
5188
5189
5190
5191
5192
5193
5194
5195
5196
5197
5198
5199
5200
5201
5202
5203
5204
5205
5206
5207
5208
5209
5210
5211
5212
5213
5214
5215
5216
5217
5218
5219
5220
5221
5222
5223
5224
5225
5226
5227
5228
5229
5230
5231
5232
5233
5234
5235
5236
5237
5238
5239
5240
5241
5242
5243
5244
5245
5246
5247
5249
5437
1204
4980
1863
5253
5255
4395
1295
5258
5285
5258
5260
5300
5302
5263
1950
5264
5303
5305
1895
279
1946
1949
5272
4381
1300
5275
5265
5276
5278
4375
5280
5281
5282
1934
1937
280
1948
199
1733
282
5290
1304
4393
1100
5297
5298
5299
5299
5296
287
5301
5307
1306
5305
4398
4398
4400
4361
4355
1962
4402
1109
4440
1101
4410
1102
294
1910
282
4364
1905
282
4091
5323
5324
5325
5326
5327
5328
5329
5330
5331
5332
5333
5334
5335
5336
5337
5338
5339
5340
5341
5342
5343
5344
5345
5346
5347
5348
5349
5350
5351
5352
5353
5354
5355
5356
5357
5358
5359
5360
5361
5362
5363
5364
5365
5366
5367
5368
5369
5370
5371
5372
5373
5374
5375
5376
5377
5378
5379
5380
5381
5382
5383
5384
5385
5386
5387
5388
5389
5390
5391
5392
5393
5394
5395
5396
5397
5398
5399
5400
5401
5402
5403
5404
5405
5406
5407
5408
5409
5410
5411
5412
5413
5414
1210
1200
3795
4195
4192
1029
1037
1037
4224
187
251
252
4864
4650
4003
970
4721
4734
4096
5434
5436
5444
3779
5810
5439
4659
1998
5801
315
5282
5445
5446
5447
5448
1990
1702
1039
4170
1026
5454
5455
4346
212
1423
1786
2036
212
1401
4459
4459
5465
5466
5467
1737
1737
1396
1797
5472
209
5573
5562
5758
2420
2403
1335
5744
5480
5553
5513
5520
5548
5508
5499
5570
5536
5535
5531
5527
5507
5567
5559
5495
2417
5565
2416
5555
5555
5554
5496
5508
5756
5508
2417
5508
5576
5498
5512
5494
5509
5482
5516
5489
5490
5515
5539
5538
5529
5524
5485
5530
5505
5528
5487
5701
5492
5533
5492
5504
5506
5528
5526
5571
5534
5535
5535
5478
2420
2403
1333
1335
5704
5568
5486
5533
5507
5533
5549
5569
5575
5558
5559
5497
5493
5700
5497
3763
5572
5560
5572
5745
5745
5779
2400
5479
5479
5578
5579
3120
5551
5562
5703
5564
5566
1334
1334
1334
5664
5680
5735
5772
5772
4127
1691
5785
5653
5662
5622
5599
5657
5614
5732
5605
5679
5643
5600
5595
5615
5652
5668
5603
1690
4143
5675
4142
5666
5666
5663
5603
5770
4142
5614
5608
4142
5684
5602
5684
5683
5619
5644
5597
5621
5598
5647
5639
5598
5640
5658
5660
5631
5608
5605
5608
5608
5642
5600
5642
5608
5614
5678
5678
5635
5596
5637
5600
5672
5735
5772
1689
1691
5728
5677
5614
5614
5613
5594
5657
5683
5587
5667
5667
5606
5668
5733
5606
4807
5680
5680
5669
5783
1690
5783
5653
5587
5605
5686
5778
5665
5680
5587
5652
5674
1690
1689
5573
5496
5561
5759
2404
2402
2402
2402
2402
2403
2403
3763
2401
2399
2400
3061
2380
2378
2378
1642
5746
5708
5709
5710
5514
5515
5517
5521
5604
5681
5630
5626
5624
5625
5655
5589
5588
5727
2005
4105
4105
4105
4106
4127
4125
4126
4807
5778
5772
5772
5736
5736
5736
5585
5585
5672
2378
3061
2378
2378
5736
5736
2422
5750
5751
5710
5711
5483
2399
2401
2403
2403
2402
2402
5800
3763
5724
5726
5625
5723
5670
5604
4125
4126
4807
4145
5736
5772
5786
5801
5438
2400
2404
2404
4127
4106
4105
4105
5440
5517
5573
5521
5563
5496
5759
2402
5591
5628
5630
5681
5585
4145
5820
5822
2996
2995
2441
2391
2394
2390
2395
5810
4119
4115
4117
5809
5809
4684
4684
4745
2389
519
2970
3056
4659
4116
4166
5814
1339
15
4128
4128
2441
2398
4659
2970
4659
4658
2970
5833
183
1702
22
1485
1485
183
4206
2484
1485
1702
22
1702
