3115
1310
3048
3
1313
5
6
7
1320
3057
1325
1328
1326
3150
2411
2403
1337
519
1349
1349
1346
1349
23
24
2960
1349
2566
3334
2951
29
5842
5842
32
33
34
35
36
37
38
39
2679
1394
42
43
44
45
46
1602
48
49
50
51
52
53
54
55
56
57
58
59
60
61
1454
63
64
1513
1469
67
68
69
1482
1483
72
73
74
75
76
77
78
79
80
81
5845
2209
1508
2209
1511
1359
88
89
90
91
92
93
94
1589
1543
97
1524
99
1559
101
102
1546
104
105
106
107
108
109
110
111
112
113
119
1599
116
117
2675
1597
3627
2641
2643
123
124
125
126
127
128
129
130
131
132
133
134
135
136
137
1622
3023
2204
2277
140
2352
2350
145
2346
2938
3767
3765
2214
1639
2213
2264
2253
2251
156
157
2592
1663
3867
161
1666
3888
164
1672
166
167
168
1831
4117
1683
1682
173
4141
4819
5813
4168
1695
3938
3938
4205
185
184
3969
4650
3938
4281
941
5427
4640
250
5849
193
194
195
196
1728
198
199
200
1901
202
203
204
205
1744
1980
208
209
210
211
212
213
4354
215
216
1794
1790
219
220
221
222
223
224
225
226
227
228
229
230
1884
232
233
234
1849
1851
4197
238
239
240
241
242
243
244
245
246
5019
250
3938
4906
187
251
253
254
255
256
257
258
259
260
261
262
263
1896
1929
4364
1907
268
5276
5272
271
272
1939
1931
1934
276
1730
4438
279
280
281
282
1966
289
285
286
287
288
1963
5306
291
292
293
294
295
1804
297
298
299
300
4407
302
303
306
940
4712
1986
3935
309
310
311
4074
1004
316
3943
5441
2003
320
4015
3979
321
322
4307
2020
942
149
3945
328
329
330
331
332
333
334
335
336
337
338
339
340
2055
342
343
344
345
346
347
348
349
350
351
352
353
354
355
356
3360
2078
3351
3740
2084
3355
3362
2089
2087
366
367
368
369
370
371
372
2942
374
375
376
377
2116
2119
380
381
382
383
2127
2129
2130
2134
2137
3099
2428
2433
2143
2150
3006
2145
2148
3055
398
2154
2159
2158
402
2161
2163
2202
406
407
408
409
2171
3361
2184
3111
414
3062
2179
417
418
2188
420
3225
422
423
2196
2200
3094
3091
3005
3002
3220
3143
2226
2215
2227
2227
439
438
454
2256
2277
2228
2783
3187
3195
3070
3328
447
448
686
449
451
3025
3024
2246
3092
2207
3011
1627
3177
3773
3997
2270
463
3998
2275
3755
467
468
469
470
2286
24
2288
2292
475
476
2300
2318
2317
480
481
482
483
484
1629
2313
2841
2840
2321
490
491
492
493
2329
3072
3083
3121
2965
2336
2338
2881
2344
507
2940
2939
5836
2870
1468
2878
2410
2407
2371
513
514
3128
516
2395
2439
5808
3172
1341
523
462
4000
4176
2466
2458
528
3744
2471
1362
2808
2549
2209
3344
3339
2487
2490
2564
2499
541
542
2512
2514
2501
1340
547
548
2547
2545
551
552
2949
2523
555
556
2560
558
2541
2568
561
562
563
2504
565
566
567
568
569
1662
571
572
3175
3328
446
576
577
578
579
580
581
582
2619
584
585
586
587
588
589
590
591
592
593
594
1555
596
597
598
599
600
1603
602
603
604
605
606
607
2656
1548
3622
3586
2667
613
1605
615
616
617
618
619
620
621
622
623
624
625
626
627
628
629
630
631
2768
2767
3140
635
2775
2784
638
639
640
641
642
643
644
3130
646
4501
648
2807
4506
4511
652
653
2831
2365
2375
657
658
1456
660
2385
662
1466
2884
665
666
667
668
669
670
671
672
2918
674
2923
676
677
678
679
680
3157
682
683
684
3219
3035
687
688
689
690
691
2994
693
694
3008
697
1628
3019
699
700
3041
3045
3050
3052
3058
3060
3064
3212
709
3088
3193
712
713
3135
3156
3160
3166
718
719
720
721
3226
3207
3210
3211
3218
727
728
729
3239
731
732
733
734
735
736
737
738
739
740
3324
3318
3331
3341
3346
746
3349
748
749
750
751
752
753
754
755
756
757
758
759
760
761
762
763
764
765
766
767
768
769
770
771
772
773
774
775
776
777
778
779
780
781
782
783
784
785
786
787
788
789
790
791
792
793
794
795
796
797
798
799
800
801
802
803
804
805
806
807
808
809
810
811
812
813
814
815
816
817
818
819
820
821
822
823
824
825
826
827
828
829
830
831
832
833
834
835
842
3618
838
3626
840
841
842
843
2679
122
846
847
848
849
850
851
852
853
854
855
856
3792
3788
859
860
861
4942
3794
4909
4944
866
867
868
869
870
871
872
873
874
875
876
877
878
879
3927
5046
3816
4632
3821
3842
3828
887
888
889
890
891
892
893
894
895
896
897
898
899
3856
901
902
903
3866
3871
3872
907
4153
4787
3883
3880
4764
3884
3886
4743
3889
917
3878
4734
920
921
922
923
924
925
926
4798
928
929
930
931
932
933
934
935
936
937
938
4690
4694
4904
3995
3956
3949
3955
3955
948
960
304
3962
3960
4870
4486
4758
955
956
5013
4724
4721
4713
4715
962
939
4700
4700
4862
1992
4638
4637
4711
4004
972
973
974
975
3970
185
4865
4020
980
4043
4027
983
984
985
986
987
988
1995
990
4047
4049
4533
994
995
996
4056
998
4772
4059
1001
1002
1003
4560
4110
4071
4574
1008
4548
1010
4556
1012
1013
4140
1015
1016
4169
4165
4121
1854
4205
4189
4242
5418
4185
4180
1714
4195
1715
4202
1031
5024
5024
1879
4279
4215
4224
4218
4220
4235
250
1042
4262
1044
4863
4247
1039
4277
4258
4203
5050
4858
4284
323
1055
5453
4288
5053
2021
1060
4860
4292
5013
4296
1065
1066
4301
1068
1069
1070
1071
1072
1073
1074
1075
1076
1077
1078
1079
1080
1081
1082
1083
1084
1085
1086
1087
1088
1089
1090
1091
1092
1093
4376
1095
1096
1097
1098
4402
5293
1101
1102
1103
1104
1105
1899
1107
1108
1109
1110
1111
1112
1113
1114
4474
1116
1117
1118
1119
1120
1121
1122
4104
4528
1125
1126
1825
1128
4113
1130
1834
1132
1133
1134
1135
1136
1137
1138
1139
1140
1141
1142
1143
1144
1145
1146
1147
1148
4643
4842
4644
4853
4855
4723
5428
1156
1157
1158
1159
1160
1161
1162
1163
4697
3994
1165
4708
4718
4763
1170
4733
4739
4741
4749
4775
4752
4896
1178
1179
1180
1181
4801
1183
4840
4846
4850
1187
1188
4882
4884
4892
4891
4894
4895
4902
1196
1197
1198
4922
1200
1201
1202
1203
1204
1205
1206
1207
5000
5012
5010
5005
5016
4206
5031
5041
5035
1217
1218
1219
1220
1221
1222
1223
1224
1225
1226
1227
1228
1229
1230
1231
1232
1233
1234
1235
1236
1237
1238
1239
1240
1241
1242
1243
1244
1245
1246
1247
1248
1249
1250
1251
1252
1253
1254
1255
1256
1257
1258
1259
1260
1261
1262
1263
1264
1265
1266
1267
1268
1269
1270
1271
1272
1273
1274
1275
1276
1277
1278
1279
1280
1281
1282
1283
1284
1285
1286
1287
1288
1289
1290
1291
1292
1293
1294
1295
1296
1297
1298
1299
1300
1301
1302
1303
1304
1305
1306
1307
3115
3115
2
3115
1312
1313
1312
1315
1317
1317
1316
1319
1320
1321
1322
1323
1325
2594
11
1325
13
3132
2409
1330
1329
2380
3061
2378
2441
2398
2442
5819
1349
1349
2209
1349
5848
2551
1349
1350
472
2960
2960
1353
1353
2592
1353
1356
3751
3334
1356
26
2953
2953
29
28
2286
2551
2551
2551
5842
1369
1370
1371
1372
1373
1374
1375
1376
1377
1378
1379
1380
1381
1382
1383
1384
1385
1386
1387
1388
1389
1390
1393
1391
1449
624
1395
1396
1397
1398
1399
1400
1401
1402
1403
1405
1601
601
1407
1408
1409
1410
1411
1412
1413
1414
1415
1416
1417
1418
1419
1420
1421
1419
1423
1424
1425
1426
1427
1428
1429
1430
1431
1432
1433
1434
1435
1436
1437
1438
1439
1440
1441
1442
1443
1444
1445
1446
1447
1448
125
1450
1609
1452
1453
1454
1455
2361
2880
2357
1461
1461
1512
5837
2937
5836
1469
2350
1465
1465
144
1470
1471
1472
1473
5477
5697
5541
5691
5790
5692
1324
1327
12
1348
20
22
1486
1487
1488
1489
1490
1491
1492
1493
1494
1495
1496
1497
1498
1499
1500
1501
1502
1503
1504
1349
2208
5845
2208
1355
82
87
1512
1513
1514
1515
1516
1517
1518
1519
1520
1521
1522
1523
1524
1525
1526
1527
1528
1529
2672
115
1532
1533
1534
1535
1536
1537
1538
1539
1540
1544
1541
95
1544
1542
98
1545
96
1549
1550
1549
1552
1556
1553
103
3587
597
1558
1559
1560
1561
1562
1563
1564
1565
1566
1567
1568
1569
1570
1571
1572
1573
1574
1575
1576
1577
1578
1579
1598
1595
1582
1598
1595
1600
1595
1587
1588
1589
1590
1591
1592
1593
614
1596
1596
614
120
2684
1597
1417
1602
1603
1604
1605
1604
1607
126
1609
1610
1611
1612
1613
1614
1615
1389
1617
1618
1619
1620
2205
139
2205
2205
1624
1621
2204
1624
1631
2348
1631
479
1630
2218
150
2218
2217
2210
148
432
1640
2379
5800
2250
458
2250
154
1648
1649
1650
2620
1652
1653
1654
1655
3221
579
3221
3329
571
1662
571
571
1665
4802
161
1665
1669
3887
1668
163
1674
166
4789
1675
1676
1677
1678
1679
1683
1680
173
1683
174
4819
1686
1687
4136
1689
5782
5784
176
4167
1692
5824
3938
3938
3938
3938
1704
185
4013
1704
4648
4906
3938
4307
3938
1212
1212
187
188
941
4641
4641
4012
190
5427
3940
5849
3940
3940
1724
1724
1725
1726
1727
1728
1727
1730
1731
1732
1733
1734
1735
1736
1737
1738
1739
1803
1743
1743
1979
1744
1745
1746
1747
1748
1749
1750
1751
1752
1753
1754
1755
1756
1757
1758
1759
1760
1761
1762
1763
1764
1765
1766
1767
1768
214
1767
1771
1772
1771
1774
1775
1776
1777
1778
1779
1780
1781
1784
1783
1784
1785
216
1786
4443
1791
219
1791
1789
1792
220
1792
1796
1797
1798
1799
1800
1801
4406
1803
1804
1805
1806
1807
1808
1809
1810
1811
1812
1809
1748
1815
1816
1817
1818
1819
1820
1821
1822
1823
4084
4085
4082
1828
1882
1828
1830
5835
1832
1833
1834
1835
1836
1837
1838
1839
1840
1841
5739
5738
5741
4100
4099
1844
1848
172
1848
1702
4196
1702
1700
1856
1856
1857
1858
1859
1860
1861
1862
1863
1864
1865
1866
1867
1868
1869
1870
1871
1872
3938
3939
3940
3938
4651
3938
188
251
188
1882
1883
1884
1885
1886
1887
1888
1889
1890
1891
1892
1897
1894
1893
265
4341
4391
266
1898
1967
4401
1905
1903
1905
1906
1907
1908
267
1910
1911
1912
1913
1914
1915
1916
1917
1918
1901
201
1922
269
1923
1924
1925
1926
1927
1773
215
1928
197
1932
5284
274
1932
1936
1938
1938
277
1937
1943
1942
4437
1944
1945
1946
1947
1948
1949
1965
1964
1967
1964
1954
1954
1956
1957
1958
1957
1960
1961
1962
1963
1961
1964
1966
4402
1968
1969
1970
1815
1972
1973
1973
1975
1976
1977
1978
1981
1980
1981
1982
1983
1984
3937
3937
3937
306
3934
305
3936
1987
4073
4075
313
1993
312
2031
2031
2032
3987
315
315
1999
169
169
3983
2009
963
3982
2011
2012
2013
2014
1069
1069
4903
1069
1060
1060
2021
2021
2025
325
3942
148
2028
1634
1636
1636
5443
3947
3946
2037
2034
2036
3577
2038
2039
2040
2041
2042
2043
2044
2045
2046
2047
2048
2051
2049
2051
2052
2053
2054
340
2056
3262
2058
2059
2060
2061
2062
2063
2064
2065
2066
2067
2068
2069
2070
2071
2072
2073
2074
2075
2076
2077
360
2082
2081
3352
3360
359
362
359
2080
361
2084
361
2089
2088
2092
2093
2094
2095
2096
2097
2098
2099
2100
2101
2102
2103
2104
358
2079
2106
2108
2109
2110
2111
2112
2113
2114
2115
2116
377
2116
2119
2120
2121
2122
2123
2124
2126
3077
383
2125
377
379
2132
379
2118
0
2131
1308
390
2139
2431
2430
2140
2144
393
3076
394
2142
2149
4
3053
397
2147
2153
2153
398
2152
2146
2156
392
395
2164
402
2160
405
2247
2165
2166
2167
2168
2169
387
411
2136
2135
2173
2175
2176
2177
2178
378
2117
2180
2133
386
416
2185
2186
2187
2188
2185
2190
2191
3228
2193
2194
2196
3359
2195
3359
2201
426
3184
427
2199
428
3007
3002
428
3222
685
3145
3144
3145
2226
434
434
2227
2216
2214
2777
2222
2778
2245
2259
440
2277
440
440
443
2230
3186
3188
2231
2233
3070
2235
2236
2237
2959
2962
2241
2961
2243
2243
3025
2244
451
2247
3090
2249
1627
3011
1627
140
2207
459
3026
3177
459
3024
2257
2258
2254
2254
142
1626
1625
3773
2271
2268
463
2271
3998
3754
2273
466
3754
1622
2278
2279
2280
2281
2282
23
23
24
2238
2254
3012
456
2290
2291
447
2293
2294
2295
2296
2297
2301
2298
478
2315
2302
2303
2304
2305
2306
2307
2308
2309
2310
2342
2311
502
2343
2315
2316
2317
2318
2320
2839
488
490
487
2324
2325
2326
2327
2328
496
2331
3074
3085
2332
2335
3102
498
2334
2338
2339
2340
2341
501
2347
2382
2869
504
2882
2940
2353
505
2349
499
2971
2355
3766
5751
5710
5711
2356
5753
2876
5513
5517
5712
5517
5519
5523
5502
5475
5503
5690
5474
5540
5791
5688
5754
5518
5803
5820
5803
2384
2868
2381
2856
1467
508
663
2386
2390
3057
2391
2390
5805
3120
5805
5759
5697
2420
2400
3061
5508
5758
5763
5478
5697
5697
512
2410
1478
3758
5695
5715
2373
5781
2371
5578
5508
5698
5478
5560
5697
1464
2423
2424
2425
2426
2427
517
2444
2444
2432
3122
17
1338
5804
2437
2421
1331
511
2438
2403
5819
5819
2393
20
521
1341
1483
2551
2551
2815
2521
2269
4509
2453
2457
2465
522
2459
2460
2461
3743
2463
2464
2519
530
2520
2470
2468
3178
553
3163
471
2474
2475
2476
2477
2478
2550
1350
2554
30
535
2554
82
82
86
2491
2488
539
2563
2492
3746
2494
2495
540
2498
2511
544
2497
543
2208
2208
158
1354
2506
2507
2508
2509
2510
2546
549
2546
550
2515
2516
2517
2518
2520
2948
2270
2500
545
2524
2525
2526
2527
554
2529
557
2559
2532
2533
2534
2536
3365
2537
2539
2565
2538
558
2542
2543
2542
2545
2517
552
2550
560
2567
2960
2209
2551
5842
2555
2556
2557
2558
2556
561
2561
2562
2540
559
2565
474
2567
2568
2569
3173
2571
2572
2573
2571
2575
2576
2577
3174
3329
2234
2579
2582
2583
2584
2585
2586
2587
2588
2589
2590
2591
2593
2593
14
2594
2596
2597
2598
2599
2616
2601
2602
2603
2604
2605
2655
2607
2608
2609
2610
2611
2612
2613
2614
2615
2617
2617
595
2619
2620
2621
2622
2623
2633
2633
2626
2627
2628
2629
2631
2631
2632
2634
2716
2635
2636
2637
2638
2638
2639
62
2642
2641
2644
2645
2646
2647
2648
2649
2650
2651
2652
2653
2654
2655
2656
2655
40
3620
3592
3626
40
2667
3585
2663
842
2666
2671
2668
835
3574
2672
2673
2674
613
2676
2677
2680
41
3628
2678
2682
2683
2684
2685
2686
2687
2688
2689
2690
2691
2692
2693
2694
2695
2696
2697
2698
2699
2700
2701
2702
2703
2704
2705
2706
2707
2708
2709
1547
2711
620
2713
1554
2715
2716
2719
329
5460
2720
2720
2722
2724
2725
2725
2726
2727
2728
2729
2730
2731
2732
2733
2734
2735
2736
2737
2738
2739
2741
2741
623
2743
2744
2745
2746
2747
2748
2749
2750
2751
2752
2753
2754
2755
2756
2757
2758
2759
2760
2761
2762
2763
2764
2219
2765
437
2223
441
2232
634
636
2229
2776
637
2782
2242
2246
2779
2780
2781
2766
632
633
2786
3146
425
2788
2789
2790
2791
2792
2793
2794
2795
2796
2797
2798
2799
2800
2801
2802
2803
2804
2805
2806
2807
2808
2806
2455
2810
4177
2813
2814
2268
3997
2817
2818
4510
2820
2821
2822
2823
2824
2825
2826
2827
1321
2832
2829
2832
8
2831
2366
2838
2367
2363
5519
2835
2837
656
2842
2843
2844
2845
2846
2847
2848
2849
2850
486
2383
2852
2854
3640
1458
2864
2858
2859
2860
2312
1632
1457
2866
2359
2878
661
2388
2387
509
2871
2872
2873
2874
2875
2877
1462
2879
1468
1463
2882
2941
2885
510
2889
2886
2887
2888
2890
2370
2891
2892
2893
2894
2895
2896
2897
2898
2899
2900
2901
2902
2903
2904
2905
2906
2907
2908
2909
2910
2911
2912
2913
2914
2915
2916
65
2919
2919
1460
2921
2922
2923
2924
2925
2926
2927
2928
2929
2930
2931
2932
2933
2934
2935
2936
1468
2299
477
2940
2941
2082
357
2944
2945
2946
2947
2950
680
2950
2239
450
2952
2954
2955
2956
2957
2958
2961
685
3753
686
2966
2963
399
2967
2968
2968
2351
143
2964
2972
2973
2974
2975
2976
2977
2978
2979
2980
2981
2982
2983
2984
2985
2986
2987
2988
2989
2990
2991
2337
2992
500
2993
692
2997
2998
2999
3000
494
2330
2333
494
495
3073
3006
389
2138
3001
2206
2206
2266
3016
460
2265
1625
1628
3022
3022
3019
3023
394
3026
682
3176
3028
3757
401
3030
3756
3033
3037
3036
700
400
3034
3038
3039
3040
3041
3042
2151
3043
396
3046
3047
381
2189
419
3049
417
3053
3054
3055
692
2994
2338
3060
500
5821
2129
385
3066
701
3066
3064
703
703
3069
704
705
3072
3059
2157
3073
3077
3078
3079
3080
3081
3082
706
3087
3084
2994
3086
9
2392
3009
695
388
2289
473
3093
1647
2434
391
497
3100
3101
2155
3103
3104
3105
3106
3107
3108
3110
3113
702
3112
3107
3114
2122
3116
3117
3118
3119
5497
710
145
2391
3124
3124
3127
3134
714
3126
70
5696
5541
5780
2440
518
3136
3137
326
2027
444
3142
3194
2225
2225
2224
3095
1481
3149
3151
5540
3152
3153
2408
2274
3154
465
3032
3157
1352
159
2450
1350
2283
1661
3164
570
3155
3167
715
3170
3171
3161
716
3165
717
3168
433
3178
3179
429
3180
2203
3182
3181
151
1641
152
3189
3191
460
2267
141
153
3014
696
3196
3197
3198
3199
3200
3203
3202
3209
724
3206
3224
3205
722
3208
723
722
3213
3215
3065
3216
3217
2924
707
3067
3219
3214
685
3220
3227
727
3226
3227
3228
3229
3230
3231
3232
3233
3234
3235
3240
3237
3237
3239
3226
3241
3242
3243
3244
3245
3246
3247
3248
3249
3250
3251
3252
3253
3254
3255
3256
3257
3258
3259
3260
3261
3262
3263
3264
3265
3266
3267
3268
3269
3270
3271
3272
3273
3274
3275
3276
3277
3278
3279
3280
3281
3282
3280
3283
1504
3286
3287
3288
3289
3290
3291
3292
3293
3294
3295
3296
3297
3298
3299
3300
3301
3302
3303
3304
3305
3306
3307
3308
3309
3310
3311
3312
3313
3314
3315
3316
3320
741
3317
3207
3321
3322
3323
3207
3322
3319
742
708
3221
3330
726
3329
3223
430
3333
3336
3337
3338
1507
537
30
5842
3342
744
546
564
3343
2581
2235
3348
3325
3325
3318
3354
3355
3356
3357
3353
3360
3740
673
3362
3356
1
3366
3366
3367
3368
3350
747
3371
3372
3373
3374
3375
3376
3377
3378
3379
3380
3381
3382
3383
3384
3385
3386
3387
3388
3389
3390
3391
3392
3393
3394
3395
3396
3397
3398
3399
3400
3401
3402
3403
3404
3405
3406
3407
3408
3409
3410
3411
3412
3413
3414
3415
3416
3417
3418
3419
3420
3421
3422
3423
3424
3425
3426
3427
3428
3429
3430
3431
3432
3433
3434
3435
3436
3437
3438
3439
3440
3441
3442
3443
3444
3445
3446
3447
3448
3449
3450
3451
3452
3453
3454
3455
3456
3457
3458
3459
3460
3461
3462
3463
3464
3465
3466
3467
3468
3469
3470
3471
3472
3473
3474
3475
3476
3477
3478
3479
3480
3481
3482
3483
3484
3485
3486
3487
3488
3489
3490
3491
3492
3493
3494
3495
3496
3497
3498
3499
3500
3501
3502
3503
3504
3505
3506
3507
3508
3509
3510
3511
3512
3513
3514
3515
3516
3517
3518
3519
3520
3521
3522
3523
3524
3525
3526
3527
3528
3529
3530
3531
3532
3533
3534
3535
3536
3537
3538
3539
3540
3541
3542
3543
3544
3545
3546
3547
3548
3549
3550
3551
3552
3553
3554
3555
3556
3557
3558
3559
3560
3561
3562
3563
3564
3565
3566
3567
3568
3569
3570
3571
3572
3573
3576
3575
3609
3577
3578
3579
3597
3581
3617
1581
3584
837
3620
3587
3588
3589
3590
1532
3594
3593
3594
3595
3596
2706
2655
3599
3600
3768
3602
3603
3604
3605
3606
3607
3608
2677
3610
40
3616
3622
3616
2679
3626
3624
845
3624
3620
2678
2678
2643
3624
3625
1392
1606
1455
3629
3630
3631
3632
3633
3634
3635
3636
3637
3638
3639
2360
3641
3642
3643
3644
3645
3646
3647
3648
3649
3650
3651
3652
3653
3654
3655
3656
3657
3658
3659
3660
3661
3662
3663
3664
3665
3666
3667
3668
3669
3670
3671
3672
3673
3674
3675
3676
3677
3678
3679
3680
3681
3682
3683
3684
3685
3686
3687
3688
3689
3690
3691
3692
3693
3694
3695
3696
3697
3698
3699
3700
3701
3702
3703
3704
3705
3706
3707
3708
3709
3710
3711
3712
3713
3714
3715
3716
3717
3718
3719
3720
3721
3722
3723
3724
3725
3726
3727
3728
3729
3730
3731
3732
3733
3734
3735
3736
3737
3738
3739
674
3741
3742
2469
531
28
3747
3748
2544
446
3332
3750
3752
700
3020
698
3037
3044
2370
3759
3760
3761
3762
5497
479
2218
1464
435
3761
3769
3770
3771
3772
1621
2489
1349
2574
3777
3778
3779
3780
3781
3782
3783
3784
3785
3786
3787
3788
3789
3787
3795
862
3791
864
5417
3798
865
3798
3799
3800
3801
3802
3803
3804
3805
3806
3807
3808
3809
3810
3811
3812
3813
3814
3815
880
5044
881
3820
3927
883
3823
3843
3819
364
3825
364
3827
3829
3830
3831
3832
3833
3834
3835
3836
3837
3838
3839
3840
3841
373
2943
3844
3845
3846
3847
3848
3849
3850
3851
3852
3853
3854
3852
3856
3857
3858
3859
3860
3861
3862
384
3864
3855
900
899
3865
3868
3869
904
908
3873
4156
4155
3875
3880
913
3880
4764
913
3885
3882
915
4742
165
3887
3888
917
3890
3881
3877
4732
910
3895
3896
3897
3898
3899
3900
3901
3902
3903
3905
3915
3906
410
3909
4796
3910
927
3914
3912
4751
3913
3916
3917
3918
3919
3920
3921
3922
3923
3924
3925
2197
424
3926
3929
3930
3931
3932
3933
940
940
4693
4695
1155
4906
1155
4830
4828
4829
4830
946
3945
3948
3955
946
4482
3985
3973
3952
949
949
949
304
3961
3958
952
4869
953
954
3964
3965
3967
4758
4649
1154
958
5431
3975
3972
4715
961
3976
3977
3978
3935
3935
3935
4700
4700
966
3988
3987
5441
4714
3984
3986
963
3980
963
305
5449
1991
968
968
1149
3999
4003
1988
5429
5429
4001
4006
4007
4008
4009
4010
3968
3968
185
184
4701
4017
4701
4021
4019
956
4021
4022
4023
4024
4025
4042
981
4028
4029
4030
4031
4032
4033
4034
4035
4036
4037
4040
4038
4069
1006
4045
874
4044
4045
4050
4047
4046
993
4531
4051
4052
4053
4054
4055
4056
4058
4058
999
4059
4061
1001
4063
4064
4065
4066
4067
4068
4070
4559
1005
4560
4075
1007
4573
4076
4077
4078
4079
4080
5724
5723
4083
5722
5625
5722
5764
5721
5624
5592
5720
5719
5633
5581
5610
5743
5769
5717
5768
5742
4097
4094
4089
4090
5440
4106
4108
4547
4107
1009
4112
4570
1011
4111
4115
5823
4117
4115
5810
4120
5809
4131
4128
4132
4125
4143
4127
5585
5736
4145
5737
5738
1014
4133
1014
4139
1842
4093
1845
1846
1847
4142
5771
5585
5735
5736
5737
5442
4149
4150
4151
4152
1017
1017
4154
4157
4169
177
178
5824
5825
4160
1687
4163
1012
4130
5809
1019
1019
1700
1854
5849
5838
3940
3940
4241
4179
969
4240
1024
4188
4181
4184
1028
5419
1717
4186
1029
4194
1045
4192
4864
189
4863
4864
4011
4012
4199
4187
4200
4198
237
1852
185
4651
248
1874
5024
248
188
1879
247
4214
4259
1035
4214
4221
1037
4217
1036
5421
4225
4222
4235
4234
3938
3938
3939
4907
4230
1042
4232
4233
4264
1043
4264
4237
4237
4239
4863
4639
4639
4223
4243
4244
4245
1038
4219
4248
1039
4252
1046
1032
5025
4208
4257
4280
1048
4256
4261
4276
1044
4260
4238
1852
236
4202
3940
250
4273
1051
4272
5051
4249
4255
4276
4277
4259
1049
4019
979
4283
4857
1052
4282
4285
4287
1053
4286
4291
4859
1061
4290
2015
2016
1063
4297
4298
4299
4293
1062
4300
4303
4304
5054
4307
4307
4308
4309
4310
4311
4312
4313
4314
4315
4315
4317
4318
4319
5279
4321
4322
4323
4324
4325
4326
4327
4328
4329
4330
4331
4332
4333
4334
4335
4336
4337
4338
4339
5283
4343
4342
4352
4344
4345
4346
4347
4348
4349
4349
4351
4352
4353
4354
4355
4356
4357
4358
4359
4360
4361
4362
1978
300
4365
4366
4367
4368
4369
4370
4371
4372
4373
5279
5279
4376
4377
4378
4379
4380
4381
4382
4383
4384
4385
4386
4387
4388
4389
4390
4401
4403
4393
285
5292
4396
4397
4398
4399
4400
207
5310
1742
1960
286
4408
206
4408
4409
4410
4411
4412
4413
4414
4415
4416
4417
4418
4419
4420
4421
4422
4423
4424
4425
4426
4427
4428
4429
4430
4431
4432
4433
4434
4435
4435
4436
4438
4439
4440
4366
4441
4444
5459
4445
4446
4447
4448
4449
4450
4451
4452
4453
4454
4455
4456
4457
4458
4459
4460
4461
4462
4463
4464
4465
4466
4467
4468
4469
4470
4471
4472
3950
3951
4473
4477
4480
4478
950
4481
4485
3972
4484
4727
4475
1115
4487
4488
4489
4490
4491
4492
4493
4494
4495
4496
4497
4498
4499
4289
1056
1057
4504
4504
4505
1022
4183
4201
969
4302
1067
4512
4513
4514
4515
4516
4517
4518
4519
4520
4521
4522
4523
992
4525
4530
4092
4098
4526
5718
4529
1124
1123
4534
4535
4536
4537
4538
4539
4540
4541
4542
4543
4109
4544
4546
4549
4557
4103
4550
4551
4552
4039
989
4086
4087
4088
1824
4561
1129
4562
4555
4563
4564
4565
4566
4567
4081
4569
4572
4571
4568
4114
1131
4575
4576
4577
4578
4579
4580
4582
5433
4583
4584
4585
4586
4587
4588
4589
4590
4591
4592
4593
4594
4595
4596
4597
4598
4599
4600
4601
4602
4603
4604
4605
4606
4607
4608
4609
4610
4611
4612
4613
4614
4615
4616
4617
4618
4619
4620
4621
4622
4623
4624
4625
4626
4627
4628
4629
982
4631
424
4633
4634
4635
4636
1149
4643
4646
3971
4642
4720
4645
1152
4855
4645
4643
1154
4724
4726
5428
4653
4656
916
4652
4657
4657
4658
4659
4660
4661
4662
4663
4664
4665
4666
4667
4668
4669
4670
4671
4672
4673
4674
4675
4676
4677
4678
4679
4680
4681
4682
4683
4684
4685
4686
4687
4688
4689
997
4692
4057
4060
1000
4696
4762
909
4691
3876
3936
939
964
3981
3996
4703
308
1990
911
3879
3892
4709
912
4714
4861
1151
4719
4716
919
5432
5430
1167
4720
918
4710
3894
4725
4647
4728
4729
4730
4731
3883
914
4732
4735
4736
4737
3917
4739
4738
930
4744
1174
4747
4745
4746
4748
4774
1175
4750
4751
1168
4754
4718
4730
1173
4756
4759
1173
4761
4771
4760
3893
4762
4765
4766
4767
4768
4769
4770
4773
1179
4776
4746
170
4118
311
4778
4779
4780
4016
2008
4783
978
4785
4786
998
4788
4654
4790
4791
4792
1670
4794
4793
4799
1182
1171
4800
4795
1181
3860
4803
4804
4805
4806
5734
4808
4809
4810
3125
4812
4813
4814
4815
4816
5740
5748
4137
4164
4821
4822
3990
4823
3959
951
4827
3957
3954
307
4831
4832
4833
4834
4100
4836
4837
4134
4005
971
4839
4722
4842
5450
180
324
1704
3970
2019
1059
4849
4841
1184
4852
4843
4843
4172
1185
4851
1186
4854
944
1153
4856
939
4698
4867
4868
4824
317
4872
4875
1166
967
3995
307
318
318
4705
4881
4881
1188
4880
1187
4887
1194
4893
1193
4889
4889
4891
4892
4890
1191
1192
1170
4755
4899
4900
4900
4901
1176
4897
4905
4753
4905
4904
4908
4909
4908
4911
4912
4913
4914
4915
4916
4919
4918
4924
863
4918
1198
4921
4910
4925
4926
4927
4928
4929
4930
4931
4932
4933
4934
4935
4936
4937
4938
4939
4940
4941
4942
4943
4944
4941
4945
4947
4948
4949
4950
4951
4952
4953
4954
4955
4956
4957
4958
4959
4960
4961
4962
4963
4964
4965
4966
4967
4967
4969
4970
4971
4972
4973
4974
4975
4976
4977
4978
4979
4980
4981
4982
4983
4984
4985
4986
4987
4988
4989
4990
4991
4992
4993
4994
4995
4997
4997
5001
4998
1209
5011
5003
5009
5002
1210
5006
5007
5008
5009
5010
5004
1211
1177
4903
5015
1195
4904
5014
4906
5016
5021
5022
5023
247
4210
248
4207
1876
250
1876
1054
5030
4295
5033
1064
5038
5036
5415
5042
5039
884
5043
5037
5044
5045
5046
3822
5047
5049
4208
5027
1213
1214
5034
1216
5056
5057
5058
5059
5060
5061
5062
5063
5064
5065
5066
5067
5068
5069
5070
5071
5072
5073
5074
5075
5076
5077
5078
5079
5080
5081
5082
5083
5084
5085
5086
5087
5088
5089
5090
5091
5092
5093
5094
5095
5096
5097
5098
5099
5100
5101
5102
5103
5104
5105
5106
5107
5108
5109
5110
5111
5112
5113
5114
5115
5116
5117
5118
5119
5120
5121
5122
5123
5124
5125
5126
5127
5128
5129
5130
5131
5132
5133
5134
5135
5136
5137
5138
5139
5140
5141
5142
5143
5144
5145
5146
5147
5148
5149
5150
5151
5152
5153
5154
5155
5156
5157
5158
5159
5160
5161
5162
5163
5164
5165
5166
5167
5168
5169
5170
5171
5172
5173
5174
5175
5176
5177
5178
5179
5180
5181
5182
5183
5184
5185
5186
5187
5188
5189
5190
5191
5192
5193
5194
5195
5196
5197
5198
5199
5200
5201
5202
5203
5204
5205
5206
5207
5208
5209
5210
5211
5212
5213
5214
5215
5216
5217
5218
5219
5220
5221
5222
5223
5224
5225
5226
5227
5228
5229
5230
5231
5232
5233
5234
5235
5236
5237
5238
5239
5240
5241
5242
5243
5244
5245
5246
5247
5248
5249
5250
5251
5252
5253
5254
5255
5256
5257
5258
5259
5260
5261
5262
5263
1955
5264
5266
5267
5268
5269
5270
5271
1900
5273
5274
5275
5276
5277
5278
5279
5280
5281
5282
1930
1729
5285
5286
5287
5288
5321
5290
5291
5255
1295
5294
5295
5296
5297
5298
5299
5300
5300
5302
5303
5304
5305
1306
5301
5308
5309
1974
5311
5312
5313
5314
5315
5316
5317
5318
4403
5320
5321
4091
5323
5324
5325
5326
5327
5328
5329
5330
5331
5332
5333
5334
5335
5336
5337
5338
5339
5340
5341
5342
5343
5344
5345
5346
5347
5348
5349
5350
5351
5352
5353
5354
5355
5356
5357
5358
5359
5360
5361
5362
5363
5364
5365
5366
5367
5368
5369
5370
5371
5372
5373
5374
5375
5376
5377
5378
5379
5380
5381
5382
5383
5384
5385
5386
5387
5388
5389
5390
5391
5392
5393
5394
5395
5396
5397
5398
5399
5400
5401
5402
5403
5404
5405
5406
5407
5408
5409
5410
5411
5412
5413
5414
5415
5416
5417
1718
1715
4640
5422
5423
4260
957
5018
5018
1150
1169
4709
4711
1167
4734
4101
5434
5435
5436
5437
4807
1996
5834
3946
1830
945
5444
5445
5446
5447
5448
1987
4651
4216
3940
4200
5454
5455
5456
5457
5458
1904
5460
5461
5462
5463
5464
5465
5466
5467
5468
5469
5470
5471
5472
5473
5485
5496
5562
5562
5572
5744
5706
5545
5553
5509
5490
5492
5487
5570
5571
5577
5489
5535
5488
5533
5564
5558
5554
5508
5575
5578
5557
5555
5551
5557
5499
5578
5505
5504
5499
5576
5553
5498
5576
5512
5510
5509
5512
5516
5513
5537
5489
5531
5531
5530
5492
5570
5571
5528
5570
5492
5492
5534
5505
5487
5571
5488
5571
5536
5536
5534
5561
5562
5572
1333
5744
5707
5568
5487
5527
5506
5527
5533
5569
5569
5493
5556
5549
5493
5486
5497
5559
5495
5495
5555
5745
5703
5564
5543
5480
5544
5579
5566
5559
5551
5555
5479
5565
5494
5702
5567
5543
5632
5682
5583
5584
5585
5586
5587
5588
5677
5621
5622
5648
5659
5613
5617
5678
5644
5645
5639
5636
5657
5674
5668
5666
5605
5733
5684
5732
5604
5611
5664
5604
5614
5614
5613
5617
5608
5685
5685
5685
5684
5597
5644
5597
5618
5646
5647
5639
5598
5638
5640
5593
5631
5635
5678
5595
5635
5600
5600
5658
5595
5616
5596
5679
5596
5643
5637
5645
5671
5584
5651
5652
5653
5654
5662
5594
5594
5642
5656
5601
5607
5677
5665
5660
5667
5603
5615
5667
5734
5672
5670
5680
5673
5686
5675
5683
5683
5605
5674
5680
5660
5666
5675
5602
5679
5686
5687
5523
5502
5501
5561
5477
5477
5542
5542
5478
5478
5572
5497
5508
5578
1333
1335
5800
5800
5800
1643
5762
5708
5481
5546
5482
5513
5490
5491
5609
5632
5630
5627
5624
5622
5618
5661
5589
5654
5726
5786
5786
5729
5730
5731
5770
5614
5734
5680
5651
5584
5738
5738
5584
5650
5583
5682
2378
2380
5800
2378
5650
5739
3766
5750
5709
5710
5482
5513
5578
5508
5560
5478
5542
5542
506
5497
5655
5589
5622
5590
5682
5609
5770
5614
5680
5585
5738
5737
5725
4148
5734
1333
5477
5541
5782
5730
5729
2006
5786
5490
5523
5491
5501
5502
5563
5478
5624
5626
5630
5581
5583
5651
5836
1831
2995
2995
5758
5805
2420
2390
2401
4130
5438
5811
5812
4144
4144
5815
5822
5817
5807
3120
2970
2996
5832
4126
5828
4132
2402
5793
4147
1843
5697
5697
5832
2969
1147
5835
2969
5833
3940
4651
2209
1349
2209
3940
3938
430
1349
3938
2209
4651
