2131
1
1310
1312
4
3108
1318
3149
2887
3087
10
2594
1327
2437
1337
1339
1338
2430
1510
82
2485
2485
2472
22
1350
82
467
1356
531
2471
1509
1509
68
68
3603
1398
1372
3569
3591
2729
2679
1394
1386
134
3637
1435
2748
1405
1409
1414
735
2650
2649
2697
2648
1430
1385
1443
2689
1448
3632
2637
1454
3634
2747
65
2378
3293
1473
3275
70
3774
2461
3266
3265
1499
3278
3297
78
79
80
81
1355
82
1509
1357
2541
2539
1512
89
90
91
92
93
94
1589
96
1524
98
2620
1561
2728
1419
103
2711
3588
2628
3577
1566
1577
109
2979
1571
3304
1594
1530
1406
2686
1593
1594
2684
121
121
1417
1389
1609
1607
127
1611
1378
102
1538
1537
606
1614
2646
2733
137
2277
1622
142
3144
3017
2992
2970
3089
2346
2940
3138
2258
2257
632
151
444
3195
3193
156
157
3335
84
1667
1666
162
163
164
165
166
4580
4525
4106
4775
171
1682
4308
4161
1695
4168
4153
4158
1878
1878
1874
182
4014
184
185
1878
4020
5020
189
190
1713
1713
5250
195
1942
1731
1727
1774
194
1785
1920
202
203
1803
1736
4407
4401
1744
1753
1765
1079
4438
1970
1768
1772
1783
4368
4415
218
217
5318
1802
224
1811
5313
5315
1823
1822
1820
1758
4609
4670
4960
1841
1849
1034
4186
1858
239
4949
241
1860
243
244
245
246
188
1713
250
3939
4281
187
231
254
255
256
257
258
259
5291
1913
262
1894
1896
1930
1899
216
1916
1922
270
4336
5285
1940
1933
5259
5286
5288
1156
1947
4436
4445
4349
283
1901
4357
4405
287
1963
1967
291
5311
292
1756
294
295
1092
1093
4449
4365
266
301
1979
303
304
1986
306
3957
3981
4683
4658
1179
1007
4072
2004
2023
1999
4870
318
2008
2010
321
322
323
1705
4872
2765
3943
3305
3312
2108
3249
2039
333
334
335
336
337
338
339
340
341
342
343
344
2063
2944
3231
3244
349
350
351
352
353
354
355
356
2082
2079
359
3352
361
362
363
364
365
366
367
368
369
370
371
372
2942
2175
3104
2113
2180
2179
2132
2116
3115
2123
2125
3861
3914
2182
387
3092
3008
390
2141
2156
2142
3023
3019
396
397
2153
2155
3021
3075
2161
3898
3897
2163
406
2166
2168
409
410
411
412
3027
3039
3912
3913
1514
3330
2185
420
3206
2190
3321
2198
2787
2200
2202
2204
3012
743
1638
148
459
2215
2218
437
3953
3950
2222
2227
2772
2775
442
2232
3336
2235
3119
3080
2240
2953
3975
2243
2245
3973
2249
1644
153
696
453
2211
4000
2268
2779
3998
3156
2275
469
3124
2127
3116
3745
1348
3093
2290
4811
3863
2971
2963
479
2303
481
482
483
484
1633
2313
2885
2839
2320
2883
491
2796
2795
3001
495
2331
497
3102
2337
2338
2387
2344
507
2941
2349
2380
659
3766
5752
2408
1331
2413
513
514
515
2426
2432
2440
2444
3774
2485
2453
2269
4509
4176
2452
2810
2475
3743
2521
2466
2524
2492
82
2488
2488
2563
3748
2542
2513
3746
2497
4238
2546
4236
1509
4223
2500
4237
2515
2297
4024
2269
4225
2500
4223
2493
2280
2516
2492
2493
2476
2478
1356
2582
4297
2524
2805
3747
3164
159
2588
572
2233
447
2818
2278
2294
574
580
581
582
583
3573
1550
586
1495
588
2656
2611
2610
592
2615
2619
1554
2034
1648
3305
2979
1574
2633
2636
1375
2984
3294
51
1421
608
609
3615
2659
612
2675
1604
2683
2727
2694
618
619
2717
621
622
623
1450
625
626
627
628
629
630
631
2784
4475
635
4478
950
4481
4488
639
640
641
642
4496
4495
645
4498
4244
4500
4243
4506
4511
652
2825
2831
2412
2890
657
658
5755
660
2386
662
1465
3152
2893
666
667
668
669
670
671
672
673
674
2921
676
677
678
3217
463
3179
452
2949
2955
3222
2241
2978
3255
2997
2991
3254
3086
2998
3251
3184
443
3187
3755
3064
3753
3213
702
3049
3338
3055
3059
3214
3070
3077
3085
3141
3113
3109
3127
3169
1483
3175
718
719
720
721
722
723
3210
3209
3329
3227
3228
729
730
3281
732
3261
734
3762
736
737
738
739
740
741
3318
3750
2488
2563
746
2282
748
749
750
751
752
753
754
755
756
757
758
759
760
761
762
763
764
765
766
767
768
769
770
771
772
773
774
775
776
777
778
779
780
781
782
783
784
785
786
787
788
789
790
791
792
793
794
795
796
797
798
799
800
801
802
803
804
805
806
807
808
809
810
811
812
813
814
815
816
817
818
819
820
821
822
823
824
825
826
827
828
829
830
831
832
833
2675
3575
3581
3623
2661
1600
840
841
842
1411
40
2643
846
847
848
849
850
851
852
3781
3779
4934
3783
3793
858
859
860
861
862
4924
4910
865
866
867
3802
4929
4916
3804
872
873
874
875
876
877
878
879
880
881
882
3820
884
885
886
887
888
889
890
891
892
893
4792
895
3850
900
899
160
3866
902
161
3864
3871
905
4699
3873
3875
4691
910
911
912
913
914
915
916
917
918
919
920
921
922
923
924
925
3926
927
928
253
931
933
932
3922
3924
4889
936
937
4783
4700
940
4907
942
3942
944
3948
4841
4823
3989
949
950
951
3960
3962
4757
4770
3965
3967
958
959
3988
4715
962
965
4703
2009
5441
4707
4638
4637
970
971
4804
1178
903
4805
976
977
4016
956
312
4027
4630
983
984
985
986
4044
988
1995
4532
990
993
4533
994
995
996
4693
4057
4059
1000
4062
4063
1003
1129
1009
4071
1131
4076
1127
4569
4087
1012
4135
4140
1677
4815
4154
4165
1017
5025
1874
4189
4240
5418
4185
4180
1714
4192
1715
4220
4217
1880
252
1711
1048
1049
1043
1040
1035
1044
1713
4221
4239
4009
4863
4221
4215
4007
4277
4254
1036
4171
4203
5020
4303
4219
4287
4305
1059
1060
1061
4292
1063
3966
4009
4022
4301
4007
2017
1070
1071
1072
1073
1074
1075
1076
1094
4325
4324
4327
1081
1082
1083
1762
4334
4438
4989
1969
1813
4370
4980
1903
1909
1094
1095
1096
1097
1098
4391
1958
1101
1102
1103
1104
1761
1106
1107
4454
1816
1110
1111
1112
1113
1114
4869
1116
1117
1118
4813
1120
1121
4524
4104
4528
1125
1126
4088
1128
1011
1130
1010
4578
1133
1134
1135
1136
1137
1138
1139
1140
5046
5010
4613
1144
1145
1146
4105
4635
4646
1150
4644
1152
1153
1154
1155
4668
4940
4674
1159
1160
4774
4689
4936
4866
1165
1166
1167
1168
1169
4899
1171
929
4741
4743
4749
1176
4756
4766
4772
1180
1181
1182
4821
1184
4845
1186
1187
1188
1189
1190
4890
1192
4893
4895
1195
4909
4914
1198
1199
4950
1201
1202
5074
4979
1205
1206
1207
1208
1209
1210
1211
5018
252
5034
1215
4021
1217
1218
1219
1220
1221
1222
1223
1224
1225
1226
1227
1228
1229
1230
1231
1232
1233
1234
1235
1236
1237
1238
1239
1240
1241
1242
1243
1244
1245
1246
1247
1248
1249
1250
1251
1252
1253
1254
1255
1256
1257
1258
1259
1260
1261
1262
1263
1264
1265
1266
1267
1268
1269
1270
1271
1272
1273
1274
1275
1276
1277
1278
1279
1280
1281
1282
1283
1284
1285
1286
1287
1288
1289
1290
1291
1292
1293
1294
285
5256
5306
1297
1956
1300
1301
1302
1303
1769
5298
290
1307
1309
2134
1
1308
1314
1313
3106
1312
4
1316
1318
1323
7
1319
516
3148
1325
1325
1324
1327
1332
2435
1328
11
2436
5807
5807
5821
17
17
2433
17
82
82
82
82
2485
1510
1510
2485
2487
27
3162
1357
82
27
1357
26
2566
1355
1359
2565
1362
2469
530
531
1363
1510
1510
1510
1509
3570
3570
68
3570
110
1377
3639
3606
1567
3568
1370
3568
1370
1535
1386
607
1539
1540
43
2690
1388
1613
1449
1393
1609
624
1397
42
1434
603
1395
1403
1403
64
5472
1406
601
2633
1404
1407
47
1587
1408
34
1412
1560
1416
1610
128
1416
3571
3569
3571
3571
605
2650
605
2651
2651
52
1431
2651
604
2648
3635
1379
2744
2654
2743
1435
132
2745
1442
2745
1448
1445
3631
2635
1444
60
1609
125
126
1453
2687
58
1452
5511
5510
5515
1460
1460
1460
5744
5544
2380
5836
1469
2937
5800
5820
3276
1473
3276
3276
15
15
5830
2397
3132
2397
1480
1481
1482
2489
537
72
2494
74
3266
3290
74
1492
3297
77
1491
76
1497
3301
1496
78
1500
1501
1502
1503
1504
1358
1358
1509
1355
1359
87
2541
1459
65
1459
1515
1516
1517
1518
1519
1520
1521
1522
99
1524
100
3602
2621
39
2729
1529
1528
39
1423
1425
1419
51
1424
50
2650
1420
1541
1542
95
1544
1545
1546
1547
1548
3591
1552
584
3573
104
104
1555
1557
1650
108
1558
1566
108
106
3604
598
1564
1563
3605
1577
3589
3605
67
67
3304
1470
1571
1572
32
1574
1572
1582
1582
1530
1582
1580
119
1580
1587
97
1589
1591
1447
117
57
120
120
2684
1594
1582
2673
1594
1603
1601
2633
1617
1604
1617
124
1607
126
35
35
2647
2644
2647
1537
1388
1387
1517
1619
1618
3773
138
1624
1626
2265
2265
2253
460
1629
2348
2938
1632
146
2258
436
2255
2260
3139
2768
2027
3139
3061
3061
3194
3195
3194
3142
1649
2036
2712
5460
1652
1653
1654
1655
2580
2579
2580
575
3160
3160
1661
159
1664
1664
162
1667
1668
1669
1670
1671
1672
1673
1674
1676
4579
167
1678
168
1683
1680
173
4309
175
4160
4162
1686
1685
5817
5812
5817
177
4157
4156
177
1878
1878
1878
1878
1700
5844
1702
1703
1704
1706
5019
323
1706
5426
5425
979
5426
5020
1714
1715
1716
190
1718
1878
1713
1878
1878
5248
5248
1942
5248
1730
196
1730
5289
221
4351
1948
1723
200
1739
1736
297
1906
296
4403
4403
1742
206
1748
1746
1747
1815
1752
1750
5468
1799
222
1755
5463
302
1754
1758
1762
1759
211
211
1968
1766
1088
1778
1764
213
1768
1770
1728
1771
197
196
1776
1776
1777
1775
1781
198
1781
193
193
1782
193
1787
4369
1787
1795
218
1795
4413
4413
217
4413
1798
1796
4446
1977
1804
1978
1975
296
1092
4456
224
4456
1807
1810
5314
226
1809
225
1815
1971
227
1818
1821
1819
228
1757
230
293
5722
5591
5655
1829
1829
4607
5729
4106
5588
5835
4571
1836
5822
169
1839
4977
1839
232
4128
5814
4128
4132
4100
5828
1681
172
1848
5024
5025
5024
4212
1857
1855
1857
240
1859
1860
1861
1862
1859
1867
1865
1866
1867
1868
1869
1870
1871
1872
1878
188
1878
1878
3939
5019
5426
4281
1710
1829
1828
231
1885
1886
1887
1888
1889
1890
1891
1892
1893
1894
1893
1896
1897
1900
1106
5253
201
1898
4444
1788
220
5459
1909
1782
1786
1784
1912
5290
260
1911
1915
263
1917
1918
1920
270
1919
1921
1923
1924
4336
5268
1927
1931
1773
274
5284
1935
273
1932
5257
5270
276
5287
1937
5271
4988
234
4988
4988
4437
4436
1943
1725
1947
284
1950
1952
1950
1953
1953
283
1960
223
1960
4404
1965
1961
289
1951
1950
1966
1099
1778
295
292
1972
1974
5310
5310
4363
4364
4365
4363
1742
4401
1743
1982
1983
1984
1985
1986
1985
1988
1992
3995
308
5449
1994
4075
313
1993
4074
2003
2003
315
2002
2003
2024
317
4750
4750
318
318
318
318
2011
2012
2013
2014
2017
1063
2017
2017
2019
2020
2019
2022
2024
4871
325
2768
2766
2768
436
2223
315
2025
315
3312
3311
2035
328
3305
331
2111
3250
2041
2040
2044
2045
2046
2047
2048
2049
2050
2051
2052
2053
2054
2055
2056
2057
2058
2059
2060
2061
2062
347
2065
2947
3232
2066
2068
2069
2070
3247
2072
2073
2074
2075
2076
2077
360
2082
359
3352
360
2083
2084
2085
2086
2087
2088
2089
2090
2091
2092
2093
2094
2095
2096
2097
2098
2099
2100
2101
2102
2103
2104
2105
2079
2107
375
2110
2177
3105
3246
3246
3741
2067
378
2180
2133
2132
378
379
1311
381
2121
3062
2129
2128
4751
415
386
386
2131
2182
2135
2183
2136
2137
3009
2138
2137
3092
395
2146
2145
3022
2159
2147
2148
2149
2150
2151
2152
2153
2152
1315
2159
400
2157
3021
2162
403
3895
404
2160
2169
406
2165
409
2169
2170
2171
2172
2173
2174
414
3030
3040
2176
416
2181
3913
416
2184
3915
1513
1512
1513
2187
2186
2191
3205
2190
2194
420
2196
3359
424
357
2203
425
2199
405
3183
140
1623
2207
2254
3335
3334
2026
1641
2026
1638
3765
3176
2218
3765
2257
2221
437
3953
438
2221
435
2226
3145
434
2773
636
2774
2228
2773
448
2237
2236
3082
3081
2286
2951
2286
2238
2246
451
2242
454
3972
2164
2247
2249
3013
153
3014
3015
154
2777
2245
2259
2222
2222
2219
2220
153
3193
3014
3190
3189
431
464
2272
2271
2781
3997
2274
3154
465
2273
440
3117
469
3124
383
3116
2473
2472
22
3745
3096
2289
3096
3118
3118
2291
470
3125
4811
384
3125
477
2939
2964
2300
2302
408
2304
2305
2871
2307
2308
2309
2310
2311
2311
2313
2342
2315
2316
2317
2967
487
2841
2320
2323
2883
2324
2325
2326
2794
2328
2329
3002
2331
2332
3003
2335
1317
2334
2338
6
2339
2340
3100
2867
2347
503
2868
504
2882
2941
2352
2351
2993
2337
499
5565
5543
5576
5489
5537
5511
5490
5498
5531
5524
5491
5521
5573
5496
5574
5761
2369
5780
5689
2405
3150
2368
5519
5522
5802
5802
5821
2840
2857
488
655
1463
2877
508
2361
2392
9
145
3088
2395
2444
3123
1339
15
1339
2389
2390
2391
2442
2394
15
15
15
1330
511
3133
2407
15
2367
3133
2437
1479
5818
5805
2441
15
2394
15
1333
2423
2424
2425
515
2427
2431
2428
390
2139
497
2140
2434
1336
16
1337
1326
2438
12
2443
2429
2429
517
537
537
2485
3774
1510
2485
2816
2815
461
4178
524
2455
2451
2455
2810
522
2457
2457
2456
2462
2815
523
2815
2519
2467
2519
2521
72
529
542
2813
542
2559
2494
2494
2485
86
2487
2488
86
87
1511
2540
559
2564
2545
2541
544
2514
3747
2499
2498
2547
2547
2546
549
4264
1355
1358
3751
1358
545
545
2500
2585
4223
552
4237
2518
2517
476
2296
2295
4024
2269
2268
2269
2512
4234
2501
545
2500
545
4222
540
2493
540
545
2500
4223
2490
538
2490
2562
467
558
468
2516
468
2516
2515
475
4023
2494
2492
2494
1357
1357
1358
1509
540
540
2493
550
540
2493
2280
469
2541
551
2282
2293
541
2495
533
3774
2533
2532
567
542
2573
2573
572
562
3749
2235
3750
1066
2584
2295
4298
568
2804
576
578
2280
2590
158
158
2595
2595
2596
2597
2598
2599
2600
2601
2602
2603
2604
2605
2657
2607
2100
2608
366
370
2612
2613
2614
590
2616
2616
2714
2619
596
1651
2623
2037
1525
49
3305
3304
3304
3305
3568
3568
3570
2634
49
1409
48
3629
1441
2638
2639
62
2640
121
55
2646
1429
54
605
2985
3294
2649
1421
1421
1539
2657
608
2657
2662
610
2658
1600
3614
2663
2664
3585
836
2667
2668
2669
2670
2671
101
101
2686
1593
3625
2686
2680
41
3628
2678
2683
135
2682
1447
602
2688
5462
63
1439
1439
1612
2696
616
2696
1418
604
2699
2986
2700
2701
2702
2703
2704
2705
2706
2707
2708
2709
2710
2712
2609
2711
2713
593
1413
591
2610
2718
3305
3305
2979
3304
3304
3304
1415
123
53
2698
2648
2648
37
1380
37
2730
5458
2737
2738
2739
2740
2741
2742
1536
1536
2746
3633
45
1437
2748
2695
617
2752
2753
2754
2755
2756
2757
2758
2759
2760
2761
2167
2762
407
4473
4475
4473
2767
4478
2772
4478
4478
2772
4481
4481
4481
2778
3952
2781
2243
4483
4485
637
4485
4487
2788
4488
4487
2789
639
2791
2792
2793
2797
643
644
4494
2801
2799
646
4497
2534
4251
647
554
2523
4243
2524
2523
2454
2812
4177
650
4507
461
4000
2819
651
4510
2820
2821
2822
2823
2824
2825
2824
2827
1321
8
2828
490
2887
2322
2372
2836
2374
2366
5502
656
2835
2889
2842
2843
2844
2845
2846
2847
2848
2763
2850
480
489
2833
2854
2377
2365
1458
2858
2859
2860
2861
2862
5514
5753
5515
5710
2870
2863
2385
2359
2871
2872
2873
2874
2875
5569
5479
5708
5762
5568
663
1466
2884
3153
510
664
2888
3151
2410
2415
2891
2892
1488
2114
75
2896
2897
2898
2899
2900
2901
2902
2903
2904
2905
2906
2907
2908
2909
2910
2911
2912
2913
2914
2915
2927
2917
2918
2919
2920
423
3323
2193
2922
2925
2926
2821
2928
2929
2930
2931
2932
2933
2934
2935
2936
1335
505
2353
2350
144
357
2198
675
2946
2924
2923
2271
463
2271
1363
3752
1362
2780
2780
463
680
3025
1350
2209
2960
2238
2965
498
2155
399
2154
398
2995
692
2336
2972
2973
2974
2975
2976
2977
665
2980
2894
3303
367
2983
688
3256
2987
2999
2990
2988
3253
691
500
2994
500
692
3086
694
3242
3252
2998
429
2206
3004
3010
3005
3007
2205
695
3091
3181
2252
2288
3188
2231
3187
3188
696
3189
3020
3754
698
3020
139
2242
2243
2244
699
3029
3066
3041
2952
681
450
3037
2961
3034
3756
2779
3042
679
701
3215
3043
2158
3045
1461
3046
1310
417
2189
3052
3046
3053
3053
397
3057
3086
3054
705
3058
2390
415
3914
3065
3212
3067
3219
704
3068
3071
3337
3073
3006
3072
700
394
377
2126
2120
380
382
3079
3074
3083
496
3060
706
3084
710
427
427
455
3095
426
3146
711
3097
3098
389
3101
4788
1317
3103
679
2945
3106
3107
712
413
3111
3028
2178
3113
3110
1308
383
2127
3078
709
5808
2332
3121
3122
384
3863
3126
3127
3126
3129
3130
15
2397
5826
1482
3134
3137
4822
2220
2782
2769
2771
3140
2210
1640
1637
2785
3147
3128
714
5831
3135
518
2439
3155
3167
715
3158
3170
2485
2484
3339
2472
3745
716
3173
3165
2958
3026
684
2957
3178
3340
1486
2569
573
3024
2256
2948
553
473
3094
3183
4867
2201
2776
2783
3185
443
3186
3187
1641
152
3142
444
2231
3196
3197
3198
3199
3200
3201
3202
3209
3204
3205
3206
3207
3208
3208
723
3211
3069
703
708
419
2188
418
3221
3220
3223
3328
3333
3332
3224
3224
3226
3227
421
3225
2192
422
3230
3233
3234
3235
3211
3237
3238
3239
3240
713
3112
3114
728
3229
3245
2989
3248
346
2064
374
2109
3243
693
330
2043
3257
3258
3259
3257
3261
3262
3260
3282
732
3264
3269
3267
3277
3270
3271
3272
3273
3274
345
2115
3000
689
3279
3280
727
3742
3283
3284
3285
3286
3287
3288
3289
3289
3291
3292
376
332
3296
2042
689
3298
3299
3300
3301
3302
3303
67
2979
3306
3307
3308
3309
2093
3310
3310
3313
3314
3315
3316
3320
741
3317
3320
3322
3322
2919
3324
3325
3326
3327
2234
446
65
3332
3749
743
3751
3751
382
3338
3047
1511
2563
2487
1509
86
2488
86
1359
2488
474
2291
2565
3352
3352
3351
3354
3355
3356
3357
3358
3360
3360
3361
3362
3363
3364
538
538
2490
2564
577
2278
3371
3372
3373
3374
3375
3376
3377
3378
3379
3380
3381
3382
3383
3384
3385
3386
3387
3388
3389
3390
3391
3392
3393
3394
3395
3396
3397
3398
3399
3400
3401
3402
3403
3404
3405
3406
3407
3408
3409
3410
3411
3412
3413
3414
3415
3416
3417
3418
3419
3420
3421
3422
3423
3424
3425
3426
3427
3428
3429
3430
3431
3432
3433
3434
3435
3436
3437
3438
3439
3440
3441
3442
3443
3444
3445
3446
3447
3448
3449
3450
3451
3452
3453
3454
3455
3456
3457
3458
3459
3460
3461
3462
3463
3464
3465
3466
3467
3468
3469
3470
3471
3472
3473
3474
3475
3476
3477
3478
3479
3480
3481
3482
3483
3484
3485
3486
3487
3488
3489
3490
3491
3492
3493
3494
3495
3496
3497
3498
3499
3500
3501
3502
3503
3504
3505
3506
3507
3508
3509
3510
3511
3512
3513
3514
3515
3516
3517
3518
3519
3520
3521
3522
3523
3524
3525
3526
3527
3528
3529
3530
3531
3532
3533
3534
3535
3536
3537
3538
3539
3540
3541
3542
3543
3544
3545
3546
3547
3548
3549
3550
3551
3552
3553
3554
3555
3556
3557
3558
3559
3560
3561
3562
3563
3564
3565
3566
3567
3762
3296
1472
3296
2698
3572
3576
834
2677
2038
111
3582
3579
837
3624
1531
1531
3586
3622
597
1579
1579
2724
39
3592
3593
3594
1550
3596
3597
2657
608
3600
3601
107
105
1573
1371
1578
600
1381
2677
2675
3616
3616
40
3616
40
3626
2642
122
2642
2681
2681
2681
2643
2640
1411
1392
44
1455
1602
3629
2694
617
2751
127
1379
36
134
1534
3606
5714
3641
3642
3643
3644
3645
3646
3647
3648
3649
3650
3651
3652
3653
3654
3655
3656
3657
3658
3659
3660
3661
3662
3663
3664
3665
3666
3667
3668
3669
3670
3671
3672
3673
3674
3675
3676
3677
3678
3679
3680
3681
3682
3683
3684
3685
3686
3687
3688
3689
3690
3691
3692
3693
3694
3695
3696
3697
3698
3699
3700
3701
3702
3703
3704
3705
3706
3707
3708
3709
3710
3711
3712
3713
3714
3715
3716
3717
3718
3719
3720
3721
3722
3723
3724
3725
3726
3727
3728
1620
3729
3731
3732
3733
3734
3735
3736
3737
3738
3739
3740
731
3742
2465
3743
3744
2545
2545
551
447
2292
474
2470
685
2276
466
3033
401
3150
3759
3760
3768
69
2393
3764
2255
1333
149
3768
3769
3770
3771
3772
141
539
1358
542
3780
3777
3779
4959
855
3782
857
3784
3785
4963
3787
3788
3789
3790
3794
3791
863
4924
864
3797
4946
3798
3796
3800
3803
3803
4916
870
3801
3806
3807
3808
3809
3810
3811
3812
3813
3814
3815
3816
3817
3818
3819
880
3821
3822
3823
3824
3825
3826
3827
3828
3829
3830
3831
3832
3833
3834
3835
3836
3837
3838
3839
3840
3841
3842
2943
3845
4933
3846
3847
3851
3848
238
5416
3865
3855
3867
3865
3855
4802
3860
4736
1665
3856
900
897
3852
3868
904
160
3869
3869
3870
3871
3876
3873
3872
909
4697
3877
3878
3879
3880
3881
3882
3883
3884
3885
3886
3887
3888
3889
3890
3891
3892
3893
3894
3896
3896
921
920
3899
3900
3901
3902
3903
3904
3905
3906
3907
3908
3909
4791
3911
3913
904
3866
3915
5015
3919
4614
5007
1884
3925
932
3921
935
4889
424
424
880
3929
3930
3931
3932
3933
1985
1991
3935
3937
3938
941
941
3944
942
3941
3944
3945
3946
3947
946
4852
947
3990
3951
4474
3955
4839
3954
949
3958
3959
3960
3958
3962
3964
5021
955
3963
954
3968
3969
3970
958
3974
960
4713
961
3976
3977
3978
3992
964
4706
320
3991
2001
3986
314
2000
966
2004
2004
2010
320
2007
967
3995
4707
3999
968
4637
969
4001
4002
4003
4004
4005
4803
4804
4767
4805
4803
4014
4012
977
4847
2007
2008
3993
4806
4021
3965
4769
4811
4811
3863
4628
4025
982
4629
4029
4030
4031
4032
4033
4034
4035
4036
5439
4040
4038
4069
4041
4026
4043
980
4045
4050
990
4050
4533
4531
4051
4052
4053
4054
4055
4060
997
4056
1000
4060
4061
4062
4062
4061
4065
4066
4067
4068
4070
4559
4071
4560
4573
4574
4114
4078
1002
4681
309
4079
5683
5607
5652
5619
5597
5618
5607
5622
5647
5638
5627
5628
5593
5664
5666
5672
5682
5611
5583
4144
5768
5610
5626
5592
5815
5817
4547
4549
4108
4548
4570
4568
1826
4112
4776
4777
4775
4773
4810
4809
4169
4167
1019
4166
4115
4116
4117
4121
5809
4119
5814
5814
4136
4133
1014
4141
4123
5581
4137
1845
5825
5811
5823
5809
5810
5809
5809
1689
4149
4150
4833
1016
4155
998
4787
4155
4154
908
907
1693
176
1694
1687
4163
1012
1019
4169
1017
4154
4212
1034
1874
4212
5844
5844
1023
4179
4241
4190
1024
4188
4181
4184
4191
5419
1717
4186
1029
1028
4194
4193
4193
1718
4195
4195
4848
1716
1039
4220
4220
4182
5451
5451
977
250
1881
1881
252
1881
1710
187
1709
4257
4257
4258
4256
5423
4235
5422
4279
4263
4262
1043
4262
1044
5019
1878
188
4229
1037
1037
4299
4221
4239
1044
4239
974
4009
974
1045
4242
4639
4235
1040
4224
1037
4221
5421
5421
4215
1037
4221
4214
4214
4213
4019
4018
972
4280
4010
4006
975
4276
975
5451
5025
5451
1878
1713
1036
4220
4305
4216
4221
1036
4008
973
4280
4277
4021
4020
1852
1032
1852
4253
4250
1039
4267
4249
4291
4291
1061
4290
4296
1064
4296
1065
4009
4304
4293
1062
4300
4304
4006
1068
4306
4307
178
4159
4310
4311
4312
4313
4314
4315
4316
4317
4318
4319
4375
4321
4322
4322
4324
4325
4323
1078
4326
4329
4330
4331
4332
4333
1760
1760
1105
1084
264
5461
4339
4353
4342
4353
4989
4438
278
4989
4989
1723
1723
1726
4432
4432
4356
4354
5312
1808
1808
229
291
4362
229
4366
266
1791
4441
4369
4368
5251
1091
1904
1903
267
4375
4375
1094
4379
4378
5294
1299
4377
4386
1096
4384
5262
4386
4387
5254
1296
4390
1898
4392
286
1958
286
5308
4397
4398
4399
4400
4403
1099
4392
1812
1089
301
1976
301
4411
4410
4411
4461
4414
4414
242
4416
4417
4418
4419
4420
4421
4422
4423
4424
4425
4426
4429
4427
4433
4428
1080
198
4434
1079
1943
1944
1944
4989
1777
4440
4442
5252
1787
1788
1908
1910
1735
220
1905
4450
4451
4452
4453
4454
4453
4457
5316
4408
4458
4461
4461
4462
4463
4464
4465
4466
4467
4468
4469
4470
4471
4472
1115
4824
4486
4479
950
1116
4479
3962
3962
948
4484
4727
4486
4486
4489
936
4489
4490
4491
4492
4493
4053
996
995
4499
1119
4813
4252
1038
4289
4218
4218
4217
1022
4183
1026
969
4302
1067
4512
4513
4514
4515
4516
4517
4518
4519
4521
4048
4522
4046
4049
4047
4094
5718
4095
4138
5632
4526
1124
4527
4534
4535
4536
4537
4538
4539
4540
4541
4542
4543
4107
4545
4546
5322
1825
4091
4550
4551
4552
4039
989
5722
5764
5721
4086
4562
4113
4558
1824
4563
4564
4565
4566
4567
5677
5587
5765
4083
5589
4111
1834
4577
4575
4581
1013
4576
1132
4582
5433
4583
1856
4585
4584
4587
4588
4589
4590
4591
4592
4593
4594
4595
4596
4597
4598
4599
4600
4601
4602
4603
4604
4605
4606
4610
4608
1142
5415
3923
4611
934
933
4615
4616
4617
4618
4619
4620
4621
4622
4623
4624
4625
4626
2006
4629
4631
4077
1835
424
4634
4915
1143
4633
4639
1149
4646
4640
4641
4642
4643
1152
4645
4646
4643
4648
4649
4650
4651
4652
4653
4654
4655
4656
4657
5816
4685
4064
4661
4662
4663
4664
4665
4666
4667
4668
4669
4670
4667
4672
4676
1157
4673
4978
4677
4678
4679
4680
1001
1001
4682
1161
4746
4688
4686
4939
1163
3936
939
4690
940
4694
4695
4696
4698
4865
1164
3980
963
4705
4702
1166
4705
1165
1165
4708
4709
4710
4711
4712
4714
4861
1151
4716
4717
4718
4719
4720
4721
4722
4723
4724
4725
4726
4647
4728
4900
4730
1148
4732
4733
4734
1828
161
1883
3916
3920
3917
3918
4742
4743
4744
4746
4774
4744
4747
1174
4745
900
4752
4753
4754
4896
4740
1172
4756
4740
4762
4760
4762
4763
4764
3852
3854
4765
3857
4768
3859
4761
999
4771
4748
1175
4773
1179
4778
4779
4780
4782
4877
1180
4781
4786
4786
4692
4067
4789
4790
4636
871
4793
4794
4795
4796
4797
4798
4799
4800
4801
1665
4765
4766
903
4769
4119
4058
4808
4808
3863
4816
235
4812
1183
4820
5814
5813
5824
4164
1018
4814
4824
4869
4825
4826
4827
4828
943
4876
4831
1850
4834
4836
4131
4837
4838
4134
4839
4840
4841
4842
4843
1875
4269
4175
4847
4848
4849
4850
4851
4852
4853
4854
4855
4856
4207
1854
4859
4860
4861
4862
4863
4864
4017
978
3930
4784
4869
4870
4871
4872
4879
4874
4874
4875
4877
4878
4879
4880
4881
4882
4883
4884
4885
4886
4895
4888
4889
4890
4891
4889
4893
4890
4895
1173
4897
4741
4900
4901
4612
4902
4903
4904
4905
4906
4907
4892
4910
1191
4892
4911
4912
1196
4913
1197
4917
4918
4894
4917
4921
4922
4923
1191
4925
4926
4927
1197
4930
4914
4931
4932
3805
868
4935
853
4937
4938
3778
854
4941
4942
4943
4944
4945
3792
1201
4950
4949
4966
4951
4952
4953
4954
4955
4956
4957
4958
3849
896
4961
4962
4920
4964
4966
5417
4967
4968
4969
4970
4971
4972
4973
4974
4975
4976
4586
4979
5437
1204
4981
4982
4983
4984
4985
4986
4987
4671
1156
4990
4991
4992
4993
4994
4995
4995
4996
4998
4999
5000
5001
5002
5003
5002
5005
5008
5006
5009
5009
5010
5011
5012
954
5014
5007
5014
5016
957
5017
1212
5023
4737
4735
1712
251
1881
252
1881
1713
1712
1710
252
5035
1216
956
5036
5037
5038
5039
5040
5041
5042
5043
3817
5044
881
5047
5048
5049
4213
4213
4211
5054
5055
4018
5056
5057
5058
5059
5060
5061
5062
5063
5064
5065
5066
5067
5068
5069
5070
5071
5072
5073
5074
5075
5076
5077
5078
5079
5080
5081
5082
5083
5084
5085
5086
5087
5088
5089
5090
5091
5092
5093
5094
5095
5096
5097
5098
5099
5100
5101
5102
5103
5104
5105
5106
5107
5108
5109
5110
5111
5112
5113
5114
5115
5116
5117
5118
5119
5120
5121
5122
5123
5124
5125
5126
5127
5128
5129
5130
5131
5132
5133
5134
5135
5136
5137
5138
5139
5140
5141
5142
5143
5144
5145
5146
5147
5148
5149
5150
5151
5152
5153
5154
5155
5156
5157
5158
5159
5160
5161
5162
5163
5164
5165
5166
5167
5168
5169
5170
5171
5172
5173
5174
5175
5176
5177
5178
5179
5180
5181
5182
5183
5184
5185
5186
5187
5188
5189
5190
5191
5192
5193
5194
5195
5196
5197
5198
5199
5200
5201
5202
5203
5204
5205
5206
5207
5208
5209
5210
5211
5212
5213
5214
5215
5216
5217
5218
5219
5220
5221
5222
5223
5224
5225
5226
5227
5228
5229
5230
5231
5232
5233
5234
5235
5236
5237
5238
5239
5240
5241
5242
5243
5244
5245
5246
5247
5249
5437
1204
1204
1863
5253
5255
4393
5293
212
4344
5457
5300
4361
5302
5260
5264
5265
5266
5267
1895
279
280
1945
270
4381
5274
5275
269
269
5260
4375
5280
5281
5282
1934
1939
4347
1948
1733
282
4447
5290
1769
286
285
5296
1305
5297
5297
5298
5299
4359
4359
290
5303
5305
5305
290
4359
4355
5309
4402
5311
4440
1101
4410
4462
4462
4445
4447
300
1092
4447
5629
5323
5324
5325
5326
5327
5328
5329
5330
5331
5332
5333
5334
5335
5336
5337
5338
5339
5340
5341
5342
5343
5344
5345
5346
5347
5348
5349
5350
5351
5352
5353
5354
5355
5356
5357
5358
5359
5360
5361
5362
5363
5364
5365
5366
5367
5368
5369
5370
5371
5372
5373
5374
5375
5376
5377
5378
5379
5380
5381
5382
5383
5384
5385
5386
5387
5388
5389
5390
5391
5392
5393
5394
5395
5396
5397
5398
5399
5400
5401
5402
5403
5404
5405
5406
5407
5408
5409
5410
5411
5412
5413
5414
5038
4948
864
1718
1715
190
4260
4261
4261
3966
5424
5424
5427
5428
5429
5430
5431
5432
4099
5434
5435
5444
1840
4120
1996
5815
2032
1689
3941
5282
5445
5446
5447
5448
5449
3939
4259
1878
1039
5454
5455
4996
4996
1425
1788
329
4997
1401
5463
5464
5466
5470
5465
5468
5468
1383
5471
5467
5473
5555
5698
5804
5806
5806
3061
5745
5580
5571
5526
5550
5558
2417
5508
5499
5505
5532
5549
5507
5497
5578
3120
5572
2401
5578
2399
5562
5562
5495
5562
2401
2399
2417
2401
2401
5570
5570
5528
5570
5525
5488
5527
5487
5548
5492
5548
5533
5556
5554
5556
5493
5508
5508
5508
5508
5549
5507
5486
2417
5757
5504
5504
5499
5506
5506
5486
2404
5804
5806
2400
1333
5543
5566
5757
5497
2417
5497
5559
5566
5579
5763
5560
3120
5559
3763
3763
5808
2403
2403
2420
2400
1334
2416
2400
5567
5567
2399
5756
2403
5495
2402
5779
5578
5701
2399
2416
2400
5663
5680
4145
4130
4130
4127
4750
5783
5673
5679
5643
5640
5657
4126
4142
5770
5617
5636
5642
5613
5733
1690
4807
5734
4125
4126
5686
4125
5603
5603
5668
5669
4126
5823
4126
5614
4125
5678
5678
5678
5674
5596
5635
5637
5644
5600
5636
5658
5600
5601
5657
5667
5660
4142
4142
5614
5608
5594
5594
5615
5614
5614
5608
5732
5617
5595
5616
5641
5772
4130
4130
4127
1689
5652
5602
4143
4143
5733
5615
5606
5674
5687
5606
5668
5606
5778
4143
5438
5438
4130
4145
4807
4127
4127
1690
5687
5586
4125
4142
5438
5665
5669
1690
5731
5605
4127
4127
5555
5561
5695
2404
2398
2398
2398
2398
2398
5806
5819
5808
5805
2399
2400
2400
3061
3061
3061
1333
5543
5564
5494
5536
5534
5492
5485
5557
5666
5663
5593
5640
5647
5644
5685
5602
5673
5652
1689
4750
4750
4750
4750
5812
5811
5823
5810
4130
4130
4130
4128
4128
4128
4128
4145
5672
3061
5807
3061
3061
4128
4128
5543
5565
5576
5536
5535
5531
5818
5805
5819
2441
2398
2398
1333
5808
5684
5675
5597
5619
5672
5666
5811
5823
5809
5809
4128
4128
5652
1689
5810
2400
2398
2398
5812
4750
4750
4750
4750
5485
5496
5573
5695
5563
2405
2398
5647
5638
5593
5664
4144
5809
2380
4106
3057
2996
2442
145
2442
2390
2395
1019
4120
4118
170
4121
1019
4745
4685
4746
2392
519
2996
3056
4685
311
4167
176
1339
15
4166
4166
15
15
5815
5802
5815
4106
5802
2380
5844
250
82
1510
82
5844
1878
1356
1358
1878
1357
3939
