2132
1308
3048
1315
4
5
6
7
1320
3087
10
11
2440
2414
2435
2442
1338
2429
1368
521
2446
20
2472
3162
2285
546
2539
3346
2953
683
3343
3343
32
33
1377
35
36
37
1531
1529
40
41
131
2692
1390
45
46
1602
48
49
50
1422
2651
53
2730
55
1384
57
58
59
60
61
62
63
64
1513
2995
67
68
69
3127
2567
2463
73
74
75
76
77
78
79
80
81
3345
30
3343
84
2489
2563
2186
89
90
91
92
93
94
1589
96
97
1524
1526
100
2645
1539
1546
1557
1568
106
1565
108
109
1570
2722
112
3604
1600
1582
1406
117
118
119
120
121
3623
123
124
125
126
127
128
2733
1536
2734
2736
3638
134
135
3608
137
1624
2205
3011
2265
3012
2992
143
3089
1630
2938
1639
2030
148
151
1641
2289
2287
473
156
157
564
3160
160
161
1666
163
164
165
166
1677
168
4106
4775
4054
235
172
1685
175
176
177
178
5838
5838
1702
1700
4848
4847
1704
1719
4257
247
4864
4641
181
4845
193
1725
195
196
197
198
199
1785
1901
202
203
1803
1736
206
207
208
209
210
211
4345
1970
214
1772
1786
217
218
219
220
5318
1802
223
224
225
226
227
228
229
230
1884
1841
3779
5249
1119
1852
4186
238
239
240
241
242
243
244
245
246
247
4269
4268
1876
4259
4211
253
254
255
256
257
258
259
5291
1913
4342
1894
1896
1929
266
1909
1916
269
270
271
272
273
274
275
5287
277
278
1949
1946
4447
282
1966
284
285
286
287
288
289
290
291
292
293
294
295
4372
4373
1977
299
300
301
302
303
1986
3935
3937
1990
4700
4683
4079
4777
1997
1995
2003
2025
315
4870
4016
978
4015
321
322
4229
1708
4872
2027
3941
328
2036
330
331
332
333
334
335
336
337
338
339
340
341
342
343
344
345
346
347
348
349
350
351
352
353
354
355
356
2082
2080
3353
3352
361
362
363
364
365
366
367
368
369
370
371
372
373
374
375
376
377
378
2118
2116
2122
2124
2126
2128
385
2133
2135
388
389
390
391
2143
393
394
395
396
397
398
2154
400
401
402
403
404
405
406
2916
2165
409
410
411
2184
413
414
415
2181
417
418
419
420
421
422
423
357
425
2201
427
3002
3004
5845
3189
2210
150
3145
432
2220
3953
3951
2219
141
2770
442
2231
711
2237
3749
2291
3082
2239
450
3973
2245
439
3985
455
3180
2288
456
149
3017
464
2271
2243
3975
2274
2275
2279
468
469
2281
3745
1348
3181
2293
475
476
2964
2966
479
480
481
482
483
484
485
486
487
488
2322
490
491
2799
493
494
495
496
497
2965
2334
2338
2881
502
2382
2941
2353
5802
659
1464
2354
510
511
2415
513
2423
2426
516
517
3152
2444
563
2446
462
2270
2272
461
2471
522
2456
1362
2949
3179
2802
2571
1368
2550
3366
2537
2494
3747
540
2556
555
543
544
545
3343
647
2802
549
550
551
552
680
556
2805
2807
2574
2543
2542
2573
2571
2586
2575
3346
565
566
2802
2817
2558
3166
1663
2588
2577
2580
3349
2818
2590
578
1659
2618
581
582
2619
3573
585
586
587
588
589
2717
2718
592
593
594
1555
2623
2621
3578
2626
600
601
602
1373
604
605
1533
102
608
1548
610
611
612
3610
614
2682
2727
617
618
619
1649
621
622
623
624
625
626
627
628
629
630
2915
632
4475
2786
2788
4476
4481
638
639
640
641
642
2795
2798
3129
3136
2803
2819
647
525
651
652
653
654
2838
2836
657
658
5754
660
2386
662
1469
664
665
666
667
668
669
670
671
672
673
674
675
676
677
678
679
3025
3158
2256
684
433
2209
2962
687
688
689
690
691
500
693
694
695
153
3016
698
699
700
701
3045
703
704
705
3059
707
3070
3078
710
426
712
713
3149
434
3173
3175
718
719
720
721
3206
723
3210
3211
3331
727
728
729
730
731
732
733
734
735
736
737
738
739
740
741
742
3751
3367
3368
746
3370
748
749
750
751
752
753
754
755
756
757
758
759
760
761
762
763
764
765
766
767
768
769
770
771
772
773
774
775
776
777
778
779
780
781
782
783
784
785
786
787
788
789
790
791
792
793
794
795
796
797
798
799
800
801
802
803
804
805
806
807
808
809
810
811
812
813
814
815
816
817
818
819
820
821
822
823
824
825
826
827
828
829
830
831
832
833
834
835
836
837
838
839
840
841
842
843
844
3618
846
847
848
849
850
851
852
4936
854
3781
856
857
858
859
860
861
862
863
864
865
866
867
4934
869
870
4792
872
873
874
875
876
877
878
879
3817
5038
5037
3819
884
885
886
887
888
889
890
891
892
893
894
4797
896
3856
3854
3865
900
3859
4736
3863
904
3871
906
907
908
909
3881
911
912
913
914
915
916
917
3892
3893
3898
921
922
923
924
4606
926
4798
3911
929
930
931
932
933
934
935
936
937
3932
4691
4693
5019
1165
4876
5443
4830
4828
4823
314
5449
4479
1180
3960
953
954
955
956
957
958
959
316
966
3977
4865
963
4017
2031
3981
4715
4638
970
4001
4010
4008
4024
4239
1716
1703
4866
979
980
981
982
983
984
985
986
987
988
989
4047
4525
4524
4050
4052
4496
4495
997
998
999
1000
4062
4063
1003
4072
1005
1006
4074
1008
1009
5442
4087
4165
4578
4135
1015
4149
1017
1183
1019
1052
4845
4241
4637
1028
4181
1022
1718
4863
189
4199
1056
1852
236
5025
4215
4220
1037
1046
1047
1040
4845
1056
1043
1044
4646
4505
4267
4276
1049
4285
1050
4291
4293
5031
1055
4289
4302
4273
1059
2020
1061
1062
1063
1064
1065
1066
1067
4304
2018
1070
1071
1072
1073
1074
1075
1076
1077
1078
1079
1080
1081
1082
1083
4339
4338
5258
4347
1088
1089
1090
1091
1092
1907
1094
1917
1096
1097
1098
1099
1100
1101
1102
1103
1104
1105
1106
1107
1108
1109
1110
1111
1112
1113
1114
4824
4489
1117
1118
4822
1120
1121
1122
4526
4582
1125
1126
4091
1128
1129
1130
1131
4580
1133
1134
1135
1136
1137
1138
1139
1140
1141
1142
1143
1144
1145
1146
4105
1148
4644
4843
4862
3949
4645
1154
4651
1156
1157
1158
1159
1160
4682
1162
1163
1164
3992
318
1167
4718
4725
1170
4733
1172
1173
1174
4749
1176
1177
4767
1179
4783
1181
4801
4815
3955
1185
1186
1187
1188
1189
1190
1191
1192
4894
4895
4907
1196
1197
1198
1199
1200
1201
1202
1203
1204
1205
1206
1207
1208
1209
5003
5005
5020
4283
5032
1215
5055
1217
1218
1219
1220
1221
1222
1223
1224
1225
1226
1227
1228
1229
1230
1231
1232
1233
1234
1235
1236
1237
1238
1239
1240
1241
1242
1243
1244
1245
1246
1247
1248
1249
1250
1251
1252
1253
1254
1255
1256
1257
1258
1259
1260
1261
1262
1263
1264
1265
1266
1267
1268
1269
1270
1271
1272
1273
1274
1275
1276
1277
1278
1279
1280
1281
1282
1283
1284
1285
1286
1287
1288
1289
1290
1291
1292
1293
1294
5293
5256
5302
5262
1956
1300
1301
1302
1303
1304
1305
1306
1307
0
0
1308
2132
1314
1312
1314
5
1313
3
1318
1319
1320
1321
1322
1323
1324
1325
2438
12
1328
3133
1330
1331
1332
5821
5807
5821
1339
1339
17
2443
3342
521
546
521
1348
3161
20
1348
1484
5846
2285
2505
521
2502
2505
86
1355
3345
537
2540
3752
3752
3179
1361
28
3161
3161
3161
3343
1369
1370
33
2632
110
1377
1376
3608
1569
1378
1379
1380
1381
2653
131
2652
607
2734
1387
1388
1387
1390
1391
1392
1393
1394
1395
1396
1433
603
1399
1400
1401
1402
1403
1405
1405
601
1404
1407
47
1410
1411
1374
1412
34
1415
1416
1417
1415
1419
1420
1421
1419
1423
1423
1425
1427
1432
54
1429
1432
1431
52
3636
129
1435
2744
1437
1438
1439
1441
1441
1442
1443
1444
1445
1446
1447
1448
1393
1450
1451
1452
1453
1454
1455
5482
5481
5513
2
1459
1514
2380
5744
5802
2969
2351
66
5820
2970
1470
1471
1472
1473
2405
2405
1475
3132
3150
3131
1482
70
3134
2570
3173
2570
2569
1487
1488
1487
1490
1491
1492
3572
1494
1495
1496
1496
1498
1499
1500
1501
1502
1503
1504
2554
2554
3343
2554
537
3347
2491
1514
88
3046
1515
1516
1517
1518
1519
1520
1521
1522
1523
97
1525
1526
1523
1530
101
2673
1582
1528
5458
5458
1539
102
1534
1538
1538
1538
1544
1541
1543
1587
1542
98
1545
1548
38
38
38
1532
1556
1553
103
3587
597
1560
1559
3603
1560
1562
1563
1564
1565
105
1568
1568
1567
1570
1571
1571
2725
1574
1577
112
1577
1578
1575
1598
1598
615
120
1584
1585
1584
1587
1588
843
1590
1590
1592
1593
1594
1594
120
1597
120
1599
1600
1601
1602
1603
1606
1605
3627
1607
1608
1609
1611
1611
1612
1613
1614
2736
1389
44
1618
1619
1620
140
1621
2207
2207
3011
1627
3011
2254
1632
147
2299
1632
1633
1635
2028
1635
148
1641
151
1641
1641
5802
5802
473
2289
473
2289
1651
596
1648
2620
1652
1653
1654
1655
2579
1659
574
2581
1661
3164
570
159
1665
1665
1664
160
1668
1669
1670
1671
1672
1673
1674
1678
1675
1015
1678
1679
1850
4832
1849
1681
1684
175
1686
4163
1012
4750
5812
4750
1692
1693
1694
1692
1719
5838
1719
1719
1702
1700
183
1702
184
4227
4227
1706
4175
1879
1709
4256
1879
247
5427
5427
190
1715
4864
1720
4845
192
192
1726
1724
1725
1726
1727
1728
1729
5321
1731
1734
1733
4349
200
1739
1740
297
4371
296
1741
1742
1979
1744
1745
1746
1747
1748
1749
1750
1751
1799
1753
1754
1755
1756
1757
1758
1759
1760
1761
1762
1766
1764
1765
1968
1767
1768
1769
1770
1771
1772
1773
1774
1775
1776
1777
1778
1779
1780
1781
1783
1783
1782
193
1787
4367
1788
1792
1790
1789
1792
1795
1794
1795
1796
1797
5317
1799
298
1975
1802
1804
5320
1805
1806
1807
1808
1809
1810
1811
1812
1813
1814
1815
1816
1817
1818
1819
1820
1821
1822
1823
5721
5720
5590
1827
1882
1827
5784
4106
5588
1147
4627
1836
5822
169
1840
1838
5437
234
5829
5828
4817
4141
4139
4819
235
4813
4813
1853
237
4196
1851
1855
1856
1857
1858
1859
1860
1861
1862
1863
1864
1865
1866
1867
1868
1869
1870
1871
1872
191
4269
191
248
1875
1713
1879
4214
5024
1882
1883
1884
1885
1886
1887
1888
1889
1890
1891
1892
1897
262
1893
265
4341
1902
1899
1898
284
4391
1904
1904
1905
1903
267
1908
1909
1908
1912
5290
260
1911
1914
263
261
1915
201
1920
1921
1922
1926
1924
1085
5268
268
1928
1929
1930
1931
1932
1933
1934
1935
1936
1938
1938
1937
276
1941
1942
1943
1941
1949
1945
1945
1948
5286
1965
1965
1952
1953
1954
1954
1956
1957
1958
1959
1960
1961
1962
1963
1961
1965
287
1967
1968
1969
1970
1971
1972
1973
1974
1978
1976
299
1978
1979
1980
1981
1982
1983
1984
3934
305
3934
1987
1991
308
4700
1991
1996
1993
1995
5439
980
2003
2003
2023
2003
2024
2024
317
4106
4106
978
978
978
4016
2011
2012
2013
2014
2016
4294
2017
2016
2022
2020
2021
2022
2024
4871
325
2027
2027
2027
326
326
2025
2025
315
2034
2034
2036
2037
328
2039
2040
2041
2042
2043
2044
2045
2046
2047
2048
2049
2050
2051
2052
2053
2054
2055
2056
2057
2058
2059
2060
2061
2062
2063
2064
2065
2066
2067
2068
2069
2070
2071
2072
2073
2074
2075
2076
2077
2081
2078
359
3351
360
2083
2084
2085
2086
2087
2088
2089
2090
2091
2092
2093
2094
2095
2096
2097
2098
2099
2100
2101
2102
2103
2104
2105
358
2105
2108
2109
2110
2111
2112
2113
2114
2115
2117
2117
378
2116
377
2119
379
2121
2119
2125
377
2125
2128
2129
2133
2130
2132
2133
2131
386
2134
2137
2138
2139
2140
2141
2142
2143
2144
2145
2146
2147
2148
2149
2150
2151
2153
2153
398
2152
2156
2157
392
2159
2160
2161
2162
2163
2164
2166
2927
2166
2168
406
2170
2171
2172
2183
2174
2175
2176
2177
2178
2179
2180
2181
2179
2182
416
2185
2186
2185
2188
2189
2190
2191
2192
2193
2194
357
357
424
357
2199
2199
2201
2202
2203
2206
428
3001
429
1357
5845
1640
3189
1640
2211
3767
3767
432
2212
1637
2221
437
947
2221
436
3143
141
3143
2226
2228
2229
2230
444
3141
2236
2233
447
3119
448
2240
450
2286
2238
2778
454
2259
2778
3973
2247
2248
2249
456
2288
2288
456
3012
2258
2258
149
2260
439
2261
436
2288
473
2288
2254
2250
2265
2781
2271
2779
451
4483
2277
440
2273
138
1626
2280
468
2280
469
2278
3163
22
1348
1364
473
3181
473
2282
470
2290
467
2294
2295
2296
2297
2300
477
2963
2300
2302
2303
2304
2305
2306
2307
2308
2309
2310
2311
2312
2313
2314
478
2316
2317
2967
2323
2320
2321
490
2323
2324
2325
2326
2327
2328
2329
2330
2331
2332
2333
2335
3102
498
2334
6
2339
2340
2341
2345
2346
503
2867
2348
2882
2938
499
2349
2352
2337
2336
5479
1333
5576
5512
5489
5510
5513
5568
5538
5524
5520
5521
5523
5500
5574
5691
5690
5792
5503
5780
2369
2368
5517
5522
2996
2996
2996
2384
507
2383
2855
2937
3766
1467
2880
2392
9
145
3088
2395
519
3123
2398
2396
2441
2389
2390
2391
5806
5819
5804
5804
5804
2407
2408
2413
2410
2397
5788
1479
2411
1477
5818
5805
5806
5804
5819
5804
2380
2427
513
2423
516
2427
2428
2429
2428
2431
2432
2430
2434
1337
2436
5826
2439
3153
518
2442
519
2443
2444
3173
3173
2446
563
3161
3161
2268
2270
2268
2272
2269
2465
2519
2452
2458
2466
526
2468
528
2462
2520
553
2948
3178
3178
2956
2949
2473
1363
527
2811
2572
2571
2568
2568
1348
520
520
2550
744
744
744
3774
538
538
3746
539
2495
2492
2530
2559
542
2497
2498
2499
2500
2501
2505
3161
564
3345
2803
2805
2802
2509
2803
2511
2512
2513
2514
2515
2516
2517
2518
2950
463
463
2524
554
2527
2806
2806
2806
2807
567
2574
567
2805
2805
647
560
560
561
2541
558
559
2543
2542
551
2544
2545
2546
2547
2568
2571
562
1344
30
3161
3343
2572
2572
2555
2555
2572
2571
2516
2561
2564
2544
2562
2565
562
2573
2576
2569
568
2804
2587
568
572
2588
572
2577
2581
575
3348
2582
2583
2584
2585
576
2818
576
2583
578
2589
1353
2592
2594
2595
2600
580
2598
2599
2616
2601
2602
2603
2604
2605
3598
2607
2608
2609
2610
2611
2612
2613
2614
2615
2617
2617
595
2619
2622
99
3602
107
2624
2625
3578
3578
3604
2038
1380
2631
2632
2634
2634
2635
2636
2637
2638
2639
2642
2641
3624
122
2644
2645
2646
2735
2648
2649
2650
2651
1535
1540
1536
3598
2656
3598
2658
2659
2660
2661
2662
2663
2664
2665
2666
2667
2668
2668
2670
2671
2673
3637
2674
613
2676
2674
2678
2679
2680
2681
2682
2683
44
1591
117
2687
2688
2689
134
2690
1613
2696
2694
2693
2726
2697
2698
2699
2700
2701
2702
2703
2704
2705
2706
2707
2708
2709
1547
1650
620
104
1554
2714
2716
2719
329
5460
2035
2035
2629
1576
2723
2723
1418
2727
2646
2728
1424
1424
1540
36
1540
1537
1537
2737
2738
2739
2740
2741
2742
2654
606
2745
2746
2691
2748
2749
2695
2751
2752
2753
2754
2755
2756
2757
2758
2759
2760
2761
407
2763
2916
2767
633
4473
2768
2771
634
2785
4478
2769
2774
4480
2776
438
948
2246
2242
3972
2782
2783
4485
2787
425
2787
638
2789
2790
2791
2792
2793
2794
2795
2798
2794
2800
645
3129
2800
648
648
2817
2803
2805
647
2802
2805
2453
2455
524
2811
650
2271
464
2818
651
651
2820
2821
2822
2823
2827
2825
2826
2827
2828
2829
2830
2832
8
2831
2367
2834
2370
5789
5474
2839
655
2841
2842
2843
2844
2845
2846
2847
2848
2826
2849
2851
2852
2853
2854
2377
2364
2360
2858
2859
2860
2861
2862
5710
2356
5712
5709
2868
2863
2387
2361
2871
2872
2873
2874
2875
5479
5744
5762
1642
5480
663
1466
2883
2884
2885
2886
2887
2888
2889
3758
2891
2892
2893
2894
2895
2896
2897
2898
2899
2900
2901
2902
2903
2904
2905
2906
2907
2908
2909
2910
2911
2912
2913
2914
2915
630
2917
2918
2919
2920
2921
418
2923
2924
2925
2926
2927
2928
2929
2930
2931
2932
2933
2934
2935
2936
2378
2939
2971
505
2350
2079
2942
2944
2945
2946
2947
2780
3038
452
2951
681
681
3176
3024
2958
3168
3177
2241
2551
2959
449
2965
498
399
399
2154
2968
2993
2992
498
2972
2973
2974
2975
2715
2977
2978
2979
2980
2981
2982
2983
2984
2985
2986
2987
2988
2989
2990
2991
2337
500
500
2994
2994
2997
2998
2999
3000
3004
3002
3003
3004
3005
3006
3007
3008
3009
3008
3012
3010
1644
1647
1645
2287
2251
3017
3019
3020
3021
3022
3023
2259
453
2257
3027
3028
3029
3030
3032
3157
3031
3034
686
3036
3756
2244
3039
3040
3041
3042
2151
3043
3045
3046
3047
3115
3049
3050
3051
3052
3053
3054
3055
3086
3086
3054
705
3058
3056
3062
3063
3064
3065
3066
3067
3071
3068
445
3336
3072
3073
3074
3075
3076
377
3077
2120
380
3080
709
3074
3083
3085
3060
706
3084
710
3090
3091
3092
3094
3184
426
3094
3097
3098
3099
3100
3101
3
3103
3104
3105
3106
3107
3108
3109
3110
3111
3112
3113
3114
2132
3117
3117
3116
3118
5808
3121
3122
3123
3124
3125
3128
714
3148
515
3126
5831
2406
5827
3135
3151
2425
2425
3138
3139
3146
3146
3095
3144
3192
432
2200
3147
1323
7
1474
3151
3152
3153
2224
2216
3154
3156
715
3161
716
3172
22
2473
3165
3174
717
2217
150
2215
3167
3170
3173
563
2578
573
1636
149
2954
683
3010
3181
3182
3183
3184
3185
3186
3188
3195
696
3015
3015
697
3093
3096
3193
3196
3197
3198
3199
3200
3201
3202
3209
3204
3205
3206
3207
3208
3208
723
722
3212
3213
3214
3215
3216
3217
726
3220
3223
3329
2208
3333
3224
3225
3226
3227
3228
3229
3230
3231
3232
3233
3234
3235
3236
3237
3238
3239
3226
3241
3242
3243
3244
3245
3246
3247
3248
3249
3250
3251
3252
3253
3254
3255
3256
3257
3258
3259
3260
3261
3262
3263
3264
3265
3266
3267
3268
3269
3270
3271
3272
3273
3274
3275
3276
3277
3278
3279
3280
3281
3282
3283
3284
3285
3286
3287
3288
3289
3290
3291
3292
3293
3294
3295
3296
3297
3298
3299
3300
3301
3302
3303
1572
111
3306
3307
3308
3309
3310
3311
2721
3313
3314
3315
3316
3320
3318
3317
3320
3321
3322
3330
3324
3325
3326
3327
2234
3332
2187
743
3750
3335
1357
1356
3081
3337
3338
744
3365
520
3343
3347
2550
3347
745
3367
3350
747
3369
3318
3352
3353
3354
3355
3356
3357
3358
2082
360
3361
3362
3363
3364
2568
2568
2557
569
2591
577
3371
3372
3373
3374
3375
3376
3377
3378
3379
3380
3381
3382
3383
3384
3385
3386
3387
3388
3389
3390
3391
3392
3393
3394
3395
3396
3397
3398
3399
3400
3401
3402
3403
3404
3405
3406
3407
3408
3409
3410
3411
3412
3413
3414
3415
3416
3417
3418
3419
3420
3421
3422
3423
3424
3425
3426
3427
3428
3429
3430
3431
3432
3433
3434
3435
3436
3437
3438
3439
3440
3441
3442
3443
3444
3445
3446
3447
3448
3449
3450
3451
3452
3453
3454
3455
3456
3457
3458
3459
3460
3461
3462
3463
3464
3465
3466
3467
3468
3469
3470
3471
3472
3473
3474
3475
3476
3477
3478
3479
3480
3481
3482
3483
3484
3485
3486
3487
3488
3489
3490
3491
3492
3493
3494
3495
3496
3497
3498
3499
3500
3501
3502
3503
3504
3505
3506
3507
3508
3509
3510
3511
3512
3513
3514
3515
3516
3517
3518
3519
3520
3521
3522
3523
3524
3525
3526
3527
3528
3529
3530
3531
3532
3533
3534
3535
3536
3537
3538
3539
3540
3541
3542
3543
3544
3545
3546
3547
3548
3549
3550
3551
3552
3553
3554
3555
3556
3557
3558
3559
3560
3561
3562
3563
3564
3565
3566
3567
3568
3569
3570
3571
2729
39
3574
3575
3576
1564
106
3579
3580
3581
3582
1586
3583
3585
3586
1527
3588
3589
3588
1532
3592
3593
3594
3595
3596
3597
3598
3599
3600
3601
3602
1569
3590
3605
3606
3607
3607
3576
3610
3611
3612
3613
3614
3615
3616
3617
3618
3617
3620
3620
3621
845
3619
3625
3626
3627
3628
3629
3630
3631
3632
3633
3634
2732
2733
3637
606
3607
5518
3641
3642
3643
3644
3645
3646
3647
3648
3649
3650
3651
3652
3653
3654
3655
3656
3657
3658
3659
3660
3661
3662
3663
3664
3665
3666
3667
3668
3669
3670
3671
3672
3673
3674
3675
3676
3677
3678
3679
3680
3681
3682
3683
3684
3685
3686
3687
3688
3689
3690
3691
3692
3693
3694
3695
3696
3697
3698
3699
3700
3701
3702
3703
3704
3705
3706
3707
3708
3709
3710
3711
3712
3713
3714
3715
3716
3717
3718
3719
3720
3721
3722
3723
3724
3725
3726
3727
3728
3729
3730
3731
3732
3733
3734
3735
3736
3737
3738
3739
3740
3741
3742
2470
29
1361
2493
3746
3748
474
2566
26
3171
2961
1622
466
3033
3044
1478
3759
3760
3761
3762
2393
3764
1635
2380
1637
3768
3769
3770
3771
3772
1627
2560
3161
2572
3778
4939
854
3777
853
3782
3783
3784
3785
3786
3787
3788
3789
3790
3791
3792
3793
3794
3795
3796
3797
3798
3799
3800
3801
3802
3803
3804
4933
3806
3807
3808
3809
3810
3811
3812
3813
3814
3815
3818
881
5036
882
3816
3821
3822
3823
3824
3825
3826
3827
3828
3829
3830
3831
3832
3833
3834
3835
3836
3837
3838
3839
3840
3841
3842
373
3847
3844
895
4935
3848
3849
3850
3851
900
3856
3855
3866
900
3860
3857
902
4802
3862
4751
3863
897
3865
3866
3867
3868
3868
3869
904
3872
3873
3874
3875
3876
3877
3878
3879
3880
3881
3882
3883
3884
3885
3886
3887
3888
3889
3890
3878
911
910
3891
3895
3895
3897
403
3899
3900
3901
925
3903
3904
3915
3906
3907
3909
4796
3910
927
3912
3913
3914
3913
3916
3917
3918
3919
3920
3921
3922
3923
3924
3925
3927
3927
880
3929
3930
3931
3932
3933
3936
939
4690
940
3939
1878
4205
3944
4875
3944
4874
943
3943
3942
4828
4829
3990
314
3989
947
3995
307
3995
1990
3959
4825
951
3961
3959
3963
3964
3965
3966
3967
3968
3969
3970
3971
3984
3986
3987
3988
3896
920
3976
963
4701
963
4017
4017
1998
2001
1999
2000
2000
2002
2004
4017
4017
978
3980
3994
3979
4484
961
4727
968
304
5449
304
4003
4002
4009
4006
4008
4022
975
4011
4012
4847
4011
4866
978
4866
4018
4019
4020
973
4022
4023
4024
4026
4026
4027
4025
4029
4030
4031
4032
4033
4034
4035
4036
4037
4038
4039
4040
4041
4042
4043
4044
4045
4048
991
4523
992
4046
4053
995
4494
996
4051
4056
4057
4058
4059
4060
4061
4062
4063
4064
4065
4067
4788
4066
4069
4070
1006
313
1994
312
4073
4078
1002
4681
309
4076
5684
5619
5587
5623
5598
5622
5621
5629
5628
5633
5592
5718
5717
5769
4096
4835
4099
4097
1845
4818
1846
4101
5795
4530
5815
5817
4107
4108
4109
4110
4570
4568
4556
4114
4118
311
170
4776
4120
4120
1019
5824
176
5824
4115
5823
4117
5814
5813
5809
4122
4124
4134
4838
1013
174
5825
4098
174
4136
1685
5811
5823
5813
5814
5813
5828
5783
513
4150
4150
2424
4153
4154
4155
4156
4157
4158
4159
1695
4160
4162
4820
4816
4821
4167
4167
4168
4169
4857
1052
4845
4857
4172
4172
4000
4509
3997
4242
4189
1024
4180
4179
4190
5418
5419
4185
4193
1045
4639
4195
4863
4195
4646
4863
4197
1717
4182
1025
5453
1026
4187
4202
1703
1701
1854
1851
236
1854
5024
1034
5024
4216
4213
4215
5451
4219
1038
4249
1039
4221
4222
4223
4224
4225
4228
5029
4269
1054
4500
4501
4232
4233
4234
4235
4236
4237
4238
4239
4639
4638
1149
4244
4246
4503
4503
4505
5453
5453
1030
4501
1056
4203
4253
4203
1048
1048
4261
4258
4260
4261
4262
4263
4264
4282
4284
4285
1720
181
4271
4287
4270
1051
4287
4267
4276
4276
1049
1035
4277
4280
4284
1052
4290
1053
4288
4286
4300
1057
4292
1061
4292
1062
4295
5033
4296
4297
4298
4299
4301
4301
1067
4303
4304
4305
1707
4306
4308
4309
4310
4311
4312
4313
4314
4315
4316
4317
4318
4319
5279
4321
4322
4323
4324
4325
4326
4327
4328
4329
4330
4331
4332
4333
4334
4337
4336
4340
264
275
5283
4343
4342
4352
5285
1086
4344
280
5285
4349
4350
1724
4352
4432
4354
4355
4356
4357
4358
4359
4360
4361
4362
4363
4364
4365
4366
4367
4368
4369
4370
1906
1092
1093
5279
5279
4376
4377
4378
5294
1299
4381
4382
4383
4384
1298
4386
4388
5254
1296
4390
4391
4392
4393
4394
4393
4396
4397
4398
4399
4400
4401
4402
4403
4404
4405
4406
4407
4406
4409
4410
4411
4412
4413
4414
4415
4416
4417
4418
4419
4420
4421
4422
4423
4424
4425
4426
4427
4428
4429
4430
4431
4432
4433
4434
1947
1947
1947
1087
4439
4440
4441
4442
217
4443
1910
4445
4447
4448
4449
4450
4451
4452
4453
4454
4455
4456
4457
4458
4459
4460
4461
4462
4463
4464
4465
4466
4467
4468
4469
4470
4471
4472
4474
4823
1115
1116
4479
4487
1116
3962
953
3989
3974
4714
4486
4869
4488
4488
936
4490
4491
4492
4493
2797
2801
643
646
3137
4498
4502
4500
4510
4501
4501
1056
4178
4177
4507
968
4511
4511
4512
4513
4514
4515
4516
4517
4518
4519
4520
4521
4522
4521
4524
168
4102
4138
4582
1124
4094
4532
4577
4531
4534
4535
4536
4537
4538
4539
4540
4541
4542
4543
4544
4545
4546
1123
5322
4527
4550
4551
4552
4553
4554
5766
5764
4089
4088
4559
1004
4561
4558
4563
4564
4565
4566
4567
5662
5587
5765
5777
5589
4075
1007
4576
4579
4575
1132
1676
167
1013
4135
4583
4584
4585
4586
4587
4588
4589
4590
4591
4592
4593
4594
4595
4596
4597
4598
4599
4600
4601
4602
4603
4604
4605
4606
4607
4608
4609
4610
4611
4612
4613
4614
4615
4616
4617
4618
4619
4620
4621
4622
4623
4624
4625
4626
2006
4028
4628
4630
4631
4632
4633
4634
4635
4636
4647
1151
4643
4640
1150
4642
4854
944
4852
1152
4861
3969
4649
4648
185
4652
4653
4654
4655
4656
4657
4684
4684
4660
4661
4662
4663
4664
4665
4666
4667
4668
4669
4670
4988
4672
4673
4674
4675
4676
4677
4678
4679
4680
4063
1001
4682
1161
1161
4686
4687
4688
4689
4692
909
4692
997
4694
4695
4696
3876
4697
4699
939
4698
2009
965
320
319
3983
964
4709
4709
4708
4711
4712
3987
2033
966
4719
4716
919
5432
4720
4721
4722
4710
4724
918
4726
4714
4728
4729
1168
4731
4732
4733
4732
4735
4736
4735
4738
929
4740
4741
4742
4743
4744
4746
4774
4747
4747
4749
5817
4751
4754
4753
4754
4752
4756
4757
4758
4759
4760
4761
4762
3894
4764
3853
898
903
3858
4769
901
4771
4772
4773
4748
1175
4773
4777
4778
962
4780
4784
4784
938
4868
4055
994
4787
3101
4789
4068
4791
4792
4793
4794
4795
4799
1182
1171
4800
4800
4801
4802
4805
4803
4805
4806
5810
4808
4809
4810
3863
1016
4814
4152
4151
1016
4124
4137
4161
4812
4815
514
317
4870
4827
4783
4831
967
4830
967
3933
4499
4151
4833
1847
4834
4836
4837
949
4005
3954
4840
1184
1021
1185
4846
4014
976
4849
4850
4851
945
946
3947
4853
4855
4858
4858
4859
4860
327
2032
4646
1153
4698
1164
4867
4868
4869
952
4873
1166
4879
4703
4706
3996
4781
4781
4877
4880
4881
4882
4883
4884
4885
4886
4893
4888
4889
4890
4891
4892
4890
1191
1192
4896
4897
4898
4899
4900
4901
4902
4903
4904
4905
3938
5017
4908
4909
4910
4911
4912
4913
4914
4915
4916
4917
4918
4919
4920
4921
4922
4923
4924
4925
4926
4927
4928
4929
4930
4931
4932
3845
855
4927
4936
4937
4938
4939
4940
4941
4942
4943
4944
4945
4946
4947
4948
4949
4950
4951
4952
4953
4954
4955
4956
4957
4958
3780
4960
4961
4962
4963
4964
4965
4966
4967
4968
4969
4970
4971
4972
4973
4974
4975
4976
4977
4978
4979
4980
4981
4982
4983
4984
4985
4986
4987
1944
4989
4990
4991
4992
4993
4994
4995
4996
5456
4998
4999
5000
5001
5003
1192
5002
5003
5006
5007
5008
5009
5010
5011
5012
5013
5014
5015
5016
5020
5018
188
188
5022
5023
5023
1851
1032
1854
4283
4857
4845
5026
5030
4283
5033
5054
1216
5005
1211
1210
5039
5040
5041
5042
5043
5046
1141
5415
5047
5048
5049
4265
4282
5051
5052
4305
1068
5056
5057
5058
5059
5060
5061
5062
5063
5064
5065
5066
5067
5068
5069
5070
5071
5072
5073
5074
5075
5076
5077
5078
5079
5080
5081
5082
5083
5084
5085
5086
5087
5088
5089
5090
5091
5092
5093
5094
5095
5096
5097
5098
5099
5100
5101
5102
5103
5104
5105
5106
5107
5108
5109
5110
5111
5112
5113
5114
5115
5116
5117
5118
5119
5120
5121
5122
5123
5124
5125
5126
5127
5128
5129
5130
5131
5132
5133
5134
5135
5136
5137
5138
5139
5140
5141
5142
5143
5144
5145
5146
5147
5148
5149
5150
5151
5152
5153
5154
5155
5156
5157
5158
5159
5160
5161
5162
5163
5164
5165
5166
5167
5168
5169
5170
5171
5172
5173
5174
5175
5176
5177
5178
5179
5180
5181
5182
5183
5184
5185
5186
5187
5188
5189
5190
5191
5192
5193
5194
5195
5196
5197
5198
5199
5200
5201
5202
5203
5204
5205
5206
5207
5208
5209
5210
5211
5212
5213
5214
5215
5216
5217
5218
5219
5220
5221
5222
5223
5224
5225
5226
5227
5228
5229
5230
5231
5232
5233
5234
5235
5236
5237
5238
5239
5240
5241
5242
5243
5244
5245
5246
5247
5248
5249
5251
4980
5252
5253
5255
5292
1295
5257
5258
5257
5260
5300
5262
5263
1955
5264
5266
5303
1895
5271
5269
5286
1900
5273
5274
5275
5276
5277
5263
5279
5280
5281
5282
5283
5284
5270
199
5287
5288
5289
5290
1304
4395
1100
5296
1305
5296
5297
5298
5299
5301
5301
1306
5304
5304
5305
5306
5307
5308
5309
5310
5311
5312
5313
5314
5315
5316
4446
281
5319
4449
5289
4092
5323
5324
5325
5326
5327
5328
5329
5330
5331
5332
5333
5334
5335
5336
5337
5338
5339
5340
5341
5342
5343
5344
5345
5346
5347
5348
5349
5350
5351
5352
5353
5354
5355
5356
5357
5358
5359
5360
5361
5362
5363
5364
5365
5366
5367
5368
5369
5370
5371
5372
5373
5374
5375
5376
5377
5378
5379
5380
5381
5382
5383
5384
5385
5386
5387
5388
5389
5390
5391
5392
5393
5394
5395
5396
5397
5398
5399
5400
5401
5402
5403
5404
5405
5406
5407
5408
5409
5410
5411
5412
5413
5414
5010
5416
5417
4192
189
1714
5421
5422
5423
5424
5425
1710
4856
5428
1988
5430
5431
4734
1014
5434
5435
5436
4979
5810
5439
5815
315
5729
3941
5444
5445
5446
5447
5448
305
182
4254
192
4287
5454
5455
212
5457
51
4444
596
5259
5462
5463
5464
5465
5466
5467
5468
5469
5470
5471
5472
5473
5555
5562
5697
2418
2402
3061
3061
5543
5566
5536
5550
5558
2401
2416
5756
5499
5487
5547
5508
5497
1334
3120
5560
2401
5702
2399
5572
5562
5495
5562
2401
2399
2401
2401
2401
5578
5579
5570
5578
5488
5571
5525
5528
5492
5492
5548
5532
5493
5551
5556
5549
5756
5499
5508
2416
5507
5507
5486
5508
5757
5499
5505
5701
5487
5506
5506
5697
5759
2402
5807
3061
1333
5564
5757
5700
2417
5700
5497
5580
5567
5699
5560
3120
5559
2417
3763
3763
5758
2420
5478
2400
2400
2400
5807
5745
1333
2399
2416
2403
5559
5478
3061
1334
5578
2399
2400
2400
5604
5742
4132
4131
4129
4127
1689
5783
5673
5644
5647
5593
5665
4143
4143
5614
5595
5642
5601
5615
5668
5605
5669
5672
4125
5438
5678
4126
5671
5682
5666
5670
4126
4126
4126
4143
4126
5635
5635
5634
5678
5637
5641
5600
5643
5640
5659
5660
5638
5663
5665
5663
5681
5614
5614
5771
5614
5667
5657
5667
4143
5771
5613
5617
5616
5642
5656
5656
5650
4131
4129
4127
1689
5652
5679
5606
5606
5606
5667
5668
5679
5674
5734
5603
5778
5680
4807
5438
4130
4144
5773
4144
1690
4142
1690
5687
5586
4142
5732
4130
5666
5584
5731
5605
5608
4142
4127
5496
5561
5477
5695
2421
2421
2421
2419
2419
2402
2403
3763
5805
5818
5807
5821
5821
5802
5802
3061
1333
5543
5564
5577
5536
5535
5530
5557
5649
5609
5581
5630
5599
5647
5597
5685
5602
5652
5783
4750
4750
4750
4127
4125
4125
4126
5438
4128
4129
4131
4131
4132
4132
4132
1842
4100
5821
5821
5802
5802
4817
4132
1333
5543
5494
5577
5489
5538
5818
5805
2403
2402
2405
2405
2380
3763
5685
5684
5598
5597
4100
5743
5811
5823
4128
5813
5828
5828
5652
5783
5810
5807
2405
2421
4125
4127
4750
4750
4750
5529
5496
5573
5541
5563
5694
2404
5599
5630
5581
5610
4818
5828
5802
4106
692
692
2441
145
2441
9
2393
4121
4119
4115
4117
4123
4166
4685
4685
4745
2392
2394
2993
3057
4685
4116
176
5824
15
2396
5824
5824
2398
2396
5816
2995
5815
4105
2995
5803
181
1701
1368
20
1368
1700
248
82
3161
5838
31
1701
