379
1310
3046
1315
1313
5
2335
2888
2323
3057
11
1330
511
2413
1329
5804
2436
2442
24
1661
1350
24
2238
2959
2959
1661
3751
1349
450
681
2551
1352
1578
1577
1414
2716
129
1540
1531
1528
3622
2678
1396
64
124
2748
5472
1409
1589
1525
1538
102
54
55
2735
2644
5470
1590
2638
1591
1447
2636
2640
2745
1400
1513
144
3304
1574
1472
518
3165
28
2893
1487
1498
1492
2698
1497
79
1501
3309
2551
2960
2551
2960
2486
1510
2185
3488
1516
1517
92
93
94
96
1548
1546
103
597
1523
3637
2652
1555
1554
1566
1564
2622
1561
1567
1377
2629
3588
3590
2661
1596
1587
3574
834
3626
1605
2643
837
47
1607
1450
125
3633
1406
136
56
42
1435
1437
2691
43
1375
1619
2205
3023
428
1624
2206
2352
2350
2391
2346
2348
152
1640
2210
3187
2266
2288
3012
3180
156
157
159
1661
899
4736
1667
163
164
1673
166
167
4521
5801
170
1850
1849
1682
1684
1686
1695
1694
4309
1185
1185
4858
1185
1716
4012
184
1185
4214
4173
4863
5427
4858
4858
4369
1723
5248
1731
1727
1774
4351
193
201
5309
5309
1803
4371
4392
4401
1741
4458
210
1932
1086
1764
4354
1774
1787
217
218
1790
4443
281
1976
1958
1812
1813
1812
1972
1109
4400
293
1884
1841
3779
5249
4812
4284
4188
3850
239
1858
241
1860
1865
4987
245
1868
4857
4857
1185
4172
4216
4254
3920
1885
5247
1982
257
258
259
4354
4355
210
210
1929
1774
1899
216
4342
1901
1862
265
5270
1937
1729
274
5287
5288
4347
1949
1947
4445
1735
283
1952
285
1812
1964
1964
1950
5305
1746
1764
1974
302
1780
1903
1907
4365
219
266
300
207
5238
5449
4700
1987
3995
3980
309
310
311
4074
313
947
1999
3989
4823
4877
4784
319
321
322
4844
4849
2023
1638
2000
2034
5460
3252
2040
3294
2059
2045
2050
3292
3286
2047
3258
2054
2056
1503
3300
2061
3275
3249
2063
2112
349
2069
351
352
353
354
355
356
2081
358
3353
3351
2084
3355
3363
2089
365
2100
2093
368
369
2613
2102
3307
373
3112
2108
3293
3077
2116
2119
2124
2123
3081
3116
3117
2126
2133
2135
2141
2139
2429
2434
393
2150
3006
2145
2148
3055
398
2154
2159
3044
2249
2341
405
2202
2169
2167
2306
2860
411
673
2184
3109
2175
3062
415
3049
2924
3216
2191
3225
3230
2193
2079
2200
3094
3091
3005
3002
2960
2265
2267
3145
2225
141
151
3138
2261
2026
138
3140
2228
153
3193
3070
3329
2235
2237
3037
3756
2244
3177
149
439
3092
429
429
2207
1637
1627
463
680
2958
2780
3754
3020
2566
2562
467
2290
2240
2959
3010
3750
2516
2280
2300
2318
2301
2304
2308
2310
2316
2936
1632
2311
487
2840
2384
2886
3098
70
2324
2333
2331
3085
3122
2965
2336
2337
2347
2345
2868
504
2939
5833
2857
1465
2386
510
2408
512
2427
2423
3148
1323
2393
3153
5819
3165
1352
553
2956
2268
2269
3179
2466
531
2953
3171
681
2460
2578
2960
716
1348
2482
536
537
541
1486
2477
2499
538
2496
1352
568
562
544
539
559
2545
683
532
2477
2572
563
1359
86
2578
563
2578
3165
1354
562
568
2576
2576
563
570
1662
573
717
1657
2579
572
3350
2591
2593
2597
2902
2904
2599
1552
3596
586
1494
588
2607
2615
2609
592
2715
2619
2618
1651
1557
3577
598
3606
116
2676
1398
2697
2648
2744
1385
589
609
2664
2663
2667
834
1393
2684
2637
1445
2973
2972
1650
1418
623
2975
3628
625
2821
627
628
629
2916
2763
3186
632
3146
2786
2770
442
2203
639
2790
2828
2827
492
645
714
3129
568
2587
527
2451
576
652
2854
489
2837
656
657
658
2865
2874
661
662
1466
664
2978
666
3733
3565
3735
3732
671
672
2918
3322
2947
676
677
678
2945
684
3032
433
715
434
2961
3034
2722
2984
2986
690
691
2992
3254
2998
3008
2252
142
3019
3027
3036
3041
3113
3213
3051
3059
3086
3067
3214
3082
145
3093
3108
3114
3152
2274
3164
3166
3200
719
3238
3234
3226
3208
3203
3236
685
3282
3244
3280
3284
3741
3289
3260
734
3569
736
3384
3381
3314
740
3320
3319
430
716
3161
746
2581
748
3536
3379
3673
3675
753
754
755
756
757
758
3678
3401
3681
762
763
764
765
3414
3684
3418
769
3424
3422
3691
3429
5110
775
3449
3431
3433
3439
3437
5371
5369
3442
3448
5131
5130
787
788
789
790
791
792
793
794
795
796
3472
3702
3477
3704
3480
3706
3485
3708
3710
806
807
3712
3494
810
3497
812
813
814
815
816
817
818
3519
3524
3526
3531
823
3724
3722
3546
3548
3720
3551
830
3727
3559
833
835
2670
842
2666
3593
838
3600
841
842
1543
2659
3581
846
5340
848
5357
5359
5361
5366
853
854
3781
3783
857
858
859
3785
3790
4942
863
4909
4944
4973
867
4934
3802
3804
4792
872
873
874
875
3812
877
878
879
4632
3818
882
3819
884
885
886
4995
3829
4668
4325
3834
4975
3838
894
3909
4960
3861
4765
3854
4751
4770
3859
3125
3866
3871
4779
4786
3874
3876
3877
4709
4695
3880
3886
4762
916
917
4710
3893
2161
2163
922
923
924
925
3926
4798
928
4739
4741
3918
932
4614
4613
935
3183
3931
3929
4698
3936
5838
2025
3941
2033
5443
3947
437
2221
3956
2772
4827
4869
637
3967
3965
1216
4295
3971
4642
438
454
3977
4017
965
4015
3985
4875
3975
3998
4003
4839
4276
4006
475
1066
1714
4011
4868
5054
1997
981
982
983
984
985
986
987
988
1995
990
991
992
993
4052
2797
2801
4692
4155
999
4060
1001
1002
1003
1004
1005
1006
4574
1008
1009
4571
4087
4163
4578
4133
1015
4149
4153
4821
4168
4284
4858
4000
3997
4240
4184
4176
4193
4637
4864
1057
648
4282
4284
5050
4217
4248
554
649
5453
545
1185
2803
2501
2512
4638
647
4289
4263
5421
1057
1057
4290
4302
4173
2803
648
2819
4286
4850
2021
1062
1067
4294
5033
2582
2589
651
4303
323
4332
4425
4312
1073
1074
1075
1096
5279
1760
5259
1925
1080
225
1765
274
265
5285
280
1780
1813
4675
4676
1903
1909
5277
1769
1305
5309
5295
1099
285
294
294
1820
223
5283
1106
5282
5311
1746
209
1111
1112
1113
1114
2767
2788
1117
1118
3137
1120
1121
1122
1123
1124
1125
1126
1127
1128
1129
1130
1834
4580
4670
1303
1135
1136
1137
4420
4598
4601
1141
1142
4635
1144
1145
1146
5832
1148
4484
4855
3974
4861
4643
4649
185
278
1157
4674
1159
1160
1161
1162
1163
4780
4872
4871
5430
1168
4726
1170
4733
4757
1173
4761
1175
4905
4903
4803
1179
3933
4795
4799
4815
4852
4859
4860
1187
1188
1189
1190
4892
1192
4894
4895
5019
1196
4916
1198
1199
4929
4950
4949
1871
1204
4985
5445
4990
1208
1209
1210
1211
5031
4284
4282
1215
5054
1217
5067
1219
5074
5068
5446
1223
1224
5083
5081
5374
5342
5086
5373
1231
1232
5098
5377
1235
1236
5381
5105
5107
5383
5117
5115
5179
5387
5120
5180
5124
5385
1249
1250
5202
5137
5139
5199
5346
5143
1257
1258
5197
5155
1261
1262
5204
5163
5166
5210
5171
5352
5215
5174
5176
5390
1273
5186
1275
1276
1277
1278
5395
5393
5399
1282
5401
1284
1285
1286
1287
1288
5408
5231
1291
5414
5245
5240
285
285
5304
5303
283
283
1299
4394
5304
4354
5309
5305
5353
3048
1311
2
2122
1315
3
1312
1315
1317
3102
1316
490
2322
2831
1322
7
1331
2594
511
1331
1330
13
2407
2408
1328
2380
1334
2378
5826
5826
1337
15
1661
1661
1661
1661
1350
24
24
1350
1350
2960
2959
1661
1661
1660
1661
5845
3334
1349
1508
1356
2952
2952
681
2952
2240
24
24
24
2551
1378
1380
1577
1378
1374
1412
603
1373
34
36
2733
36
3606
56
5470
56
1383
42
1402
64
124
124
1394
41
624
2680
1399
5466
1395
35
1610
1401
2688
1400
127
1410
1407
116
1410
1541
1411
1541
95
49
2634
1559
123
1415
1407
123
102
1538
102
1539
5458
1534
5458
2647
2647
2647
2644
1428
1428
2735
1397
1397
45
1437
5465
2747
45
1593
1593
1593
1590
2686
602
2676
2677
2685
1450
1452
125
1454
1455
2639
2641
2359
2880
2360
1514
1512
1514
66
2937
5833
144
2941
1466
1469
144
68
1574
3570
1471
5781
5693
2373
3150
1478
1477
2438
2438
2439
3162
3160
2284
471
2893
2893
75
2895
1493
77
39
584
1491
1498
1497
79
1496
1502
81
3769
1503
1500
24
24
2551
2960
1505
2553
1510
2186
2187
3046
1515
89
1515
1518
1519
1520
1519
1522
3587
1546
3587
1523
1556
615
2673
615
115
1530
2654
606
1385
130
2736
2734
607
3635
1545
1545
1548
1542
1547
103
2710
609
1550
585
1550
38
1554
2714
595
1553
104
100
1525
1558
1526
1565
1562
107
3602
108
1569
1569
3603
110
2723
2724
1576
33
3589
3588
3589
3605
112
1594
1597
120
1594
119
838
119
1542
98
96
3574
3574
3574
834
1597
1597
1608
1392
614
1606
3626
1407
1409
116
126
1451
126
126
125
1450
128
1603
1438
43
134
1435
124
1607
1618
90
1618
2205
3023
2205
2205
2204
2204
428
2204
1631
147
2348
479
1630
2210
1640
2210
2210
152
152
3018
3015
5836
5836
3012
3012
3012
2288
1557
1648
104
597
1652
1652
1654
1655
2592
2592
579
1353
1662
570
1662
1662
4802
4802
161
1665
1671
1669
1671
1672
1673
4742
1674
1679
168
1015
1678
4520
1848
1850
1849
1681
1687
1686
173
4163
1687
4750
4127
4106
178
1694
178
178
1185
1185
1185
1185
1185
1185
4858
4848
3970
4846
4846
4846
1185
5032
1214
4216
1213
4173
189
4864
1715
5427
4863
1185
4858
1185
1185
1726
5250
1726
5250
1730
1731
1730
5289
221
4349
1734
4349
1785
1906
4372
4373
1903
4372
4401
4401
4401
4403
1962
287
5309
288
1801
4458
1752
1801
4408
302
302
4402
1972
302
1934
274
1934
1932
210
1764
1780
1763
1764
1768
4354
1764
196
1774
1728
196
1776
1779
1110
1776
1780
1780
5471
4369
4367
1783
193
4367
4367
1787
1795
218
1795
1795
1795
217
1795
5317
1738
4446
1978
299
4363
1976
4372
4448
1958
1958
1958
1958
1812
1812
1812
1812
1813
288
1961
1971
1746
1971
1746
4400
1971
1815
1972
4084
1825
4082
1883
1883
1827
169
5440
4083
1833
1010
1835
4658
1837
5437
1840
5437
234
4137
5829
4137
4141
4139
4819
235
235
4813
1052
1053
1052
1052
1856
4584
1855
238
1861
241
1861
1074
1859
1866
239
1866
1864
1868
245
4969
3799
1871
1185
4857
1185
1185
4845
4845
5027
5451
4171
1883
4735
253
1887
255
1983
256
1889
1890
1891
1892
4353
210
4343
1773
4353
1898
1899
1900
1952
1902
4444
4443
1904
1904
1909
1784
216
1784
1764
1764
4355
1764
1770
4342
5308
1770
1920
270
1921
201
4341
1088
265
4341
4342
1728
1774
197
1729
1936
1939
1933
272
5269
5287
5287
1938
276
195
5248
1725
195
1948
1945
194
1724
1948
1950
1950
1952
1950
1950
1950
283
1958
1958
1957
1812
1950
1964
1950
1950
1950
283
1099
1763
1780
1764
1963
289
289
1967
4363
4364
4365
4366
4401
4401
1742
5404
5404
303
305
305
305
1986
308
3994
4700
308
1994
4073
1995
1993
312
314
3990
2001
3951
3990
2004
947
1691
2005
4016
4781
4016
2008
2011
2012
2013
2014
4294
4229
2016
323
1059
2022
1059
4850
2002
317
2003
1641
1641
1638
1640
1638
2001
1998
2001
2036
2036
1649
2623
2037
2043
330
2039
3762
3255
2048
333
2044
337
3285
2051
336
3291
2049
2057
339
2053
334
3262
2060
342
3298
343
2058
345
3250
2064
2067
2115
2068
2069
2070
2071
2072
2073
2074
2075
2076
2077
3351
3351
3353
3318
3351
2085
362
3358
2086
2088
3362
361
2087
363
2092
2093
2094
2095
2096
2097
2098
2099
370
2103
372
3306
2101
2105
2106
2107
2109
3251
374
2108
376
2114
2894
3276
380
2120
2119
380
3079
382
2121
382
3081
3078
3078
3116
383
3077
2119
2130
379
2118
0
386
1309
2140
2137
2431
2433
391
2144
393
3076
394
2144
4
1314
1318
397
2147
2153
2153
398
2152
2142
2156
2143
395
2247
2249
2164
2202
2247
2168
2165
408
2871
409
3364
3361
2920
2183
2172
374
2178
2110
3112
378
2117
2180
2179
2182
416
419
2189
2188
3217
419
2192
421
3228
422
2190
2082
360
357
2078
2201
426
3184
427
2199
428
3007
3002
3002
2960
2961
460
2265
460
2265
3143
2226
141
3143
2212
2027
3138
436
326
2026
3773
1624
3773
2277
444
2232
2231
1647
3142
2234
3328
446
2233
2234
686
3037
2962
686
459
3024
2257
2258
453
2248
3090
455
2206
429
429
2206
2206
148
1634
148
1639
2029
1639
151
3012
429
3011
2207
2207
140
2950
2950
2955
3038
463
1622
1622
3754
139
1621
2293
2565
467
2282
474
2238
2241
2959
449
429
429
3180
2292
447
3749
3750
2279
2590
2278
2561
2301
2298
478
2315
2305
2302
481
2307
482
2309
483
2935
484
146
1633
2314
2343
2315
2315
2316
2318
2320
2320
2320
488
487
1480
2595
12
3147
2325
2332
2329
496
3121
497
2335
3102
498
2336
2334
2340
3103
2328
501
2347
2867
2869
147
2881
2348
2353
505
2349
499
2971
2355
3766
2354
5753
5712
2357
2358
2876
5755
5787
2362
2363
5789
2367
2368
2369
2370
2371
2372
2373
2374
2375
2364
2365
5820
2969
5803
507
2868
507
2855
1467
508
2387
2388
5818
3056
2401
2389
3763
2403
5808
2406
1474
2405
2416
3061
5757
5697
5758
5695
5694
5693
2410
510
2415
2410
3132
2412
2415
1477
2415
5756
5700
5696
5695
5478
5694
1464
2426
2427
2426
3148
516
2444
2394
2443
517
2395
1338
16
2437
14
2411
511
3153
511
2402
5806
2441
2394
3160
3160
1350
716
1661
1661
2520
3178
2948
2269
2520
2468
2470
2471
3743
29
1361
3752
1360
28
3178
3171
683
3171
3171
3170
683
2240
2951
2462
526
2461
529
3745
3174
2959
3160
3160
716
2480
1346
21
2484
536
535
3340
2485
2478
2535
1486
2478
533
2493
3746
2494
2492
540
1661
1661
159
1352
2573
2573
562
2573
568
3747
544
3748
2490
2543
558
2542
551
2956
2956
2956
2529
2526
2476
2474
2477
2571
532
2463
72
2463
2573
562
2572
3173
3173
1483
1355
1356
1509
1511
2563
2540
2488
2564
2544
2514
3174
2578
3174
2960
2960
24
2551
2569
2569
563
2569
2569
563
2539
26
1509
2487
3751
3751
3174
2578
3174
3165
2575
2576
2575
2575
3175
573
3175
717
158
1659
1351
2558
569
2591
565
2577
572
2577
3368
3369
745
571
571
1332
1332
2598
581
2901
582
2596
2602
2602
2603
2604
2605
608
2607
2611
590
2608
2612
2612
2613
2614
593
2600
2617
580
2599
2621
1557
99
2620
97
97
3578
3578
3578
328
36
36
1378
97
2633
3625
95
48
613
3575
3582
2642
3582
3582
1612
3637
1614
1614
1424
2651
1422
1432
1384
1386
2743
608
589
608
3592
2664
3592
3593
2660
2667
2663
2667
842
842
2669
2708
841
2668
615
2682
2671
834
96
2671
3623
2681
2643
3618
1617
1616
1604
3609
3574
1452
1453
1440
2747
2747
1388
616
61
616
2727
1426
1429
2697
2983
2983
2973
618
2704
2705
2706
2707
2708
2709
2710
593
2711
2715
2715
2976
2633
2712
2717
620
2034
2034
2038
3590
3590
1576
2727
1409
101
101
1537
1533
1434
3636
1434
132
133
2705
2975
2737
2972
2972
2975
1436
1436
57
59
2749
46
5472
2694
3632
2750
2753
2754
2755
2756
2757
2758
2759
2760
2927
2303
480
2762
3139
3185
632
151
3141
3141
3146
634
3140
2232
441
2228
2030
2260
3025
3176
452
2230
443
2783
2200
2200
2200
425
2789
2790
2791
2824
2793
2799
492
3130
2799
3126
3127
3128
3129
2586
2587
2586
2573
2573
568
2460
2456
2467
2465
2453
2457
2458
2948
2270
2588
2588
576
2820
406
2822
2823
653
2830
2850
631
2833
2319
2852
2321
2319
2381
2834
2835
2836
2377
2838
2839
2840
2841
2842
2843
2844
2845
2846
2847
2848
486
2313
2312
2382
503
502
2856
3640
659
2858
2859
660
485
3764
1457
2863
1458
2878
2869
2870
661
2864
2872
2925
2873
2874
2875
2877
1462
2879
1468
1463
2881
2882
2883
2884
2885
2886
2323
2888
2889
2890
2891
2892
665
2980
3303
2896
2897
2898
2899
2900
2903
668
3734
669
2906
3737
2906
2908
2909
2910
2911
2912
2913
2915
2764
407
65
674
3323
1460
2923
2921
3231
675
2926
3654
2166
2928
2929
2930
2931
2932
2933
2934
2070
350
66
2299
477
2938
2940
2081
2078
346
3105
2944
2065
2954
2957
2958
2239
3031
3032
3169
3168
3169
3155
2216
686
2961
3035
3037
2966
2963
399
2967
2968
2968
2349
2352
2964
2974
671
2974
666
2977
2977
2982
3305
2979
367
3310
2908
2649
2649
604
2984
2988
2989
2990
2991
499
2352
2337
143
2993
3000
693
2997
3277
494
494
2333
3003
2330
495
3005
389
2138
3004
3002
3001
2254
2251
2254
3011
3011
1627
2145
3022
3019
394
3007
3765
3177
2218
413
3111
401
2176
698
3755
698
3021
3034
400
3021
3176
414
2177
3030
3039
2151
2151
3107
3047
3338
381
3050
3215
703
3049
1318
2338
705
2996
692
2338
3060
500
5802
377
2129
3066
3064
3075
700
3069
3212
708
3068
3074
3072
3083
2157
3073
709
3118
3080
448
2237
448
3084
3088
710
2994
3057
2392
145
388
3009
3092
3181
3181
3093
473
2595
3098
497
493
493
2155
3103
375
2111
1314
3106
3108
3110
3113
3110
713
3107
712
2122
470
2281
2291
2236
5699
3089
2391
2393
2281
469
3135
3152
3151
714
3135
1476
3150
1479
2439
3152
3128
2425
151
3186
711
3095
3096
1626
1625
141
3095
2440
7
3151
3150
2888
2884
3153
2277
440
2273
2275
465
1661
3166
3160
2241
2238
3166
3166
3166
2227
2216
3154
3156
3156
3160
3164
717
717
3145
3767
3170
3158
3004
3010
2199
405
695
443
3188
3013
154
458
2253
142
1628
473
2287
1646
3199
3196
720
3237
721
3202
3233
725
3201
3206
3227
3205
722
3211
3209
3240
3065
701
707
3042
679
2946
3219
3753
685
3219
2961
685
3227
727
340
3742
3229
3281
3232
347
2066
3235
729
3279
341
3239
730
3283
2055
3243
3241
3243
348
3246
2113
3247
3248
2111
331
3242
694
3253
3254
2999
2985
3259
344
3287
732
3257
2062
74
3266
3290
1488
3267
3268
3269
3270
3271
3272
3273
3274
2041
1473
3277
3297
2046
338
731
733
2052
335
1504
80
3288
3301
78
1499
2104
371
67
3295
2650
735
2699
3298
3299
3300
3301
3302
3303
1573
2629
3308
737
3383
738
2610
591
2035
3197
718
3315
3316
3210
3317
724
723
2194
420
2922
3207
3324
3204
3326
3218
3220
418
3222
3223
2209
2960
2209
3071
3071
704
2480
1348
3160
1352
3160
716
3160
1352
716
2504
2581
564
3318
741
742
3354
739
3356
3357
3327
360
3740
673
3356
3363
2920
3173
3173
3173
3172
3346
3348
3371
3372
3373
3374
3375
3377
3562
3382
749
3378
751
3382
3385
752
3674
3386
750
3566
3389
3390
3391
3392
3393
3394
3395
3396
3397
3398
3402
3400
761
3680
3403
3404
3405
3406
3408
5092
3409
3410
3411
3415
3412
767
3683
3419
3416
769
3419
3423
3420
772
3690
773
3426
5109
3427
3425
774
3434
776
3430
779
3695
3438
5454
781
5370
782
3443
3440
784
3693
3446
3444
3447
3450
785
786
5129
3451
3452
3453
3454
3455
3456
3457
3458
3459
3460
3461
3462
3463
3464
3465
3466
3467
3468
3469
3470
3471
798
3701
3474
3478
3475
800
3703
3481
802
3705
3479
3486
3483
804
3707
3489
805
3709
3487
3493
3492
3713
808
3495
3500
3497
3496
778
3500
3503
3501
3711
3504
3505
3506
3507
3508
3509
3510
3511
3512
3513
3514
3515
3516
3517
3518
797
3520
3521
3522
3482
799
3523
801
3476
3527
3484
3529
803
3490
3532
3534
3535
809
3537
3731
3539
3540
3541
3542
3543
3545
3723
825
3544
824
3550
3721
828
3549
3553
3554
3555
3553
3558
3728
831
3560
137
3564
832
3736
827
3535
3567
1372
1420
3568
50
1529
1532
2668
835
2671
2623
1564
3597
3597
2666
3580
3584
3595
2663
2663
1553
105
1568
1563
38
612
840
612
3596
3599
3597
608
2607
2739
3761
99
1560
106
109
1570
1376
1376
2671
835
2660
2658
611
2658
2659
2679
3579
836
3579
2663
2665
3585
3581
3579
1543
41
1605
121
48
2635
1446
1444
1448
2746
1433
1375
1387
1436
1373
2376
3641
3642
3643
3644
3645
3646
3647
3648
3649
3650
3651
3652
3653
3654
3655
3656
3657
3658
3659
847
3661
3662
3663
3664
3665
3666
3667
3668
3669
3670
3671
3495
3673
3674
848
3676
3679
849
5356
3682
850
5358
3685
851
5360
3686
3687
3428
3688
3692
852
5365
3694
5367
3696
5368
3697
3698
760
3700
3413
766
3417
768
3689
770
3421
771
3441
783
3445
777
3432
3714
3715
3716
3717
3718
3719
819
3528
820
3525
821
3530
3725
822
3533
1620
3730
3556
829
3732
3547
826
3726
3552
3738
3739
3325
73
3261
3752
2953
2951
3774
3774
2489
3332
3331
3333
3157
3035
3022
3020
698
3045
3758
670
2900
3760
3570
5763
2317
2212
5837
3144
3760
3380
3770
3772
3772
1623
1483
24
2575
3778
3778
854
3777
3781
3782
3783
3782
3785
3786
3787
3788
3789
3790
3795
862
3793
864
5417
3798
865
4971
866
856
3805
868
3801
871
4933
3806
3807
3808
3809
3810
3811
3812
3813
3814
3815
3818
3816
5036
882
3818
3821
3822
3823
3824
3825
3826
3827
3828
889
3833
3832
4669
4668
887
1079
3835
3830
245
4975
1869
3839
3842
883
3844
3845
3846
3847
3849
4959
896
3848
897
3864
3853
3856
3862
3858
4768
901
3857
2127
2128
3124
3863
900
900
899
3855
3867
3869
3865
3873
4790
907
3872
906
3879
911
4712
912
3880
915
3884
4764
915
165
3887
3888
3889
3890
3878
4708
910
3891
2164
2160
405
2161
3899
3900
3901
3902
3903
2174
3915
3904
2171
3908
4796
3910
3911
3063
3914
3063
3913
3917
4738
930
3916
929
3921
3922
4611
3924
3925
2198
2942
3927
3897
404
3895
3931
4867
3935
939
939
3934
977
1700
1700
315
3941
315
2025
2032
2031
2032
5443
327
436
2221
2223
2768
4829
945
943
3995
3962
4479
3961
953
2775
3966
3963
4021
5035
957
3970
3970
4640
959
2777
2222
2778
2245
3895
3898
3976
963
963
3979
4015
4017
3952
438
3951
3989
3952
3950
3953
4016
2009
978
3996
4876
4706
2781
2243
4483
464
949
307
4002
4005
3955
4298
4304
4009
1066
4298
1716
190
4011
976
978
4784
4866
1068
1068
5055
4007
2515
2515
2294
4025
4026
4027
4028
4029
4030
4031
4032
4033
4034
4035
4036
4037
4038
4039
4040
4041
4042
4043
980
4045
4046
4047
992
4049
4050
996
4053
644
4499
4051
4056
4787
4058
4059
4060
4061
4062
4063
4064
4065
4788
2795
4066
4070
4070
4071
4072
4075
1007
4573
4076
4077
4078
4079
4080
5662
5590
5654
5625
5591
5721
5723
5720
5629
5633
4091
4104
4094
4097
4099
1845
1846
4101
4139
1847
4140
4528
5322
4527
5815
4106
4107
4108
4109
4110
4112
4570
4113
4111
4115
4116
4117
4118
1019
4169
4167
4160
5824
4161
5811
5823
4127
4122
4124
5814
4124
5825
1012
4165
4134
1688
4161
4526
174
4136
1685
4125
4126
5828
5813
5829
5829
5786
4150
4150
4150
2424
4156
4153
908
4158
4156
4159
4785
4162
175
4308
4164
4820
1018
176
1693
177
4157
1052
4284
4858
1052
1185
1185
2272
461
2272
3997
1023
4189
4179
4509
969
4191
5418
1024
1028
3999
3999
4242
4639
4863
4637
4639
4186
1715
4506
4180
4502
2812
4288
4288
4011
1185
1052
1052
4282
1052
1020
4255
4283
1039
4220
4217
1047
4246
556
4503
4274
4244
2522
2524
2523
2500
1185
1185
1185
4845
2804
2802
2802
2803
2497
545
2498
2517
2511
549
968
3998
968
2525
2809
2813
2802
647
4501
4500
4289
2802
2803
4285
1050
4285
1035
4279
5422
4215
1040
4235
543
4224
2511
4288
1053
1057
1185
4858
4500
4500
4500
1057
4500
4289
1044
4261
1036
4221
4258
5054
4288
4284
4300
1057
4502
4502
4510
648
4301
1062
4301
1067
1054
5031
4295
565
2583
2509
4511
4511
651
4232
4297
4272
324
2020
1683
171
4310
4311
4331
4310
4314
4315
4316
4315
4318
5274
5265
4321
211
1761
5456
1762
1105
4334
271
1078
4311
4356
4332
1970
1930
1930
1896
1930
1929
274
1931
4432
210
1780
280
1086
4348
4435
280
193
1724
1724
1780
1780
4354
1813
4354
1958
285
290
5305
290
4397
4366
266
1790
4441
4367
1090
1091
4673
1903
1903
1909
5265
5265
5277
283
5309
283
283
5309
5295
5295
5303
5303
5295
4393
4393
285
4395
1902
1902
1812
285
1812
1813
5309
5309
5309
5309
1099
1099
4391
1812
1812
300
5319
4407
5464
294
209
5463
4414
4981
242
1809
1806
1808
1809
229
286
5306
4360
4405
1769
1770
264
1085
4340
4430
4430
1780
275
1935
1947
1947
1725
4347
4461
4460
4442
5252
1787
4443
1908
1910
1735
1791
4448
4399
5295
5311
1820
5282
1820
1817
230
206
1744
5463
208
5463
4463
4464
4465
4466
4467
4468
4469
4470
4471
4472
2768
2765
2766
2771
2769
2785
635
2774
2776
2222
2243
2246
2782
2784
2787
3182
638
4490
4491
4492
4490
2798
2800
2794
3136
3136
646
2817
2804
2817
2804
2811
648
2816
2454
2810
464
2818
651
4512
4513
4514
4515
4516
4517
4518
4519
4520
1122
4522
4524
4524
4523
4529
4527
4582
4529
4138
4531
4532
4533
4534
4535
4536
4537
4538
4539
4540
4541
4542
4543
4544
4545
4546
4547
4548
4549
4550
4551
4552
4553
989
4084
4087
4557
4558
4559
4560
4561
4562
4563
4564
4565
4566
4567
5724
5725
4568
1832
4081
4114
1131
4575
4576
4577
1132
4579
167
1013
4135
4583
4586
1133
4977
4589
4384
5060
876
4587
4592
1072
4594
4595
4597
4417
1138
4596
890
1081
3836
4603
4604
4605
4606
4607
4608
4609
4610
4612
4901
1143
931
4615
4616
4617
4618
4619
4620
4621
4622
4623
4624
4625
4626
1831
4628
4629
4630
4631
2079
4636
4633
4635
4791
4484
3975
4727
4642
4856
1150
1151
4713
4644
4647
961
3968
4721
3969
1704
4652
4653
4654
4655
4656
4657
4659
4684
4660
4423
4450
4422
4421
4431
4665
4671
1156
4667
232
1944
4424
4674
4674
4675
4676
4677
4678
4679
4680
4681
4682
4683
4684
4685
4688
1162
4688
4925
4691
4697
909
4690
4693
940
4694
4699
1164
4778
4701
4865
4705
4702
1166
4879
4703
4874
4711
4712
1167
306
3937
4482
960
3973
4719
4717
919
5432
4004
970
971
4724
5431
4723
1154
3972
4728
4729
4730
4731
3883
914
4732
4737
902
5023
4740
1172
4756
4741
4743
4760
4744
4745
4746
4747
4748
4749
4750
385
4752
5428
4763
4755
4758
954
5013
4759
4059
4761
1000
3894
4696
903
4767
4805
1178
4804
955
4771
4772
4773
4774
4775
4776
4777
3978
962
937
938
938
3933
3932
4055
994
3875
2795
4789
4068
4791
894
1670
4794
4795
4799
4796
1171
4800
4795
4800
3860
4024
4008
476
973
4130
4808
4809
4810
2296
1016
4814
4152
4151
4815
4137
4819
175
4816
1183
514
3953
4473
4487
4831
4488
3942
3943
942
4488
1119
4151
4833
4141
4834
4836
4837
946
4841
3949
1184
4853
4851
4858
4851
976
190
1186
1186
4860
944
4854
4862
1152
4645
1052
4291
1061
1061
3988
3984
1149
4646
1164
4780
2163
937
4486
4824
4870
2024
4870
4872
325
3944
938
4783
952
4880
4881
4882
4883
4884
4885
4886
4893
4888
4889
4890
4891
4892
4890
1191
1192
4896
4902
4898
4899
4900
4900
4904
1195
3940
1155
4205
5844
4908
4909
4908
4911
4912
4915
4914
4634
870
4917
4918
4924
4920
4921
4922
4923
4910
4801
4926
1182
3803
869
4928
4931
4932
3845
855
4797
4936
4937
4938
4939
4940
4943
1201
4947
1202
4941
4945
4948
5416
240
1200
4951
4952
4953
4954
4955
4956
4957
4958
3780
233
4961
4961
4963
4964
4930
4965
4967
4968
3784
860
4972
4974
243
1857
3789
4975
1839
4978
4979
4980
4981
866
4973
4983
1864
1867
4669
1941
4347
246
1872
4991
3840
4989
4346
4346
4345
4998
4999
5000
5001
5002
5003
5002
1210
5006
5015
5008
5009
5010
5011
5012
5014
1212
3919
188
4228
1054
1021
5030
3964
5021
5022
4283
4266
1052
4284
1052
4858
4858
5032
4284
1214
5053
5034
5036
5037
5038
5039
5040
5041
5042
5043
880
926
3817
5047
5048
3906
1053
1053
1053
4285
1058
4305
5056
5057
5058
5059
5060
4666
5061
5066
5063
1206
5445
1220
1206
5065
4992
1205
4986
5071
4984
5075
5076
5077
5078
5082
5079
1227
5375
1228
5087
5084
1230
5372
5088
5089
5090
5091
5094
5093
5330
5095
5099
5096
1234
5376
5100
5101
5102
5103
5108
1237
5104
1240
5382
5111
1238
5363
5112
5116
5113
1243
5388
1244
5121
5118
1246
5177
5125
5122
1248
5384
5128
5126
5386
5127
1241
1247
5132
5133
5134
5135
5140
1251
5136
1254
5200
5142
5391
1255
5141
5145
5146
5147
5148
5149
5150
5151
5153
5196
5152
1259
5156
5157
5158
5159
5160
5161
5162
1263
5167
5164
1266
5209
5169
5212
5168
254
5173
5351
1269
5172
1268
5178
5389
1271
1272
5183
5181
5214
5187
5184
1275
5187
5188
5189
5190
5191
5192
5193
5194
5195
5198
1279
5394
1280
5201
5392
1274
5203
1281
5205
5206
5208
5396
5211
1283
5400
5213
5403
5216
1218
5246
5217
5218
5219
5220
5221
5222
5223
5224
5225
5226
5227
5228
5230
5412
1289
5229
5234
5406
5235
5233
5239
1292
5413
1293
5237
5062
5243
5242
1140
5073
1222
1204
4979
4980
4980
1863
5253
286
286
285
272
5270
272
5306
5306
5304
1306
1953
1953
5295
5309
4341
5271
279
1949
270
5294
1956
5294
5264
5264
1306
5265
4380
203
5280
197
277
1946
199
1732
282
4447
1764
4354
286
285
283
5309
283
283
5309
287
5306
290
5305
5309
5309
5309
5305
290
1813
287
1967
1746
4354
1813
1813
1758
1758
4445
4445
4392
4448
4447
5322
5323
5324
5325
5326
5327
5328
5329
5330
5331
5332
5333
5334
5335
5336
5337
5338
5339
1225
5341
1256
5343
5344
5345
1273
5347
5348
5349
5350
5064
1219
5069
5353
5069
5080
1226
5085
1229
5097
1233
5362
5363
5364
5106
1239
5123
5114
1242
5119
1245
5138
1253
1252
5144
5154
1260
5378
5379
5380
1264
5165
1265
5170
1267
5182
1270
5175
5354
1307
5185
5392
1291
5236
1290
5232
5397
5398
5399
5402
1294
5411
5241
5405
5447
5407
5434
1139
5409
1136
5244
4599
891
3837
881
3851
4966
4194
4864
1718
4243
4243
1037
5033
5034
1214
1153
4650
1988
5429
4721
4734
1014
5434
5282
1077
4979
5810
1996
4105
3986
2006
315
1077
5445
244
3831
888
1989
1703
4267
1185
4502
3498
811
4345
4345
1536
216
620
1932
2688
1979
1979
5467
5465
5472
204
204
5466
5469
2752
208
5474
5475
5540
5476
5477
5747
5746
5545
5552
5515
5519
5485
5486
5487
5488
5489
5538
5491
5492
5493
5564
5495
5496
5497
5569
5505
5503
5501
5502
5503
5506
5505
5506
5507
5504
5512
5498
5509
5577
5516
5511
5490
5537
5520
5517
5491
5539
5521
5522
5523
5524
5525
5526
5527
5528
5529
5530
5531
5532
5533
5526
5535
5536
5535
5538
5539
5540
5476
5541
5703
5747
5707
5481
5547
5548
5549
5550
5551
5553
5568
5554
5496
5556
5557
5558
5559
5572
5563
5561
5574
5543
5479
5580
5543
5480
5480
5570
5571
5562
5573
5574
5544
5565
5577
5578
5580
5543
5610
4100
4817
4132
4131
5605
5652
5587
5684
5597
5648
5630
5663
5606
5614
5616
5636
5640
5593
5657
5668
5678
5680
5671
4142
5778
5679
5614
5743
5768
5612
5649
5771
4143
5606
5733
5614
5637
5634
5645
5644
5600
5600
5639
5646
5638
5640
5593
5599
5681
5660
5664
5581
5613
5613
5615
5594
5660
5660
5601
5733
5606
5642
5636
5642
5658
5658
5659
4818
4817
4132
5782
5730
5675
5619
5606
5668
5667
5665
5665
5685
5685
5603
5666
5669
5672
5778
5778
4145
5741
1844
4144
5731
5605
5687
5602
5673
5608
5617
4144
5604
5798
5673
5678
5634
5732
5605
5688
5689
5690
5691
5692
5692
5693
5694
5694
5541
5542
5559
5507
5499
5567
1335
2379
2379
2379
506
2422
5708
5709
5482
5514
5518
5484
5522
4096
5769
5581
5633
5599
5598
5623
5618
5607
5683
5653
5784
1691
1691
1689
5605
5614
4143
4130
4129
4132
4132
4132
4132
4817
4817
4818
4835
2379
2380
5836
5836
4137
4137
3766
2355
5751
5711
5712
5713
5701
5700
5478
5696
5693
5694
1464
5699
5618
5662
5624
5622
4835
4099
4125
4126
4129
4131
5829
5829
5654
5727
4130
5702
5692
5792
4127
1689
1691
1691
5784
5714
5788
5715
5790
5791
5792
5694
5626
5633
5717
4095
1847
5829
5833
4105
2995
143
5793
2401
2418
5821
3120
4166
1019
5811
5812
5824
4123
4685
5816
5817
2399
2420
2351
2996
5816
4116
4160
4161
5831
3131
5824
4161
5760
5780
5822
2351
5822
5834
2969
2969
1185
1185
2960
24
2960
1185
1185
2960
24
1185
2960
1703
