0
1
2
3
1318
5
6
1323
2832
9
10
11
12
2413
1329
2398
2436
1339
3163
22
2472
3163
1363
471
2283
22
2539
1509
3752
2956
2472
2472
1574
32
34
35
1378
1420
1531
39
40
41
1386
2692
2682
1438
46
1602
48
49
3571
1425
2651
53
1432
1429
2743
57
58
59
60
61
62
63
64
65
5800
67
68
69
70
2463
3743
73
74
75
76
77
78
79
1501
3309
2472
22
2472
22
2563
2538
88
89
90
91
92
93
94
1589
1543
97
1524
99
100
101
1539
103
104
1568
3590
107
108
109
1570
3305
1575
2723
1600
1582
116
117
118
119
120
121
122
123
124
125
126
127
128
2733
606
2653
2647
1615
134
135
3636
137
1626
1621
3011
2266
456
2993
2969
2391
2343
2348
1641
2026
1638
3186
3014
3094
473
3094
156
157
82
1348
1667
161
162
163
164
165
166
1676
168
5728
170
171
4164
173
4141
4161
4166
4168
178
4011
4011
976
4012
190
4012
3970
183
4257
4212
1153
1150
4848
4848
5251
195
1942
1731
1729
198
4351
193
1901
202
203
1740
297
206
207
208
209
210
5457
4346
1970
214
1772
1787
4368
1795
1789
217
281
1802
223
224
225
226
227
1820
4362
230
231
1839
3780
1840
4813
1027
1718
238
239
240
241
4414
243
244
245
246
4848
4848
4011
4014
4256
4278
253
254
255
256
257
258
259
5291
1913
4342
1894
1896
1929
266
216
268
269
270
271
5270
1940
1933
1935
5286
5288
278
1945
1947
4447
4349
1966
284
285
286
1962
288
289
5306
4360
292
293
294
295
1906
1907
1977
4365
4364
1976
302
303
1986
3935
3937
3994
3980
309
310
311
312
313
317
2024
2002
4870
4784
4784
978
321
322
181
4849
1166
151
2025
2629
329
2109
2111
2043
333
334
335
3292
3286
338
339
340
341
342
343
344
345
346
347
348
349
350
351
352
353
354
355
356
3351
359
3353
3351
361
362
363
364
365
366
367
368
369
370
2102
372
2106
2178
375
376
2116
2130
2132
2119
381
2123
3077
2125
3062
386
387
3092
2138
2430
2434
2142
3076
3007
3022
2148
3055
398
399
3019
2156
402
2161
2163
405
406
407
408
409
2197
2196
412
413
414
2179
416
417
418
419
420
421
422
423
2942
2203
2201
427
2206
3010
1348
696
152
2212
432
2210
3139
2765
2220
3138
2267
634
2232
444
3095
2237
3749
3119
3080
2239
2952
2778
2258
2261
2219
455
3181
473
2288
2028
2264
451
452
2256
2246
3154
2273
2278
2280
3117
2281
1361
471
3184
2293
2295
3125
477
478
1631
480
481
482
483
484
485
2313
487
2840
2321
2323
491
492
493
3003
2331
3085
2432
498
499
500
2869
2344
2382
2882
2350
5744
2857
2355
2356
510
2408
512
513
2424
515
516
2444
3152
2394
2478
2472
463
2780
2781
464
2949
2268
2519
2470
2955
3178
2453
2457
22
2478
3774
2488
3746
3748
544
2459
2810
2547
2513
543
1485
4507
2813
552
550
2516
2518
682
2812
2455
525
2459
2543
2542
2456
2476
2586
2576
1509
2507
4251
2453
2817
2556
717
570
2588
2577
2235
2292
2818
2590
2584
2504
580
581
582
583
584
585
586
587
588
2656
590
591
592
593
594
595
596
597
2626
2628
600
601
602
603
2986
2985
1533
102
608
609
3613
611
612
2675
614
615
616
617
618
619
620
621
622
623
624
625
626
627
628
629
630
631
3185
2782
425
2787
2771
2773
3182
639
640
641
642
643
2801
645
3137
4178
2819
2816
2272
651
652
2830
2833
2412
2836
657
658
2362
660
2388
662
1467
664
665
666
667
668
669
670
671
672
3360
3325
675
676
677
678
679
459
3170
149
3168
150
1350
449
687
2999
689
690
691
692
693
3242
3091
1647
1644
3754
3066
3034
701
3045
703
704
3059
3087
3219
3328
3079
3089
426
712
713
714
2216
71
573
718
719
720
721
722
3209
3203
725
27
727
728
729
730
731
732
733
734
3296
736
737
738
739
740
3317
3319
1356
2478
2489
746
2293
748
749
750
751
752
753
754
755
756
757
758
759
760
761
762
763
764
765
766
767
768
769
770
771
772
773
774
775
776
777
778
779
780
781
782
783
784
785
786
787
788
789
790
791
792
793
794
795
796
797
798
799
800
801
802
803
804
805
806
807
808
809
810
811
812
813
814
815
816
817
818
819
820
821
822
823
824
825
826
827
828
829
830
831
832
833
3610
3575
836
837
2661
1585
840
841
842
843
844
845
846
847
848
849
850
851
852
3847
3778
3845
3783
3793
858
859
860
861
862
4919
864
865
866
867
3805
3803
870
4792
872
873
874
875
876
877
878
879
3818
5036
5037
3819
884
885
886
887
888
889
3835
891
892
893
3910
3909
896
3856
3854
3867
3866
3859
4736
3864
3913
905
906
907
908
909
3878
4709
912
3880
3886
4762
916
917
4710
3894
3898
3897
3900
4551
4030
3902
3928
4719
928
3920
930
931
3925
933
934
935
4867
3978
3929
4691
4693
4847
4704
4875
2032
3942
943
4474
947
307
1116
4783
951
950
954
4770
4021
5424
4720
4842
3951
3985
3977
4865
4017
4017
2001
964
3974
961
4003
4005
4006
4803
4805
4009
4641
4012
4868
4019
980
981
982
983
984
4032
986
987
988
1995
990
991
992
993
994
4496
4497
997
998
999
1000
1001
1002
1003
4072
1005
1006
1007
1008
1009
4571
4556
1012
1013
4140
1678
4151
1017
4837
1019
4186
4848
4638
4484
4863
4194
969
4864
4646
1153
1024
4179
4186
4186
4214
4279
4215
1040
4183
4181
1043
4848
1026
4262
4239
4647
1022
4181
1048
4258
4181
1025
4290
4293
4206
4252
4179
4302
4275
4850
2022
4292
1062
4296
5035
4239
1066
1067
1068
323
1070
1071
1072
1073
1074
1075
1076
1077
4325
4996
1080
1081
1082
1083
4339
4338
4344
4437
1969
1089
4675
4676
1904
1909
5280
1095
1096
5295
1098
1099
4394
1101
4462
1103
1104
1761
1106
1107
1108
1747
1110
1111
4515
4606
4472
4486
4488
4517
1118
4822
1120
1121
1122
4527
4528
1125
1126
4557
1128
1129
1130
1131
4576
1133
1134
1135
1136
1137
1138
1139
1140
5046
5008
1143
1144
1145
1146
5835
1148
4714
1184
3987
3946
1152
958
3969
1156
4688
4686
1159
4938
1161
4689
4935
4699
320
2008
4711
1168
4726
1170
4733
4739
1173
1174
1175
4905
1177
4766
1179
938
1181
4799
4834
946
4859
4860
1187
1188
1189
1190
1191
1192
1193
1194
5019
1196
1197
1198
1199
1200
1201
1202
1203
4979
1205
1206
1207
1208
1209
5003
5004
1710
237
4208
1215
1216
1217
1218
1219
1220
1221
1222
1223
1224
1225
1226
1227
1228
1229
1230
1231
1232
1233
1234
1235
1236
1237
1238
1239
1240
1241
1242
1243
1244
1245
1246
1247
1248
1249
1250
1251
1252
1253
1254
1255
1256
1257
1258
1259
1260
1261
1262
1263
1264
1265
1266
1267
1268
1269
1270
1271
1272
1273
1274
1275
1276
1277
1278
1279
1280
1281
1282
1283
1284
1285
1286
1287
1288
1289
1290
1291
1292
1293
1294
5293
5256
1297
1298
1956
1300
1301
1302
4385
1304
1305
5302
1307
1308
1309
1310
1311
1312
1316
1312
1315
1316
1317
1318
1319
1319
8
1322
1323
1324
1325
1326
1327
1330
2414
2407
511
1328
1333
2400
1333
1337
2435
1336
15
22
22
22
22
2472
2472
3163
2473
2473
22
2286
1348
22
1348
2481
87
1359
1485
87
2539
3179
3179
2956
3179
3752
1485
1485
1485
2472
1370
3568
32
1370
1373
1374
136
3639
1377
2631
37
2631
600
1385
1382
130
2652
131
1390
1388
1387
2683
1391
1392
1393
1394
1395
1396
1433
1398
1399
1400
1401
1402
1403
1404
1601
601
1407
1408
1409
1410
1411
1412
1413
1414
1415
1416
1417
1418
50
50
1419
2650
2648
1425
2648
1430
1431
1430
53
1431
2697
52
1434
3635
1435
2744
1435
1438
1612
1440
1441
1442
1443
1444
1445
1446
1447
1448
1449
1450
1451
1452
1453
1454
1455
5514
5482
5713
1459
1460
1461
5706
5545
1335
5837
1465
2937
1643
5836
1473
1471
69
1473
5780
5760
1476
1477
1478
3132
1480
1481
1482
2464
72
529
2461
74
1488
1489
1487
1491
1492
1493
1494
1495
1496
1497
1496
1499
1500
81
1502
1503
1504
1485
1485
2472
1485
1511
1511
2540
1514
88
1514
1515
1516
1517
1518
1519
1520
1521
1522
1523
1524
1525
1526
1523
1530
1529
2672
1582
1528
5458
2731
102
1533
54
1421
51
1538
1544
1541
95
1587
1542
98
1545
1548
1552
38
1549
3591
1553
1554
1555
1556
1557
1558
1559
1560
1561
1563
3588
106
1565
1566
109
109
1567
1570
1571
3304
1571
68
33
1579
1578
1371
1579
1583
1583
1582
1583
1581
114
1581
1587
1588
843
1590
1591
1592
1593
1595
1598
120
1597
1598
1599
1600
1601
1602
1603
3627
1605
3627
1607
1608
1609
1610
1611
1614
1613
2644
132
1616
44
1618
1619
1620
140
1624
140
1627
2254
142
3012
2250
1630
2346
147
1632
146
1639
1639
1639
1641
3188
3186
3187
3195
1335
5744
473
2289
473
3094
1648
1649
1650
1651
1652
1652
1654
1655
3335
27
743
3750
3166
3165
3166
3164
1664
1664
1666
1667
1668
1669
1670
1671
1672
1673
1674
1679
168
1675
1118
1679
1681
1848
4163
1683
1684
4819
1686
1012
1688
1689
1690
1691
1693
4168
1694
176
4011
4011
4011
4014
976
4011
1716
4012
3970
4014
1702
4846
4014
251
1711
4256
252
4848
4856
4856
5427
4856
1153
183
4848
183
183
5248
5250
1942
1204
1730
1727
277
5289
221
4350
4351
1724
1785
4371
1739
4373
1907
4371
1741
1742
1741
206
1745
1746
202
1748
1749
1750
1751
1799
1753
1754
1754
1756
1757
1758
1762
1759
211
5461
1766
1764
1088
1968
1767
1768
214
1767
1728
198
1728
196
1777
1776
4439
1778
1779
1780
1781
4369
4369
193
193
4367
4367
4367
1795
218
1794
1795
4368
4368
4368
5317
1796
4446
1801
1804
1975
301
4372
1092
1805
1806
1807
1808
1809
1810
1811
1812
1813
1814
1815
1109
1817
1817
5311
229
1821
1822
1823
4084
5766
5764
1827
1828
1829
4148
5785
4083
1833
1834
1835
1836
4627
233
233
233
1838
5775
4146
5738
4818
4100
4817
1849
235
235
1717
1029
1714
5420
1855
1856
1857
1858
1859
1860
1861
1862
1863
1864
1865
1866
1867
1868
1869
1870
1871
1872
183
4848
183
183
4011
183
252
4259
4197
1882
1882
1884
1885
1886
1887
1888
1889
1890
1891
1892
1897
262
1893
265
4341
1902
1899
1898
284
4391
5459
1788
4444
1909
1909
1782
1783
200
1912
5290
260
1911
1915
263
1917
1918
201
1920
1921
1922
1923
1924
1085
5268
1927
197
215
1928
5284
1936
273
1932
5258
5269
276
5287
1938
276
1942
5249
1941
1944
194
1947
1725
1723
1948
1951
1965
1952
1953
1954
1954
1956
1957
1958
1959
1960
1961
1962
1963
1964
1965
287
1967
1778
295
1970
1971
1972
1974
5310
1978
300
299
4363
1743
207
1981
1982
1983
1984
3934
305
3934
1985
1991
308
4700
1991
1993
1994
313
1996
1997
317
317
2003
2004
317
317
317
1691
5729
978
4784
978
978
2011
2012
2013
2014
4294
188
4294
4229
1059
1059
1059
4850
4871
4873
4871
151
3186
151
151
151
2003
2023
2003
2034
2720
2036
3577
2629
2040
2108
2041
2039
330
2044
2045
2046
2047
2048
2051
336
3291
2052
2053
2054
2055
2056
2057
2058
2059
2060
2061
2062
2063
2064
2065
2066
2067
2068
2069
2070
2071
2072
2073
2074
2075
2076
2077
3351
3351
3353
3351
3351
2083
2084
3358
2083
2087
2088
2089
2090
2091
2092
2093
2094
2095
2096
2097
2098
2099
2100
2103
372
2103
2101
2086
358
2107
2110
374
2110
375
2112
2113
2114
2115
2118
2118
2130
379
2116
2122
2122
2123
2121
377
2120
2126
2129
2117
2131
2131
0
2130
2134
2135
2136
2141
388
2137
2433
3103
394
2144
3006
3023
2145
2149
4
3053
3073
2150
2152
2153
2154
2155
395
2159
2146
3022
2160
2161
2160
405
2164
2165
2166
2167
2168
2169
2170
2195
2172
2173
2174
2175
2176
2177
2178
2133
2133
2179
2182
2183
2184
2185
2186
2187
2188
2189
2190
2191
2192
2193
2194
357
2082
424
2078
2202
2199
2201
2202
405
2207
2204
429
3012
22
2284
3189
696
152
3189
2210
2212
2213
2210
148
2768
632
2220
436
3138
3144
460
3192
3144
3140
2770
2232
3142
3141
2236
2233
447
3082
3081
2951
450
2951
2240
439
2259
2258
2223
2222
2247
2248
2249
2288
3181
2288
2288
3180
2027
326
2026
2027
2261
2027
3139
473
473
473
2252
457
3017
2242
2243
3024
2245
2246
2225
2225
2274
2277
1628
469
2280
469
3116
2281
28
28
471
2953
473
3181
3184
470
3118
2291
2282
2296
476
3124
2294
2299
2938
2300
2301
2302
2303
2304
2305
2306
2307
2308
2309
2310
2314
2311
502
2342
2315
2316
2317
2318
2320
2320
488
2319
2323
2324
2325
2326
2327
2328
2332
2329
496
3121
3099
2334
2335
2336
2337
2338
2339
2340
2341
2345
501
503
2867
2347
2881
504
2349
144
2970
2352
2353
5576
5575
5512
5516
5490
5513
5515
5510
5491
5521
5519
5522
5474
5503
5475
2369
5790
2371
5791
2373
2371
2368
5714
5789
2380
2380
3061
2384
507
2381
2855
2878
2354
2385
1457
2389
2390
2391
2392
2393
5819
2393
5831
5831
5804
2399
2400
2401
2419
2420
2421
1475
1475
2407
3153
2409
2410
3131
2367
2413
2414
2415
2399
2417
5793
5761
5758
5760
5479
2427
513
2423
2426
2427
2429
2443
17
2428
517
1338
16
2435
14
2437
2438
3153
2440
5806
2441
2442
519
1486
1486
2472
2478
1485
1485
2779
463
2779
2781
2271
2948
2950
2270
462
2949
553
2956
530
2468
2950
680
3038
2954
2956
2954
2955
3744
1362
2521
2269
523
2467
2466
528
471
1486
1486
2478
72
86
2487
2563
2490
2490
3747
2490
527
2499
2459
2458
2810
2513
2513
544
2501
2512
3339
1485
1510
1483
649
2814
2809
2534
4504
2513
552
2517
550
2294
468
2515
2295
3038
3025
452
2812
2812
2812
525
2455
525
525
2458
2459
2458
525
2455
4177
2477
2477
2477
558
2562
2541
2543
2543
2543
2542
2545
2517
2518
2477
2456
562
22
22
1485
2472
532
2475
2574
548
527
2474
2561
2561
2490
2544
467
2565
2576
2586
2576
2478
2587
2815
2587
2452
572
2588
2957
572
3751
3749
1356
2585
2582
1066
4297
576
2818
576
2583
578
2589
3160
3160
1332
3097
2596
2597
2598
2599
2600
2601
2602
2603
2604
2605
2657
2607
2608
2609
2610
2611
2612
2613
2614
2615
2616
2617
2618
2619
2620
2621
2622
2623
2624
2625
2628
2628
2724
2722
2631
1372
1370
2634
2634
2635
2636
2637
2638
2639
2640
2641
2642
2643
2644
2645
2646
55
2649
2984
605
604
1536
1535
606
2657
608
2657
2662
2659
2658
839
3611
2665
2664
2665
836
2667
2671
2669
835
3574
2672
2673
117
2675
2676
2674
2678
2679
2680
2681
2682
3637
2684
2685
602
2687
2688
2689
134
2690
1613
2693
2694
2695
2696
2699
2698
3297
2700
2701
2702
2703
2704
2705
2706
2707
2708
2709
2710
2711
2712
2713
2714
2715
2716
2717
2718
2719
328
3312
111
2725
1573
1573
2726
2727
2728
2729
1424
1424
1540
36
2732
1428
1537
2737
2738
2739
2740
2741
2742
3638
2736
2745
2746
2747
2748
2749
2750
2751
2752
2753
2754
2755
2756
2757
2758
2759
2760
2761
2762
2763
2764
632
2783
2766
3139
2785
2786
2787
2785
2771
2770
2769
441
436
2219
2259
2255
454
442
2230
2776
2787
425
3182
2787
2789
2790
2791
2792
2793
2794
2795
2798
2794
2800
645
3136
646
461
461
2819
2816
2816
2816
2453
2816
2271
2272
3997
461
4000
2779
2781
651
651
651
2820
2821
2822
2823
2824
2828
653
2827
2829
2831
654
2319
490
489
2372
2834
2370
2366
5688
2839
655
2841
2842
2843
2844
2845
2846
2847
2848
2850
2854
486
2383
2852
2853
2837
2365
2376
2858
2859
2860
2861
2862
5514
2358
5713
5710
2868
2870
661
1456
2871
2872
2873
2874
2875
5553
5545
5709
5708
5481
2387
663
2883
664
2885
2886
2886
2888
2889
2890
2891
2892
2893
2894
2895
2896
2897
2898
2899
2900
2901
2902
2903
2904
2905
2906
2907
2908
2909
2910
2911
2912
2913
2914
2915
2916
2917
3740
2919
2920
2921
2922
2923
2924
2925
2926
2927
2928
2929
2930
2931
2932
2933
2934
2935
2936
5706
2940
2939
2941
1466
2078
2942
2944
2945
2946
2947
3024
3026
459
681
3158
3171
3765
2257
3176
433
1636
2240
23
2238
2239
2963
2964
2965
2966
2967
2968
5820
2995
2971
2972
2973
2974
2975
2976
2977
2978
2979
2980
2981
2982
2983
2987
688
689
2997
2988
2989
2990
2991
2992
692
2994
2996
2996
2998
3242
694
3000
3004
3001
389
3008
2330
495
3005
3009
3090
3009
3180
3180
2289
3093
155
155
2287
154
3020
1622
698
139
2205
2030
149
2028
3029
2158
3075
3030
3032
3156
3031
3037
686
3021
3756
2255
3039
3040
3064
3042
393
2143
396
3046
3047
3048
3049
3050
3051
3052
3054
3058
705
3056
3057
3060
706
3086
3061
378
2180
3067
707
700
3753
3071
3068
445
3336
3074
3072
3083
400
495
2120
3077
380
2124
382
3080
3084
3088
710
3086
9
2392
145
3090
427
3092
426
2201
426
3094
3097
3098
2139
3100
3100
3102
3103
3104
3105
3106
3107
3108
3109
3113
702
3109
3107
3114
3115
3078
383
709
709
3120
3122
3123
2395
2127
384
3126
3127
3128
515
3130
1474
3132
3133
3134
3135
2425
514
3139
3185
3146
2200
3095
697
697
2211
2200
3147
3148
3149
3150
3151
3152
3152
2226
3145
2227
715
3155
1485
1485
2472
1364
1360
3174
2578
717
3767
1637
2214
3167
684
1486
72
2575
573
1634
2028
2958
2954
695
3091
2163
2163
427
2230
443
3194
3193
153
3014
3013
3015
3094
3093
3096
3196
3197
3198
3199
3200
3201
3202
3203
3204
3208
722
723
3208
3209
3209
3211
3214
3213
3218
3215
3216
3217
3222
2960
1350
3331
1347
82
3226
3224
3226
3227
3228
3229
3230
3231
3232
3233
3234
3235
3236
3237
3238
3239
3240
3241
713
3243
3244
3245
3246
3247
3248
3249
3250
3112
3251
3253
3254
3252
3255
3257
3258
3259
3260
3261
3262
3263
3264
3265
3266
3267
3268
3269
3270
3271
3272
3273
3274
3275
3276
3277
3278
3279
3280
3281
3282
3283
3284
3285
80
3287
3288
3289
3290
2104
371
3293
3256
3294
332
3297
3298
3299
3300
3301
3302
3303
3304
3305
3306
3307
3308
3309
3310
3311
3312
3313
3314
3315
3316
3210
3317
724
3210
3321
3324
3323
3320
3320
3326
3326
446
3749
3330
3751
3750
1355
1510
1355
382
3337
3338
72
2488
1486
2472
1486
2478
3340
2487
2537
26
2290
2539
3318
3318
742
3354
3355
3356
3357
3327
360
3351
3359
3362
3363
3364
533
560
2568
2557
2591
467
3371
3372
3373
3374
3375
3376
3377
3378
3379
3380
3381
3382
3383
3384
3385
3386
3387
3388
3389
3390
3391
3392
3393
3394
3395
3396
3397
3398
3399
3400
3401
3402
3403
3404
3405
3406
3407
3408
3409
3410
3411
3412
3413
3414
3415
3416
3417
3418
3419
3420
3421
3422
3423
3424
3425
3426
3427
3428
3429
3430
3431
3432
3433
3434
3435
3436
3437
3438
3439
3440
3441
3442
3443
3444
3445
3446
3447
3448
3449
3450
3451
3452
3453
3454
3455
3456
3457
3458
3459
3460
3461
3462
3463
3464
3465
3466
3467
3468
3469
3470
3471
3472
3473
3474
3475
3476
3477
3478
3479
3480
3481
3482
3483
3484
3485
3486
3487
3488
3489
3490
3491
3492
3493
3494
3495
3496
3497
3498
3499
3500
3501
3502
3503
3504
3505
3506
3507
3508
3509
3510
3511
3512
3513
3514
3515
3516
3517
3518
3519
3520
3521
3522
3523
3524
3525
3526
3527
3528
3529
3530
3531
3532
3533
3534
3535
3536
3537
3538
3539
3540
3541
3542
3543
3544
3545
3546
3547
3548
3549
3550
3551
3552
3553
3554
3555
3556
3557
3558
3559
3560
3561
3562
3563
3564
3565
3566
3567
3570
735
3762
3295
3572
39
3576
834
2677
3577
3604
3579
3580
3581
3582
1581
3583
3585
3586
3587
3589
1577
1576
1532
2660
838
3594
3584
3595
3597
3596
3599
3600
3601
3602
3603
113
600
1381
3606
3607
2674
613
3612
3614
844
3614
3615
3616
3617
3618
3619
3621
3621
3622
3623
3624
2636
3626
2684
3628
3629
3630
3631
3632
3633
3634
2734
129
3637
2736
3608
5787
3641
3642
3643
3644
3645
3646
3647
3648
3649
3650
3651
3652
3653
3654
3655
3656
3657
3658
3659
3660
3661
3662
3663
3664
3665
3666
3667
3668
3669
3670
3671
3672
3673
3674
3675
3676
3677
3678
3679
3680
3681
3682
3683
3684
3685
3686
3687
3688
3689
3690
3691
3692
3693
3694
3695
3696
3697
3698
3699
3700
3701
3702
3703
3704
3705
3706
3707
3708
3709
3710
3711
3712
3713
3714
3715
3716
3717
3718
3719
3720
3721
3722
3723
3724
3725
3726
3727
3728
3729
3730
3731
3732
3733
3734
3735
3736
3737
3738
3739
741
3741
3742
2956
3178
29
544
550
550
2292
474
26
683
2959
138
2276
3033
392
3758
3759
3760
3761
2042
3763
3764
1639
5544
152
3601
3769
3770
3771
3772
142
2494
1485
2452
3781
853
3777
855
3844
3782
857
3784
3785
3786
3787
3788
3789
3790
3794
3791
863
4924
3795
3796
3797
3798
3799
3800
3804
3801
870
3804
871
3806
3807
3808
3809
3810
3811
3812
3813
3814
3815
5036
3818
5036
882
3818
3821
3822
3823
3824
3825
3826
3827
3828
3829
3830
3831
3832
3833
3834
887
3836
3837
3838
3839
3840
3841
3842
883
3846
894
3908
895
3848
868
3850
3851
3855
3852
899
3865
900
3860
3857
902
4802
3862
4751
3861
897
3868
904
160
3868
3869
3870
3871
3872
3873
3874
3875
3876
3879
911
912
912
3877
3884
913
4764
915
3886
3887
3888
3889
3890
3892
4708
3891
918
2162
3895
404
403
3901
923
4563
924
3899
3904
3905
3906
3926
3911
927
3910
3911
3913
3913
3912
3915
3916
3917
3918
3919
253
3921
3922
3923
3924
3925
880
3820
3817
921
3897
921
3931
3930
3936
939
4690
940
184
4014
4014
4872
4874
325
1166
3941
315
3941
3942
3943
3953
4823
3953
4473
3995
4828
967
1990
4827
4831
1180
3959
4479
3963
3964
3965
956
3967
959
3971
959
4720
3952
3950
948
4482
3896
920
3976
963
4701
963
4017
4017
314
3951
2004
2002
3989
4823
4823
978
4017
978
3979
3996
3983
3972
3972
961
3975
4002
5449
304
4001
3957
974
4008
4805
974
974
4640
4641
4012
4640
4866
4868
4866
973
4007
4018
4804
4024
4022
4811
4025
4026
4027
4028
4031
983
4034
984
4029
4034
4035
4036
4037
4038
4039
4040
4041
4042
4043
4044
4045
4046
4047
4523
4049
4050
4053
995
4494
996
4055
4056
4057
4058
4059
4060
4061
4062
4063
4064
4065
4067
4788
4068
4069
4070
4071
4072
4073
4074
4075
4076
4077
4078
4079
4080
5589
5661
5654
5620
5623
5722
5723
5591
5627
5628
5629
5592
5633
5611
5582
5649
5768
5610
5798
5741
4096
4098
5794
4090
4106
4106
4107
4108
4109
4110
4111
4570
4113
4114
4115
311
4117
4118
4119
4120
4121
5813
4166
5828
5811
5823
4127
4128
4128
5809
4129
4131
4133
1013
4135
4139
5829
4093
1845
1846
1847
4125
4126
4128
4130
4144
4146
5653
4150
4583
1015
4149
4153
4154
4155
4156
4157
4158
4159
176
5824
4160
4165
4820
4838
4166
4167
4168
4169
4197
1027
4848
4197
183
183
4483
3998
4483
4638
4639
4194
1045
4637
1149
4195
189
4192
4863
1149
4647
4646
4646
4646
4647
4643
1715
5427
4190
4191
4189
4241
5418
4188
4012
4011
4197
4197
4186
4197
4197
4214
4197
4279
4278
1035
4213
4180
4183
4180
1025
5422
4234
4222
4235
4236
183
183
4848
1702
4504
4507
4251
4201
4264
4262
4237
4022
4023
4009
4647
4484
4715
4506
4506
4177
4177
1022
4180
4180
4181
4177
4183
4185
4185
4187
1048
4257
1048
4258
4261
4276
1044
4260
4237
4185
4185
1024
183
4848
4198
4182
4274
4199
4180
1025
4276
4277
4258
1049
4280
4280
4185
1027
4293
4181
4184
4184
4300
4179
1062
4292
1062
1062
247
1710
1064
4297
4298
4299
4301
4301
1067
4303
4304
4305
324
324
4308
4309
4310
4311
4312
4313
4314
4315
4316
4317
4318
4319
5279
4321
4324
4322
4995
1079
4326
4327
4328
890
4330
4331
4332
4333
4335
4337
4336
4340
264
5257
5283
4343
4342
4353
4347
4344
1087
4437
4435
1724
1724
1726
4353
4432
4354
4355
5312
4357
4358
4359
290
4361
4362
4363
4364
1791
4366
4370
1090
1091
4673
267
1903
267
5279
5277
5280
4377
4378
5294
1299
4381
4386
4383
4384
1298
4386
4387
5254
1296
4390
4391
4392
286
4394
4393
4396
4399
4398
5305
4397
4401
4402
4403
4404
1089
4406
4407
4406
4412
4410
4409
4460
1090
4675
4413
4416
4417
4418
4419
4420
4421
4422
4423
4424
4425
4426
4427
4428
4433
4430
4431
1780
4434
4997
195
1941
1941
278
4411
4440
4441
4442
4367
1787
1908
1910
1735
220
1905
4450
4451
4452
4453
4454
4453
4456
4456
4408
4459
4460
4461
4462
4463
4464
4512
4466
4468
4617
1113
4033
4470
985
4475
1115
4485
2788
635
638
4487
4476
4477
3950
3973
960
4481
953
638
3183
4488
4490
1117
4492
4493
2797
2801
643
646
4822
4498
4509
4178
4510
4178
4178
4179
3999
3997
4000
4483
4511
4511
4514
4513
4538
922
4516
1114
4541
4519
4520
4521
4522
4523
4524
4525
4138
4092
4102
4526
5718
4529
4532
1123
4534
4535
4536
4537
4539
4539
4540
4542
4542
988
4544
4545
4546
4549
1127
5322
4550
1128
4552
4554
4554
4086
4087
4088
4555
4559
4560
4561
4562
4564
4564
4565
4566
4567
5589
5725
4081
4569
5765
4573
4574
4575
4525
4577
4575
168
4579
4581
5433
4493
4584
4585
4586
4587
4588
4589
4590
4591
4592
4593
4594
4595
4596
4597
4598
4599
4600
4601
4602
4604
4605
4471
925
4610
4608
1142
5415
4611
4612
4613
4614
4615
4616
3903
4618
4619
4620
4621
4622
4623
4624
4625
4626
5442
4628
4629
4630
4631
3820
4633
4634
4635
4636
4715
4713
1151
1150
4856
4843
4862
2033
944
4861
966
958
4721
4649
3968
4652
4653
4654
4655
4656
4657
5822
5816
4660
4661
4662
4663
4664
4665
4666
4667
4668
4669
4670
4671
4672
4674
4688
4674
1157
4677
4678
4679
4680
4681
4682
4683
4684
4685
1163
4686
4936
4927
4690
4691
4692
4693
4694
4695
4696
4697
4697
4699
4701
4698
4016
4015
2007
4016
965
3992
4709
4712
1167
306
4695
3986
316
3984
4716
4717
4763
919
4004
970
971
4724
5430
4723
1154
3988
4728
4729
4730
4731
3883
914
4732
1883
161
4735
3917
929
4740
4741
4742
4743
4744
4745
4746
4747
4748
4749
4750
3914
4752
5428
1169
4755
4756
4757
4758
4759
4760
4761
4762
4725
4696
3853
898
4765
3858
4768
901
4771
4772
4773
4774
4775
4776
4777
4778
4779
4778
3932
4784
938
3932
4785
4786
4787
3101
4789
4790
4791
4792
4793
4794
4795
4798
4796
5432
4799
4800
4801
1665
903
4767
903
4769
5438
4808
4809
4810
3863
4815
1119
1016
4833
1183
4131
1842
5825
4821
4836
4152
4824
4869
4831
938
936
967
942
4707
936
4499
1677
167
1844
4580
1132
4578
3954
3955
4829
4840
4841
4848
976
4851
4640
4641
1186
1186
4860
5443
3945
2032
4852
4853
5420
4291
1061
1061
2000
2000
4644
4645
1164
4780
404
937
3961
3960
4879
4705
4877
4702
4703
1165
4784
4781
4782
4880
4881
4882
4883
4884
4885
4886
4887
4888
4889
4890
4889
4892
4890
1191
1192
4896
4902
4898
4899
4900
4901
4904
1195
1704
4651
184
4013
4908
4909
4910
4911
4912
4913
4914
4915
4916
4917
4918
4919
4920
4921
4922
4923
4924
4925
4926
1182
4928
4929
4930
4931
4932
4792
4933
4797
4935
4937
1162
4936
4939
4941
4942
4943
4944
4945
4946
4947
4948
4949
4950
4951
4952
4953
4954
4955
4956
4957
4958
4934
4959
4687
1158
4963
4964
4965
4966
4967
4968
4969
4970
4971
4972
4973
4974
4975
4976
4977
4940
854
4978
1158
4982
4983
4984
4985
4986
4987
1841
4989
4990
4991
4992
4993
4994
4995
4346
4346
4998
4999
5000
5001
4895
1192
5004
5002
5006
5007
932
4891
5009
5011
5012
5014
1212
5015
188
1874
5426
4014
1881
5022
5023
4737
4197
4186
4197
4186
4197
4848
4196
1851
237
5034
251
979
5005
1211
5005
5039
5040
5041
5042
5043
881
5044
5038
5047
5048
5049
4187
4187
4202
4255
5054
5055
5056
5057
5058
5059
5060
5061
5062
5063
5064
5065
5066
5067
5068
5069
5070
5071
5072
5073
5074
5075
5076
5077
5078
5079
5080
5081
5082
5083
5084
5085
5086
5087
5088
5089
5090
5091
5092
5093
5094
5095
5096
5097
5098
5099
5100
5101
5102
5103
5104
5105
5106
5107
5108
5109
5110
5111
5112
5113
5114
5115
5116
5117
5118
5119
5120
5121
5122
5123
5124
5125
5126
5127
5128
5129
5130
5131
5132
5133
5134
5135
5136
5137
5138
5139
5140
5141
5142
5143
5144
5145
5146
5147
5148
5149
5150
5151
5152
5153
5154
5155
5156
5157
5158
5159
5160
5161
5162
5163
5164
5165
5166
5167
5168
5169
5170
5171
5172
5173
5174
5175
5176
5177
5178
5179
5180
5181
5182
5183
5184
5185
5186
5187
5188
5189
5190
5191
5192
5193
5194
5195
5196
5197
5198
5199
5200
5201
5202
5203
5204
5205
5206
5207
5208
5209
5210
5211
5212
5213
5214
5215
5216
5217
5218
5219
5220
5221
5222
5223
5224
5225
5226
5227
5228
5229
5230
5231
5232
5233
5234
5235
5236
5237
5238
5239
5240
5241
5242
5243
5244
5245
5246
5247
1204
5437
1204
4980
5252
5253
5255
5292
1295
5258
5285
1086
5261
5300
5262
5260
1954
5264
5266
5267
1895
5271
279
1949
1900
5273
5274
5275
5265
5277
5263
5277
5280
5281
5282
274
1939
1946
199
1733
282
282
1770
1304
4393
1100
5296
5295
5297
5299
5298
5299
5301
5301
5302
5303
5303
5304
1306
5307
4355
5309
5310
4400
5312
5313
5314
5315
5316
1910
4447
5319
1092
4447
4091
5323
5324
5325
5326
5327
5328
5329
5330
5331
5332
5333
5334
5335
5336
5337
5338
5339
5340
5341
5342
5343
5344
5345
5346
5347
5348
5349
5350
5351
5352
5353
5354
5355
5356
5357
5358
5359
5360
5361
5362
5363
5364
5365
5366
5367
5368
5369
5370
5371
5372
5373
5374
5375
5376
5377
5378
5379
5380
5381
5382
5383
5384
5385
5386
5387
5388
5389
5390
5391
5392
5393
5394
5395
5396
5397
5398
5399
5400
5401
5402
5403
5404
5405
5406
5407
5408
5409
5410
5411
5412
5413
5414
1210
5416
5417
4863
4864
5427
5423
4263
4263
4020
4281
187
4855
4650
1988
5429
5430
4734
4101
5434
5435
5436
3779
5810
5439
4105
1998
5726
325
5444
5445
5446
5447
5448
1989
4011
4187
183
4184
5454
5455
4346
212
1424
1786
5460
212
5462
1755
5463
5465
5466
5467
5468
5468
5470
5471
5472
5473
5502
5574
5541
5696
5697
5543
5543
5494
5577
5538
5524
5556
5497
5508
5487
5527
5492
5550
5549
5559
5578
5572
5555
5763
5571
5508
5501
5563
5496
5501
5700
5508
5507
5497
5757
5525
5571
5526
5525
5526
5534
5492
5527
5530
5529
5485
5530
5557
5573
5554
5551
5504
5506
5507
5504
5493
5493
5493
5507
5507
5532
5533
5527
5533
5547
5548
5476
5541
5697
5702
5543
5565
5577
5558
5558
5558
5558
5556
5571
5494
5495
5562
5559
5555
5559
5699
5572
5477
5478
5476
5579
5580
5578
5578
5494
5564
5499
5505
5698
5555
5540
5580
5570
5528
5756
5578
5578
5664
5670
5651
5736
5585
5782
5730
5587
5683
5685
5646
5638
5667
5733
5614
5608
5635
5600
5658
5594
5606
5605
5734
5603
4142
5606
5602
4142
5666
5604
5666
5672
4143
4143
5771
5614
5614
5679
5678
5596
5679
5643
5634
5645
5597
5600
5600
5640
5648
5660
5601
5665
5593
5614
5608
5614
5613
5657
5656
5657
5614
5615
5595
5617
5616
5636
5642
5656
5670
5736
5736
5586
5587
5675
5684
5606
5606
5615
5667
5667
5684
5602
5668
5665
5668
5669
5606
5778
4807
5735
5672
5735
5586
5605
5687
5675
5675
5770
5732
5772
5663
5672
5673
5674
5678
5605
5731
5502
5475
5540
5691
5693
5694
5694
5694
5695
5696
5478
5560
5497
5508
5578
5543
5745
5745
5745
5479
5565
5576
5577
5489
5537
5531
5521
5523
5612
5611
5632
5631
5648
5623
5619
5607
5676
5683
5653
5729
5729
5729
5783
1690
4125
4143
4807
4145
4144
5736
5799
5799
5799
5737
5584
5670
1333
1333
5704
5744
5738
5775
5575
5576
5512
5489
5490
5491
5508
5497
5478
5696
5694
5694
5479
5560
5607
5676
5623
5618
5649
5612
4125
4126
4145
4144
5799
5799
5654
5653
5438
5578
5780
5781
1690
1689
5784
5784
5729
5521
5500
5474
5540
5475
5792
5695
5627
5628
5632
5611
5650
4144
1335
1691
5821
5802
2405
5805
5804
5807
5808
5809
4119
4115
5812
5814
5814
5815
5815
5817
5818
5819
5802
5821
5816
4116
4123
4122
2396
2411
5813
5828
2406
2406
5834
2378
5440
169
2378
1642
4011
4011
3163
3163
3163
4011
183
2486
1485
4011
22
4011
