2122
1310
381
1313
2149
3108
3054
3151
2883
3087
10
11
12
1329
14
15
16
17
2240
1661
3175
2951
2953
2951
2238
1661
2535
2286
3171
2956
28
3175
32
33
1377
1398
1378
2630
1532
2729
3612
2688
1386
134
43
1435
2748
1417
1407
1414
50
1419
1425
1431
1424
1427
1384
3632
3634
617
617
2727
63
127
2747
65
5820
67
68
69
70
2469
2470
73
74
75
3278
2699
78
79
80
81
2286
2240
28
2240
2464
3365
88
89
90
91
2875
1520
2873
1410
1587
1525
1523
3602
1558
2646
1538
1527
2621
1568
3590
1562
1566
3605
1570
3305
1575
2724
115
2672
2624
2635
1448
1617
2682
2689
2689
1415
1388
1401
1402
5472
1611
2733
2652
2734
2735
3638
1612
2644
3608
137
2265
1624
456
3190
1646
2992
143
145
2881
2940
151
436
326
3185
3186
3193
3193
3093
1655
2929
1663
3166
3867
4736
162
163
164
165
166
4576
4048
1836
4746
4308
1687
1684
4835
5829
4130
1019
1695
1154
1154
2021
1154
4649
1154
4726
1154
3938
4650
4843
4720
2021
2021
1783
1948
1725
1774
1773
1780
1733
1908
1922
4399
5304
1752
5468
1743
1973
1755
5464
1770
1761
5461
214
5308
4352
1904
1795
4415
4366
1791
1731
4458
1958
223
1813
224
1109
229
4359
228
5007
1841
3779
234
4164
1186
4642
3850
239
1855
241
242
243
244
245
246
4648
2021
1154
4726
185
1704
3919
254
255
256
257
258
259
1913
1917
1912
1914
1895
1897
4391
1906
1918
5277
1920
1924
1935
1933
1930
4340
1937
1729
278
5269
5285
221
4447
5294
1954
5293
5255
5297
1746
1962
5302
290
5312
227
230
1968
1803
205
1799
1975
4403
206
293
303
3937
3936
4712
305
3935
4078
4080
4115
312
4072
2024
4872
325
4873
4017
4865
4865
321
322
1060
4726
4702
632
4875
2626
2034
330
331
332
333
334
335
336
337
338
339
340
341
342
343
344
345
346
347
348
2072
2070
2967
3248
2899
2074
2076
3273
2078
358
359
2081
361
362
363
3827
3826
366
367
368
369
370
371
372
373
374
375
376
2126
2120
380
709
382
448
469
3125
2128
2118
387
3092
2138
390
391
2146
2144
3007
3022
2151
3073
2153
2155
3021
401
2161
3898
3896
405
406
2762
2302
2871
410
411
412
413
414
3062
2179
3052
418
419
420
421
422
423
2942
3182
2199
2202
429
3010
1350
3187
1638
2030
1634
148
2767
1115
4823
437
2211
2769
2774
2228
3140
3328
1659
1359
447
3031
3157
966
4482
2221
3989
2249
473
2289
1647
2223
696
4647
4483
3972
1151
2216
2274
3747
2498
2515
558
3171
2951
3094
537
4225
4237
2964
2963
2299
2312
1632
2307
2301
2935
2346
2344
2841
655
488
487
491
492
493
389
2330
496
497
2335
2334
3058
2385
2382
2857
1466
2353
5802
659
5837
2880
2410
1330
2415
4150
4152
515
2426
517
2439
519
572
3175
464
4483
1149
1149
2270
461
523
3178
463
2956
2454
522
2240
1362
531
3744
2459
2492
650
2458
2812
4223
2522
4198
3175
4183
2812
4223
2500
2497
4224
2779
4183
2812
4183
2458
2493
2492
2818
2458
2818
2588
3165
4510
4300
525
4511
2817
570
1662
682
2957
1657
5845
451
578
1066
2593
1554
2597
2599
2617
1493
38
2603
1495
2607
608
2719
2721
592
2711
1547
1556
1564
99
2627
111
1578
2634
2637
1375
2649
3295
1533
1540
608
1541
2658
844
624
59
124
3637
1418
2695
2707
2704
596
1399
622
622
5462
625
626
627
628
629
630
2850
2782
4486
2785
4487
4479
3962
4867
639
640
1319
2792
4496
4495
645
4498
1022
4301
4189
4242
1151
652
654
2321
2377
2836
657
658
2360
2925
2386
2926
1465
510
665
2975
2897
2902
2904
2907
2973
672
673
674
675
3374
677
678
679
2242
684
2777
682
2256
2961
3756
687
3256
2987
2991
3254
3060
2998
694
3091
3195
3188
3754
699
700
701
702
703
3071
3072
706
707
3214
2282
710
3146
712
713
3135
2218
573
3158
718
719
720
721
722
723
724
725
2960
727
728
729
730
731
732
733
734
735
736
737
738
739
740
741
742
2480
1362
2576
746
3369
3372
749
750
751
752
753
3647
755
3395
3663
3698
3397
3699
3401
3653
3406
3411
765
3702
3414
3704
3418
770
771
772
773
774
3427
776
777
778
779
780
781
782
783
784
785
786
3541
3453
3521
3517
3457
3459
3462
3667
3658
3467
3519
3472
3524
3477
801
802
803
804
805
806
807
808
809
810
811
3505
3665
3669
3507
3656
3512
3718
3720
3722
821
822
3538
824
3546
3735
3565
3551
3732
3555
831
832
833
1443
834
3618
837
114
114
1608
3609
842
1408
3611
2689
846
3660
848
3678
3681
3684
852
4936
4940
3781
3800
3783
3790
3785
4970
4976
4945
3793
3795
3798
866
867
4934
3802
3801
4933
872
873
874
875
876
877
878
879
3820
5036
5037
3819
5042
3822
5048
887
888
889
890
891
892
893
3846
4797
4960
3864
4766
3854
3856
5021
3859
4805
3866
905
3872
4158
1017
4787
910
911
912
913
914
915
916
917
3891
5432
4066
3976
922
923
924
925
926
4798
3908
3917
4900
4612
3925
3923
4915
4911
3929
4778
4868
4690
4694
4726
964
3996
4830
3994
307
317
2003
1986
4825
4781
4878
3958
1177
3967
5014
4905
1167
5430
315
3946
4790
939
4701
4865
3941
3980
4854
1152
4711
4003
251
979
4010
4279
4721
1154
4698
941
980
981
982
983
984
4032
986
987
4039
1995
4531
4050
4108
4547
4785
4051
4832
4056
4808
4771
1000
4062
1002
1003
1004
4559
4040
1007
1008
4561
1834
4112
4133
4581
4101
167
4815
4120
4134
5810
1186
2021
1153
4645
4856
5427
4863
4842
4855
4842
1715
4193
3970
3970
3968
4196
1714
4185
5418
1715
4215
2021
4188
1035
1035
4853
5418
1715
251
1880
1061
1714
1186
1061
1060
4187
4193
1062
4859
4724
4726
971
1184
4905
1069
1039
1038
4853
5029
4753
4311
1071
1072
1073
1074
1075
1076
1077
4327
1079
4431
1081
1082
4333
4335
1926
5257
4344
1763
286
4414
4370
5320
1739
4376
1095
4386
5267
4384
289
1295
225
226
1103
1104
4336
1900
1107
1108
4400
4412
1111
1112
1113
4472
4870
4831
4517
4520
4816
1120
4546
4109
5322
4526
1125
1126
4558
1128
1129
1130
1131
4577
1133
1134
1135
1136
1137
1138
1139
1140
4610
5008
4633
1144
1145
1146
310
4791
4852
971
3945
946
1184
4723
1169
1156
4674
1158
1159
1160
4682
1162
4689
4697
963
3993
4708
4716
4763
4728
4733
1173
4729
1174
4749
4754
4755
4804
4776
4784
1181
4801
4837
949
1059
5431
4881
4918
4923
4883
4910
4890
4919
4887
4753
4966
4928
4964
4968
5416
4943
4972
1203
5251
1205
1206
1207
4999
5001
5003
5004
4650
3970
4849
5040
2016
1217
1218
1219
1220
1221
1222
1223
1224
5340
5357
5081
5083
5359
5086
1231
5093
5361
5098
5112
5102
1237
1238
1239
1240
1241
1242
1243
1244
1245
1246
1247
1248
1249
1250
5137
5374
5373
5139
1255
5342
1257
1258
5155
5377
5379
1262
1263
1264
1265
1266
1267
1268
1269
1270
1271
1272
1273
1274
1275
1276
1277
1278
1279
5199
1281
1282
1283
1284
1285
1286
1287
1288
1289
1290
1291
1292
1293
1294
5256
1296
5262
4385
4379
4381
5275
1302
1303
1913
5303
1297
1307
3115
3115
3048
2122
1314
4
1314
1312
1318
1316
3053
2888
664
2887
516
3149
1324
1325
1326
1327
1328
1329
1328
1331
1332
5821
2400
5802
1336
1337
1338
1339
3164
3164
1661
3164
2951
2951
2951
2951
2953
2238
2240
1661
1661
1660
1661
2473
3163
2286
3745
2536
683
683
2956
683
3171
2286
2286
3164
3175
1369
1370
1371
1369
110
1373
1376
3608
110
2631
2630
2632
600
131
1386
1382
2653
3635
2692
2690
43
2692
5462
1607
1607
2688
1395
1396
1433
603
1399
2749
2749
2747
2749
1603
1603
2633
1406
116
1405
116
1407
1374
1412
34
1416
1610
128
1416
50
2631
1420
50
1419
1422
2650
1432
52
1432
1431
52
2651
1424
3636
129
133
2743
1436
1435
1615
3633
3633
2751
3632
2694
616
3629
3630
617
1607
5462
124
5462
1401
3634
3634
5752
2354
5754
1459
1460
1461
2378
2422
5803
2969
144
1468
5836
2970
1470
1471
1472
1473
1475
1475
1474
1479
3150
2411
1480
1481
1482
2577
2577
3752
2468
1487
1488
1489
1490
1492
3297
77
1491
76
1496
1497
1498
1499
1500
1501
1502
1503
1504
2286
2286
2286
2286
1363
1360
2464
1512
1513
3046
1515
1516
1517
1518
1522
92
1519
2875
100
1525
1559
1561
1526
1529
2728
101
1528
39
1539
51
1538
102
5458
37
1421
1379
97
1524
1410
1588
98
1527
98
1544
3591
1552
584
3573
597
1557
3587
99
99
1560
1558
3603
108
1563
3588
106
1562
105
109
109
1567
3606
1571
1572
1573
1574
1579
1579
1577
1578
1579
615
615
2673
615
1582
115
1582
1588
2624
1408
1444
1445
1446
60
1617
44
44
1617
2682
2683
115
128
1417
2716
1616
124
1389
1402
124
1402
1399
35
132
1614
2647
2736
1388
1388
1618
1619
1620
2253
1628
2254
458
3016
3016
457
3013
504
2882
2938
2348
2347
2027
3138
2261
2027
3186
3139
151
3186
5802
5802
3096
3193
3096
3096
2620
2623
1651
2622
1654
1654
2928
157
2592
2592
579
2592
570
570
570
1662
1665
4802
1666
1667
1668
1669
1670
1671
1672
1673
1674
4525
991
4579
168
4523
173
173
1687
1686
174
4818
1685
1688
4136
4106
4750
5822
4166
4121
4167
4123
1154
1154
1154
1154
1154
1154
4649
1154
4726
1060
1060
4726
1154
185
4651
3938
4648
4650
4722
4722
4721
4722
4842
1154
2021
1154
1154
4351
4350
194
1724
1728
1771
197
1727
196
282
5287
282
1910
1737
204
205
1740
204
302
1980
1756
1981
202
4398
4397
202
209
5473
1750
1753
4459
1821
1757
1823
1818
1822
4334
4334
1105
1760
1767
1768
1764
1767
1769
4355
5291
1769
1772
4432
215
198
292
4439
4440
213
1776
295
1776
1909
1788
267
1784
4443
217
1794
1790
4441
219
218
218
1792
218
1797
5471
1796
222
1752
4406
4458
1800
1800
4357
1958
4357
4358
4404
1812
1806
1960
4405
1747
1745
1747
5311
1819
291
4362
1817
1820
1816
4556
1824
4570
1828
1882
1829
1147
1836
1837
1835
1834
1835
310
1833
5437
1840
5437
234
5670
5672
5671
5743
4095
5649
1682
4163
1682
958
959
958
958
1856
4584
1857
238
1859
1860
1861
1862
1863
1864
1865
1866
1867
1868
1869
1870
1871
1872
1154
2021
1154
1154
1154
1154
3969
1704
3969
253
3920
5015
1885
1886
1887
1888
1889
1890
1891
1892
1894
1911
263
1893
262
1901
1898
201
1955
1952
1092
1905
4448
4372
4371
1907
1903
4373
1769
1769
261
1918
4426
1915
1917
4425
1922
1919
1922
269
1927
1083
1923
268
4426
1929
4341
265
1928
1934
274
5283
275
1932
1939
277
5284
273
1941
1942
1943
1944
1949
5270
1947
199
5271
283
1966
1951
1956
1299
1299
4379
4394
4394
1959
1959
5309
5299
1962
287
1966
5296
1964
213
1763
1768
1745
1748
1815
1971
1976
4403
1801
1976
1756
1972
1756
1982
1983
1984
940
940
940
3937
3935
3935
3936
3934
1993
1994
313
1996
1997
325
4872
325
2024
4871
1166
4871
5832
1147
4865
4866
4865
4017
2011
2012
2013
2014
5428
4307
1176
4753
4723
4726
4723
4724
1166
1166
4704
3139
632
3139
3138
2768
4874
4874
3944
598
2038
2037
3578
2626
2039
2040
2041
2042
2043
2044
2045
2046
2047
2048
2049
2050
2051
2052
2053
2054
2055
2056
2057
2058
2059
2060
2061
2062
2063
2064
2065
2066
2067
2071
2068
351
3247
352
2077
353
2073
356
3375
2081
2078
2080
3351
2081
2083
2084
2085
2086
2090
2088
364
3825
365
2092
2093
2094
2095
2096
2097
2098
2099
2100
2101
2102
2103
2104
2107
2106
3842
2108
2109
2110
2111
2112
2113
2114
2115
3077
377
380
3079
3077
3080
2124
3081
3082
2127
383
3124
384
2125
2119
379
2119
2116
0
2131
2136
2137
388
2137
2140
2141
2145
2142
394
3023
395
2150
2147
397
3076
393
1315
5
2152
3
2159
400
2156
3019
2162
403
2162
3895
2160
408
2166
2303
2306
2169
2170
2171
2172
2173
2174
2175
2176
2177
2178
2117
2117
2180
2133
386
2182
2185
417
2187
2188
2189
2190
2191
2192
2193
2194
2196
3359
2195
2079
405
2203
2199
405
2163
3012
1627
3010
3180
2238
2238
1639
3187
1639
1641
2029
149
148
2028
326
4473
4475
4823
947
2767
1640
3190
1640
2210
441
2773
2229
2232
2770
3332
3329
3335
474
2234
450
3032
2952
2239
3985
960
3952
3951
3987
2164
2247
402
155
2289
1647
1644
155
2220
2219
436
2220
437
2765
2765
3096
3096
1647
3013
3014
3189
961
4484
3975
3974
1151
3143
432
2227
141
3191
2545
544
2546
551
2544
2953
2953
2951
681
3094
3094
3093
2563
2538
1511
2491
549
4264
2518
543
477
2939
2964
2300
481
2304
1633
2308
2305
483
479
2316
2309
2867
2345
503
2869
478
2318
2298
2966
2839
2839
2840
2320
2841
2324
2325
2326
2327
2328
2333
494
2329
2332
3099
2338
6
2334
2338
3054
2339
2340
2341
661
2387
507
2870
2882
663
2941
499
2349
2992
2337
499
5545
5744
5553
5482
5513
5482
5712
5709
5517
5519
5713
5714
5522
5502
5475
5691
5690
5792
5503
5781
2369
5791
5755
2363
2996
2996
2996
2855
2857
2855
2856
508
1463
1467
2878
2392
9
2391
3088
2393
2394
2395
2396
2397
2398
5818
5807
2401
2402
2403
2404
2405
2406
2409
2407
2413
512
2411
2366
2414
2414
1477
2399
2401
2418
2419
2420
2421
2380
2424
4149
514
515
2423
2428
2429
2430
2431
2432
2433
2434
2435
2436
2437
1331
511
2440
2441
2442
2443
2444
573
573
3175
572
717
717
968
3998
968
1149
3999
2268
2268
2272
2815
462
553
2949
2471
3178
2271
463
2781
2950
680
2950
2779
3752
3179
2451
524
2455
2452
530
2466
2951
1361
1361
1362
1361
1360
1360
529
557
528
2459
2530
2811
2811
527
2810
650
2523
2523
2814
4508
4243
3164
3164
3164
3165
4507
4506
650
4302
4182
545
4223
545
2500
2501
2497
2501
4224
2781
2781
4483
4507
1026
4506
4506
2812
4506
4183
2810
2458
2810
4506
2812
4183
526
526
2460
541
2494
541
2493
540
2499
540
2500
545
4223
2466
522
576
2240
2240
2286
28
2811
2810
527
2819
2810
2458
2499
3746
2530
2492
2489
536
576
2818
576
2588
651
4511
651
2455
576
2818
2954
2588
159
3333
3160
4503
566
4298
1042
651
4511
452
2806
2584
2555
571
571
2594
2595
2618
2715
2596
2617
595
1494
1551
587
2655
2604
1595
2656
2608
2718
2610
2609
590
2613
2615
2712
1555
103
1553
2710
107
3602
1565
1564
49
49
2628
113
2723
2722
2632
1372
1372
49
1413
1602
47
123
2746
2746
2745
63
1442
2689
55
2646
55
1428
2650
605
3571
2648
1535
2732
1536
1595
608
1595
3612
3615
3612
114
3612
2681
2679
3621
122
2667
95
1543
1590
1589
2645
135
2636
1448
1409
2636
2687
2688
2687
2687
43
1613
2683
61
2635
1401
1400
127
1439
1438
134
621
2696
621
621
2651
2697
604
2709
2709
2707
2708
841
2705
2706
2668
96
1542
1546
1648
5460
1650
1557
104
1413
2036
2721
2036
2629
2629
111
2725
2725
1573
1416
1415
53
2698
1423
1423
1379
36
2733
54
1537
2737
2738
2739
2738
619
622
130
2654
2751
2751
45
5465
2748
621
2750
621
2753
2754
2755
2756
2757
2758
2759
2760
2761
480
486
2763
4475
4485
4486
633
635
2771
2788
1116
2772
4477
950
4480
947
3990
3974
3973
4714
4481
2776
953
638
2787
3183
4488
2791
4490
2891
641
2793
2794
643
2796
4494
2798
2799
2800
4497
1067
4301
1067
4177
4177
1022
525
4176
3999
4000
4639
4178
4240
4484
4647
1067
3975
4301
2820
2821
2822
2823
2828
2832
654
2824
490
2319
489
2320
487
488
2838
2412
2370
2365
5715
2835
655
656
2842
2843
2844
2845
2846
2847
2848
2853
2852
502
2384
2381
2383
3640
2376
2865
660
2874
2872
146
1630
2357
2359
2358
2876
2388
509
2385
2863
482
2310
662
2926
662
5708
5706
2877
3766
2355
1467
1466
2889
2889
2889
2885
2884
3152
2890
3758
2427
4583
2893
2894
2895
2900
666
2896
588
3760
2598
581
2901
582
2908
2905
671
2983
2909
2910
2911
2912
2913
2914
631
2916
2917
2918
2919
2920
2921
2922
2923
2924
484
2936
2927
2930
676
3654
2931
2932
2933
2934
2318
2935
2379
505
2971
505
2350
2079
2942
2944
2945
2946
2947
451
2243
2246
3158
3170
3170
2244
2245
452
3026
453
449
2241
2962
3033
2965
498
3102
399
2154
398
2993
2994
2336
2740
2702
2972
623
593
2977
2978
2979
2980
2981
2982
2700
2985
3294
2984
688
2990
2988
3253
691
500
500
3058
2994
2994
2999
694
3255
2997
3008
3004
2138
3008
3002
3005
428
3009
3090
695
2288
3181
3194
3194
3195
3195
153
3014
3020
138
698
139
2205
438
2778
2222
3027
3028
3029
3030
3156
715
2275
698
3037
3034
3755
454
3039
3040
3041
3042
2143
392
3045
3047
3338
2123
3049
3050
3051
704
3055
3055
3072
3086
3086
705
3059
3060
3056
377
385
3064
3065
3066
3067
3068
3069
708
445
495
495
3074
3075
3006
3116
2281
3118
3119
2236
2291
3083
3084
3085
3060
706
3088
3089
2248
427
455
426
426
2200
3095
3097
3098
2139
3101
4788
1317
3103
3104
3105
3106
3107
712
3109
3110
3111
3112
3113
3114
2121
2279
2294
467
2293
3120
3121
3122
3123
2295
476
3126
3127
3126
3129
3130
3131
3131
3133
3134
518
3137
4822
2766
2783
634
2786
3141
152
1641
1638
425
3147
3128
714
3132
3153
2408
2408
3767
1637
2214
3167
3168
717
717
3175
2951
3752
717
573
3166
1636
2255
3177
3176
2958
2577
2577
572
3170
2259
2260
2780
2955
3181
3184
404
3897
2201
442
2230
443
2231
3188
3188
3187
3187
711
3142
444
3196
3197
3198
3199
3200
3201
3202
3203
3204
3205
3206
3207
3208
3209
3210
3211
3212
3213
707
3215
3216
3217
3219
3753
685
3218
2241
24
3224
3225
3226
3227
3228
3229
3230
3231
3232
3233
3234
3235
3236
3237
3238
3239
3240
3242
3242
3241
3244
3245
3246
2989
690
3249
3250
3251
3252
3243
693
3255
3256
3257
3258
3259
3260
3261
3262
3263
3264
3265
3266
3269
3267
3277
3268
3270
3271
586
3272
3275
3276
3000
689
3279
3280
3281
3282
3283
3284
3285
3286
3287
3288
3289
3290
3291
3292
3293
3294
3295
3296
2986
3298
3299
3300
3301
3302
3303
3304
3305
3306
3307
3308
3309
3310
3311
2629
3313
3314
3315
3316
3317
3318
3319
3320
3321
3322
3323
3324
3325
3326
3327
3221
3222
3330
1349
1354
1350
23
2284
2237
3336
3337
1361
2462
1361
3175
1361
1362
2578
3174
2576
2445
3350
2550
3351
3351
3353
3354
3355
3356
3357
3358
3360
3360
3361
3362
3363
3364
526
526
2587
2586
2549
2590
2069
349
3371
350
2605
3376
3377
3378
3379
3380
3381
3382
3383
3384
3385
3386
3387
3388
3389
3390
3391
3392
3393
3396
757
3700
758
3394
3400
3697
760
3399
3404
3662
3403
762
3410
3408
3409
3650
763
3413
3701
766
3412
3417
3703
768
3416
3420
3421
3422
3423
3424
3428
3425
769
3688
3429
3430
3431
3432
3433
3434
3435
3436
3437
3438
3439
3440
3441
3442
3443
3444
3445
3446
3447
3448
3449
3450
3452
3540
787
3451
3456
3520
790
3455
789
3463
3460
794
3716
3465
3666
3464
795
3470
3468
3657
3474
797
3471
3516
3476
3527
799
3475
3482
3480
3479
3523
3483
3484
3485
3486
3487
3488
3489
3490
3491
3492
3493
3494
3495
3496
3497
3498
3499
3500
3501
3502
3503
3506
813
3668
814
3504
3510
3664
3509
816
3514
3655
3513
3518
818
3719
819
3522
815
3717
3525
820
3723
3526
3528
3721
3529
3530
3531
3532
3533
3534
3535
3536
2898
667
3537
1653
156
3274
3542
3547
3544
826
3734
827
3552
3549
829
3737
3556
3553
823
3731
3557
3558
3559
3560
3561
3562
3563
3564
668
3566
3567
3568
3569
3570
3569
2698
3572
3625
2685
2636
106
3604
1454
3582
837
58
1582
115
3585
3585
1526
3589
1577
112
39
3626
1600
1393
1606
1595
3624
1595
1608
3599
2656
1565
1569
113
600
1381
3606
3607
2636
59
3614
3614
3611
1585
3611
1585
1440
837
1442
610
1453
2687
2689
1442
1409
1607
1389
2688
1417
123
2693
2750
2750
2752
2733
3607
1613
606
3607
2364
3641
3642
3643
3644
3645
3646
788
3648
3649
3651
3652
3469
796
2936
3373
748
3515
817
3405
756
3659
3466
793
3543
355
3511
812
2075
354
3539
3670
3672
3673
3674
3675
3676
3398
759
3677
3402
761
3680
3415
767
3683
3419
3686
3689
3705
3690
3691
3692
3693
3694
3695
3696
3458
792
791
3461
3473
798
3478
800
3481
3706
3707
3708
3709
3710
3711
3712
3713
3714
3715
3508
3671
830
3554
828
3550
825
3545
3724
3725
3726
3727
3728
3729
3730
3733
670
3759
2903
669
3736
2906
3738
3739
3740
3741
3742
2949
2956
3179
2496
2496
540
1357
2553
1348
2957
3035
2277
2273
466
3757
2371
2974
3768
3601
3762
3763
147
2261
2378
2026
3601
3769
3770
3771
3772
3017
2460
3164
2455
3778
4939
854
3777
853
3784
856
4969
860
3782
3789
3787
4975
861
3792
4946
857
3791
862
3799
3796
866
3799
867
3805
868
3802
3805
4933
3806
3807
3808
3809
3810
3811
3812
3813
3814
3815
3818
3818
5036
882
3816
3824
884
3821
5043
3828
886
885
5047
3829
3830
3831
3832
3833
3834
3835
3836
3837
3838
3839
3840
3841
3823
3843
3847
3844
895
4935
3849
4959
896
3848
3853
4765
898
3852
897
3858
4768
5022
3857
3863
3861
4811
903
3855
900
899
3865
3869
3870
3871
908
3874
4156
998
3875
3877
3878
3879
3880
3881
3882
3883
3884
3885
3886
3887
3888
3889
3890
3878
3878
910
3893
3977
3977
3896
3898
3899
3900
3901
3902
3903
3904
3905
3906
3907
3909
4796
3846
3909
3914
3912
4751
416
3918
930
4901
931
3916
3924
3921
934
4912
935
3926
4632
3928
937
3931
3978
4780
3932
940
4693
4693
4695
4726
4726
4726
4706
3996
1165
4703
967
4876
967
3995
4828
317
317
2004
4824
1992
5449
1989
1986
951
1180
4877
3960
3959
4903
4758
957
1195
4897
4724
4723
4724
1167
2033
2000
2032
4862
962
4068
4779
4701
939
4700
4701
4701
2025
2003
2023
325
2025
2024
2024
4865
4701
4865
4700
1991
4700
4644
4861
1152
4643
1988
1987
306
5429
304
4256
187
972
4258
4259
5431
5431
1154
4649
4865
4866
4698
1212
5020
5016
5424
4263
5422
4239
4025
4026
4027
4028
4029
4030
4031
984
4029
4034
4035
4036
4037
989
989
4069
4038
4042
4043
4044
4045
993
4050
993
4108
4533
171
4055
4054
1681
4309
999
4058
4772
4059
4059
4061
4062
4063
4064
4065
994
4052
4786
4070
4559
4040
4072
4073
4074
4075
4077
4077
1002
4076
4080
4571
4572
4627
4087
4084
1826
4570
4086
4085
5794
4088
4089
5719
5633
5581
5611
5717
5796
5610
5604
4094
4093
1825
4091
4659
5816
1009
1009
4110
4561
4111
4111
4113
4114
4117
5811
4746
170
4126
5823
5438
4145
4145
5773
4127
4142
5817
5669
5680
5778
5680
5672
1014
4135
4582
1846
5584
4092
4096
4097
4100
1690
5732
5669
5668
5680
5680
1147
4151
1015
4834
1016
4169
4810
4154
4169
1019
4168
1694
5813
4131
5824
1012
1012
4134
4130
5809
4121
4119
1059
1186
2021
1059
2021
2021
4646
4646
4643
4645
1153
4856
4864
1153
1153
1150
4642
1150
4843
4855
4645
4855
4855
4843
4855
4855
3971
4720
189
5427
1718
4195
4641
4641
1154
1154
2019
3969
3970
2019
3969
3968
3969
4012
4012
4859
4012
5419
4188
1029
1714
1027
4199
1025
4187
4221
1060
1060
1060
1060
4181
1024
1025
4185
4221
4215
5421
5421
5421
1035
4645
4645
4853
4181
1024
1024
1024
5418
1029
1029
1715
1024
5418
4640
4640
4640
5020
5020
1880
5020
4278
4278
1035
4214
5421
4640
4860
1715
1154
2021
1027
5419
4186
1717
1029
1715
4278
251
4846
1880
5020
941
4860
1186
4860
1061
4292
1718
4292
1062
4860
1186
4840
1061
4307
4307
1069
4270
4304
4203
4292
4853
1062
1020
5027
4170
4726
1169
175
4162
4310
4310
4312
4313
4311
4315
4316
4317
4318
4319
4320
4321
4322
4323
4324
1078
4328
1080
4665
4329
4311
4331
4330
4333
1925
1085
271
4338
5268
4337
264
4342
5290
210
1086
5259
4345
4348
5258
1735
1735
1734
210
1088
1089
4396
1813
4358
4361
5307
1306
5301
4360
300
4392
4363
266
4368
4413
4367
1090
296
1804
1736
4374
4375
4376
4378
5266
1097
4377
1096
4384
4382
4384
4385
4384
4387
4388
4389
4390
1952
1099
5255
1295
5255
4395
5306
5305
5267
290
5310
1972
1980
1959
4395
1744
1741
208
1102
1810
4410
1102
4415
4414
4415
4416
4417
4418
4419
4420
4421
4422
4423
4424
4425
4425
4428
4430
4427
4332
1070
1969
4429
4433
4435
4436
4437
4438
1101
5313
1899
5252
220
220
5317
1798
5318
4365
299
4450
4451
4452
4453
4454
4455
1808
1807
208
5463
4462
4462
4457
4463
4464
4465
4466
4467
4468
4469
4033
4470
985
4869
4870
4869
4827
4825
4489
4827
3959
3958
1999
4861
944
3961
3961
936
3930
3933
4492
1117
4516
1118
996
4499
4053
1119
1119
235
4301
4191
1062
4191
1028
4193
4863
4863
4194
4643
1062
1152
4512
4513
4514
4515
4518
1114
4541
4522
1122
992
4545
4049
4107
4046
4104
4103
4138
4527
4090
1123
4529
4549
4534
4535
4536
4537
4538
4539
4540
4542
4553
4041
1005
4071
1006
4548
4562
1127
4550
4551
4552
4554
1995
1011
4112
4555
1011
4559
4560
4561
4113
4563
4564
4565
4566
4567
4571
1837
1010
1837
1010
4573
4574
990
990
4532
4577
4047
4575
1124
4528
1675
4584
4585
4977
4587
4588
4589
4590
4591
4592
4593
4594
4595
4596
4597
4598
4599
4600
4601
4602
4603
4605
4471
4606
4609
4608
5006
1142
4613
1143
4634
4611
4615
4616
4617
4618
4619
4620
4621
4622
4623
4624
4625
4626
1833
4628
4629
4630
4631
4632
871
3804
4636
4792
1152
4854
4853
4721
4004
970
946
945
4841
4853
3949
4723
4723
4723
4726
4652
4653
4654
4655
4656
4657
4079
309
4660
4661
4662
4663
4664
4314
4666
4667
4668
4669
4670
4671
4672
4675
1158
4981
4673
4677
4678
4679
4680
4063
1001
4681
4683
4683
4686
4687
4686
4689
997
4692
4057
4060
4694
4694
4696
909
4691
3876
939
939
4017
963
3983
4017
4701
3980
911
3879
3892
4709
4695
5443
5443
3947
927
3911
4719
4798
1167
1167
5430
918
4710
3894
4725
3949
928
4731
4717
3910
4732
4733
4734
929
902
4739
4741
4738
4899
4900
4742
4743
4744
1161
1161
4747
4747
1174
5815
3862
1168
4754
4718
4730
4898
4759
4896
1170
4760
4761
4762
919
4764
4767
1178
4803
955
3965
3964
1175
4773
4775
4748
4774
4775
4118
906
3873
4699
4866
4866
4868
4866
178
4159
998
4067
4789
907
894
894
4793
4794
4795
4799
1182
1171
4800
4800
4801
3860
4007
4018
974
3966
5733
4777
311
4116
4024
4821
4820
4812
4836
1018
5670
5671
5774
4165
4838
4814
4870
4870
4783
4784
938
308
3994
308
938
172
4580
1132
5582
4578
1013
1013
4002
4001
3957
4001
4005
2021
2021
2021
4649
4721
2021
4724
1059
3956
3955
4828
4839
4840
4850
4850
4850
4004
4829
3942
4853
1184
4698
4698
921
1164
952
4879
4705
320
2008
3982
3979
3981
978
978
4016
4882
1188
4921
1189
4880
4888
4885
1193
4917
4892
1191
4889
4908
4894
4924
4893
4730
4752
4728
1148
1148
4635
4753
4753
1169
1169
4726
5428
4909
5417
864
1196
4914
4916
4965
870
3803
4920
1198
863
4963
4922
4967
1199
3794
4925
4926
4925
869
3851
4929
4931
4932
3845
855
4927
1163
4937
4938
4688
1157
4944
4941
1202
4971
865
3797
4949
1858
4974
4948
4951
4952
4953
4954
4955
4956
4957
4958
3780
233
4961
4962
3786
859
1200
1201
3788
858
1870
245
4973
243
4973
4974
3839
892
1839
4676
4978
1091
4981
4982
4983
4984
4985
4986
4987
4988
4989
4990
4991
4992
4993
4994
4995
4997
5457
4884
1190
4998
1187
4895
1192
1194
5002
3922
933
932
4891
5009
4886
5011
1176
4753
4614
5428
5428
4905
4650
4650
4756
1172
4739
3969
3970
2019
3970
2019
2021
2019
2020
4849
4306
5450
2018
5005
1211
5005
5000
1208
5039
1209
5012
3817
5045
5038
5041
1215
5049
4640
4640
4012
4012
4204
1698
5056
5057
5058
5059
5060
5061
5062
5063
5064
5065
5066
5067
5068
5069
5070
5071
5072
5073
5074
5075
5076
5077
5078
5080
5356
1226
5079
1225
5085
5358
1229
5084
5090
5089
5339
5088
5092
764
5094
5095
5097
5360
1233
5096
5101
5362
1235
5100
5104
5105
5106
5107
5108
3426
5110
5109
775
5113
5114
5115
5116
5117
5118
5119
5120
5121
5122
5123
5124
5125
5126
5127
5128
5129
5130
5131
5132
5133
5134
5135
5138
1252
5372
1253
5136
5144
5141
5143
5375
5145
5146
5147
5148
5149
5150
5151
5154
5152
5376
1260
5157
5378
1261
5156
5160
5161
5162
5163
5164
5165
5166
5167
5168
5169
5170
5171
5172
5173
5174
5175
5176
5177
5178
5179
5180
5181
5182
5183
5184
5185
5186
5187
5188
5189
5190
5191
5192
5193
5194
5195
5153
1259
5196
1254
5140
5201
1251
5203
5204
5205
5206
5207
5208
5209
5210
5211
5212
5213
5214
5215
5216
5217
5218
5219
5220
5221
5222
5223
5224
5225
5226
5227
5228
5229
5230
5231
5232
5233
5234
5235
5236
5237
5238
5239
5240
5241
5242
5243
5244
5245
5246
5247
1726
1204
193
4369
1863
270
5254
5254
5256
4339
5257
1084
5260
5261
1298
5263
4380
1300
4382
4382
1916
1936
1936
1940
1920
4383
5273
1098
5274
1301
5278
4320
5280
5281
5282
1896
1931
272
276
5288
5289
1730
1769
1913
5255
1295
1097
5267
5295
1305
5303
5298
5261
5300
1297
5266
5266
5267
5302
5300
4396
203
1971
291
4354
1813
1809
1811
4456
1796
221
4401
298
1730
4557
5323
5324
5325
5326
5327
5328
5329
5330
5331
5332
5333
5334
5335
5336
5337
5338
3661
847
5091
1228
5343
5344
5345
5346
5347
5348
5349
5350
5351
5352
5353
5354
5355
3679
849
3682
850
3685
851
3687
5111
5363
5365
5366
5367
5368
5369
5370
5371
5087
1230
1227
5082
5099
1234
5103
1236
5380
5381
5382
5383
5384
5385
5386
5387
5388
5389
5390
5391
5392
5393
5394
5395
5396
5397
5398
5399
5400
5401
5402
5403
5404
5405
5406
5407
5408
5409
5410
5411
5412
5413
5414
5010
3851
4942
4843
4842
4720
237
4214
4214
4904
4906
4651
4840
4725
306
4711
4710
4734
4098
5434
5435
5436
4979
4143
5439
4658
3944
1147
4707
5444
5445
5446
5447
5448
3934
4726
4640
1154
1718
5454
5455
5457
1762
51
1905
2036
1762
1403
1757
1754
5466
5470
5465
1749
1751
1396
1781
5467
294
5557
5563
5477
5542
5478
3061
1333
5565
5576
5516
5491
5493
5507
5499
5528
5488
5535
5530
5532
5558
5702
5559
5555
5757
5566
5756
5555
5555
5554
5496
5508
5701
5508
5700
5508
5571
5494
5577
5571
5489
5512
5537
5534
5539
5520
5529
5492
5485
5485
5551
5550
5505
5487
5506
5499
5548
5547
5492
5504
5486
5528
5525
5528
5526
5492
5492
5541
5477
5478
3061
3061
5745
5576
5486
5486
5507
5549
5549
5494
5564
5556
5495
5559
5556
5497
5559
5560
5562
5572
5561
1334
3061
1334
2400
5543
5543
5578
5578
5572
5554
5561
5543
5567
5570
5578
1334
1334
5631
5664
5666
5603
5603
5730
169
1831
4569
5765
5722
5626
5600
5635
5674
5602
5607
5620
5623
5644
5636
5683
5657
5660
5673
5613
5725
5686
5593
5632
5593
5664
5678
5605
5595
5678
5686
5662
5662
5661
5724
5590
5621
5625
5723
5622
5622
5598
5591
5648
5647
5639
5599
5679
5602
5679
5685
5646
5623
5645
5596
5596
5685
5684
5619
5618
5597
5623
5664
5666
5603
5727
1831
1830
4083
5634
5636
5637
5645
5600
5776
4083
5658
5640
5642
5601
5641
5594
5667
5665
5663
5665
5653
5675
5726
5442
5442
5673
5675
5667
5640
5663
4148
5677
5662
5652
5587
5573
5496
5476
5692
5693
5694
5695
5695
5696
5697
5698
5699
2417
2416
2400
5821
5802
5802
5802
2380
5703
5575
5498
5509
5513
5490
5491
5521
5632
5630
5628
5629
5721
5767
4082
4568
4569
4627
5835
5834
5834
5834
2005
1689
5731
5608
5615
5668
5603
5603
5672
5672
5672
5666
5666
5664
5802
5821
5802
5802
5666
5672
5744
5569
5553
5510
5513
5517
2399
2417
5758
5759
5761
5761
2380
5763
4568
1832
4084
4087
5611
5632
5782
5608
5668
5603
5672
5680
4627
5835
5733
2400
5760
5780
1689
4106
5834
5832
1147
5519
5502
5521
5476
5501
5692
5793
5766
5720
5592
5630
5604
5680
5802
4658
692
692
5804
5805
5806
2390
5808
4807
4126
5812
4745
5772
5778
4684
309
4685
2389
5819
692
3057
309
4125
4128
5773
5826
5827
5735
5585
5830
5831
4079
2995
4658
1836
2995
5803
1154
1154
2240
2951
2240
1154
1154
2286
2286
1154
2240
1154
