2132
1
2
3
4
5
6
3151
2887
2390
2595
1332
1325
1479
2437
2441
1337
2429
1484
2446
3173
22
2473
3163
2284
2446
2491
3339
3752
3178
1483
3173
1371
33
1560
1413
36
37
38
39
2679
1394
1433
43
44
45
46
47
48
49
50
51
52
53
54
55
56
57
1442
59
1445
61
62
63
64
65
66
67
68
69
1480
2569
2461
73
74
75
76
77
78
79
80
81
1483
1348
1483
1348
3774
2489
88
89
90
91
92
93
94
1589
1543
97
1524
1526
1559
101
102
1546
3587
105
106
107
108
109
110
3604
3588
3590
1600
115
116
2686
2675
1597
120
2641
2643
1602
124
125
126
127
1603
3607
130
3635
132
133
134
135
3639
137
3773
139
2207
141
2254
143
144
145
2343
147
1636
2257
150
2028
1640
696
3016
155
156
157
3161
716
3867
161
1664
163
164
165
166
4836
4579
1836
170
4055
1680
1683
1685
4162
4167
4156
178
183
1185
4858
183
4197
4848
4014
1185
4278
4207
4864
5427
1853
1853
4369
1948
1726
196
197
198
1733
200
1901
4398
5298
1804
205
4403
1967
1743
4458
1766
1762
1086
4440
4354
1772
217
4413
4415
1790
1793
221
4406
223
224
5314
1811
1814
1820
4362
1822
231
1841
3779
5249
1850
4284
4185
3850
239
1858
241
1860
243
244
245
246
1851
1853
1702
1702
4213
5451
253
254
255
256
257
258
259
1304
1913
210
262
265
215
4364
267
1916
5265
1862
1925
1936
1937
1931
1934
5287
277
4347
5286
279
281
282
283
1950
285
1960
1966
1962
1965
5306
290
4440
1971
1758
1776
4449
4373
1977
4365
300
1976
1980
5238
304
1991
306
307
308
309
1008
311
980
1993
316
2032
5441
1999
4702
4015
4703
321
322
4845
1185
3941
2255
3946
598
2036
330
331
332
333
334
335
336
337
338
339
340
341
342
343
344
345
346
347
348
349
350
351
352
353
354
355
356
357
358
3353
2081
361
362
363
364
365
366
367
368
369
370
371
372
2106
374
375
376
377
378
379
380
381
382
2127
384
385
386
2135
388
389
390
391
2143
2150
3006
2145
2148
3055
398
399
2159
2158
2249
2161
404
405
406
407
408
409
2171
411
2184
413
414
415
2181
417
418
419
420
3206
422
423
2198
425
2201
427
3002
429
82
2210
432
433
2216
2217
439
3952
3973
2259
2225
442
632
151
443
445
3750
2290
448
2239
2952
3975
2243
2244
3972
455
456
2251
458
459
460
3998
2271
2779
4483
2274
2275
2561
2515
2294
2278
1360
3163
3181
2539
2518
2295
477
478
479
480
481
482
483
484
485
2313
2841
2839
2320
2883
3098
2324
2328
494
495
496
497
498
499
500
2347
503
2382
504
505
1464
2857
508
509
2410
1330
1478
2424
646
3126
3148
517
2438
519
2569
3173
2269
2268
3997
4000
2467
2455
2456
2469
2520
2470
2813
568
22
2567
2479
2535
2495
2493
2524
3776
2809
2501
2500
4243
3173
4501
2803
543
544
550
549
2950
4504
2809
4503
2574
3748
3746
568
2571
2586
2575
3341
2506
4230
648
2819
2555
3166
1661
2588
2577
575
3349
2818
2590
2582
2504
2618
581
582
2619
584
585
586
1494
588
589
590
2718
2614
104
594
1555
2623
1523
3578
3590
600
1406
602
603
604
605
606
1535
608
1548
844
611
612
613
614
615
3629
2694
618
619
620
621
622
623
624
625
626
627
628
629
630
631
436
3953
2786
2788
4486
1115
4867
639
2892
1319
642
2795
2794
3147
2796
4500
4510
4508
4177
4511
652
2828
2322
2837
2836
657
658
2865
660
661
662
663
3153
665
666
667
668
669
670
671
672
3360
674
675
676
677
678
2946
3038
3170
3026
2954
3168
1350
2962
3305
688
689
690
691
692
693
694
695
3189
3191
3755
699
3035
701
3045
703
704
705
3087
3219
3328
3078
710
3193
712
713
3134
3155
3174
3175
718
719
720
721
722
3208
724
725
3335
727
728
729
730
731
732
733
734
735
736
737
738
739
740
3317
742
1358
2567
3367
746
3370
748
749
750
751
752
753
754
755
756
757
758
759
760
761
762
763
764
765
766
767
768
769
770
771
772
773
774
775
776
777
778
779
780
781
782
783
784
785
786
787
788
789
790
791
792
793
794
795
796
797
798
799
800
801
802
803
804
805
806
807
808
809
810
811
812
813
814
815
816
817
818
819
820
821
822
823
824
825
826
827
828
829
830
831
832
833
613
3575
3581
3618
838
839
840
841
842
843
40
3623
846
847
848
849
850
851
852
4935
4940
3781
856
857
858
859
860
861
862
863
864
865
866
867
4934
3802
3804
4792
872
873
874
875
876
877
878
879
3927
881
882
883
884
885
886
887
888
889
4323
891
892
893
3846
4797
4960
897
898
899
900
3859
3860
903
3866
3871
906
907
908
909
3881
3879
4696
3884
3886
915
916
917
3892
3893
3977
3931
922
4539
3901
3903
926
4798
3911
929
930
931
932
933
934
935
3933
4780
4784
939
940
1703
3942
4829
944
3948
946
3986
3987
949
3961
4873
2024
4824
3964
4769
4018
5425
3971
4642
966
4714
962
963
3996
3982
4862
3995
4727
4638
4004
4840
4276
973
4009
4239
1714
4848
4017
4257
4044
4043
4027
4564
4031
4029
986
4036
4553
4554
4531
4575
4107
4547
994
995
4053
997
998
999
1000
1001
1002
4654
1994
4070
4040
312
4630
4561
1131
4111
1687
4134
4136
4151
1119
4154
4163
4169
4284
4858
4241
4637
1028
4181
1022
5418
1045
4864
1025
4201
4203
4266
4253
4220
1039
4218
1031
4199
4224
4857
1056
1040
1043
4646
1031
4199
4261
5423
4288
4285
4290
4293
5026
4233
4289
4302
1051
4850
2022
1061
1062
4295
5035
4299
4297
4301
4305
323
4332
4331
1072
4314
1074
1075
1076
1077
4429
4434
4428
4328
1082
1927
1934
264
272
1946
1778
1812
4981
4673
1905
1907
5280
1917
1096
1097
1098
1099
285
1101
4462
1103
4418
1760
1899
1107
1108
1747
1110
1111
1112
1113
4472
3990
3959
1117
1675
4499
1120
1121
4523
5322
4102
1125
1126
4558
1128
4573
1130
1007
4838
1133
1134
1135
1136
1137
1138
1139
1140
1141
1142
4635
1144
1145
1146
310
1148
4644
4856
4861
4852
4645
958
1704
4989
4674
1158
1159
1160
4683
1162
1163
1164
4875
4874
5430
4718
4726
1170
4733
4739
1173
1174
1175
4905
5013
1178
1179
4878
1181
4801
4820
4841
4859
4860
1187
1188
1189
1190
1191
1192
4894
1194
5017
1196
1197
1198
1199
4929
1201
1202
1203
4980
1205
1206
1207
1208
1209
1210
1211
1881
4282
5052
1215
5054
1217
1218
1219
1220
1221
1222
1223
1224
1225
1226
1227
1228
1229
1230
1231
1232
1233
1234
1235
1236
1237
1238
1239
1240
1241
1242
1243
1244
1245
1246
1247
1248
1249
1250
1251
1252
1253
1254
1255
1256
1257
1258
1259
1260
1261
1262
1263
1264
1265
1266
1267
1268
1269
1270
1271
1272
1273
1274
1275
1276
1277
1278
1279
1280
1281
1282
1283
1284
1285
1286
1287
1288
1289
1290
1291
1292
5245
1294
1295
1296
1297
1298
1956
4380
1301
1302
1303
5308
1305
5302
1307
1311
0
2
2132
1312
1313
1314
1315
1316
1317
1318
7
2888
1320
1323
3149
1325
2594
11
1325
1329
2411
13
1328
14
5703
5702
5747
1339
15
17
2443
2446
2445
2446
2445
2472
3173
22
2472
2472
1348
2283
716
716
3161
2446
3340
537
1483
536
2488
29
3179
2470
29
1361
3172
1484
3172
1483
1369
1370
33
1372
1377
34
1373
110
3603
1381
1379
1378
1381
1386
42
130
2652
1434
1387
1388
1389
1390
1393
1392
1449
624
1395
1395
1397
1398
1399
1400
1400
1402
1403
1404
1404
1406
1407
1408
1409
1410
1411
1414
49
1558
1417
1416
1601
1415
1419
1420
1421
1422
1423
1424
1425
1426
1427
1428
1429
1430
1431
1432
136
3636
1435
1436
1437
1438
1439
1440
1441
1442
1443
1444
1445
1446
1447
1448
1609
1450
1608
1453
1453
1454
1455
1456
1457
2360
1459
1460
1459
2937
2879
5837
1465
1466
1467
1468
1469
1470
1471
1472
1473
5793
5793
5695
5781
5792
5780
10
10
1327
2569
563
72
2463
1487
1488
1489
1490
1491
1492
3572
1494
1491
1496
1497
1498
1499
1500
1501
1502
1503
1504
1484
1484
1483
1484
536
2483
3774
1461
1513
1514
1515
1516
1517
1518
1519
1520
1521
1522
2624
97
2625
100
1525
1528
1529
2672
1531
1532
1533
1534
1535
1536
1537
1538
1539
1538
1544
1542
95
1544
1545
98
1547
96
1549
1550
1551
1552
3587
1556
103
1527
1527
1558
1559
1560
1561
1562
1563
1562
1565
1566
1567
1568
1569
1570
1572
1572
1573
1574
1575
3590
1577
1578
1575
1583
1581
1582
1598
1584
1585
1586
1587
1588
1589
1592
2685
1592
1593
1594
1595
1596
1597
1598
1599
119
1405
47
601
1604
1605
1606
1607
126
1609
1611
1611
1612
1613
1614
1615
1389
1617
1618
1619
1620
1624
1621
2204
1626
1625
1625
3011
1628
1629
1630
1631
1632
146
1636
1636
1636
1636
148
1635
1637
148
506
506
1645
3013
2287
3014
99
1649
2621
1651
1652
1653
1654
1655
2581
564
2579
2581
3164
3165
570
3164
1665
4802
1664
160
1668
1669
1668
1671
1672
1673
1674
167
4580
4834
1677
1676
1683
171
1683
4309
1686
175
4308
173
1684
1689
1690
5801
1694
4168
1694
1692
1185
183
183
1185
183
183
4196
4848
4011
4845
4845
1021
1185
5025
1034
4214
1032
1851
189
189
1715
1718
4864
183
1853
183
183
1724
4350
1948
5250
1730
1728
1730
1730
221
282
1733
1732
1735
296
296
297
1092
5320
4401
4401
207
1742
1746
5309
202
1746
222
209
1749
1799
4458
1754
1754
1973
227
230
1084
4340
1759
4339
292
1970
1778
292
213
4356
214
1767
1771
198
1771
1774
4411
1110
4412
292
1779
1779
1781
1787
1787
1784
1785
4368
4368
217
218
1790
218
218
1795
4413
4413
1798
1797
5317
1801
1977
1975
301
5320
4449
1820
1808
228
1820
1811
226
4456
1812
1809
1745
1815
1109
1817
1816
5311
4362
1816
1817
1814
4556
4555
4112
1827
1883
1827
1833
1836
1834
4631
4574
4629
4080
1835
5437
1840
5437
234
4147
4146
1843
1847
4099
4137
171
1681
171
237
4187
237
1052
1855
1856
1855
238
1859
1860
1861
1862
1859
1864
1865
1866
1864
1868
1869
1870
1871
1872
183
1853
183
183
1702
1702
1032
4216
4208
1883
4735
253
1885
1885
1982
1888
1889
1890
1891
1892
4341
4342
1897
1929
4352
4391
266
1902
284
4391
1905
1904
1789
1905
267
1908
1909
4445
5290
1770
1304
1912
1914
1894
261
1915
201
201
201
1922
1926
1923
1925
5268
268
1773
1772
1773
197
1933
1939
274
1932
1940
1938
5288
277
1938
195
5248
1947
195
1949
1949
1949
199
5286
1953
1953
1952
1953
1954
1954
1956
1958
1958
1957
1957
1964
287
1964
1964
1951
1966
1967
292
1775
4440
288
288
1963
289
1978
300
299
1978
207
4402
1980
1983
1983
303
1986
1986
3934
1988
1989
1990
1991
1989
1996
1996
989
5439
4044
2033
2033
2033
3987
2000
2031
316
5440
169
320
2010
320
4704
2011
2012
2013
2014
4295
1054
4294
4229
1059
4849
1059
4850
315
315
3943
149
2030
149
2257
2257
327
327
327
3577
2037
596
1564
3578
2039
2040
2041
2042
2043
2044
2045
2046
2047
2048
2049
2050
2051
2052
2053
2054
2055
2056
2057
2058
2059
2060
2061
2062
2063
2064
2065
2066
2067
2068
2069
2070
2071
2072
2073
2074
2075
2076
2077
2078
2079
359
2081
2078
2085
2084
2085
2086
2087
2088
2089
2090
2091
2092
2093
2094
2095
2096
2097
2098
2099
2100
2101
2102
2103
2104
2107
358
3842
2108
2109
2110
2111
2112
2113
2114
2115
2116
2117
2118
2119
2120
2121
379
2123
2124
2125
2125
384
2128
2129
2130
2130
2130
2133
2131
386
2134
2137
2138
2139
2140
2141
2144
393
3076
394
2142
2149
2148
3053
397
2147
2152
2153
2154
2155
2146
2156
392
395
2164
402
2162
405
2247
2165
2166
2167
2168
2169
2170
411
2172
2184
2174
2175
2176
2177
2178
2179
2180
2181
2179
2182
416
2187
88
2187
418
2189
2190
3205
2192
2193
2194
357
357
2198
357
2199
426
2201
2202
2203
2207
2204
429
429
1348
1347
2212
2210
150
2212
2214
2214
435
2217
2218
2777
2222
4482
2245
2259
2226
141
2226
2224
3185
2783
3139
3186
2230
447
2235
2292
2291
2237
2286
450
2951
2240
2242
451
2244
2242
3972
2247
2248
455
2250
456
456
2253
2254
2257
2256
2257
2255
453
2255
2258
457
2288
2264
2265
2266
2267
2781
464
2779
2781
3998
2277
440
465
138
2225
468
2516
2297
2280
2279
3745
2473
3163
28
2288
2288
473
467
2282
2565
2562
475
2518
2295
2515
2298
2299
478
2301
2302
2303
2304
2305
2306
2307
2308
2309
2310
2314
2311
502
2345
2315
2316
2317
2318
487
2839
2320
2323
2885
2325
3097
2325
2324
491
2329
2330
2331
2332
2333
2334
2335
2336
2337
2338
2340
2340
2339
2345
501
2382
2867
2347
2347
2348
2349
2350
2351
2352
2353
2876
2877
2356
2357
2358
2359
2360
2361
5755
5787
2362
2363
5715
5688
5689
5540
2368
5540
2367
5541
2370
2372
2364
2365
2379
5836
2380
2384
507
488
2855
2385
2386
2387
2388
5818
5807
2391
2389
2393
2394
2395
5804
2404
5806
2416
1334
2401
2420
5819
2418
2418
2419
2409
2407
1477
512
2405
2838
3132
3131
3150
5756
2417
5758
2418
2420
5759
3766
3129
3137
645
3126
2426
2428
2429
2430
2431
2432
2433
2434
15
2435
2396
1331
511
1326
5819
2442
2443
2444
563
563
3173
2569
3172
3172
2272
2268
2272
4000
461
2452
2521
2453
522
2465
2466
530
2460
3743
462
2519
2270
2949
553
2949
2948
2464
3744
527
2810
2572
2459
528
562
3163
2570
2570
2567
71
71
71
2537
2494
541
2492
538
555
542
2531
532
2525
545
2497
2522
2523
545
2446
3172
3345
3172
2803
647
2803
2510
4500
2497
2501
2498
2499
2546
2545
2513
552
2270
463
2271
2528
4245
649
649
2809
649
4504
532
2574
2802
647
2805
4501
2549
560
2549
539
559
2490
3747
2514
2544
544
2514
2511
2512
562
568
562
1348
1348
1484
1483
2802
2802
2571
2802
2802
2571
551
2543
538
3746
2541
2540
562
2573
2576
2569
568
648
2587
2804
572
2588
572
2577
3346
575
745
566
2509
2585
4232
576
2818
576
565
2583
2558
1352
159
2436
16
2600
580
2598
583
2616
2601
2602
2601
2604
2605
2606
2607
2608
2717
2610
2611
2615
2612
2713
1650
2617
2617
595
2619
2620
1526
2622
107
2633
2716
3590
3590
3590
598
2630
2631
2632
2716
2716
2635
2636
2637
2638
2638
2640
2641
2640
2643
2644
2645
2646
2647
2648
2649
2650
2651
2652
2734
2654
2655
2656
2655
2658
610
2660
2661
3611
3585
2664
3585
3581
2667
2671
2668
835
3574
2672
2673
2677
2675
2676
2677
2678
2679
2680
2678
2682
2683
2684
2685
2686
2687
2688
63
2690
2691
2692
2693
3630
2693
123
2697
2698
2699
2700
2700
2702
2703
841
2705
2706
2669
2708
2709
2710
597
2712
104
1553
1554
2716
2719
329
5460
328
328
3604
1579
1579
1579
123
1602
2728
2729
2730
2731
2733
3607
2734
2735
2736
2737
2738
2739
619
619
2742
2743
2744
2745
60
2747
2748
2749
2695
617
2752
2753
2754
2755
2756
2757
2758
2759
2760
2761
2762
2763
2764
2219
2220
3950
2223
2773
2228
2788
953
2776
2766
4486
2765
2245
3973
451
2243
3975
2765
2768
4473
638
425
638
638
2789
2790
2891
641
2793
493
493
2327
2795
492
2326
2799
2796
648
4502
2819
2803
2814
4501
648
2814
2816
2454
4178
2812
4507
464
3997
651
2818
4511
2820
2821
2822
2823
2825
1321
2825
2827
8
490
2831
2323
2886
2319
2412
2834
2375
2377
2366
2835
655
656
2842
2843
2844
2845
2846
2847
2848
2849
2854
486
2321
489
2833
2856
3640
659
2858
2859
2860
2861
2862
2863
2864
1458
2866
2868
2870
2881
2864
2871
2872
2873
2874
2875
2880
1463
2878
508
2880
2881
2882
2885
510
2889
2884
664
3152
2890
3758
516
513
2893
2894
2895
2896
2897
2898
2899
2900
2901
2902
2903
2904
2905
2906
2907
2908
2909
2910
2911
2912
2913
2914
2915
2916
2917
3740
2919
2920
2921
2922
2923
2924
2925
2926
2927
2928
2929
2930
2931
2932
2933
2934
2935
2936
1468
2938
2939
2940
2941
2079
2079
2944
2945
2946
2947
463
463
2780
2953
681
3752
2958
3025
2955
684
3176
2238
23
2241
449
2963
2964
2965
2967
2967
2968
2969
2970
2971
2741
2973
2974
2738
2714
2976
2978
2979
2980
2981
2982
2701
2984
2985
2986
2987
2988
2989
2990
2991
2992
2993
2994
2995
2996
2997
694
2999
3000
3004
3001
3003
3004
3005
3006
3005
3008
3009
3010
3012
3012
3015
3189
3190
697
3017
3192
3022
3020
3019
3023
3007
3024
3024
3026
3027
3757
401
3030
3032
3157
3031
3037
686
400
3756
452
3039
3040
3041
3042
2151
3043
3045
3046
3047
3048
3049
3050
3051
3052
3053
3054
3055
3056
3057
3060
706
3086
3061
3062
3063
3064
3065
3066
3753
3068
3069
3070
3071
3072
3073
3074
2157
3073
2126
383
3079
3080
3081
3082
3084
3088
3085
3057
9
2392
3089
3090
3091
3092
3094
3094
426
3096
2434
3098
3099
2341
3100
3102
3103
2945
3105
3106
3107
3108
3109
3110
702
3112
3113
3114
2132
469
2296
2281
470
3120
3121
3122
3123
3125
4024
70
1482
3127
3130
1481
5793
5694
5831
12
2440
645
2798
2260
2261
2231
3142
3195
3143
432
2217
2200
10
714
3135
5692
518
2439
2408
2227
434
3154
3158
715
3173
3173
3173
2472
3745
3165
3174
717
2215
433
3167
3169
2957
563
2578
573
573
3177
3177
680
2956
3180
3181
3183
4867
3184
3138
151
1638
1641
152
2211
431
2213
3195
3188
3187
3196
3197
3198
3199
3200
3201
3202
3203
3204
3208
3206
723
722
3211
3210
3211
3212
3213
3218
3215
3217
3217
3223
2960
2208
3329
2480
1357
3224
3224
340
3227
3228
3229
3230
3231
3232
3233
3234
3235
3236
3237
3238
3239
3240
3241
3242
3243
3244
3245
3246
3247
3248
3249
3250
3251
3252
3253
3254
3255
3256
3257
3258
3259
3260
3261
3262
3263
3264
3265
3266
3267
3268
3269
3270
3271
3272
3273
3274
3275
3276
3000
3278
3279
3280
3281
3282
3283
3284
3285
3286
3287
3288
3289
3290
3291
3292
3293
3294
3295
3296
3297
3298
3299
3300
3301
3302
3303
3304
2628
3306
3307
3308
3309
3310
3312
328
3313
3314
3315
3316
3317
3317
724
723
3321
3322
3323
3320
741
3326
3327
446
743
3330
1357
1356
2486
2484
2485
3336
3337
3338
71
2479
2570
3173
2570
2567
2570
744
2567
745
747
3368
3318
3318
742
3354
3355
3356
3357
3358
2082
360
3359
3362
3363
3364
2568
2568
2568
2557
569
577
3371
3372
3373
3374
3375
3376
3377
3378
3379
3380
3381
3382
3383
3384
3385
3386
3387
3388
3389
3390
3391
3392
3393
3394
3395
3396
3397
3398
3399
3400
3401
3402
3403
3404
3405
3406
3407
3408
3409
3410
3411
3412
3413
3414
3415
3416
3417
3418
3419
3420
3421
3422
3423
3424
3425
3426
3427
3428
3429
3430
3431
3432
3433
3434
3435
3436
3437
3438
3439
3440
3441
3442
3443
3444
3445
3446
3447
3448
3449
3450
3451
3452
3453
3454
3455
3456
3457
3458
3459
3460
3461
3462
3463
3464
3465
3466
3467
3468
3469
3470
3471
3472
3473
3474
3475
3476
3477
3478
3479
3480
3481
3482
3483
3484
3485
3486
3487
3488
3489
3490
3491
3492
3493
3494
3495
3496
3497
3498
3499
3500
3501
3502
3503
3504
3505
3506
3507
3508
3509
3510
3511
3512
3513
3514
3515
3516
3517
3518
3519
3520
3521
3522
3523
3524
3525
3526
3527
3528
3529
3530
3531
3532
3533
3534
3535
3536
3537
3538
3539
3540
3541
3542
3543
3544
3545
3546
3547
3548
3549
3550
3551
3552
3553
3554
3555
3556
3557
3558
3559
3560
3561
3562
3563
3564
3565
3566
3567
3568
3569
3570
3571
3572
3573
3576
834
3609
1564
106
3617
3582
3618
3619
3583
3584
3586
3621
1525
3588
3588
3588
3591
3592
3593
3594
3595
3596
3579
3598
3599
3600
3601
3602
3603
3590
3605
3606
3607
3607
2677
613
3614
3614
3615
3616
40
3626
3624
3623
3624
3622
2681
2681
122
2642
3625
1392
3627
3628
3629
2637
61
3631
3632
3634
129
3608
3637
3638
3608
2376
3641
3642
3643
3644
3645
3646
3647
3648
3649
3650
3651
3652
3653
3654
3655
3656
3657
3658
3659
3660
3661
3662
3663
3664
3665
3666
3667
3668
3669
3670
3671
3672
3673
3674
3675
3676
3677
3678
3679
3680
3681
3682
3683
3684
3685
3686
3687
3688
3689
3690
3691
3692
3693
3694
3695
3696
3697
3698
3699
3700
3701
3702
3703
3704
3705
3706
3707
3708
3709
3710
3711
3712
3713
3714
3715
3716
3717
3718
3719
3720
3721
3722
3723
3724
3725
3726
3727
3728
3729
3730
3731
3732
3733
3734
3735
3736
3737
3738
3739
3352
3741
3742
2471
2468
531
2496
2493
2493
2566
87
86
683
2961
1622
466
3033
3044
2374
3759
622
3761
3762
3763
3764
1636
1462
150
3768
3769
3770
3771
3772
1626
557
3172
2572
3778
4939
854
3777
853
3782
3783
3784
3785
3786
3787
3788
3789
3790
3791
3792
3793
3794
3795
3796
3797
3798
3799
3800
3805
868
3801
871
4933
3806
3807
3808
3809
3810
3811
3812
3813
3814
3815
3816
880
3818
3819
3820
3821
3822
3823
3824
3825
3826
3827
3828
3829
3830
3831
3832
3833
3834
4322
3836
3837
3838
3839
3840
3841
3842
373
3847
3844
895
4935
3849
4959
896
3848
3852
3853
3852
3855
3856
3854
3857
902
899
3861
3862
3863
3864
3865
3866
3867
3865
3868
1667
904
3872
3873
3874
3875
3876
3880
3877
912
4764
913
3885
3882
915
4742
165
3887
3888
917
3890
3878
911
910
3891
3896
3976
3931
920
3900
4538
923
3899
922
3904
3915
3906
410
3909
4796
3908
927
3912
3912
3914
3913
3916
3917
3918
3919
3920
3921
3922
3923
3924
3925
424
424
3927
3932
3929
937
4868
938
3934
3935
3936
3937
1703
1702
4847
5443
943
5443
3942
3945
3946
3945
3948
3949
3985
3984
960
948
3954
3955
3956
3957
4870
952
4871
317
4869
956
955
4806
4020
3966
4012
3970
4640
959
4713
3974
4714
961
3978
3977
3978
3979
3980
3981
964
963
3987
966
3987
5441
4862
3987
316
3992
4706
965
3994
3995
967
968
4484
4727
968
4001
4002
4001
971
4005
4010
4010
4006
975
4276
1716
190
4848
1716
4017
4015
4017
972
4277
4019
4007
4023
4237
4022
4026
4042
981
4026
4030
4563
983
4029
4030
4035
4615
4036
4034
989
4554
1995
4038
4045
874
987
4045
990
4531
993
4108
4533
4052
4052
995
4051
4055
4056
4057
4058
4059
4060
4064
4062
1002
4064
4065
4066
4067
4068
313
4072
4069
1994
1993
1997
1994
4630
982
4078
1008
4630
4571
4572
1837
4087
1826
4556
4570
1824
5721
5629
4085
4089
5592
5581
5604
4096
5582
5581
5649
5742
5768
5797
1825
4091
5822
4105
1009
1009
4110
4559
4114
1131
4114
4573
4115
311
4117
4118
4120
4810
1019
4123
4166
4122
4125
5823
4127
4130
4129
5809
4129
4129
1688
1012
4133
174
4124
5796
4141
4139
4819
4125
4126
4130
4130
4129
4129
1837
4822
4149
1016
4498
4153
4154
4155
4156
4153
4158
907
1692
4160
178
173
1682
1687
4121
4168
4157
1017
1052
4284
4858
1052
183
1185
969
4509
3999
4242
4189
4191
4180
4179
4190
1024
4188
4181
4192
4639
4639
4194
4863
4195
4639
4863
4186
5419
4182
1025
4198
1026
4187
1053
183
183
4283
236
4265
4283
236
5451
236
1036
1036
4220
4220
4248
1038
4200
4250
4217
4223
4243
1037
4222
1185
1185
4857
5030
4500
4501
4230
4289
4225
1040
4225
4238
4236
1044
4639
4637
1149
4244
4504
4504
4504
1031
4200
4200
4199
4505
1056
1050
4267
1050
4279
1049
4263
1035
5423
4263
4235
5422
4234
1053
1053
4288
183
1853
4286
4287
4270
4285
5453
1030
4261
4261
4215
5422
1048
4259
1053
4284
4293
4288
4288
4286
4300
1057
4292
4292
4292
1062
5031
5031
1064
4232
4299
1055
4301
4301
4301
4272
4303
1058
324
324
4309
4309
4311
4330
4312
4313
1070
4315
4316
4317
4318
4319
5279
4321
4325
1078
1079
4433
4327
4427
1080
4326
4333
4331
1083
4426
264
5283
4336
1930
1896
1934
1930
4352
210
4352
5285
5258
1086
1946
5270
4349
4349
4349
4352
1780
225
1813
5313
4358
4358
4359
290
4361
291
4363
4364
4365
4366
1090
4414
4370
4675
1905
4449
4373
5279
5279
5280
4377
4378
5294
1299
4381
4386
4383
4384
1298
4386
4387
5254
4389
4387
4391
4392
1959
285
4393
4405
4399
203
5305
4397
1099
1967
1099
4404
286
4407
5319
4407
4460
4462
4460
4461
4414
4981
242
4416
4417
4418
4416
4420
4421
4422
4423
4424
4425
1918
4336
271
1105
1924
4430
1780
1759
1762
1945
1945
1945
4348
4412
1101
5252
5252
217
1794
4445
4446
4447
4448
4449
4450
4451
4452
4453
4454
4453
228
1822
1744
208
294
5473
1758
4463
4464
4465
4466
4467
4468
4469
924
925
4033
948
3989
947
3958
4486
4825
3961
4486
4474
3988
961
1151
4474
4823
4831
3933
4831
4490
4491
1118
4583
4496
4494
4496
4495
4495
996
4502
4502
4302
4508
4508
4201
4178
4177
4507
3999
1067
1067
4512
4513
4514
4515
4519
4517
1121
4520
168
991
4521
4047
4107
4576
4093
4103
4098
4527
5718
1123
4532
4549
4534
4535
4536
4537
4538
4539
4540
985
4032
4041
1005
4071
1006
4548
4562
1127
4550
4550
4552
4554
984
1011
4111
4555
4113
1004
4073
4560
1129
4551
1128
4565
4566
4567
1010
1837
1834
1131
1834
4073
4074
4577
4578
1013
4838
1132
4837
4135
4582
4150
4584
4585
4977
4587
4588
4589
4590
4591
4592
4593
4594
4595
4596
4597
4598
4599
4600
4601
4600
4603
4604
4605
4606
4607
4608
4609
4610
4611
4612
1143
4614
4615
4616
4617
4618
4619
4620
4621
4622
4623
4624
4625
4626
1833
4025
4028
982
4628
2942
4636
4633
4635
4791
4647
4647
4643
4641
5427
1150
1152
4854
1152
4643
4644
3968
3971
3968
184
4653
4656
916
4652
4657
4657
4080
309
4655
4661
4662
4663
4664
4431
4665
4671
1156
4669
232
4988
4672
1158
4674
4962
4674
4677
4678
4679
4680
4078
4682
4078
309
4684
4686
4687
4686
4689
4691
4691
909
4690
4694
4695
4696
4697
4698
4699
4700
4701
1165
1165
4875
4872
4707
967
4709
4712
4708
5429
4695
4862
4862
4861
4719
4716
919
5432
4722
4720
4842
4724
5431
918
1154
1151
4728
4729
4730
928
3883
914
4732
4735
4736
4737
4738
4739
4740
4741
4742
4743
4747
4745
4746
4747
4774
4749
4750
4751
4754
5428
4763
4755
4756
4757
954
4759
4760
4761
4762
3894
4762
4765
4766
4767
4768
4769
4770
4771
4772
4773
4774
4775
4776
4777
4778
4779
4780
4016
318
4781
978
4785
4786
4787
4067
4789
4790
3910
894
1670
4794
4793
4799
1182
1171
4800
4795
1181
4802
4803
4804
4805
4806
5438
4808
4809
4809
4811
4813
4832
4499
4816
1849
4131
4817
4161
172
4164
4497
2001
314
3960
4879
951
4828
945
4828
4783
4054
1183
4821
4818
1018
4165
4165
4839
4840
4841
4843
1184
1185
4858
4851
976
5420
4851
1186
4860
3949
4852
3949
4853
4855
1052
4291
1061
1061
944
944
4646
1153
4865
4866
4867
4866
2004
2003
2025
3944
2024
942
4876
4830
4705
4705
1166
4880
4881
4882
4883
4884
4885
4886
4893
4888
4889
4890
4891
4892
4893
1191
4895
4896
4902
4898
4899
4900
4901
4907
5016
5450
3938
977
1713
4908
4909
4910
4911
4912
4913
4914
4634
870
4917
4918
4919
4920
4921
4922
4923
4924
4925
4926
4925
3803
869
4928
4931
4932
3845
855
4927
1163
4937
4938
1163
4688
4941
4942
4943
4944
4945
4946
4948
5416
4949
1200
4951
4952
4953
4954
4955
4956
4957
4958
3780
233
4961
4962
4963
4964
4965
4966
4967
4968
4969
4970
4971
4972
4973
4974
4975
4976
1839
1157
4940
4676
4962
4982
4983
4984
4985
4986
4987
1941
4347
4990
4991
4992
4993
4995
4997
212
212
4998
4999
5000
5001
5002
5003
5004
5005
5006
5007
5008
5009
5010
5011
5012
957
1212
5015
1713
247
1710
1702
4212
5021
5023
4737
236
4203
4283
4282
4283
1853
1020
1213
4282
1214
5053
5034
5036
5037
5038
5039
5040
5041
5042
5043
880
5045
881
5047
5048
5049
4285
4285
4285
4282
1058
4305
5056
5057
5058
5059
5060
5061
5062
5063
5064
5065
5066
5067
5068
5069
5070
5071
5072
5073
5074
5075
5076
5077
5078
5079
5080
5081
5082
5083
5084
5085
5086
5087
5088
5089
5090
5091
5092
5093
5094
5095
5096
5097
5098
5099
5100
5101
5102
5103
5104
5105
5106
5107
5108
5109
5110
5111
5112
5113
5114
5115
5116
5117
5118
5119
5120
5121
5122
5123
5124
5125
5126
5127
5128
5129
5130
5131
5132
5133
5134
5135
5136
5137
5138
5139
5140
5141
5142
5143
5144
5145
5146
5147
5148
5149
5150
5151
5152
5153
5154
5155
5156
5157
5158
5159
5160
5161
5162
5163
5164
5165
5166
5167
5168
5169
5170
5171
5172
5173
5174
5175
5176
5177
5178
5179
5180
5181
5182
5183
5184
5185
5186
5187
5188
5189
5190
5191
5192
5193
5194
5195
5196
5197
5198
5199
5200
5201
5202
5203
5204
5205
5206
5207
5208
5209
5210
5211
5212
5213
5214
5215
5216
5217
5218
5219
5220
5221
5222
5223
5224
5225
5226
5227
5228
5229
5230
5231
5232
5233
5234
5235
5236
5239
5238
5413
5240
5241
5242
5243
5244
1140
5246
5247
5250
1204
5251
1091
1863
1862
5255
4393
5256
1932
272
1935
5260
5261
5262
5263
1954
1955
5266
5267
1897
1940
5271
5286
1898
5273
5274
5275
5265
5277
5263
5277
5280
5281
5282
1928
277
279
5287
5287
5288
5289
1767
5308
4393
5293
5294
5295
5296
5296
1305
5297
5300
5300
5302
5303
5304
5304
5302
5307
1089
5299
289
4400
5313
5314
5314
5316
230
4446
281
4392
4449
5321
4557
5323
5324
5325
5326
5327
5328
5329
5330
5331
5332
5333
5334
5335
5336
5337
5338
5339
5340
5341
5342
5343
5344
5345
5346
5347
5348
5349
5350
5351
5352
5353
5354
5355
5356
5357
5358
5359
5360
5361
5362
5363
5364
5365
5366
5367
5368
5369
5370
5371
5372
5373
5374
5375
5376
5377
5378
5379
5380
5381
5382
5383
5384
5385
5386
5387
5388
5389
5390
5391
5392
5393
5394
5395
5396
5397
5398
5399
5400
5401
5402
5403
5404
5405
5406
5407
5408
5409
5410
5411
5412
4602
5414
5038
3851
5417
4192
4193
1029
4221
4221
5421
4281
1711
252
4864
4648
4003
970
4721
4734
5433
5434
5435
5436
854
5810
4037
5832
3946
1833
3947
5282
5445
5446
5447
5448
5449
4847
1047
183
4198
5454
5455
212
5259
5458
1794
5460
5257
1401
1755
5463
5465
5466
5467
5468
5468
1396
5469
5472
5464
5573
5501
5542
5478
5698
5544
5708
5709
5482
5483
5519
5551
5486
5487
5488
5489
5490
5491
5492
5493
5494
5559
5555
5497
5498
5499
5496
5496
5557
5496
5504
5505
5506
5507
5508
5509
5510
5511
5512
5513
5514
5515
5516
5517
5518
5491
5520
5524
5521
5485
5529
5525
5526
5527
5528
5530
5530
5531
5532
5533
5534
5535
5536
5537
5538
5539
5477
5478
5698
5565
5480
5708
5546
5547
5548
5549
5548
5493
5546
5553
5556
5495
5558
5554
5558
5559
5699
5562
5572
5562
5564
5575
5566
5580
5481
5568
5570
5571
5560
5557
5561
5569
5576
5577
5578
5566
5580
5593
5666
5650
5799
4145
5673
5729
5726
5654
5655
5722
5627
5659
5613
5608
5679
5685
5597
5647
5634
5594
5673
5668
5603
5731
5771
5683
5770
5666
5666
5663
5666
5608
5608
5614
5617
5732
5607
5684
5619
5607
5618
5597
5620
5590
5623
5646
5648
5624
5638
5639
5660
5631
5635
5678
5635
5596
5600
5645
5600
5595
5595
5596
5679
5644
5644
5643
5645
5672
5650
5772
5730
5729
5726
5589
5616
5594
5641
5642
5656
5589
5677
5667
5601
5667
5668
5615
5606
5778
5680
5680
5669
5652
5687
5587
5654
5588
5686
5674
5734
5660
5680
5587
5675
5602
5586
5673
5474
5501
5563
5477
5696
5697
5697
5697
5697
5478
5758
5699
5700
5701
5567
5479
5706
1643
2422
2422
5750
5751
5752
5711
5712
5713
5484
5522
5604
5632
5628
5626
5591
5625
5590
5724
1832
4627
5786
169
5801
2005
5783
5782
4142
4143
4807
4145
5799
5799
5799
5799
5799
5737
5583
5672
5746
5703
2422
1643
5775
5799
2355
2354
2356
5753
5754
5713
5701
5757
5758
5758
5697
5697
3766
5763
4568
4571
4087
4087
4096
5604
4142
4143
4130
4145
5799
4146
4627
1837
5438
5567
5696
5696
1690
1689
5801
5801
169
5714
5474
5522
5574
5501
5541
5697
5721
5626
5630
5632
5742
4146
1464
5834
5802
5820
2402
5805
2403
5807
5808
4121
4119
5811
5812
4123
5809
5816
4659
5817
5818
2394
5833
5821
4658
4116
176
5824
2398
5830
4123
4122
2402
2404
310
5833
5832
310
66
66
183
183
22
1484
22
183
183
1484
1484
183
22
1702
