1309
1
2
1316
2149
1314
3054
3151
2887
3087
3097
16
2595
5826
1339
519
2430
2428
1509
1509
537
1509
3745
2473
22
1509
467
26
1362
2468
26
537
1574
32
1560
35
1378
2630
1532
2729
40
41
1386
2692
1390
1439
2748
1602
48
1559
3569
1422
2648
1431
2730
1428
1384
1443
58
59
60
3630
62
63
1388
2919
5836
67
1471
3276
1327
2488
2463
1488
3265
1499
3278
2699
3288
79
2101
3309
26
1358
26
1355
2562
467
1513
89
90
91
92
93
94
95
96
97
98
99
100
2728
1421
103
104
1568
3578
107
108
3589
1570
3305
1576
2724
1584
1582
116
2686
118
1597
1599
121
122
123
1616
1609
1607
127
128
2733
2652
2734
2736
3638
1612
135
3639
137
2225
138
2253
3192
2264
2993
2351
3089
146
1631
1638
1639
1640
3186
3189
3014
155
1647
156
157
3751
2485
1667
1827
4608
1672
1670
3885
4744
4580
4525
5801
4775
4785
1683
4309
5824
1692
4157
4153
4158
4210
4212
1032
4196
4186
4197
4848
4210
4019
187
1045
189
252
252
1204
1942
234
1727
5284
1774
1725
5250
1898
1747
4398
1804
297
301
1742
4458
1753
1765
4996
4438
1970
1768
1773
4369
4367
4413
1789
1794
281
1799
1806
1811
5313
5315
1823
1822
1820
1758
4609
4977
4960
1838
1848
5451
1025
1858
1865
4947
4962
4414
4973
244
245
246
251
252
1881
1881
1048
1048
1884
254
255
256
257
258
259
5291
261
262
263
264
1930
1899
1782
268
1922
5253
271
5285
5269
1933
1935
1949
5288
4989
1947
1943
282
4351
1961
1952
1958
4405
1961
1963
1967
291
5311
1778
1756
294
1780
1906
1093
4449
4448
266
1975
1979
1984
949
3996
304
3942
1165
309
310
1179
1997
313
947
314
3989
4823
4879
4878
4873
321
322
1710
4209
2003
151
316
2629
2718
2040
3250
2042
2059
2045
2050
3292
80
2047
3262
2055
341
1503
3298
2058
2067
2065
3232
3246
349
350
351
352
353
354
355
356
2078
2080
3353
3318
361
3355
363
3827
3826
366
367
368
369
370
2102
3307
883
2175
3105
2114
2117
2133
2132
2119
3048
2123
2126
2128
3063
2135
2170
3009
3008
2431
2137
2146
2144
3023
3022
2151
3073
2153
399
3021
2157
2249
402
2163
2202
406
407
408
409
3926
2195
412
3027
3040
2181
2184
2186
2922
2185
723
722
2192
2194
3820
2200
3095
427
2207
3180
3751
3189
2211
1637
2214
2210
3138
2768
2223
326
432
2232
2230
443
444
2237
447
2291
3082
450
2953
2245
2256
2030
439
3092
2287
155
1645
1635
3190
2271
2950
3025
2243
715
3157
2281
3117
3117
3118
3744
2473
1647
2293
3125
3125
477
478
479
480
481
482
483
484
485
486
2889
2839
2320
2883
3103
2324
2328
3004
3005
496
3099
498
499
500
501
2344
2382
663
505
2380
659
1462
2356
2410
1332
1479
513
3136
3127
3148
2432
511
2395
2488
537
2521
462
2268
524
530
522
2456
2462
553
2469
2496
2493
1358
2488
2488
558
2542
2561
2545
3748
544
552
551
2547
26
545
2499
475
468
2280
476
2949
543
2499
2501
3747
2278
2279
3746
3747
557
2537
26
2545
2512
2496
567
2543
3165
1344
2588
2575
2235
447
576
2278
2280
3332
580
581
582
583
3573
1550
586
587
588
2656
590
591
592
593
594
595
2036
597
2629
111
1578
601
602
603
2649
3294
1533
1540
608
609
3613
611
612
2675
1596
2672
616
617
618
619
620
621
622
623
1450
625
626
627
628
629
630
631
3185
2766
3141
2785
2769
2776
2787
639
640
641
642
493
2327
3147
2798
554
647
2523
2454
651
652
653
2322
2366
2370
657
658
5754
660
509
662
1467
510
2895
666
667
668
669
670
671
672
3360
3324
2923
676
677
678
3217
682
3179
459
2956
3168
3333
2238
687
3256
2987
2991
3254
3086
2998
3251
3181
696
3013
3755
3064
2961
3213
3044
3049
3052
3072
706
3221
3070
3079
3085
3142
3113
3109
2440
3167
3340
2578
3200
3198
3238
3234
3240
3209
3203
725
3749
3227
3229
3280
730
3264
3259
3261
3769
3296
3386
3384
3381
3314
3316
3317
3319
474
2488
2491
3357
2293
748
3536
3379
3673
3675
753
754
755
756
757
758
759
760
761
762
763
764
765
766
767
768
769
770
771
772
773
774
775
776
777
778
779
780
781
782
783
784
785
786
787
788
789
790
791
792
793
794
795
796
797
798
799
800
801
802
803
804
805
806
807
808
809
810
811
812
813
814
815
816
817
818
819
820
821
822
823
824
825
826
827
828
829
830
831
832
833
3610
835
836
3618
2661
114
840
841
842
843
3615
3623
846
847
3715
849
850
851
852
3844
3777
4933
856
3793
858
859
860
861
862
4919
4910
865
866
867
3801
4928
4916
871
872
873
874
875
876
877
878
879
3818
5036
5037
882
5042
3822
5048
3833
888
4669
890
3837
892
893
894
3909
3850
3856
3854
160
3866
3859
161
3864
3871
3906
4699
3873
3875
4697
3878
4709
4712
3880
3883
4762
916
917
4710
3894
920
921
922
923
924
3902
5044
4719
928
253
3918
4614
4891
3922
934
4892
936
937
938
963
305
1710
315
2032
3987
327
944
3953
3950
3948
4479
951
4869
953
4757
4770
4806
3966
4642
5427
3952
3973
962
4705
1166
4705
3985
325
3975
3998
4840
1184
4008
4803
4805
4811
1029
4196
4781
4021
980
981
982
983
984
4553
986
987
4041
989
4532
4047
993
4533
4068
4067
4053
4690
4057
999
4694
1001
1002
1003
4072
1009
1005
1007
1008
4548
1010
1011
1686
4135
1845
1015
4814
998
4163
4154
5451
1032
4178
3997
1023
4183
4177
4191
969
4194
4217
4243
4213
4213
1049
4260
4263
4264
4225
5422
4238
252
4223
4237
4022
3999
4222
4221
4010
4276
4219
4221
1050
4287
1711
4234
4244
1056
5423
1186
4846
1062
4301
3966
956
4022
2295
4511
4006
1212
1070
1071
1072
1073
1074
1075
1076
4376
4325
4324
1080
1081
1082
1083
1762
4334
4438
4989
1969
1813
4673
4978
1904
267
1094
4425
4378
5298
1098
4392
4394
1101
1102
1103
1104
1761
1106
1107
1108
1816
1110
1111
1112
1113
4541
4475
4489
1117
1118
4499
1120
4522
992
4104
4102
1125
1126
4557
1128
1129
1130
1131
4578
4585
1134
1135
1136
1137
1138
1139
1140
5415
5010
4613
1144
1145
1146
1147
1148
4484
1153
3974
1151
1149
3971
184
4671
4939
4686
1159
4938
4774
4925
4935
4866
2024
4871
4004
4754
1154
1170
4734
4739
4741
4760
1175
4902
4758
4766
4772
1180
4800
4796
4820
1152
236
1061
1187
1188
1189
1190
4893
4895
1193
1194
5018
4908
4912
1198
1199
4965
5417
4944
1203
5437
1205
5065
1207
1208
1209
5002
5004
4281
4213
4278
1215
4021
1217
1218
5352
1220
1221
1222
1223
1224
1225
1226
1227
1228
1229
1230
1231
1232
1233
1234
1235
1236
1237
1238
1239
1240
1241
1242
1243
1244
1245
1246
1247
1248
1249
1250
1251
1252
1253
1254
1255
1256
1257
1258
1259
1260
1261
1262
1263
1264
1265
1266
1267
5176
1269
1270
1271
1272
1273
1274
1275
1276
1277
1278
1279
1280
1281
1282
1283
1284
1285
1286
1287
1288
1289
1290
1291
5238
1293
1294
4394
1296
5302
1298
1966
4380
1301
1302
1303
1769
203
290
1307
1308
1309
1310
1308
4
1318
4
1312
1318
1318
3053
1319
2887
1320
1322
3149
2595
2434
2595
2595
1337
5826
5827
2436
1337
3061
5807
5821
2429
2429
2430
2444
1509
1509
1509
1509
2473
1509
1509
2473
3340
1355
3163
1358
1509
1355
1355
2538
2539
26
2540
467
3743
3743
2468
1362
3744
1509
1509
1509
537
3568
3568
32
1370
1377
1374
136
110
1377
2632
2630
2632
600
131
1382
1385
2653
131
43
43
1387
2683
1393
1392
1451
1394
1395
1396
1433
1398
1399
1400
1400
64
1403
1404
1405
601
1404
1408
1409
1410
1411
1412
1413
1558
1415
1416
1417
1415
50
50
1420
50
2650
1425
2650
1432
1432
54
1427
52
2651
1424
1434
3635
133
2744
1436
1439
1615
1442
1440
1442
59
1444
3631
1446
1444
1448
1451
125
1608
1453
2687
1454
1455
5511
5546
5513
1460
2917
1460
1335
5707
2380
66
1469
1468
1464
2969
1473
67
69
3293
5806
5806
2402
5830
5693
5804
2595
10
1325
2488
3340
2488
2488
1489
74
3290
1489
77
3297
2698
1494
76
1497
3301
1496
78
81
2103
3309
1502
1500
1509
1509
26
1355
2540
2540
2562
1461
65
1461
1515
1516
1517
1518
1519
1520
1521
1522
1523
1524
1525
1526
1527
1529
2728
101
1528
39
1539
51
1538
102
1534
37
1421
1379
1541
1542
1543
1544
1545
1546
1547
1548
1552
1549
1552
3591
1553
1554
1555
1556
1557
1558
1559
108
1561
1564
106
3577
1565
1566
1568
3588
1567
109
3304
3304
1572
68
1579
2723
1575
33
2725
115
1580
2672
115
1580
114
1580
1587
1588
1589
1591
2685
1592
1593
1598
1598
120
1594
120
615
119
1601
1602
1603
3627
1604
2684
124
1605
126
1610
1611
1614
1613
2644
2736
1387
44
1618
1619
1618
1628
2277
1625
2265
2266
2266
458
3018
1629
1630
1631
1632
1633
1638
1638
148
1640
1641
1641
152
3187
2380
2380
155
155
155
153
1648
5460
1650
1651
1652
1653
1654
1655
3749
743
2235
3749
1348
22
2284
20
162
1664
1827
162
1671
1668
165
1673
1673
4742
166
1676
4579
1677
1678
168
4309
4309
4309
4785
4162
1695
178
4308
175
4750
5812
4106
4156
4153
4156
177
4210
4210
4210
4210
4196
4196
5025
4196
976
4210
1881
247
4212
4257
4257
4277
4257
251
4192
4192
1029
4193
4194
1879
252
1879
1879
5249
5249
234
5249
277
1729
1939
5289
1730
1726
1723
1726
1724
4371
1739
4373
1093
4372
206
206
206
4408
1814
1748
1109
1815
1751
1750
5468
298
1749
1755
5463
302
1754
294
1762
1759
211
5461
1968
1763
1088
1778
1764
213
1769
1770
197
1771
1931
196
1776
1779
1777
1775
198
198
1781
5251
5251
5251
5250
4369
1091
4369
1795
218
1793
1795
4368
4367
4368
1798
1796
4446
1977
5320
1978
1801
4372
1092
4456
224
4456
1807
1810
5314
226
1809
225
1823
293
227
1818
1821
1817
228
1757
230
293
4084
5766
4087
1829
1829
4607
1830
5801
1832
1833
1834
1835
1836
1837
4960
4960
233
1839
5814
5809
4128
5813
4146
4123
171
171
171
5451
4220
5451
5025
240
1855
4974
240
1859
4981
1861
1862
1863
1867
243
1866
1867
1868
1869
1870
1871
1872
1879
1880
1879
1879
1881
1879
4256
1048
4259
231
1828
231
1885
1886
1885
1888
1889
1890
1891
1892
1893
1894
1895
1896
1897
4364
1899
5253
1902
4364
216
1786
4444
1904
1782
193
193
1785
1911
5290
1913
1914
1915
1916
1095
4426
1900
5272
1920
201
1923
1924
4336
1926
1927
1931
1928
274
5284
272
273
1932
1086
5270
276
5286
1938
1949
1841
1841
4988
232
195
1943
1941
195
1725
1967
1967
4391
1950
1950
1950
1966
1960
223
1960
4404
289
1961
4402
289
1967
1961
4401
1778
1969
292
1756
1973
1980
207
4363
1975
4449
4363
1744
1742
208
1887
1982
256
307
3995
1990
4002
4876
4875
4706
4876
1996
1993
1995
5439
1997
3989
3990
3989
3951
3990
2004
947
4106
1691
4879
4878
4879
4873
2011
2012
2013
2014
5018
5425
957
1212
4851
181
4849
4851
2004
317
2002
1641
151
1639
1639
1639
2001
2001
3986
2035
2721
329
2037
2629
2041
331
3275
69
2039
2048
333
2046
337
3285
2051
336
3292
2052
2053
2053
2055
334
3262
2060
342
3298
2060
2058
2066
2063
347
3244
348
2068
2069
2070
3247
2072
2073
2074
2075
2076
2077
3318
2078
359
3318
2081
2083
362
3358
2086
2090
2087
364
3825
365
2092
2093
2094
2095
2096
2097
2098
2099
2100
2103
372
3306
2102
2107
373
3842
2111
2110
2177
3249
2113
3741
73
2112
2118
378
2130
379
2116
2121
3115
381
2124
2129
377
2125
385
3062
2131
2134
0
386
2136
387
3364
2137
2138
2138
2137
388
2145
2142
394
3023
395
2150
2147
397
3076
393
1315
5
2154
3
2159
400
2156
3019
2164
2249
2164
405
2247
2165
2166
2167
2168
2169
410
2197
2171
2174
3907
414
3030
3104
2176
2182
2179
416
2183
2173
412
2187
88
3330
418
2185
2191
3208
421
2190
420
424
357
3927
2942
2199
2200
2201
427
2199
142
1623
3012
2254
1355
1356
152
3189
152
2211
2212
2218
2217
2210
1637
3138
3138
436
2261
2027
2213
3192
2213
432
2228
2228
2230
2231
2232
448
2233
2236
3119
3081
471
2953
28
3163
2259
453
2255
2258
2777
2248
2248
455
2262
1644
1644
154
2262
2028
2029
2029
2026
326
2026
151
155
155
1644
697
3015
3191
2780
463
3038
452
2779
3154
3155
3156
2274
2226
3116
3116
3117
3116
3118
1363
3745
2473
1363
155
155
1647
3118
3118
2290
470
3124
3125
3124
3124
2299
2938
2300
2301
2302
2303
2304
2305
2306
2307
2308
2309
2310
2314
2312
502
2342
2315
2316
2317
2318
487
2841
2839
2323
2885
491
3098
2325
2328
491
494
3002
2331
2332
3003
2334
2335
2336
2337
3058
2340
3092
2339
2345
2343
503
2867
1630
2387
504
2352
2351
143
2992
2353
5575
5479
5576
5512
5489
5509
5516
5498
5538
5529
5539
5524
5485
5557
5562
5478
5561
5477
5496
2418
5574
5500
5520
5521
5802
5802
5821
2840
2857
2381
655
2879
2877
2386
1457
2392
9
3089
3088
3123
2395
3122
2442
2441
519
2389
5807
2391
2394
2393
2394
5819
2441
1479
2407
5827
512
2441
5474
2397
2396
3131
5818
5805
5819
5819
5819
5819
1335
515
514
3129
3128
2427
2431
2432
2431
3099
497
390
2430
2443
17
2442
2594
1328
11
519
2444
517
2432
3340
3340
537
2488
1509
1509
2815
2521
2270
2269
2815
2465
2467
2452
2457
2457
2460
2466
528
2462
2520
2471
2520
2471
530
3178
2949
529
3744
527
527
2492
2492
538
2490
2473
537
537
2488
2491
2563
2491
558
558
2541
2543
2562
550
2545
2544
2514
2514
2546
2515
2545
2546
552
1355
1509
1356
26
2497
2497
2499
2513
2501
2515
2518
2515
551
2296
469
2296
476
2948
2948
2270
2513
549
2511
2497
2499
2497
543
544
3747
544
2497
2499
2501
2564
2564
2564
467
2282
467
2279
468
2278
468
468
2294
475
2490
3746
2490
1358
1358
1509
26
3746
2493
3748
2544
544
3747
2281
2281
2562
2561
470
2565
538
2494
2560
2488
2529
555
3776
2492
2568
2573
2576
2567
3749
447
474
2515
2516
2294
2518
568
568
576
2516
2280
2279
27
27
2433
2434
2596
2597
2598
2599
2600
2601
2602
2603
2604
2605
2657
2607
2608
2609
2610
2611
2612
2613
2614
2615
2616
2617
2618
2619
2620
2621
2622
2623
2624
2625
599
2628
2628
2722
1372
1369
1370
2634
2634
2635
2636
3629
2638
2639
2640
2641
2640
2643
2647
2646
55
2735
605
2985
3295
2649
1535
1540
1536
2657
608
2657
2662
2659
2660
839
3611
2665
2664
2665
836
2667
2668
2669
2670
2671
2673
2645
117
2675
2676
2677
2678
2679
2680
2681
2683
3637
2682
1447
602
2688
5462
2689
1438
1438
134
2696
2694
2695
2726
2651
2697
604
2700
2701
2702
2703
2704
2705
2706
2707
2708
2709
2710
2711
2712
2713
2714
2715
2716
2717
591
2717
3312
3312
3305
2725
1573
1573
1418
2727
1429
1429
1425
1423
1379
36
2732
54
1537
2737
2738
2739
2740
2741
2742
130
2654
2745
2746
2691
45
46
2750
2751
2752
2753
2754
2755
2756
2757
2758
2759
2760
2761
2762
2763
2764
632
632
632
3139
2770
3140
634
635
441
2229
2774
442
2260
2223
2244
3024
2242
2783
3185
2782
2786
3146
425
2785
2789
2790
2791
2792
2793
2328
2328
2327
493
492
2326
2799
492
2527
2534
2805
2522
2522
2523
2496
2522
2451
2455
2454
2810
650
2270
2268
2804
2818
648
2820
2821
2822
2823
2824
2825
653
2827
1321
490
2830
2323
2886
2321
5688
2412
5791
5522
5523
2834
2837
656
2842
2843
2844
2845
2846
2847
2848
2850
2854
2851
2383
2852
2853
2377
2364
1458
2858
2859
2860
2861
2862
5711
2357
5483
5546
2870
2863
2388
2359
2871
2872
2873
2874
2875
5569
5544
5750
2422
5568
2385
663
510
510
2889
2884
664
664
3758
2371
2891
2892
1490
2893
75
2896
2897
2898
2899
2900
2901
2902
2903
2904
2905
2906
2907
2908
2909
2910
2911
2912
2913
2914
2915
2916
2918
741
674
3361
2193
423
422
2921
2925
2926
2927
2928
2929
2930
2931
2932
2933
2934
2935
2936
1642
2940
2939
2941
1466
2943
3820
2947
2944
675
3231
2950
680
3025
1361
3752
29
2958
3026
2954
2954
3177
2283
3162
2238
450
2963
2964
2965
2966
2967
2968
2970
2995
2971
2972
2973
2974
2975
2976
2977
2978
2979
665
3303
2982
2983
2985
3256
2984
688
2990
2988
3253
691
2992
2994
2994
692
692
2999
3242
3255
2997
3010
429
3004
3010
428
3007
2205
3008
695
3180
2251
2288
3014
3014
696
1645
3013
3015
3020
3754
3756
139
2205
2257
459
2257
699
3029
3066
3041
2952
681
2952
2962
2241
686
450
3026
3042
679
701
3215
2143
392
3043
1514
3046
2
2189
2189
3052
417
3055
3055
3073
3057
3057
705
3059
3060
5821
2180
415
707
3069
3067
3219
704
3068
445
3337
495
3006
3074
700
3006
2120
3077
380
3080
382
3082
3083
3084
3085
3086
3087
3084
710
3091
3184
3090
3193
3093
711
3193
391
2141
389
2339
2341
1317
388
2945
346
2148
396
3107
413
3111
3028
2178
3045
3110
1311
3078
383
709
709
5808
2332
3121
3122
2127
384
1482
12
3134
70
1480
5806
5804
15
1326
2438
645
2800
151
3186
3140
3141
444
431
3190
2210
3146
10
3135
518
2404
3153
2408
2407
434
3167
3169
3171
3170
1509
2473
537
2473
1363
1485
71
3174
3168
433
684
2957
683
3340
72
2550
2575
3765
1636
2956
3178
2288
473
2203
3182
3094
3185
3186
3187
3188
696
3189
3189
3190
3194
3195
3195
3199
3196
720
3237
721
3202
3233
725
3201
3208
722
3208
3211
3211
3209
3211
3069
703
3070
419
2188
2924
3329
726
743
2234
3751
3750
3226
3226
3240
340
3225
3227
3228
3230
728
3235
729
3279
341
3239
730
3283
3240
713
3112
3114
3245
3281
731
2989
3248
2064
345
374
2109
3243
693
2043
332
3258
2062
344
3257
339
2062
3260
733
732
3263
3269
3267
3277
3270
3271
3272
3273
3274
2115
376
3000
689
2046
338
3282
3742
2052
335
1504
80
343
3300
3287
3289
371
371
2894
332
3296
2042
2986
734
3387
3299
736
3302
1498
2979
687
3308
737
3383
738
3310
3311
3311
3197
718
3313
719
724
3317
724
3210
3322
3324
3321
723
3320
3204
3326
2233
2235
3323
3749
2292
3751
1356
2566
3337
3338
3047
2491
2541
537
537
537
2488
2487
86
2491
1359
2290
2539
3318
3318
742
3315
739
3354
740
3327
2082
3352
3359
3356
746
3361
539
2564
2564
2541
467
2282
3371
3372
3373
3374
3375
3376
3377
3382
749
3378
751
3672
3385
752
3674
750
750
3566
3389
3390
3391
3392
3393
3394
3395
3396
3397
3398
3399
3400
3401
3402
3403
3404
3405
3406
3407
3408
3409
3410
3411
3412
3413
3414
3415
3416
3417
3418
3419
3420
3421
3422
3423
3424
3425
3426
3427
3428
3429
3430
3431
3432
3433
3434
3435
3436
3437
3438
3439
3440
3441
3442
3443
3444
3445
3446
3447
3448
3449
3450
3451
3452
3453
3454
3455
3456
3457
3458
3459
3460
3461
3462
3463
3464
3465
3466
3467
3468
3469
3470
3471
3472
3473
3474
3475
3476
3477
3478
3479
3480
3481
3482
3483
3484
3485
3486
3487
3488
3489
3490
3491
3492
3493
3494
3495
3496
3497
3498
3499
3500
3501
3502
3503
3504
3505
3506
3507
3508
3509
3510
3511
3512
3513
3514
3515
3516
3517
3518
3519
3520
3521
3522
3523
3524
3525
3526
3527
3528
3529
3530
3531
3532
3533
3534
3535
3536
3537
3538
3539
3540
3541
3542
3543
3544
3545
3546
3547
3548
3549
3550
3551
3552
3553
3554
3555
3556
3557
3558
3559
3560
3561
3562
3563
3564
3565
3566
3567
3570
735
3762
735
2698
3572
3574
3575
3609
3577
598
3579
3580
3581
3617
1580
1550
3585
3620
3587
3590
112
3604
39
3592
3593
3594
585
2657
3597
2657
3599
3600
3601
3602
1566
2628
1577
3605
3606
3607
2677
613
3614
3614
3615
3616
40
3626
3619
845
3624
3621
3622
3622
3623
2642
3625
3626
2684
3628
3629
3630
3631
3632
3633
3634
2732
2733
135
606
3607
5517
3641
3642
3643
3644
3645
3646
3647
3648
3649
3650
3651
3652
3653
3654
3655
3656
3657
3658
3659
3660
3661
3662
3663
3664
3665
3666
3667
3668
3669
3670
3671
3672
806
3676
848
3714
3677
3678
3679
3680
3681
3682
3683
3684
3685
3686
3687
3688
3689
3690
3691
3692
3693
3694
3695
3696
3697
3698
3699
3700
3701
3702
3703
3704
3705
3706
3707
3708
3709
3710
3711
3712
3713
3714
810
3716
3717
3718
3719
3720
3721
3722
3723
3724
3725
3726
3727
3728
3729
3730
3731
3732
3733
3734
3735
3736
3737
3738
3739
741
3266
2054
2466
3743
531
551
551
2516
447
2292
2565
3179
2960
2273
2275
450
2158
2369
3759
3760
3768
1472
2393
3764
148
1335
1640
3768
3380
3770
3771
3772
2267
559
1509
2492
855
3781
3780
4934
3845
3786
3783
3782
3785
4963
3787
3788
3789
3790
3794
3792
863
4924
864
3796
3797
3798
3799
3800
870
3803
4916
3804
3805
3806
3807
3808
3809
3810
3811
3812
3813
3814
3815
5036
5036
5036
5037
3818
3824
884
3821
5043
3828
886
885
5047
3829
888
3831
3832
3829
3830
887
3836
3837
3838
3839
3840
3841
3823
3819
3846
894
3908
3846
869
3802
238
4929
3855
3852
899
3868
900
3860
3857
902
1665
3862
4751
3861
897
3868
904
160
3869
3870
5049
905
3876
906
3872
3876
4699
3879
911
4712
912
3877
3884
913
4764
915
3882
1669
3888
3889
3890
3892
4708
3891
918
2162
3896
404
2161
3899
3900
3901
3902
3903
926
3904
5045
3928
3911
927
3910
4716
3913
3915
3912
3905
5015
3919
931
5015
1884
3925
932
3921
935
4889
3817
3816
881
3929
3930
3931
3932
3933
3994
964
3980
1986
183
1881
183
1998
315
2000
2023
5441
3987
2033
3946
4862
2220
3953
2219
2220
3947
3945
5443
4829
3958
3959
3961
953
3962
955
5021
955
3965
3963
190
4012
1714
4641
2778
2222
4482
454
3976
3977
3978
4702
4702
4704
1166
4705
3951
438
3951
3986
4482
3951
947
4705
1166
318
4874
3941
4872
2781
451
4483
464
4839
3956
4839
4840
4841
4805
4803
4803
4805
974
1027
5419
4197
4186
318
4877
2008
4804
973
4021
4804
4811
4811
4811
4025
4026
4027
4028
4029
4030
4031
4032
4029
4034
4035
4036
4037
4040
4038
4069
4071
4042
4043
4044
4045
4050
990
4046
993
4531
4052
4066
995
4055
4786
997
4692
4056
4060
4693
4061
4747
4063
4064
4065
4066
4067
4068
4070
4559
1005
4072
1994
4074
4073
4076
4077
4078
4079
4080
5677
5655
5588
5590
5625
5764
4081
5625
5624
5599
5624
5628
5593
5663
5666
5735
5671
5604
5651
4128
5649
5609
5794
5719
5815
5817
4108
4547
4108
1009
4111
4112
4113
4114
4118
4777
170
4776
4809
4809
1017
4167
1019
4167
4115
311
5812
4121
4121
4119
4121
4166
1685
1688
1014
5825
4166
5718
4122
4817
5824
4115
4116
4121
4119
4121
5809
5727
4152
4150
1016
4822
4155
998
4787
4155
4155
908
907
177
1693
1694
1683
1683
1687
4169
1017
1017
4154
5025
5451
1032
5025
5024
5024
461
461
2272
4000
4179
4179
4183
4178
4241
4184
1024
4180
4189
969
969
4241
4242
4240
969
4242
4187
4188
1026
4198
4218
4506
1039
1039
4196
4210
4211
4211
4213
1034
4259
4258
1880
4258
4258
4260
1049
4235
4234
1040
5423
1043
2547
2547
4264
4237
1879
1879
1879
1709
2501
545
2512
4222
4237
4237
4023
4024
4022
974
3999
3998
3998
549
543
2501
2501
4222
4224
1037
5421
2501
4223
4215
4215
4215
972
972
4010
4277
975
975
4023
4239
4022
1039
1039
4219
1879
252
1037
1037
4235
5421
1037
4221
974
4006
1048
4276
4007
4018
4250
4253
4267
4249
1046
1038
1056
4504
4288
1053
1062
4288
5425
979
3966
2518
4022
4237
1057
1067
4502
4239
4009
4276
4228
4226
4159
4159
4310
4311
4312
4313
4314
4315
4316
4317
4318
1077
4375
4321
4322
4322
4994
1079
4326
1078
4328
4329
4330
4331
4332
4330
1760
1760
1105
1084
4335
5259
275
4341
4342
4343
278
4438
4989
1944
1943
5248
5248
5248
4353
215
4356
4354
5312
1808
4357
229
291
4359
229
4366
266
1791
4366
1091
4370
4978
4676
267
1903
267
4375
4375
1094
5294
5295
5297
287
4377
4382
1096
4384
4385
5266
4390
4388
4389
4424
4392
300
4405
1958
4405
5308
4400
202
4397
5311
4403
4401
5319
1812
1089
1802
301
1802
4411
1101
1777
4412
1090
4675
4414
4416
4417
4418
4419
4420
4421
4422
4423
4424
1082
4333
4429
4427
4433
4430
4431
215
4434
4995
1944
1944
1944
4989
1777
292
4442
4442
4367
4367
200
1910
1734
220
1905
4450
4451
4452
4453
4454
4455
4457
5316
222
209
4461
4461
4462
4463
4464
4465
4466
4467
4468
4469
4033
4470
985
2765
4473
633
4478
4476
4487
1116
4480
637
2222
2246
3972
2784
4485
4487
638
4489
4490
4491
4492
4493
643
4494
3101
2797
4497
996
4246
554
4501
2523
2523
4243
524
525
2812
2272
4502
4511
4512
4513
4514
4515
4519
4518
4543
4520
4521
4523
1122
4046
4049
991
4530
4092
4098
4138
5632
4529
1124
1123
4534
4535
4536
4537
4538
4539
4540
4543
4041
4546
4107
4109
4545
4549
1127
4103
4550
4551
4552
4039
4554
1824
4556
4088
4555
4559
4560
4561
4558
4563
4564
4565
4566
4567
4081
4569
4570
4571
4572
4573
4574
4577
4575
4581
1013
4576
1132
4582
5433
4583
1856
239
4584
4587
4588
4589
4590
4591
4592
4593
4594
4595
4596
4597
4598
4599
4600
4601
4602
4603
4604
4471
925
4610
1141
1142
5415
3923
4611
934
933
4615
4616
4617
4618
4619
4620
4621
4622
4623
4624
4625
4626
1837
4628
4629
4630
4631
3816
4633
4634
1143
4636
4483
3975
968
1715
4864
4864
4715
4713
4647
4727
961
4012
959
3970
4011
4652
4653
4654
4655
4656
4657
4658
4684
4660
4661
4662
4663
4664
4665
4666
4667
4667
4669
4586
4670
4672
1157
4688
4674
4940
4679
1160
4937
4680
4681
4682
1161
1161
4746
4936
1163
4936
4927
4701
4698
4691
3935
940
3937
4695
1164
4866
1164
3992
3993
4871
4871
4871
4873
4872
325
4711
5429
5430
4003
306
4482
960
3973
4718
4717
4763
919
1150
4642
4843
5431
4720
4724
958
3972
4728
4729
4730
4731
3881
4732
910
1882
161
1883
3916
3920
4738
930
4743
4762
1174
4746
4774
1174
4749
4761
5817
3914
4753
1155
1169
4755
4740
1172
954
4759
1000
4059
4696
4725
912
3853
898
4765
3858
4768
901
4771
999
4773
4774
1175
4773
1179
4778
4779
4780
1180
1180
4783
938
4786
4790
909
3100
4789
4779
4791
4792
3886
4793
914
4798
3909
5432
1171
4733
4799
1664
4767
1178
903
4769
4119
4058
4808
4808
3863
235
4832
1119
4816
1848
4166
5814
176
172
4164
4498
4474
1115
4825
4826
4827
3943
2032
3941
4831
4051
4815
4821
4129
1018
4165
1012
4852
4853
4854
4855
4645
1851
1032
1851
4197
1027
4858
4860
1052
4861
4644
966
4643
4646
5025
4265
4284
4292
3988
3984
4637
4639
978
4784
3183
4868
4486
4824
317
2024
4870
2024
2025
2025
951
3960
952
4880
4881
4882
4883
4884
4885
4886
4887
4888
4890
4893
1192
1191
4893
4893
4895
4896
1177
4898
4900
4901
4612
1195
5013
1212
4906
188
5426
1191
4910
1191
4892
935
4912
4911
4915
1197
4917
4918
1193
4917
4921
4922
4923
4924
1182
4801
4797
1197
4930
4914
4931
4932
3805
3805
895
3847
1181
1162
853
3778
862
3795
4942
865
4945
4946
1201
4950
4943
4966
4951
4961
4953
4954
4955
4956
4957
4958
868
896
4687
1158
4920
4964
1196
4909
4967
4968
4969
4970
3798
4971
866
4972
4975
4976
4586
854
3779
4979
1158
4982
4983
4984
4985
4986
4987
232
4671
4990
4991
4992
4993
4668
4668
1156
1156
4998
4999
5000
5001
5002
5003
5004
5002
5008
5006
5009
5003
1210
5011
5012
3967
5424
5007
5425
5426
5424
1709
187
5022
5023
4735
4211
4279
1034
4213
4211
252
4211
1711
4213
979
4280
4018
5005
1211
5005
5039
5040
5041
5042
5012
881
5046
5038
5041
1215
5045
1036
1036
1036
1049
4277
4007
5056
5057
5058
5059
5060
5061
5062
5064
5351
1219
5066
5067
5068
5069
5070
5071
5072
5073
5074
5075
5076
5077
5078
5079
5080
5081
5082
5083
5084
5085
5086
5087
5088
5089
5090
5091
5092
5093
5094
5095
5096
5097
5098
5099
5100
5101
5102
5103
5104
5105
5106
5107
5108
5109
5110
5111
5112
5113
5114
5115
5116
5117
5118
5119
5120
5121
5122
5123
5124
5125
5126
5127
5128
5129
5130
5131
5132
5133
5134
5135
5136
5137
5138
5139
5140
5141
5142
5143
5144
5145
5146
5147
5148
5149
5150
5151
5152
5153
5154
5155
5156
5157
5158
5159
5160
5161
5162
5163
5164
5165
5166
5167
5168
5169
5170
5171
5172
5173
5174
5175
5176
5177
5178
5179
5180
5181
5182
5183
5184
5185
5186
5187
5188
5189
5190
5191
5192
5193
5194
5195
5196
5197
5198
5199
5200
5201
5202
5203
5204
5205
5206
5207
5208
5209
5210
5211
5212
5213
5214
5215
5216
5217
5218
5219
5220
5221
5222
5223
5224
5225
5226
5227
5228
5229
5230
5231
5232
5233
5234
5235
5236
5237
303
5239
5240
5241
5242
5243
5244
5245
5246
5247
5437
1840
4979
4979
5252
5253
5254
4395
5256
4345
4348
212
5260
5301
1297
5263
1950
5265
5267
5304
1895
1946
4435
1945
5253
4381
5274
5275
269
269
5278
4375
5280
5281
5282
1934
1939
4437
194
1948
1733
4447
5290
1304
286
4394
5299
203
5299
5299
203
5309
4361
4361
5306
5305
4399
4399
4360
4359
4355
1746
207
1819
4440
1101
4410
1102
4462
4445
4447
300
1092
4447
4091
5323
5324
5325
5326
5327
5328
5329
5330
5331
5332
5333
5334
5335
5336
5337
5338
5339
5340
5341
5342
5343
5344
5345
5346
5347
5348
5349
5350
5351
5352
5353
5354
5355
5356
5357
5358
5359
5360
5361
5362
5363
5364
5365
5366
5367
5368
5369
5370
5371
5372
5373
5374
5375
5376
5377
5378
5379
5380
5381
5382
5383
5384
5385
5386
5387
5388
5389
5390
5391
5392
5393
5394
5395
5396
5397
5398
5399
5400
5401
5402
5403
1983
5404
5406
5407
5408
5409
5410
5411
5412
5413
1292
1210
1200
864
4190
1028
5418
4262
1044
4239
956
979
4281
4863
3969
4005
971
4722
3893
4099
5434
1107
5444
233
4120
5439
4105
3986
1830
2000
5444
5445
5446
5447
5405
4830
1881
1035
1879
1038
5454
5455
1156
4996
51
1787
5460
4996
1401
5464
5473
5466
5470
5467
204
1797
5470
1797
5472
5473
5556
5572
2420
2403
2403
1333
1333
5543
5494
5534
5548
5507
2417
2416
5701
5528
5525
5533
5504
5700
5779
3120
5699
2401
5579
2399
5495
5560
5559
5495
2401
2399
5508
2401
2401
5570
5566
5570
5578
5488
5571
5526
5528
5527
5492
5533
5527
5549
5493
5558
5549
5756
5499
5508
2416
5486
5507
5506
5508
5508
5499
5505
5701
5487
5487
5532
5758
2403
2403
2400
1333
5703
5494
5757
5700
5757
5507
5497
5566
5564
5497
5763
5497
5559
2417
3763
3763
2420
3120
2420
1334
1334
1334
2400
5543
5543
2399
5578
3763
5558
5758
5543
5702
5578
2399
2400
2400
5665
5669
4130
5809
5809
4127
5783
5730
5675
5684
5643
5658
5606
4126
4125
4142
5608
5595
5594
5614
4143
5782
5438
5778
5811
5823
5686
5811
5734
5603
5668
5669
5823
4116
5823
4126
4125
5678
5605
5678
5674
5635
5617
5637
5685
5642
5641
5656
5600
5657
5615
5667
5601
5770
4125
5614
5770
5615
5594
5733
5614
4126
5732
5732
5608
5617
5616
5616
4145
4130
5809
4127
1689
5587
5602
4143
4126
4143
5771
5771
5674
5687
5606
5668
4143
4807
4126
5438
5810
4130
4130
5438
1690
1690
1690
5652
5652
4125
4142
5810
5668
5669
5652
5731
5605
4127
4127
5554
5495
5698
2418
2402
2402
5806
5806
5819
5819
2403
3763
5805
5818
2400
3061
3061
2380
2380
1333
5703
5565
5494
5577
5536
5535
5530
5551
5603
5663
5660
5640
5646
5597
5685
5684
5683
5587
5729
5784
1691
4750
4750
4127
5811
5823
5810
5810
5809
5809
5809
5809
5809
4130
4145
5772
3061
3061
2380
2380
4128
5814
5479
5565
5576
5577
5489
5538
5818
5805
5819
5819
5806
5806
5744
5808
5662
5677
5597
5621
5735
5603
5811
4116
5810
5809
5809
5809
5588
5727
4119
2400
5806
2402
4127
4750
4750
1691
1691
5530
5554
5485
5698
5555
2418
5819
5598
5639
5593
5663
4145
5809
2380
4106
2996
2996
2394
145
519
2390
3123
4120
4810
4118
4117
1019
1019
4745
4685
4745
2392
2393
2995
3056
5816
311
4168
4167
2443
2442
1019
4166
2394
2441
5832
5803
5832
1147
5803
2378
5024
4210
1509
1509
1509
5024
1879
1355
1509
4210
1358
4210
