2134
1
1310
3
4
5
6
7
2887
3087
10
11
12
1329
14
15
16
17
3333
3333
3335
3333
3348
2209
3222
3333
2291
3749
1364
531
743
743
32
33
34
35
1378
2630
38
39
40
41
42
43
1387
45
46
47
48
49
3569
1419
1425
1431
2731
1428
56
57
58
59
60
61
62
63
64
65
2378
67
68
69
70
1511
1483
73
74
75
76
77
78
79
80
81
3349
3333
3349
3331
2290
2291
88
89
90
91
92
93
94
95
96
97
98
99
100
101
1538
103
104
105
106
107
108
109
110
111
112
113
114
1582
116
117
118
119
2684
121
122
123
1402
1609
1607
127
128
2733
130
131
132
133
134
135
136
137
2273
139
1627
2226
2250
2993
2969
3089
501
504
2026
2260
149
3186
3187
3193
1647
3096
156
157
2580
1659
1667
1666
162
163
164
165
166
167
168
2006
4775
171
1849
173
174
175
176
177
178
4205
5847
181
977
183
184
185
5847
4021
1212
189
190
188
188
1204
1942
234
1731
5284
1774
1725
5250
1900
1747
4398
1736
5317
301
206
4458
1749
4342
5457
278
1764
1769
1773
4369
4367
1795
1791
1788
5288
1752
224
226
5312
1102
293
230
1820
294
231
4977
4959
1838
4813
236
237
5416
1857
4948
4962
4414
4972
244
245
246
5020
5020
3939
941
1216
1216
1884
254
255
256
257
258
259
260
261
1894
5268
4340
1930
4366
1784
268
1922
5253
4336
4348
5269
1933
5257
1949
276
1156
4436
1944
282
4350
1951
1902
285
4405
1963
1974
4401
4360
291
1778
302
4461
1780
4373
4445
296
4449
1978
1801
208
303
304
305
306
307
308
309
310
4777
4074
4072
4823
2003
314
317
2008
4016
2010
321
322
2016
1697
2024
3138
2033
328
329
2040
331
332
333
334
335
336
337
338
339
340
341
342
343
344
345
346
347
348
349
350
351
352
353
354
355
356
357
358
359
360
361
362
363
364
365
366
367
368
369
370
371
372
373
374
375
376
2180
2182
2131
2118
3048
2123
2129
3862
3914
2183
387
388
389
390
391
392
393
394
395
396
397
398
399
400
401
402
403
404
405
406
407
408
409
410
411
3905
413
414
3913
3915
2186
418
419
420
421
422
423
424
425
426
427
428
429
3331
152
2212
3026
3167
2214
2768
2767
2221
2219
3154
441
442
2231
3142
3071
2233
3082
3081
2241
2240
2781
2243
2777
2778
455
2288
2287
2262
453
3191
524
523
2270
2272
3157
3033
3078
2127
2127
3078
22
430
473
3119
3863
3863
477
478
1631
480
481
482
483
484
1633
2313
2885
2839
2319
2886
491
492
493
494
495
496
497
498
499
500
661
2344
507
663
2350
2380
2856
3766
2361
510
511
2415
513
514
515
516
517
518
519
1511
3335
527
522
525
650
528
2475
2478
2464
526
529
2808
538
3333
1359
3370
3370
2541
2281
544
2564
544
4811
3124
543
743
549
550
4811
3124
2127
3863
530
543
544
543
2564
3116
3116
2548
559
2557
3172
3749
551
552
2526
568
2562
570
2593
572
573
2233
2236
576
3116
3124
1658
580
581
582
583
584
585
586
587
588
589
590
591
592
593
594
595
596
597
598
599
600
601
602
603
2649
3295
1536
1540
608
609
610
611
612
613
1605
615
616
617
618
619
620
621
622
623
1450
625
626
627
628
629
630
631
632
633
634
635
636
637
638
639
640
641
642
643
644
645
646
2528
2803
554
2814
651
652
2830
2831
2412
2890
657
658
2364
660
509
662
1467
664
665
666
667
668
669
670
671
672
673
674
675
676
677
678
679
2949
2953
3038
2470
2956
3220
2961
687
3256
2987
690
691
2994
2998
3252
695
3195
696
3037
699
700
701
702
703
3052
705
3059
707
3070
2120
3085
3095
712
713
714
3171
1357
717
718
719
720
721
722
723
724
725
3329
727
728
729
730
731
732
733
734
735
736
737
738
739
740
741
742
2235
3370
2566
746
3118
748
749
750
751
752
753
754
755
756
757
758
759
760
761
762
763
764
765
766
767
768
769
770
771
772
773
774
775
776
777
778
779
780
781
782
783
784
785
786
787
788
789
790
791
792
793
794
795
796
797
798
799
800
801
802
803
804
805
806
807
808
809
810
811
812
813
814
815
816
817
818
819
820
821
822
823
824
825
826
827
828
829
830
831
832
833
834
835
836
837
838
839
840
841
842
843
844
845
846
847
848
849
850
851
852
3844
3777
4933
3783
3793
858
859
860
861
3795
4919
4910
4945
866
867
3801
4928
4634
4633
872
873
874
875
876
877
878
879
880
881
882
883
884
885
886
887
888
889
890
891
892
893
4791
3846
3848
3855
3860
160
3868
3859
161
3853
3869
905
906
907
908
909
3881
911
912
3884
914
915
916
917
918
919
920
921
922
923
924
925
926
927
928
3920
3918
931
932
933
934
3925
936
937
938
939
940
4907
3944
3943
4862
3947
946
4474
3951
949
950
951
952
953
4757
4770
955
3967
958
959
3985
961
962
963
3992
3993
3984
4707
3999
4241
970
971
1178
1178
903
903
1716
4013
978
4806
980
981
4630
983
984
985
986
987
988
1995
990
991
4049
4533
994
995
996
997
998
999
1000
1001
1002
1003
4560
4110
4071
4574
4080
4548
4571
1826
1012
1013
1014
1015
4152
1017
4821
1019
1034
1021
4183
4179
4181
4199
4201
5419
4191
1718
1030
1031
1880
252
251
4304
4304
1040
1040
1035
4805
188
1043
4805
4805
4194
4224
4215
4804
973
4250
4279
5027
4285
4295
4298
4247
1057
1048
4850
1060
4292
4301
3967
3963
4805
4811
1067
973
1069
1070
1071
1072
1073
1074
1075
1076
1077
4325
4324
4327
1081
1082
1083
5461
4335
278
4989
4353
4355
4673
4978
1907
1908
1077
1095
1096
1097
1098
4392
1100
4439
4409
1103
1104
1761
4442
1107
1108
227
1781
1111
1112
1113
1114
1115
1116
1117
1118
4498
1120
1121
1122
4527
1124
1125
1126
1825
1128
4113
1130
1834
1132
4584
1134
1135
1136
1137
1138
1139
1140
1141
1142
1143
1144
1145
1146
5835
1148
4637
5427
4715
4643
4863
1154
1155
1156
4939
4674
1159
4938
1161
4689
4935
1164
4704
1166
1167
1168
1169
1170
1171
4739
4741
1174
1175
1176
1177
3858
1179
1180
4801
4797
4815
4855
1185
4860
1187
1188
1189
1190
4890
1192
4887
1194
1195
4911
4913
1198
1199
4930
4966
4943
1203
4979
1205
1206
1207
1208
1209
1210
1211
957
252
187
1215
4806
1217
1218
1219
1220
1221
1222
1223
1224
1225
1226
1227
1228
1229
1230
1231
1232
1233
1234
1235
1236
1237
1238
1239
1240
1241
1242
1243
1244
1245
1246
1247
1248
1249
1250
1251
1252
1253
1254
1255
1256
1257
1258
1259
1260
1261
1262
1263
1264
1265
1266
1267
1268
1269
1270
1271
1272
1273
1274
1275
1276
1277
1278
1279
1280
1281
1282
1283
1284
1285
1286
1287
1288
1289
1290
1291
1292
1293
1294
1295
1296
1297
1298
1953
5265
5277
1302
1303
5291
1305
5306
1307
1309
2136
1
1309
1312
1313
1314
1315
1316
1317
1318
1319
1320
1321
1322
1323
1324
1325
1326
1327
1328
14
1330
1331
1332
3061
2400
3061
1336
1336
1338
1339
3333
3333
3333
3333
2581
3333
3333
2581
3348
3223
2209
1659
1659
1656
1659
2292
447
3349
2292
2291
3745
1363
3744
2473
3163
743
743
743
743
1370
3568
1371
1370
1373
1374
1375
1376
1377
2632
2630
2632
600
1382
1383
1384
2653
1386
1388
1388
1387
1387
1391
1392
1449
1394
1395
1396
1397
1398
1399
1400
1400
64
1403
1404
1405
1406
1407
1408
1409
1410
1411
1412
1413
1414
1415
1416
1417
1418
50
2631
1420
50
1419
1422
2650
1432
1432
54
1427
52
52
1424
1433
1434
1435
1436
1437
1438
1439
1440
1441
1442
1443
1444
1445
1446
1447
1448
1609
125
126
1453
2687
1454
1455
5483
5482
5518
1459
1460
1461
5744
5545
2380
66
1465
2879
506
5833
1470
1471
1472
1473
2406
2405
1474
1479
3150
2411
1480
1481
1482
1358
1355
1348
1483
1487
1488
1489
1490
1491
1492
1493
1494
1495
1496
1497
1498
1499
1500
1501
1502
1503
1504
743
743
3349
743
2292
747
2290
1461
1513
1514
1515
1516
1517
1518
1519
1520
1521
1522
1523
1524
1525
1526
1527
1528
1529
1530
1531
1532
102
1539
1538
1535
1534
37
1421
1379
1541
1542
1543
1544
1545
1546
1547
1548
1549
1550
1551
1552
1553
1554
1555
1556
1557
1558
1559
1560
1561
1562
1563
1564
1565
1566
1567
1568
1569
1570
1571
1572
1573
1574
1575
1576
1577
1578
1579
1580
1583
615
120
1584
1585
1586
1587
1588
1589
1590
1591
1592
1593
1596
1596
3627
1597
120
2682
1600
1601
1602
1603
124
1604
1617
124
126
126
1610
1611
1612
1613
1614
1615
1387
1389
1618
1619
1620
1621
1622
1623
3773
2265
1628
142
460
2346
2347
2348
1630
2343
2030
326
2258
2029
151
151
1641
3187
2380
2380
1647
1647
155
3096
1648
1649
1650
1651
1652
1653
1654
1655
574
574
2234
574
1662
1663
1662
2592
162
1664
162
162
1668
1669
1670
1671
1672
1673
1674
1675
1676
1677
1678
1679
1680
1681
172
1683
1684
1685
1686
1687
1688
4750
4127
1691
1692
1693
1694
1695
5847
5847
5847
4229
4847
977
1702
4014
1704
323
4229
1707
4229
5035
5035
1216
5035
1212
1715
1715
190
1714
1718
1878
188
1878
1878
5249
5248
234
5249
277
1729
1939
1938
1730
1723
1723
1726
1724
4446
1738
4446
4446
297
4407
4407
206
4406
1971
1971
1816
293
1751
1749
5468
204
1749
5463
5464
1981
1755
294
211
1762
211
5457
210
210
4343
1765
1770
1767
1769
5290
1728
1771
197
196
1776
1779
1776
295
1781
198
5471
5251
5251
193
5250
4369
4369
4367
1794
1789
220
1794
217
1788
4368
5318
1796
4447
1800
1740
298
1799
1739
4371
4457
1811
4457
4456
225
5313
5315
1809
4354
293
1756
227
1821
1757
1818
1822
1754
1758
1756
5767
4085
5764
1829
1829
1829
4148
169
4083
1837
1010
1833
1836
4627
4960
4960
233
1839
1842
1843
1844
1845
1846
1847
1850
235
4832
1851
1852
1853
1854
1858
1858
240
5416
1860
4981
241
1862
242
1864
4974
1866
1867
1868
1869
1870
1871
1872
5019
5020
5019
5019
3939
5017
5035
1216
1710
1828
1828
231
1885
1886
1887
1888
1889
1890
1891
1892
1896
1895
264
5283
265
1899
4441
1106
1898
266
1909
216
5459
1909
1908
1785
1782
200
1914
1911
1913
1914
1915
1926
1917
1918
1920
5272
1920
1921
1925
271
4334
1085
1927
1931
1928
274
1933
272
1936
1932
1086
5285
5271
5286
1940
279
1841
234
4988
232
1941
1943
1941
195
1725
1952
1952
1902
284
284
284
1953
1960
223
4393
4404
1967
1963
4402
1967
1952
1965
4403
1088
4432
1766
1756
302
1979
1979
1977
1975
5320
299
1744
1741
1744
1982
1983
1984
1985
1986
1987
1988
1989
1990
1991
1992
1994
4073
313
1993
312
2004
2004
2002
2004
317
317
4823
5785
5727
2008
2008
319
318
2011
2012
2013
2014
1063
1063
2017
2015
2019
2020
2021
2022
2024
4871
2023
151
3139
2027
2027
2261
1998
2000
1998
2034
2035
2036
2037
2038
2039
2040
2041
2042
2039
2044
2045
2046
2047
2048
2049
2050
2051
2052
2053
2054
2055
2056
2057
2058
2059
2060
2061
2062
2063
2064
2065
2066
2067
2068
2069
2070
2071
2072
2073
2074
2075
2076
2077
2078
2079
2080
2081
2082
2083
2084
2085
2086
2087
2088
2089
2090
2091
2092
2093
2094
2095
2096
2097
2098
2099
2100
2101
2102
2103
2104
2105
2106
2107
2108
2109
2110
2111
2112
2113
2114
2115
2133
2179
386
2130
378
2132
0
381
379
3063
3062
385
4751
415
386
2135
2134
2182
387
2173
2136
2137
2138
2139
2140
2141
2142
2143
2144
2145
2146
2147
2148
2149
2150
2151
2152
2153
2154
2155
2156
2157
2158
2159
2160
2161
2162
2163
2164
2165
2166
2167
2168
2169
2170
2171
2172
412
2174
2175
2176
2177
2178
416
416
3913
2184
412
3905
2185
2186
2187
2188
2189
2190
2191
2192
2193
2194
2195
2196
2197
2198
2199
2200
2201
2202
2203
2204
2205
2206
2207
3331
3223
1640
152
148
2210
2218
3168
2215
150
459
2220
2765
437
2219
436
434
2227
435
3155
2232
2229
2228
444
3140
448
2237
2236
3080
3336
24
2238
1350
2960
2246
451
2242
2778
451
2247
2248
2249
457
2287
2263
2252
456
439
2245
2259
2223
2222
436
3138
155
2289
1644
3018
3016
3192
2269
2453
462
2268
461
465
3156
3031
2275
2274
383
383
2127
383
3078
2283
27
430
2283
2289
473
3093
709
709
3119
709
384
3863
384
384
2299
2938
2300
2301
2302
2303
2304
2305
2306
2307
2308
2309
2310
2314
2311
502
2345
2315
2316
479
2318
487
2841
2320
2323
2883
2324
2325
2326
2327
2328
2329
2330
2331
2332
2333
2334
2335
2336
2337
2338
2339
2340
2341
2867
2869
2382
2868
2881
2387
2882
2352
144
143
2992
2353
5498
5575
5512
5516
5490
5513
5517
5510
5519
5521
5484
5715
5474
5503
5690
5691
2369
2373
2368
5781
2371
2370
5787
2366
5802
5802
5821
2840
2855
488
655
2878
2876
2386
2866
2392
9
145
3088
2395
519
3123
5826
5826
15
5818
5807
5805
5806
5819
5804
5804
5830
2407
2408
13
2410
5827
2372
2414
3133
2413
2399
2401
2402
5804
2403
2404
5745
2423
2424
2425
2426
2427
2428
2429
2430
2431
2432
2433
2434
1337
2436
2435
2438
2439
2440
2442
2442
2443
2444
1356
1356
3335
87
3333
2579
2810
2458
2455
2812
2811
2459
2459
527
2474
2477
2463
2463
1486
72
2456
2460
2457
3743
2462
2469
2466
1348
22
2476
532
3776
2479
71
2491
3333
747
1356
3370
747
747
747
3370
577
577
558
2282
3748
3748
559
3747
544
2498
3125
2514
2498
543
575
743
575
3349
2546
2513
2545
2517
2547
3125
4811
3125
3124
384
2127
384
3863
2465
2467
2452
2498
543
2498
2498
544
2498
543
3747
2564
3747
2511
2514
2512
2540
2540
2540
3118
3118
470
3116
3117
3117
3117
3124
3125
3863
2491
538
2491
3331
3331
743
3349
2543
2542
2541
2561
2544
2564
383
3078
470
3116
3118
3119
2491
2550
2570
1511
2531
567
2555
2495
2575
2576
2577
2578
2235
2233
2235
476
2294
3125
2295
2586
2587
2588
2280
3117
2281
579
579
2594
2595
2596
2597
2598
2599
2600
2601
2602
2603
2604
2605
2657
2607
2608
2609
2610
2611
2612
2613
2614
2615
2616
2617
2618
2619
2620
2621
2622
2623
2624
2625
2626
2627
2628
2629
1372
1372
1369
2633
2634
2635
2636
2637
2638
2639
2640
2641
2642
2643
2644
2645
2646
2647
2650
605
3571
2648
607
2653
2652
2657
2656
2657
2658
2659
2660
2661
2662
2663
2664
2665
2666
2667
2668
2669
2670
2671
2672
2673
2674
2675
2676
2677
2678
2679
2680
2681
1390
2683
44
2685
2686
2688
5462
2689
2690
2691
2692
2693
2694
2695
2696
2651
2698
604
2700
2701
2702
2703
2704
2705
2706
2707
2708
2709
2710
2711
2712
2713
2714
2715
2716
2717
2718
2719
2720
2721
2722
2723
2724
2725
2726
2727
2728
2729
1423
51
1540
36
2732
1537
606
2737
2738
2739
2740
2741
2742
2743
2744
2745
2746
2747
2748
2749
2750
2751
2752
2753
2754
2755
2756
2757
2758
2759
2760
2761
2762
2763
2764
2766
2766
2767
632
2769
2770
2771
2772
2773
2774
2775
2776
438
438
2271
463
464
2782
2783
2784
2785
2786
2787
2788
2789
2790
2791
2792
2793
2794
2795
2796
2797
2798
2799
2800
2801
2507
2510
2804
2525
2524
554
2808
2806
2811
2813
650
2809
649
2451
2454
2817
2818
2819
2820
2821
2822
2823
2824
2825
653
2827
2828
2832
2829
490
2887
2322
2375
2836
2374
2838
5788
656
2835
2889
2842
2843
2844
2845
2846
2847
2848
2850
2854
486
489
489
2853
2837
2377
3640
2858
2859
2860
2861
485
5753
2359
2362
5752
2870
2864
2388
1456
2871
2872
2873
2874
2875
5553
5569
5751
2355
5546
2385
663
2884
2884
510
664
2888
2888
2410
3758
2891
2892
2893
2894
2895
2896
2897
2898
2899
2900
2901
2902
2903
2904
2905
2906
2907
2908
2909
2910
2911
2912
2913
2914
2915
2916
2917
2918
2919
2920
2921
2922
2923
2924
2925
2926
2927
2928
2929
2930
2931
2932
2933
2934
2935
2936
5747
2940
505
2941
1466
2942
2943
2944
2945
2946
2947
2520
553
2948
2286
2951
28
2949
2950
2470
3178
680
2960
3222
685
2959
2963
2964
2965
2966
2967
2968
2970
2995
2971
2972
2973
2974
2975
2976
2977
2978
2979
2980
2981
2982
2983
2985
3294
2984
688
2988
2989
2990
2991
2992
2994
2994
692
692
2999
694
3255
2997
3001
3002
3003
3004
3005
3006
3007
3008
3009
3010
3012
3180
153
3194
3014
1645
3013
3015
3019
3020
3021
3022
3023
2242
2780
2244
3027
3028
3029
3030
2239
450
449
3034
3035
3036
686
463
3039
3040
3041
3042
3043
3044
3045
1514
3046
2
3049
3050
3051
417
3053
3054
3055
3057
3086
3058
3059
3060
5821
2181
3912
3064
3065
3066
3067
3068
3069
3070
704
3072
3073
3074
3075
3076
2117
377
2116
2119
382
380
3083
3083
3085
3060
706
3084
710
3090
3091
3092
3094
3094
3095
3093
3097
3098
3099
3100
3101
3102
3103
3104
3105
3106
3107
3108
3109
3110
3111
3112
3113
3114
1311
2126
2125
3077
3079
3763
3121
3122
3122
2128
3861
3126
3127
3128
3129
3130
5831
3131
2437
3134
3135
3136
3137
3139
3185
3140
3141
711
432
431
3767
3146
3147
3148
3149
3132
3151
3152
3153
715
3169
3158
2952
3752
2581
3334
3335
3335
1348
3775
546
3166
684
2958
683
3179
29
1355
1510
3343
3175
3025
2256
2468
1362
3180
3181
3182
3183
3184
2230
443
3188
3195
3188
696
3189
3190
3093
3193
3194
3196
3197
3198
3199
3200
3201
3202
3203
3204
3205
3206
3207
3208
3209
3210
3211
3212
3213
3214
3215
3216
3217
3221
3218
726
3328
726
3329
3224
3225
3226
3227
3228
3229
3230
3231
3232
3233
3234
3235
3236
3237
3238
3239
3240
3242
3251
3243
3244
3245
3246
3247
3248
3249
3250
3251
330
3253
3254
2043
332
3257
3258
3259
3260
3261
3262
3263
3264
3265
3266
3267
3268
3269
3270
3271
3272
3273
3274
3275
3276
3277
689
3279
3280
3281
3282
3283
3284
3285
3286
3287
3288
3289
3290
3291
3292
3293
3296
735
3296
2986
3298
3299
3300
3301
3302
3303
3304
3305
3306
3307
3308
3309
3310
3311
3312
3313
3314
3315
3316
3317
3318
3319
3320
3321
3322
3323
3324
3325
3326
3327
445
2234
3330
446
2233
446
3332
2235
3337
3338
3047
747
3370
1356
743
3751
1359
3751
3750
26
447
3119
2290
3351
3352
3353
3354
3355
3356
3357
3358
3359
3360
3361
3362
3363
3364
2540
2540
2538
2539
2282
3118
3371
3372
3373
3374
3375
3376
3377
3378
3379
3380
3381
3382
3383
3384
3385
3386
3387
3388
3389
3390
3391
3392
3393
3394
3395
3396
3397
3398
3399
3400
3401
3402
3403
3404
3405
3406
3407
3408
3409
3410
3411
3412
3413
3414
3415
3416
3417
3418
3419
3420
3421
3422
3423
3424
3425
3426
3427
3428
3429
3430
3431
3432
3433
3434
3435
3436
3437
3438
3439
3440
3441
3442
3443
3444
3445
3446
3447
3448
3449
3450
3451
3452
3453
3454
3455
3456
3457
3458
3459
3460
3461
3462
3463
3464
3465
3466
3467
3468
3469
3470
3471
3472
3473
3474
3475
3476
3477
3478
3479
3480
3481
3482
3483
3484
3485
3486
3487
3488
3489
3490
3491
3492
3493
3494
3495
3496
3497
3498
3499
3500
3501
3502
3503
3504
3505
3506
3507
3508
3509
3510
3511
3512
3513
3514
3515
3516
3517
3518
3519
3520
3521
3522
3523
3524
3525
3526
3527
3528
3529
3530
3531
3532
3533
3534
3535
3536
3537
3538
3539
3540
3541
3542
3543
3544
3545
3546
3547
3548
3549
3550
3551
3552
3553
3554
3555
3556
3557
3558
3559
3560
3561
3562
3563
3564
3565
3566
3567
3568
735
3570
735
3572
3573
3574
3575
3576
3577
3578
3579
3580
3581
3582
3583
3584
3585
3586
3587
3588
3589
3590
3591
3592
3593
3594
3595
3596
3597
2655
3599
3600
3601
3602
3603
3604
3605
3606
3607
3608
3609
3610
3611
3612
3613
3614
3615
3616
3617
3618
3619
3620
3621
3622
3623
3624
3625
3626
1617
3628
3629
3630
3631
3632
3633
3634
2734
3636
3637
3638
3639
2363
3641
3642
3643
3644
3645
3646
3647
3648
3649
3650
3651
3652
3653
3654
3655
3656
3657
3658
3659
3660
3661
3662
3663
3664
3665
3666
3667
3668
3669
3670
3671
3672
3673
3674
3675
3676
3677
3678
3679
3680
3681
3682
3683
3684
3685
3686
3687
3688
3689
3690
3691
3692
3693
3694
3695
3696
3697
3698
3699
3700
3701
3702
3703
3704
3705
3706
3707
3708
3709
3710
3711
3712
3713
3714
3715
3716
3717
3718
3719
3720
3721
3722
3723
3724
3725
3726
3727
3728
3729
3730
3731
3732
3733
3734
3735
3736
3737
3738
3739
3740
3741
3742
2461
529
2472
2543
469
3117
2236
2236
447
1361
3753
466
3756
2962
3757
1478
3759
3760
3761
3762
5808
1629
2255
5744
1634
3768
3769
3770
3771
3772
141
577
743
2492
855
3781
3780
4934
3845
3786
857
3782
3785
4963
3787
3788
3789
3790
3794
3791
863
4924
864
3797
4946
865
3799
856
870
3803
870
4633
3804
3806
3807
3808
3809
3810
3811
3812
3813
3814
3815
3816
3817
3818
3819
3820
3821
3822
3823
3824
3825
3826
3827
3828
3829
3830
3831
3832
3833
3834
3835
3836
3837
3838
3839
3840
3841
3842
3843
894
4792
894
3846
869
3802
3851
4929
3867
899
4802
160
3865
4802
3859
4736
1665
3856
900
897
3852
3869
3868
1667
3869
3870
3870
905
3872
3873
3874
3875
3876
3880
3877
3879
3880
913
3882
3882
3884
3885
3886
3887
3888
3889
3890
3878
3892
910
3894
3895
3896
3897
3898
3899
3900
3901
3902
3903
3904
905
3906
3907
3910
3908
4791
3911
904
3871
904
3905
3919
3916
931
5015
253
3921
3922
3923
3921
3925
3926
3927
3928
3929
3930
3931
3932
3933
3934
3935
3936
3937
4906
941
3938
2025
3941
315
325
3946
5441
327
945
944
3953
947
3950
4473
3954
3955
3956
3957
3958
3959
3960
3961
3962
3964
5021
955
3963
954
3968
3969
3970
3971
3972
4482
3974
4483
3976
3977
3978
3982
3980
964
3991
3993
3989
948
3990
3986
3985
3990
4823
2009
320
4015
3994
3995
4706
4000
3997
969
4178
4001
4002
4003
4004
4005
4767
1178
4767
903
4767
4012
4012
184
4011
4015
4016
4017
4769
4806
3965
4769
3863
3863
3863
4028
4026
4027
4628
4029
4030
4031
4032
4033
4034
4035
4036
4037
4040
4038
4069
4041
4042
4043
4044
4045
4046
4047
4048
993
4050
4051
4052
4053
4054
4055
4056
4057
4058
4059
4060
4061
4062
4063
4064
4065
4066
4067
4068
4070
4559
1005
1004
4075
1007
4573
4076
4077
4078
4079
4080
5589
5661
5654
5620
5622
5722
5723
5721
5626
5592
5629
5795
5718
5717
4095
4096
4097
4098
4099
4100
4101
4102
4089
4090
4105
4106
4108
4547
4107
1009
4112
4572
1011
4111
4118
311
170
4776
4119
4120
4121
4122
4123
4124
5811
5823
5812
4128
4129
4130
4131
4132
4133
4134
4135
4136
4137
4530
4139
4140
4141
4125
4126
4144
4145
4146
4147
5726
4149
4150
4151
4152
4153
4154
4155
4156
4157
4158
4159
4160
4161
4162
4164
4820
1018
4166
4167
4168
4169
4170
1034
4172
4210
1701
5843
4177
4506
4176
1022
4182
1025
4198
1026
4180
4185
1027
4187
4188
4184
4189
1024
4192
4193
1028
4192
4196
5420
4200
4199
4200
4201
4203
4203
4013
5450
1879
1879
252
1879
1709
1216
1709
1068
5055
4304
1068
5422
1040
5422
1035
5422
4225
4225
1040
4811
4229
5019
5020
4294
4264
4236
4238
4262
4811
4805
4811
3863
3863
903
4190
1023
4240
4225
4225
4225
4222
1040
5422
5423
4215
4243
1037
4213
4213
4213
4804
4804
4804
5055
4803
4803
4805
4803
4811
5451
5451
1039
5019
188
4261
4260
4276
4258
4263
1035
4767
4804
5055
1068
4804
4806
4253
1020
4284
4275
4274
4248
4288
1056
4293
4290
1062
4300
4296
1064
3963
4022
4811
4009
4302
1067
4302
4006
4803
972
4306
4307
4308
4309
4310
4311
4312
4313
4314
4315
4316
4317
4318
4319
269
4321
4322
4322
4324
1079
4323
1078
4326
4329
4330
4331
4332
4333
1759
1084
1105
4339
4337
5259
275
1929
262
215
4989
278
4989
4988
4989
1726
5248
5248
215
215
1768
214
213
1808
4358
4359
4360
4361
4362
4365
4363
4448
219
1091
4370
4980
4676
267
1093
1910
269
269
1077
4377
4378
4379
5264
4381
4382
4383
4384
4385
4386
4387
4388
4389
4390
4364
300
4405
4394
4396
5308
4400
202
4397
5311
5319
1742
1976
1812
4396
1801
1802
222
1777
4411
1775
1777
1090
4675
4413
4416
4417
4418
4419
4420
4421
4422
4423
4424
4425
4426
4429
4427
4433
4428
1080
1772
4434
1079
1944
1944
1944
4989
1775
292
1790
218
1787
1787
1735
1735
1732
1904
1906
4450
4451
4452
4453
4454
4455
5316
4462
222
1753
1110
1110
4460
4463
4464
4465
4466
4467
4468
4469
4470
4471
4472
4473
1115
4475
4476
4477
4478
4479
4480
4481
3952
3998
968
4485
4486
4487
4488
4489
4490
4491
4492
4493
4494
4495
4496
2801
646
4497
4231
4245
4502
4244
4504
4247
4507
4508
4504
4176
4510
4511
4512
4513
4514
4515
4516
4517
4518
4519
4520
4521
4522
4523
4524
4525
4138
4104
4528
4529
4093
4531
4532
1123
4534
4535
4536
4537
4538
4539
4540
4541
4542
4543
4109
4545
4546
4549
1127
4103
4550
4551
4552
4039
989
4086
4087
4088
1824
4561
1129
4562
4558
4563
4564
4565
4566
4567
5724
5725
4568
4569
5765
4114
1131
4575
4576
4577
4578
4579
4580
4581
4582
4583
238
1856
3850
4587
4588
4589
4590
4591
4592
4593
4594
4595
4596
4597
4598
4599
4600
4601
4602
4603
4604
4605
4606
4607
4608
4609
4610
4611
4612
4613
4614
4615
4616
4617
4618
4619
4620
4621
4622
4623
4624
4625
4626
1830
4629
4631
1008
1835
4632
4633
4634
4635
4636
4242
3999
4242
4640
4641
4642
1149
4647
4646
4639
4638
4648
4649
4650
4651
4652
4653
4654
4655
4656
4657
4658
4659
4660
4661
4662
4663
4664
4665
4666
4670
4668
1133
4586
4670
4672
1157
4688
4674
4940
4677
1160
4937
4680
4681
4682
4683
4684
4685
1163
4686
4936
1163
4690
4691
4692
4693
4694
4695
4696
4697
4698
4699
4700
4701
4705
4702
1166
318
4703
1165
4708
4709
4710
4711
4712
3974
4713
4484
4716
4717
4718
4719
4720
4721
4722
4723
4724
4725
4726
968
4728
4729
4730
4731
3883
4733
4732
1883
161
4735
3917
929
4738
930
4742
4743
4744
4746
4774
4747
4748
4749
5817
3866
4752
4753
4754
4755
4740
1172
4756
1173
4760
4761
4762
4763
4764
3854
3857
898
3859
4768
901
4771
4772
4773
4774
1175
4773
4777
4778
4779
4780
4781
4782
4783
4784
4785
4786
4787
4788
4789
4790
4791
4636
4793
4794
4795
3909
895
4798
4799
4800
1182
1664
4765
4766
4765
4768
5438
4808
4809
4810
3864
4814
1119
4822
1016
4812
4817
4818
4819
4816
1183
3137
4824
4824
4825
4826
4827
4828
5443
4876
4831
4832
4833
4834
4835
4836
4837
4838
4839
4840
4841
4842
4856
4844
1720
4268
4011
976
4849
1186
4859
4854
4645
4861
1153
4864
4212
4206
4291
1061
4714
966
4195
189
4865
4866
4867
4868
4869
4870
4871
4872
4873
4872
4874
4875
4877
4878
4879
4880
4881
4882
4883
4884
4885
4886
4887
4888
4891
1192
4891
4889
4895
4893
4895
4896
4897
4898
4899
4900
4901
4902
4903
4904
4905
4906
1195
4892
4908
1191
935
3924
934
4912
4613
4915
4888
4918
1193
4917
4921
4922
4923
4894
4927
4925
4935
4916
4928
1197
4931
4932
871
3805
895
3847
4926
1162
853
3778
4942
5417
1201
4941
862
3792
4950
1200
4947
4965
4952
4961
4953
4954
4955
4956
4957
4958
868
3849
4687
1158
4920
4964
4914
1196
4967
4968
3784
4970
4944
1202
4973
4949
4975
4976
896
854
3779
4979
1158
4982
4983
4984
4985
4986
4987
232
1156
4990
4991
4992
4993
4994
4995
4995
4995
4998
4999
5000
5001
5002
5003
5004
5005
5006
5007
5008
5009
5010
5011
5012
4758
5013
5015
5014
5016
957
5016
5018
5022
5023
4737
1709
1880
1879
252
1712
188
1710
5426
1880
5424
4020
3965
5036
5037
5038
5039
5040
5041
5042
5043
5044
5045
5046
5047
5048
5049
4213
4213
4278
4256
4019
4804
5056
5057
5058
5059
5060
5061
5062
5063
5064
5065
5066
5067
5068
5069
5070
5071
5072
5073
5074
5075
5076
5077
5078
5079
5080
5081
5082
5083
5084
5085
5086
5087
5088
5089
5090
5091
5092
5093
5094
5095
5096
5097
5098
5099
5100
5101
5102
5103
5104
5105
5106
5107
5108
5109
5110
5111
5112
5113
5114
5115
5116
5117
5118
5119
5120
5121
5122
5123
5124
5125
5126
5127
5128
5129
5130
5131
5132
5133
5134
5135
5136
5137
5138
5139
5140
5141
5142
5143
5144
5145
5146
5147
5148
5149
5150
5151
5152
5153
5154
5155
5156
5157
5158
5159
5160
5161
5162
5163
5164
5165
5166
5167
5168
5169
5170
5171
5172
5173
5174
5175
5176
5177
5178
5179
5180
5181
5182
5183
5184
5185
5186
5187
5188
5189
5190
5191
5192
5193
5194
5195
5196
5197
5198
5199
5200
5201
5202
5203
5204
5205
5206
5207
5208
5209
5210
5211
5212
5213
5214
5215
5216
5217
5218
5219
5220
5221
5222
5223
5224
5225
5226
5227
5228
5229
5230
5231
5232
5233
5234
5235
5236
5237
5238
5239
5240
5241
5242
5243
5244
5245
5246
5247
5437
5437
4979
4979
4415
5252
5254
5254
5256
4345
4438
212
5260
5261
5262
5263
284
1901
5266
5267
4338
1946
280
1947
5253
5273
5276
5275
269
269
5278
269
4375
5281
5444
1934
273
278
194
1948
1733
5287
1912
260
5255
5293
5297
5295
283
287
5298
1962
5300
5301
5302
5303
5304
4399
290
5307
1304
288
1743
1819
1970
4440
1101
4410
4462
4447
5288
1976
4371
5287
4091
5323
5324
5325
5326
5327
5328
5329
5330
5331
5332
5333
5334
5335
5336
5337
5338
5339
5340
5341
5342
5343
5344
5345
5346
5347
5348
5349
5350
5351
5352
5353
5354
5355
5356
5357
5358
5359
5360
5361
5362
5363
5364
5365
5366
5367
5368
5369
5370
5371
5372
5373
5374
5375
5376
5377
5378
5379
5380
5381
5382
5383
5384
5385
5386
5387
5388
5389
5390
5391
5392
5393
5394
5395
5396
5397
5398
5399
5400
5401
5402
5403
5404
5405
5406
5407
5408
5409
5410
5411
5412
5413
5414
5415
4929
4909
5418
1029
1717
1065
1065
4803
3963
3966
5035
5427
5428
5429
5430
5431
5432
5433
5434
5435
5436
233
5810
5439
5440
3987
5777
2032
5436
5445
5446
5447
5448
5449
3940
1068
5019
4219
5454
5455
4996
4996
51
1786
5460
4997
1401
4459
5473
5465
5466
5467
5469
1797
5470
1797
5472
1750
5496
5563
5697
5759
2420
1333
5543
5494
5577
5538
5485
5556
5700
5508
5505
5525
5492
5550
5486
5558
5578
5560
5562
2417
5566
2416
5501
5561
5555
5501
5508
5508
5508
5757
2417
5488
5571
5526
5528
5526
5534
5492
5527
5530
5529
5485
5530
5551
5573
5554
5551
5504
5506
5508
5499
5493
5549
5547
5508
5507
5506
5532
5487
5532
5533
5548
5477
5697
2418
1334
1333
5543
5577
5507
5558
5497
5558
5558
5571
5494
5495
5572
5559
5495
5497
5763
3120
5698
5758
5478
1334
5702
5578
2400
5564
5580
5756
5701
2420
5555
5542
5567
5579
5570
2416
5578
1334
5681
5682
5583
5584
5585
5782
5783
5587
5683
5685
5646
5599
5660
5614
5770
5732
5635
5637
5640
5616
5657
5686
5668
5666
5605
5771
5602
4142
5604
5609
5664
5604
5614
5614
5733
5614
4142
5679
5679
5596
5679
5643
5637
5645
5597
5648
5600
5638
5648
5631
5659
5593
5630
5608
5732
5613
5617
5658
5642
5656
5614
5613
5617
5635
5595
5634
5636
5600
5671
5650
5585
5687
5587
5683
5684
5615
5615
5594
5657
5601
5684
5602
5665
5663
5667
5603
5606
5668
5778
5672
5670
5680
5586
5686
5673
5675
5675
5605
5605
5669
5664
5682
5652
5674
5678
5782
5731
5500
5574
5476
5692
5695
2419
2419
2419
2404
2418
2420
3120
2401
2399
2400
3061
3061
3061
1333
5745
5565
5576
5577
5489
5538
5491
5521
5573
5609
5581
5630
5628
5598
5623
5619
5607
5677
5654
5653
5729
5729
5729
1689
1690
4125
4143
4807
5772
5736
5737
5738
5739
5740
5741
5742
5743
3061
3061
1333
3061
5748
5749
5565
5576
5512
5489
5538
5491
2399
2401
2403
2402
2405
2404
5745
3763
5607
5676
5622
5620
5768
5716
4125
4126
4145
5773
5774
5775
5654
5653
5438
2400
2421
5760
4127
4750
5784
5784
5729
5521
5500
5474
5476
5475
5692
2404
5626
5628
5633
5581
5798
5799
2380
5801
2996
2996
2398
2391
2441
2390
2393
5809
4119
4115
4117
5813
5814
5815
5816
4745
2389
2394
2996
3056
5822
4116
5824
5825
15
5826
5828
5829
2398
2396
5832
5803
5834
1831
5802
2378
182
5450
3333
3333
3333
182
5019
3332
743
3939
3331
3940
