0
1
3048
1315
4
5
1317
664
490
3086
2595
14
11
5541
5819
2393
2443
2395
2284
3162
521
2283
22
2286
2238
3162
2566
30
2953
3171
521
521
32
33
1560
1413
36
37
1582
1529
2679
1394
1386
2692
1389
45
46
47
1411
1559
50
1422
1424
1426
5458
1428
56
1443
58
1448
1445
2637
1454
3634
64
65
2351
67
68
69
1327
71
2464
73
1489
75
3278
2697
78
79
1501
3309
521
2284
521
472
1511
1359
2186
89
90
91
2928
1520
1522
95
96
97
98
99
100
135
102
103
104
105
106
107
108
109
110
111
112
113
1597
1599
116
2686
2675
1597
2684
2641
2643
1601
1402
125
1607
127
1603
2733
1385
3635
2736
2744
1438
1613
3639
137
1621
139
2204
3773
140
499
2353
3085
2347
2298
1640
148
2212
1641
3190
1645
2264
1644
156
3655
1505
23
4802
4736
1666
1668
164
3882
1673
4836
991
5822
1175
4309
1680
1686
4818
4122
4121
4169
177
5838
5843
1702
4204
4848
184
1704
4268
4281
188
4864
4641
4269
4269
5250
194
195
1731
1729
1772
1948
4349
1099
1747
4398
1740
297
1744
1979
208
1750
210
5457
4346
213
214
1929
1782
4367
1795
1791
1788
5289
1752
1806
1811
225
226
227
228
1820
230
1884
232
233
234
1850
1852
1027
1858
239
4949
4962
4414
243
244
245
246
247
248
182
5847
1711
1880
253
254
255
256
257
258
259
260
261
262
263
264
265
4363
1908
268
5265
1106
271
272
1940
1933
1932
5271
1938
4989
279
280
282
1732
287
1967
285
4405
1962
1815
5310
4360
4362
292
293
294
295
4371
4445
5320
4449
1976
1975
302
303
304
305
306
307
3981
1002
4076
1179
4074
1004
314
315
1998
2004
4705
318
4702
321
322
323
324
325
1639
2032
2038
329
330
331
332
2059
2045
2050
3292
80
337
3257
2054
341
1503
343
344
345
346
347
348
3272
2069
2968
3271
353
354
355
356
2198
2942
359
3352
361
362
363
364
2090
366
367
368
369
370
2102
3307
3843
374
375
376
2117
2133
379
2119
381
382
2126
2128
3063
386
387
2138
3003
497
390
392
393
394
2145
396
397
2988
2154
2159
2158
2249
402
2163
2202
406
2167
408
409
3907
411
412
413
414
2179
416
417
418
419
3205
3225
3230
423
3927
2200
3093
3091
3005
2206
472
460
3144
2217
2224
3143
2261
2220
2222
2030
2277
2228
3185
3188
3195
445
3332
447
448
2239
3031
2242
459
2257
2777
3092
456
2252
2253
1636
1628
464
2950
3025
451
2273
3754
2282
2280
3117
3118
471
2286
2287
2292
2295
3125
2963
2967
2301
2304
2308
2310
2316
2936
1630
502
2835
2856
2855
2320
3098
2324
2328
2330
495
496
2332
2965
498
2338
2882
2867
2868
2941
2971
2969
2864
1469
508
2890
512
5690
2423
3129
3127
3149
3122
2410
3123
2448
521
2520
2948
2272
461
2470
2452
526
531
3178
3752
527
2477
2284
2483
536
2487
2490
2564
2499
541
542
2512
2514
2501
521
2807
2808
2547
2545
551
552
2956
554
532
2814
533
2562
2541
560
2549
2576
563
30
2508
2510
567
2587
569
570
1660
572
573
3332
3750
576
577
578
158
580
581
582
583
3573
585
586
587
588
589
590
591
592
593
594
595
596
597
598
2628
600
601
602
603
2649
605
1536
2734
608
1548
844
611
612
2675
1605
2682
2727
2694
618
619
620
621
622
623
1450
625
626
627
628
629
630
2763
3139
2765
3141
2785
2774
2782
2787
639
640
1321
642
493
2327
3147
2799
647
2819
650
524
651
652
654
2321
2362
2838
657
658
1457
2874
2385
2930
1466
2885
665
666
667
668
669
670
671
672
673
674
675
3371
677
678
679
2958
3157
3177
3169
2215
2959
2962
687
3256
2987
690
3254
2337
2998
3252
695
3015
2266
3020
699
700
701
702
703
704
705
3059
707
708
3079
3088
3193
712
713
2439
3154
716
717
718
719
3238
721
3226
3208
3210
3211
3223
3282
3245
3280
3284
3266
3289
3260
3387
735
736
3384
3381
739
740
3320
3318
3751
3344
745
746
747
748
749
3379
751
752
753
754
755
756
757
758
759
760
761
762
763
764
765
766
767
768
769
770
771
772
773
774
775
776
777
778
779
780
781
782
783
784
785
786
787
788
789
790
791
792
793
794
795
796
797
798
799
800
801
802
803
804
805
806
807
808
809
810
811
812
813
814
815
816
817
818
819
820
821
822
823
824
825
826
827
828
829
830
831
832
833
3610
835
2666
3618
838
119
840
841
842
1589
40
122
846
847
848
849
850
851
852
3781
854
4934
856
857
3788
859
860
861
862
863
864
865
866
867
3802
4929
4916
871
872
873
4657
875
876
877
878
879
3817
5038
5036
3819
884
3822
5047
4994
888
889
3835
3837
892
893
894
3846
3850
3856
3854
899
3855
3859
902
3864
3865
905
906
3874
4155
909
3891
4708
4712
3877
4732
4764
3889
4680
918
919
920
921
922
923
924
925
5045
927
928
3920
3918
4614
932
933
3924
4892
936
937
938
939
940
941
942
3942
3946
4829
3948
947
948
949
953
3960
4870
4486
4757
4770
956
957
958
959
3985
3974
962
965
4706
320
3987
967
961
968
970
971
4007
4804
4805
4009
190
1703
4016
979
1997
4656
4652
983
4554
985
986
987
1006
313
4532
990
993
1123
994
995
4053
997
4058
4059
4696
4062
4064
4654
1129
1009
1005
4574
4660
4558
1837
4570
1688
4135
1846
4833
4814
4809
1012
4120
1852
181
969
3999
4194
1024
4179
1718
1045
189
4199
4201
5025
4208
4211
4279
4215
4224
1038
1039
4235
4269
4505
4262
1044
1149
1031
4250
4277
4258
4199
1047
1052
1053
1054
4233
4201
4302
1058
1059
1060
1061
1062
1063
1064
1065
1066
1067
1068
1069
1070
1071
1072
1073
1074
1075
1076
1077
4433
4996
1080
1081
1082
1083
4339
1085
1086
1087
1088
1089
4673
4980
267
1910
1094
1095
5303
1305
1098
4401
4394
4440
4410
1103
1104
1759
4441
4454
4452
1109
1110
1111
1112
1113
4518
4474
4489
1117
1679
4497
1120
4522
992
4092
4102
1125
1126
4086
1128
4111
1130
1835
1013
1133
1134
1135
1136
1137
1138
1139
1140
1141
1142
4613
1144
1145
1146
4079
4635
4647
4856
4714
4854
4645
1154
4651
1156
4940
4674
4678
4938
1001
4689
4936
1164
4874
4872
1167
1168
1169
1170
4798
4739
4741
4743
4749
1176
1177
4766
4772
1180
4801
4797
4820
1184
1185
1186
1187
1188
4882
4884
1191
1192
4894
4895
1195
4909
4914
1198
4922
4950
4942
4972
1203
1204
1205
1206
1207
5000
1209
5003
5005
1212
1033
1214
1215
1216
1217
1218
1219
1220
1221
1222
1223
1224
1225
1226
1227
1228
1229
1230
1231
1232
1233
1234
1235
1236
1237
1238
1239
1240
1241
1242
1243
1244
1245
1246
1247
1248
1249
1250
1251
1252
1253
1254
1255
1256
1257
1258
1259
1260
1261
1262
1263
1264
1265
1266
1267
1268
1269
1270
1271
1272
1273
1274
1275
1276
1277
1278
1279
1280
1281
1282
1283
1284
1285
1286
1287
1288
1289
1290
1291
1292
1293
1294
5293
1296
1306
5262
5309
5309
1301
1302
1303
5291
4398
290
1307
1311
1309
2
3115
1314
1312
1314
5
1313
3
1318
2887
2323
2832
1319
2888
2594
2436
1332
2594
3131
2402
2373
13
15
5802
5821
2970
519
519
2444
2395
3162
2284
3162
2284
2283
2283
2283
2286
1348
472
2240
1347
3162
21
1347
1356
1356
521
1355
26
2953
681
3752
2953
2951
2284
2284
2284
521
1369
1370
1371
1369
1377
34
1375
110
3603
1378
1379
1380
1381
1386
42
1382
131
131
1388
2747
1387
1387
1449
1393
125
624
1395
1396
1397
1398
1399
1403
1400
64
1403
1404
1404
1406
1407
1408
1409
1410
1411
1414
49
1558
1415
1416
1417
1415
1420
1420
37
1419
1422
1423
1422
54
54
54
1428
1432
1432
2730
1433
3636
1435
2743
1437
45
1435
59
1440
2745
59
1446
61
2635
602
60
1609
1450
126
1453
1453
58
1455
2880
1463
2361
1461
1460
1514
2969
66
2969
144
2350
144
144
2349
1470
1471
1472
1473
5758
5758
5758
5561
5563
5758
1325
10
11
1485
1484
2472
72
1490
1488
75
1490
1493
1492
3572
584
1495
1496
1497
1498
1496
1502
81
3769
734
1500
2284
2284
521
2284
1355
1358
1359
1514
88
3046
1515
1516
1517
1515
1522
92
1519
2875
1523
1524
1525
1526
1527
2673
101
2673
615
1528
102
1539
102
607
1533
1379
1538
1540
1541
1542
1543
1544
1545
1546
1547
1548
38
1531
38
1528
1553
1554
1555
1556
1557
1558
1559
1560
1561
1562
1563
1564
1565
1566
1567
1568
1569
1570
1571
1572
1573
1574
1575
1576
1577
1578
1579
120
1598
615
120
1595
119
1598
1587
1588
1589
1592
2685
1592
1590
1596
1596
3627
614
120
44
1597
1405
47
601
124
1607
124
1607
126
1609
1611
2716
1439
134
1614
1615
1389
1616
1618
1619
1620
2205
139
2205
1623
140
2204
2207
140
1631
2348
2301
479
2346
2210
1640
2212
2210
152
1638
2211
152
2970
5820
154
154
2262
1645
1648
1649
1650
1651
157
1652
2929
3514
3333
158
1659
3335
570
570
570
1661
1665
4802
161
1665
1670
1670
1670
165
165
3885
1672
1676
4576
4834
1675
168
1683
171
1683
4308
4819
5829
4161
1684
4141
5817
5812
5816
4168
1019
4157
4167
4268
1722
4268
179
4847
1700
183
4847
184
1699
186
1707
4174
1709
1710
187
1709
247
1715
5427
190
1715
4864
1700
4269
1700
1700
1726
1723
1725
5248
277
1729
1939
1938
1730
199
199
4351
1734
4373
297
4446
1907
1739
1741
1741
1743
1744
1748
1745
1109
227
1751
1750
5468
1800
1753
1755
5463
1756
1757
1758
1762
1084
1762
5259
1763
1764
1765
1766
1767
1768
1769
1770
1728
1772
1931
196
1775
1776
1775
1778
1780
4432
1781
193
193
193
4350
4369
4369
1783
1794
1789
220
217
217
1787
4368
5318
1796
281
298
5320
1977
1799
4372
1092
1805
224
4456
1805
1809
1810
1811
1812
1813
227
1823
1816
1817
1818
1819
228
1821
1822
1823
4082
5767
4569
1828
1883
1828
5834
4659
5835
310
1833
4080
4079
1836
1839
1839
1840
1841
5736
5736
5651
5741
5742
5738
171
1681
171
4196
237
4196
1853
1857
1856
4974
240
1863
4981
1861
5253
4442
1867
1865
1866
1867
1868
1869
1870
1871
1872
1875
247
1875
1875
5847
5844
1879
251
1879
1883
1883
1884
1885
1886
1887
1888
1889
1890
1891
1892
1893
1894
1895
1896
1897
4392
4366
4392
1099
4392
1909
216
5459
267
1908
200
1784
1735
1911
1912
1913
1914
1915
1916
1917
1918
1902
1898
1901
1901
1923
1924
1925
1926
1927
1931
265
274
5284
1936
273
1932
1936
1936
1940
276
1937
1940
1944
1942
1943
4988
1945
1946
1947
194
1945
1965
1965
1967
1965
1964
1964
1966
1960
1958
1959
4404
1961
1815
1963
1964
289
287
4402
1968
1969
1970
293
293
1973
1973
299
1975
4449
299
1743
1979
1981
1887
1982
1984
1985
1986
1987
1988
1989
1990
1991
1992
4073
4075
4072
1994
4074
1998
1999
2000
2001
2002
2002
2004
5816
5822
4705
318
2010
4705
2011
2012
2013
2014
2015
2016
2017
2018
2019
2020
2021
2022
2023
2023
2025
1638
1639
1640
148
148
2000
2032
2031
2034
2035
2036
2037
598
2039
2040
2041
2042
2043
2048
333
2044
337
3285
3291
336
2104
2049
2053
339
2053
2056
2057
2058
342
2060
2061
2062
2063
2064
2065
2066
2067
352
2072
2068
352
3271
2073
2074
2075
2076
2077
2081
2079
359
2081
2082
2083
2084
2085
2083
2088
2088
361
2090
2087
2092
2093
2094
2095
2096
2097
2098
2099
2100
2103
372
3306
2101
2105
2943
3842
2108
2109
2110
2111
2112
2113
2114
2115
2118
378
2130
379
2116
2121
2122
2123
2124
2129
377
2125
385
3062
2130
2131
2132
2130
2131
2135
2136
2139
389
2333
2431
2137
2142
2143
2144
394
2142
2147
2148
2149
2150
2151
2153
2153
398
2152
2146
2156
392
395
2164
402
2164
405
2247
2165
2166
2167
2168
2169
2170
2171
2172
2173
2174
2175
2176
2177
2178
2181
2179
3912
2182
2183
2184
2189
417
2185
2188
2189
2192
3206
3228
2193
2194
2197
2196
3926
424
2201
426
3184
427
2199
428
3007
3002
2206
472
1350
3192
460
2213
2267
3145
435
2226
3145
432
2223
436
2219
439
326
2225
3773
141
440
2231
2230
443
3195
2231
2233
2234
3749
2236
2237
2239
3031
450
449
453
2244
2257
2259
2245
2248
3090
455
2254
2252
2250
1627
2207
1635
1636
1634
1635
149
2028
2026
2252
457
458
1625
142
1626
2779
463
3038
452
2781
1622
138
2276
1622
1621
2281
2278
469
3116
470
22
22
2286
2951
457
456
1644
2291
3119
2292
2290
2296
476
3124
2294
2300
2300
2966
2318
2305
2303
481
2307
2306
2309
483
2935
484
501
146
2344
2869
2318
351
2315
2967
2840
655
2855
2840
2839
2325
3097
2325
2324
491
496
2330
2331
3085
2329
2335
3102
498
2334
6
2340
3103
2339
661
2882
2868
2387
2938
2940
2299
2336
2971
499
2336
2964
3766
5837
2355
5751
5710
2876
5752
2877
5509
5513
5711
5515
5539
5524
5557
5555
5502
5555
5523
5562
5500
5523
2357
5515
143
143
2995
2857
2870
507
659
1467
1468
1467
2386
2390
3057
710
2390
145
2395
3089
5808
2403
5808
2400
5821
2399
5808
5808
3763
5758
5758
2371
2890
5540
2374
5758
5519
5561
2420
5574
2400
2399
3763
3763
3763
5758
5833
3128
2425
3126
714
2426
3122
3123
3123
3121
3121
517
2430
2394
2442
5819
1330
512
1330
2393
2395
2395
3123
2445
2445
521
71
2284
2284
2270
2948
2270
2272
462
2471
553
2519
2465
2468
3743
29
2461
3744
2949
3178
2949
683
3179
683
2956
2473
28
2456
522
2474
528
2463
2478
2283
2484
2484
536
2486
1510
2485
86
2491
2488
539
2563
2492
3746
2494
2495
2496
2498
2511
544
2497
543
3162
2284
30
521
2507
2806
548
2506
547
2513
549
2546
550
2297
2516
2515
475
680
680
680
2522
545
2524
2813
2475
2809
2814
2474
2530
2476
2809
532
649
2535
2535
2537
2539
2565
2538
558
2543
2543
2542
551
2517
552
2479
533
2548
472
2284
2284
521
2556
3776
561
2558
2476
533
2279
467
2540
559
2293
474
2567
562
2569
2570
2573
568
2586
2574
2577
572
2577
2578
3335
3749
3751
2582
2583
2584
2585
2588
576
2588
2589
2590
2591
159
1353
1336
1338
2596
2597
2598
2599
2600
1551
585
2603
2604
2605
2655
3601
2608
2609
2610
2611
2612
2613
2614
2615
2616
2617
2618
2619
2620
2621
2622
2623
2624
2624
2627
2627
2628
2629
2631
2632
2632
2625
2634
48
48
1409
57
2638
2639
62
2640
2641
2644
135
2644
2735
2648
605
3571
2651
2653
2734
2652
2655
2656
2655
2662
2659
2660
3626
3612
2667
612
3585
842
2667
2668
2669
2670
2671
2673
3637
2677
2675
2676
2677
2680
41
3628
2678
1390
43
44
1447
2676
2688
2688
63
1438
2691
2690
2696
616
2693
2726
2651
53
604
2700
2701
2702
2703
2704
2705
2706
2707
2708
2709
2710
2711
2712
2713
2714
2715
2634
2717
2718
2719
2720
2720
2722
2723
2724
2725
1418
1602
2646
2728
51
51
2732
2733
2732
1537
606
2737
2738
2739
2740
2741
2742
130
130
2746
3633
2747
2748
46
2695
617
2752
2753
2754
2755
2756
2757
2758
2759
2760
2761
2762
480
2762
2768
2768
2220
3138
2770
2232
634
2769
2229
442
2776
2783
439
2222
2244
3026
2242
632
3139
2766
2786
3146
425
2785
2789
2790
2791
641
2793
493
493
2327
2795
492
2326
2799
492
2804
648
2817
2805
2813
2814
2475
2811
2815
2453
2816
2455
525
463
464
2818
2818
651
2820
2821
2822
2823
2828
2829
2830
2824
2831
2322
2833
488
2320
2384
5787
2365
5688
5755
5491
2377
2376
2412
2842
2843
2844
2845
2846
2847
2848
2854
2853
2313
2381
2383
2852
1458
1456
2863
2858
2873
2860
485
3764
2880
2878
2361
2879
2387
509
663
509
2871
2925
2875
662
2930
1462
5837
1468
1469
2937
2940
2941
2841
2889
656
487
487
2885
2375
2368
516
2892
2893
2894
2895
2896
2897
2896
2899
2900
2901
2902
2903
2904
2905
2906
2907
2908
2909
2910
2911
2912
2913
2914
2915
2916
2917
2918
2919
2920
2921
2922
3231
2924
2926
3654
2927
676
3373
676
2931
2932
2933
2934
2070
350
2969
477
2964
2939
505
2943
4632
2944
2945
2946
2947
2955
2954
682
2951
3032
2952
3168
3176
684
3167
433
2962
2241
2959
449
399
2963
399
2154
2968
3247
2352
2352
2963
2972
2973
2974
2975
2976
2977
2978
2979
2980
2981
2982
2983
2985
2985
2984
688
2990
2988
3253
691
2334
2337
2338
2992
2992
2999
694
3255
2997
3002
3002
494
3001
3005
3006
3005
3008
3009
3010
2207
3012
3016
3013
697
3017
2253
2265
3022
3020
3021
3023
3007
3765
3177
3765
3027
3028
3029
3030
3031
3032
3033
3034
686
3036
698
3026
3039
3040
3041
3042
3043
3044
3045
3047
3047
381
3049
3050
3051
3052
3053
3054
3055
692
2994
3054
705
3058
2996
2180
415
3064
3065
3066
3067
3068
3069
3070
3071
3072
3073
3074
2157
3076
2120
3077
380
3080
3081
3082
3074
3087
3084
500
706
3087
3085
3009
3091
388
3096
2289
3096
1647
2433
391
2333
2341
2341
2155
2141
3104
3105
3106
3107
3108
3109
3110
3111
3112
3113
3114
2122
3078
383
709
3082
5805
3085
710
710
2127
384
1482
2438
3135
70
1481
5758
5758
2403
2438
2408
3130
645
2027
151
444
3142
3194
141
2267
3143
3095
10
3151
3152
5562
510
2410
2890
440
2227
2274
465
3156
2283
2283
3161
1348
3163
3164
3165
3166
434
2214
3155
715
3158
1484
3173
3174
3175
2218
150
2957
3170
3180
3181
2203
3182
3184
3186
3187
3189
696
3190
3018
2265
2265
153
3014
3014
3196
3197
3196
3237
3200
3201
3202
3209
3204
722
3226
3208
722
3211
3209
3240
3212
3213
3214
3215
3216
3217
3220
685
2960
726
24
2208
3227
727
340
3742
3229
3281
728
347
2066
3233
3234
3235
341
3239
730
3283
2055
3242
3251
3241
3244
731
3246
2989
3248
3249
3250
3251
330
3243
693
2043
3256
732
3258
3289
3265
3260
3262
3265
3263
3290
74
3267
3268
3277
3270
3270
3273
3273
3273
3275
3276
3000
689
3279
338
3264
733
2052
335
1504
80
3287
3288
78
1499
2104
371
3293
3294
3295
3296
2986
3298
3299
3300
3301
3302
3303
3304
3305
3308
737
3383
738
3310
3311
3312
3313
3314
3315
719
3317
3318
3317
723
3321
3322
3323
3207
3324
3326
3327
3328
3331
2187
3335
3751
27
472
27
3336
3337
3338
2486
537
2484
521
2481
535
3345
3346
744
3348
3349
3350
3351
741
3351
3354
3355
3356
740
3358
3359
2082
3361
3362
3362
3364
2536
3365
3366
3368
3369
3370
349
3274
3372
3371
3375
3376
3377
3382
749
3378
751
3672
3385
752
3385
3386
750
3388
3389
3390
3391
3392
3393
3394
3395
3396
3397
3398
3399
3400
3401
3402
3403
3404
3405
3406
3407
3408
3409
3410
3411
3412
3413
3414
3415
3416
3417
3418
3419
3420
3421
3422
3423
3424
3425
3426
3427
3428
3429
3430
3431
3432
3433
3434
3435
3436
3437
3438
3439
3440
3441
3442
3443
3444
3445
3446
3447
3448
3449
3450
3451
3540
3453
3454
3455
3456
3457
3458
3459
3460
3461
3462
3463
3464
3465
3466
3467
3468
3469
3470
3471
3472
3473
3474
3475
3476
3477
3478
3479
3480
3481
3482
3483
3484
3485
3486
3487
3488
3489
3490
3491
3492
3493
3494
3495
3496
3497
3498
3499
3500
3501
3502
3503
3504
3505
3506
3507
3508
3509
3510
3511
3512
3513
3514
3515
3516
3517
3518
3519
3520
3521
3522
3523
3524
3525
3526
3527
3528
3529
3530
3531
3532
3533
3534
3535
3536
3537
3538
3539
1653
156
3542
3543
3544
3545
3546
3547
3548
3549
3550
3551
3552
3553
3554
3555
3556
3557
3558
3559
3560
3561
3562
3563
3564
3565
3566
3567
3568
3569
3570
3571
2729
1529
3574
3575
3609
3577
3578
3579
3597
3581
3619
1598
3583
3586
3621
3587
3588
3589
3590
1528
3592
3593
3594
3595
3596
3597
3598
3599
3600
3768
3602
3603
3604
3605
3606
3607
3607
3609
613
3616
3616
40
3616
2679
3626
3619
3623
3624
2681
2681
2678
2643
2642
3625
1392
1617
1455
47
3629
3630
3631
3632
3634
129
3608
2692
2654
3608
2359
3641
3642
3643
3644
3645
3646
3647
3648
3649
3650
3651
3652
3653
3374
3655
3656
3657
3658
3659
3660
3661
3662
3663
3664
3665
3666
3667
3668
3669
3670
3671
3672
3673
3674
3675
3676
3677
3678
3679
3680
3681
3682
3683
3684
3685
3686
3687
3688
3689
3690
3691
3692
3693
3694
3695
3696
3697
3698
3699
3700
3701
3702
3703
3704
3705
3706
3707
3708
3709
3710
3711
3712
3713
3714
3715
3716
3717
3718
3719
3720
3721
3722
3723
3724
3725
3726
3727
3728
3729
3730
3731
3732
3733
3734
3735
3736
3737
3738
3739
741
3741
3261
3179
3752
28
3747
3748
2544
3750
3751
1356
3171
2961
139
3754
3755
3757
5689
3759
3760
3761
3762
2391
2317
1637
5833
2213
3768
3380
3770
3771
3772
1623
2489
2284
2474
3780
3777
3779
3780
855
3782
3783
3784
3785
3786
3787
3788
3789
3787
3791
3792
3793
3794
3795
3796
3797
3798
3799
3800
3801
869
4928
3804
3805
3806
3807
3808
3809
3810
3811
3812
3813
3814
3815
3818
881
5036
882
3816
3824
3822
3821
5043
3825
3825
885
3828
3829
3830
3831
3832
3833
3830
887
3834
3837
3838
3839
3840
3841
3823
883
3845
3845
894
3844
3851
3848
238
5416
3855
3852
899
899
900
3860
3857
902
3860
3862
4751
3861
897
3865
3865
3867
3867
160
3870
3868
3875
3873
908
4787
3876
911
3892
4709
3879
3878
913
3881
3880
3884
3883
1669
1669
917
164
918
3892
3894
3894
2162
3896
3897
2161
3899
3900
3901
3902
3903
3904
3905
3906
926
3908
3909
3910
3911
3866
3913
3914
3915
3919
3916
931
5015
253
935
3922
3921
935
3925
3928
880
5044
3929
3930
3931
3932
3933
3934
3935
3936
3937
3940
250
5450
3941
3942
3941
3944
3947
327
5443
945
3945
2221
3951
3952
437
3954
3955
3956
3957
3961
3961
952
4869
953
3963
5021
955
3966
3967
3968
3969
3970
3971
3973
4482
960
3972
3976
3977
3978
964
3979
3996
3992
3992
3986
3985
3986
316
3984
3989
3990
2010
4703
2010
3994
3995
4707
4483
3975
4484
3998
4001
4002
4003
4004
4005
4008
973
4803
974
4006
4012
4640
184
4011
2007
2008
3993
4021
4018
4020
4806
4024
4022
4811
4027
4042
4653
982
4029
4030
4031
4553
4033
4034
4035
4036
5439
4069
4040
4070
4071
4042
4656
4044
4045
4531
4532
4050
4533
4529
4052
4052
4496
4051
4785
4060
4057
4056
1000
4694
4065
166
4061
1003
1674
4066
4067
4068
4559
4561
4110
4560
4573
1007
4114
1002
4064
1002
4078
4077
5777
5654
2006
5655
5590
5655
4083
5590
5622
5627
5591
5628
5630
5611
5604
5671
5612
5611
5649
5584
5582
5769
5591
5719
4684
4685
4547
4549
4108
4548
1010
1010
4112
1834
4776
4777
4775
4773
4116
311
4120
4128
5809
4128
4115
5823
4117
4145
4145
5438
4145
5773
4140
4133
1014
4835
4146
5718
1844
4100
1842
5811
4126
4145
4807
5772
5772
5440
4152
4149
1016
3137
4154
4808
998
4154
1017
4156
4158
4166
5813
176
1687
1682
1012
5809
4121
4169
4810
1854
1852
181
1854
5838
1700
3997
4000
3997
3999
4190
4191
4184
1023
4240
5418
5419
4185
4192
4242
4637
1045
4863
4195
4639
4863
4197
1717
4182
1025
4182
4183
4187
4202
1703
182
4206
5024
4208
4206
1881
252
4210
4214
4278
1035
4213
4217
4218
4219
4220
5421
4225
4222
1040
4234
4227
1875
248
4229
4231
4503
4230
1042
4236
1043
4264
4237
4238
4239
4637
968
4638
4243
4244
4508
4504
1031
4200
4200
4250
4504
1031
4253
5451
4253
4257
4280
1048
4256
4261
4261
1044
4260
4238
4202
4202
4199
1719
4269
4271
5453
4270
1051
4200
1047
4276
972
4259
1049
4019
979
4202
1852
4284
4285
4286
4198
4288
4289
4290
4291
4292
1062
4294
4295
4296
4297
4298
4299
4301
4301
1067
4303
4304
4305
4306
4307
4162
178
4310
4311
4312
4313
4314
1921
4316
5265
5274
5444
5279
4321
4324
4325
4994
4434
1078
4429
4328
890
4330
4331
4332
4333
1760
4337
4336
4340
4338
1935
1934
1897
4342
4341
4344
4346
4346
4347
4348
4351
4351
1723
4343
4353
4354
4355
4356
4357
4357
4359
4360
4359
229
4365
1978
4448
4363
1091
4370
5251
1091
1907
1907
1910
5279
5279
1094
203
5305
203
5309
203
4382
5267
4384
1298
4386
4390
4388
1302
4390
4392
5319
4395
4394
4395
4396
4400
202
4397
5311
1742
207
1742
1812
4405
1802
301
1802
4411
1101
4439
4409
1090
4675
4413
4416
4417
4417
4419
4420
4421
4422
4423
4424
4425
4426
4427
4428
1761
4430
4431
4432
211
4997
4436
4436
4437
4438
1777
4440
4366
1790
1787
1783
1735
1910
282
1905
1903
4450
4451
4452
1103
1108
1103
4456
5316
4458
4459
4412
4461
1102
4463
4464
4465
4466
4467
4468
4469
4470
4471
4541
437
947
2767
4476
4480
2788
4479
2784
4485
3952
3975
961
633
1115
4488
638
4489
4490
4491
4492
4493
643
2794
2795
2796
2801
996
4502
4508
4510
4508
4507
4201
4509
4176
4506
3998
4511
4511
4512
4513
4514
4515
4519
4516
1121
4520
4523
4048
4524
4046
4049
4047
4093
5795
4095
4530
5633
4526
4528
4527
4534
4535
4536
4537
4538
4539
4540
4543
4041
4545
4107
4109
4544
4103
4555
4089
4550
4551
4552
4038
1995
4082
1832
4084
1826
4113
1129
1011
1011
4563
4564
4565
4566
4567
4148
1831
4627
1147
1830
4114
4631
4577
4577
4581
1013
4575
4837
5433
4101
1015
1856
4585
4584
4587
4588
4589
4590
4591
4592
4593
4594
4595
4596
4597
4598
4599
3836
4601
891
4603
4604
4605
4606
4607
4608
4609
4610
3923
4611
934
933
4615
4616
4617
4618
4619
4620
4621
4622
4623
4624
4625
4626
5832
4630
4630
4655
1008
3820
4634
4915
1143
4633
4727
4727
4647
4640
5427
4642
4644
4861
1152
4643
1151
3969
4649
4648
185
916
4656
916
4652
4657
4931
4078
4681
1003
4661
4453
4663
4664
4665
4666
4667
4668
4669
4670
4671
4672
4676
1157
4674
4978
4679
1160
4937
4677
4063
1001
4063
4681
4682
4688
4686
4939
1163
4690
4691
4692
4693
4695
4712
912
4697
4865
4699
3980
963
1166
4704
4872
1166
1165
4875
4708
4709
4710
4711
4712
3988
966
4713
4716
4717
4718
4719
4720
4721
4722
4723
4724
4725
4726
4715
4731
1148
4730
4791
910
4734
3893
4735
4736
4735
3917
929
4738
930
915
4762
4742
4774
4748
4744
4747
1174
4745
3914
4752
4753
4754
4755
4740
1172
4758
1173
4762
4760
4696
4763
912
3853
898
4765
3858
4768
901
4761
999
4771
4748
4749
4771
4772
4778
4779
4780
4782
4877
4783
4784
4159
4786
4057
3100
163
4790
4791
4792
4795
1181
4800
3909
895
4798
4796
4799
1182
4802
4767
1178
903
4769
5438
4058
4777
311
3863
4813
4832
1119
4816
235
5736
5737
4131
172
4164
646
3990
4823
4825
951
4827
4828
943
4830
4831
4054
1183
4821
5650
4838
4134
4134
4839
4840
946
4842
4843
4172
4845
4846
4011
1716
4849
4850
4851
3949
4852
944
4853
4855
1851
4858
4859
4860
4862
5441
4646
1153
4017
978
3183
4868
4824
317
2024
4872
4871
4874
4875
4876
4878
4879
4873
4880
4881
4882
4880
4884
4885
4886
4893
4888
4889
4890
4891
4892
4890
4894
1192
4896
4897
4899
4900
4901
4612
4902
4903
4904
4905
3938
4907
4910
864
4910
4908
4911
4912
1196
4913
1197
4917
4918
4919
4920
4921
4922
4921
4924
4927
4925
4935
4930
1200
4965
4680
4932
4933
4934
3847
853
4926
1162
3778
854
4944
4942
4943
4971
4945
4946
4943
4947
1202
1201
4951
4961
4953
4954
4955
4956
4957
4958
4959
4960
4687
1158
4963
4964
4966
5417
4967
4967
4969
4970
4973
4972
4973
4974
4975
4976
4977
4979
4979
1204
1158
4982
4983
4984
4985
4986
4987
4988
4989
4990
4991
4992
4993
3833
4994
4346
4346
4998
4998
5000
5001
5003
5003
5002
1210
5006
5007
5008
5009
5010
5011
5012
5013
5014
5015
5016
5017
5018
5019
5020
5022
5023
4737
5024
1034
4206
4208
4206
4269
4207
5031
5027
5033
5034
5035
1210
5005
1210
5039
5039
5041
5042
5043
5046
5045
5415
5047
5041
5049
4253
4255
5050
5053
5054
5055
5056
5057
5058
5059
5060
5061
5062
5063
5064
5065
5066
5067
5068
5069
5070
5071
5072
5073
5074
5075
5076
5077
5078
5079
5080
5081
5082
5083
5084
5085
5086
5087
5088
5089
5090
5091
5092
5093
5094
5095
5096
5097
5098
5099
5100
5101
5102
5103
5104
5105
5106
5107
5108
5109
5110
5111
5112
5113
5114
5115
5116
5117
5118
5119
5120
5121
5122
5123
5124
5125
5126
5127
5128
5129
5130
5131
5132
5133
5134
5135
5136
5137
5138
5139
5140
5141
5142
5143
5144
5145
5146
5147
5148
5149
5150
5151
5152
5153
5154
5155
5156
5157
5158
5159
5160
5161
5162
5163
5164
5165
5166
5167
5168
5169
5170
5171
5172
5173
5174
5175
5176
5177
5178
5179
5180
5181
5182
5183
5184
5185
5186
5187
5188
5189
5190
5191
5192
5193
5194
5195
5196
5197
5198
5199
5200
5201
5202
5203
5204
5205
5206
5207
5208
5209
5210
5211
5212
5213
5214
5215
5216
5217
5218
5219
5220
5221
5222
5223
5224
5225
5226
5227
5228
5229
5230
5231
5232
5233
5234
5235
5236
5237
5238
5239
5240
5241
5242
5243
5244
5245
5246
5247
5248
5249
1204
1204
4442
1899
5254
5292
5256
4345
5258
4345
5260
5301
1297
5263
1964
1964
5303
5304
5268
5269
5270
279
1899
203
1746
5275
288
5276
5278
5277
5280
5281
5436
1934
1939
5285
1949
5286
5287
5288
5290
5291
4395
1100
5297
203
5299
5299
4398
5309
5301
5307
290
4399
4397
4397
4360
4361
5308
1745
1980
1819
5312
5313
5314
5315
5316
4447
5288
4407
1092
5288
5794
5323
5324
5325
5326
5327
5328
5329
5330
5331
5332
5333
5334
5335
5336
5337
5338
5339
5340
5341
5342
5343
5344
5345
5346
5347
5348
5349
5350
5351
5352
5353
5354
5355
5356
5357
5358
5359
5360
5361
5362
5363
5364
5365
5366
5367
5368
5369
5370
5371
5372
5373
5374
5375
5376
5377
5378
5379
5380
5381
5382
5383
5384
5385
5386
5387
5388
5389
5390
5391
5392
5393
5394
5395
5396
5397
5398
5399
5400
5401
5402
5403
5404
5404
5406
5407
5408
5409
5410
5411
5412
5413
5414
5010
4948
5417
4192
189
1715
5422
5423
4263
5424
5425
5426
4856
5428
5429
5430
5431
5432
4096
5434
4454
5436
5437
5438
1993
4659
2033
5834
3943
5436
5445
5446
5447
5448
5449
5849
4216
1719
4198
3436
5455
4346
4345
1539
1783
5460
4345
1401
5464
5464
5465
5466
5467
5469
5471
1396
5471
5472
5473
5530
5556
5699
5699
5699
2378
2379
1643
5545
5552
5489
5525
2399
2399
5580
5576
5577
5536
5570
5505
5745
5497
5497
2399
5544
1334
5493
5556
5493
5551
2399
2399
2399
2399
2399
5575
5480
5569
5565
5553
5481
5512
5576
5512
5509
5536
5577
5534
5535
5492
5488
5570
5570
5570
5579
5488
5528
5571
2416
2416
5570
5571
5565
5571
5571
5571
5699
5699
5699
2380
2378
5800
5707
2416
5701
2416
5499
5487
5707
5706
5508
5497
5508
5508
5504
2401
2401
5699
5699
5699
2380
1335
5745
3061
5747
1642
5567
5543
5497
5533
5699
1335
5479
5565
5745
5745
3061
5664
5666
5735
5735
5772
4750
4106
4106
5729
5683
5618
5639
5656
5614
5770
5605
5674
5596
5600
5595
5615
5731
5668
5603
4127
4143
5652
4142
5666
5666
5663
5603
4142
4142
5614
5770
4142
5673
5673
5602
5673
5685
5679
5619
5607
5645
5637
5600
5623
5658
5658
5601
5631
5732
5605
5608
5678
5636
5636
5641
5608
5617
5678
5605
5678
5678
5635
5634
5672
5735
5735
4750
4106
5785
5653
5613
5614
5616
5616
5594
5587
5587
5667
5667
5606
5668
5733
5606
5778
5680
5680
5669
4750
1690
1689
5729
5784
1690
5731
5734
5601
5680
1689
5652
5731
4127
4750
5530
5554
5495
5572
5572
5758
5758
5572
5560
5699
5699
2401
2399
2400
3061
5802
5820
5820
5820
5836
5800
1643
5707
5481
5546
5509
5489
5538
5666
5664
5631
5627
5620
5618
5662
5677
5653
5785
4105
5822
5822
5815
4106
5812
4125
5614
4807
5669
5772
5735
5585
5585
5585
5585
5672
5672
5820
5802
5820
5820
5585
5736
1464
3766
5750
5709
5546
5509
2400
2399
5699
5560
5758
5758
5833
5805
5676
5726
5621
5662
5670
5604
5811
4126
5669
5772
5585
5585
2005
5440
4807
3061
5758
5758
5812
5817
5816
5816
5822
5516
5529
5539
5555
5554
5572
5560
5622
5627
5631
5664
5670
5772
2970
4659
2993
2993
5808
3089
5808
3056
145
5810
5810
4118
170
4130
4130
1161
4683
4746
5807
2393
2352
692
309
311
5814
4129
2394
5819
4128
4128
5808
5758
309
143
309
4659
143
2351
1700
182
2284
2283
2284
1700
1873
3162
2284
182
2284
182
