2131
1
2
3
4
5
6
7
8
9
10
1332
1326
1479
2437
2441
1338
2429
3333
1659
2581
3333
83
430
3222
1659
2290
3332
1364
1362
743
743
32
33
34
35
36
37
38
39
40
41
42
43
44
45
46
47
48
49
50
51
52
53
54
55
56
57
58
59
60
61
62
63
64
65
66
67
68
69
70
2485
1485
73
74
75
76
77
78
79
80
81
743
3331
743
3331
2566
2293
88
89
90
91
92
93
94
95
96
97
98
99
100
101
102
103
104
105
106
107
108
109
110
111
112
113
114
115
116
117
118
119
120
121
122
123
124
125
126
127
128
129
130
131
132
133
134
135
136
137
138
139
140
2226
2253
143
144
145
146
2348
148
2029
1637
151
152
153
154
155
156
157
2580
1657
160
161
162
163
164
3885
4744
167
168
4106
4775
171
1682
1686
4819
4160
4167
4157
1694
3938
3938
3940
3938
1704
185
1155
4907
4020
5016
5427
4640
941
941
193
194
195
196
197
198
199
4350
201
1747
4398
204
205
206
207
208
209
210
211
212
213
214
215
1783
217
218
219
4444
221
222
1806
1811
225
5315
1823
1822
1820
1758
231
232
233
234
235
1703
4848
238
239
240
241
242
243
244
245
246
5017
941
4906
4906
979
979
253
254
255
256
257
258
259
260
261
262
263
264
265
266
1908
268
269
270
271
272
273
274
275
276
277
278
279
280
4447
1732
283
284
285
286
287
288
289
4360
291
292
293
294
295
1739
5317
298
299
300
301
302
303
304
305
306
4828
308
4683
310
4777
4074
4072
2004
315
2001
317
318
319
4702
321
322
4306
2020
325
326
2033
328
329
330
331
332
333
334
335
336
337
338
339
340
341
342
343
344
345
346
347
348
349
350
351
352
353
354
355
356
2198
358
359
360
361
362
363
364
365
366
367
368
369
370
371
372
3843
374
375
376
2129
2180
2118
2120
2122
2123
2127
3863
3862
2182
2173
388
389
390
391
392
393
394
395
396
397
398
399
400
401
402
403
404
405
406
407
408
409
3907
2171
3905
413
414
3914
3913
2186
418
419
420
421
422
423
3927
425
426
427
428
429
3331
2211
3767
3168
3167
2215
436
437
2219
2260
3154
441
442
443
444
3071
2233
3119
3081
2241
2240
2243
3025
2256
2777
455
456
457
3017
459
3192
461
462
463
464
3032
3033
2281
2296
3124
3116
3162
3333
473
2291
4024
4811
477
478
479
480
481
482
483
484
485
486
487
488
489
490
491
492
493
494
495
496
497
498
499
500
2869
502
503
2882
505
506
507
508
2866
510
1330
2415
513
514
515
516
517
2439
519
2485
2581
2458
2452
2454
2812
2461
2475
2478
2473
2469
3745
2808
2530
3331
1511
87
26
2564
558
2500
538
2524
4234
2511
4223
743
4231
2507
4238
2517
2297
4023
2471
4244
2527
4246
2494
2279
2562
2560
2558
2569
2481
3349
2582
4232
567
568
2589
570
2593
572
573
2233
2236
576
2590
2584
1658
580
581
582
583
584
585
586
587
588
589
590
591
592
593
594
595
596
597
598
599
600
601
602
603
604
605
606
607
608
609
610
611
612
613
614
615
616
617
618
619
620
621
622
623
624
625
626
627
628
629
630
631
632
633
634
635
636
637
638
639
640
641
642
643
644
645
646
647
648
2807
2814
651
652
653
654
655
656
657
658
659
660
2388
662
663
664
665
666
667
668
669
670
671
672
673
674
675
676
677
678
679
2949
2953
682
3179
2957
3220
2961
687
688
689
690
691
692
693
694
695
696
3190
698
699
700
701
702
703
3052
705
706
3214
3070
3077
710
711
712
713
714
3158
1508
717
718
719
720
721
722
723
724
725
3329
727
728
729
730
731
732
733
734
735
736
737
738
739
740
741
742
2235
3369
3370
746
2291
748
749
750
751
752
753
754
755
756
757
758
759
760
761
762
763
764
765
766
767
768
769
770
771
772
773
774
775
776
777
778
779
780
781
782
783
784
785
786
787
788
789
790
791
792
793
794
795
796
797
798
799
800
801
802
803
804
805
806
807
808
809
810
811
812
813
814
815
816
817
818
819
820
821
822
823
824
825
826
827
828
829
830
831
832
833
834
835
836
837
838
839
840
841
842
843
844
845
846
847
848
849
850
851
852
853
854
855
856
857
858
859
860
861
862
863
864
865
866
867
868
869
870
871
872
873
874
875
876
877
878
879
3817
5038
882
3819
884
885
886
887
888
889
890
891
892
893
894
895
896
3853
898
899
3855
3859
4736
4765
3868
3870
906
907
4155
909
3878
911
912
3880
3883
4764
916
917
918
919
920
921
922
923
924
925
5045
927
928
3920
3918
931
932
933
934
935
936
937
938
939
940
4904
3944
3943
4862
3947
3949
947
3951
3955
950
951
952
953
4757
4770
3965
3967
4649
3971
4482
3975
962
963
4706
965
3984
4876
968
969
5430
971
973
4804
4805
4006
3970
185
978
956
980
981
982
983
984
985
986
987
4041
1995
4532
4047
4049
4533
994
995
996
997
998
4059
1000
4747
1002
1003
4560
4110
4071
4574
1008
4548
4569
4087
1688
4135
4140
1015
1016
4154
4165
4169
4204
3940
4183
1023
4188
4187
4182
1717
4192
1715
4203
1031
1710
4175
5426
4257
4214
4221
4219
4216
5423
941
4271
4261
4010
1045
4249
4208
4007
4280
4171
5027
1185
4284
5016
4272
1056
1057
5032
1059
1060
1061
1062
2017
1063
4304
4298
1067
5055
1069
1070
1071
1072
1073
1074
1075
1076
1077
1078
1079
1080
1081
1082
1083
1084
1085
1086
1087
1088
1089
1090
1091
1906
1910
1094
1095
1096
1097
1098
1099
1100
1101
1102
1103
1104
1105
1106
1107
1108
1816
1110
1111
1112
1113
1114
1115
1116
1117
1118
1119
1120
1121
1122
4138
4528
1125
1126
4091
1128
4113
1130
1834
4578
1133
1134
1135
1136
1137
1138
1139
1140
1141
1142
1143
1144
1145
1146
5834
1148
1149
1150
4715
1152
1153
4726
4905
1156
1157
1158
1159
1160
4774
1162
1163
1164
4874
1166
1167
1168
4754
4729
4734
4739
4741
4760
4761
4755
4759
4766
4772
1180
1181
1182
1183
1184
5450
1186
1187
1188
1189
1190
1191
1192
1193
1194
4903
1196
1197
1198
1199
1200
1201
1202
1203
1204
1205
1206
1207
1208
1209
1210
1211
5014
1701
1719
1215
1064
1217
1218
1219
1220
1221
1222
1223
1224
1225
1226
1227
1228
1229
1230
1231
1232
1233
1234
1235
1236
1237
1238
1239
1240
1241
1242
1243
1244
1245
1246
1247
1248
1249
1250
1251
1252
1253
1254
1255
1256
1257
1258
1259
1260
1261
1262
1263
1264
1265
1266
1267
1268
1269
1270
1271
1272
1273
1274
1275
1276
1277
1278
1279
1280
1281
1282
1283
1284
1285
1286
1287
1288
1289
1290
1291
1292
1293
1294
1295
1296
1297
1298
1299
1300
1301
1302
1303
1304
5298
5306
1307
1309
2134
1310
0
1312
1313
1314
1315
1316
1317
1318
1319
1320
1321
1322
1323
1325
2594
11
1324
1329
2411
13
1328
14
1333
1334
1335
1339
1339
17
2443
1659
1659
1659
1659
3334
3333
3333
3334
5845
3223
2209
1659
1659
1656
1659
474
2292
743
474
2293
1364
1363
1360
471
2283
3333
3333
3333
743
1369
1370
1371
1372
1373
1374
1375
1376
1377
1378
1379
1380
1381
1382
1383
1384
1385
1386
1387
1388
1389
1390
1391
1392
1393
1394
1395
1396
1397
1398
1399
1400
1401
1402
1403
1404
1405
1406
1407
1408
1409
1410
1411
1412
1413
1414
1415
1416
1417
1418
1419
1420
1421
1422
1423
1424
1425
1426
1427
1428
1429
1430
1431
1432
1433
1434
1435
1436
1437
1438
1439
1440
1441
1442
1443
1444
1445
1446
1447
1448
1449
1450
1451
1452
1453
1454
1455
2359
2361
2360
1459
1460
1461
1462
1463
1464
1465
1466
1467
1468
1469
1470
1471
1472
1473
5793
5759
5695
2373
2371
5780
1327
1481
1482
84
1357
84
537
1487
1488
1489
1490
1491
1492
1493
1494
1495
1496
1497
1498
1499
1500
1501
1502
1503
1504
3333
3333
743
3332
474
3750
2293
1512
1513
1514
1515
1516
1517
1518
1519
1520
1521
1522
1523
1524
1525
1526
1527
1528
1529
1530
1531
1532
1533
1534
1535
1536
1537
1538
1539
1540
1541
1542
1543
1544
1545
1546
1547
1548
1549
1550
1551
1552
1553
1554
1555
1556
1557
1558
1559
1560
1561
1562
1563
1564
1565
1566
1567
1568
1569
1570
1571
1572
1573
1574
1575
1576
1577
1578
1579
1580
1581
1582
1583
1584
1585
1586
1587
1588
1589
1590
1591
1592
1593
1594
1595
1596
1597
1598
1599
1600
1601
1602
1603
1604
1605
1606
1607
1608
1609
1610
1611
1612
1613
1614
1615
1616
1617
1618
1619
1620
1621
1622
1623
3773
1628
141
142
2267
1629
2346
1631
1632
1633
1634
1635
1636
1637
1638
1639
1640
1641
1642
1643
1644
1645
1646
1647
1648
1649
1650
1651
1652
1653
1654
1655
574
574
2234
2580
1662
1663
1662
2592
1664
1665
1666
1667
1671
1669
1670
1672
1673
4742
166
1675
1676
1677
1678
1679
1683
1680
173
4308
175
4161
4162
1684
174
4750
5812
4750
4168
4168
177
1693
3938
3938
3938
4906
3940
3938
1704
3940
4651
4306
4306
4306
4906
5424
5424
4020
1212
5016
4641
4641
3970
190
1715
3938
941
3938
3938
1726
1723
1725
1726
1727
1728
1729
1730
1731
4351
199
4351
4349
1738
205
1738
297
1736
1741
1742
1743
1744
1748
1745
1109
1814
1749
1750
1751
1752
1753
1755
5463
1756
1754
1758
1759
1760
1761
1762
1763
1764
1765
1766
1767
1768
1769
1770
1771
1772
1773
1774
1775
1776
1777
1778
1779
1780
1781
193
193
1785
193
1783
1787
1786
1789
1790
1791
1792
1793
4443
1795
1796
1797
1798
1799
1800
1801
1802
1803
1804
4456
224
4456
1807
1809
1810
226
1812
1813
1815
1971
227
1818
1821
1817
228
1757
230
293
5625
5629
5723
1827
1828
1829
5784
4106
5588
1837
1010
1833
5832
1830
1838
1839
1840
1841
4129
4129
4147
4818
4835
5829
1848
1849
1850
4013
4014
4013
324
1855
1856
1857
1858
1859
1860
1861
1862
1863
1864
1865
1866
1867
1868
1869
1870
1871
1872
4907
941
3938
4907
4906
4907
1212
979
1212
1882
1883
1884
1885
1886
1887
1888
1889
1890
1891
1892
1893
1894
1895
1896
1897
1898
1899
1900
1901
1902
267
1909
1903
1093
1910
200
1784
1735
1911
1912
1913
1914
1915
1916
1917
1918
1919
1920
1921
1922
1923
1924
1925
1926
1927
1928
1929
1930
1931
1932
1933
1934
1935
1936
1937
1938
1939
1940
1941
1942
1943
1944
1945
1946
1947
1948
1949
1950
1951
1952
1953
1954
1955
1956
1957
1958
1959
1960
1961
1962
1963
1964
1965
1966
1967
1968
1969
1970
1971
1972
1973
1974
1975
1976
1977
1978
1979
1980
1981
1982
1983
1984
1985
1986
1987
1988
1989
1990
1991
1992
1994
4073
313
1993
312
1999
2002
1998
314
2002
2003
2004
4106
4106
2007
2008
2009
2010
2011
2012
2013
2014
2017
2017
2017
1069
2021
1060
2021
2019
2023
2024
2025
2026
2027
2028
2028
2028
2000
315
316
2034
2035
2036
2037
2038
2039
2040
2041
2042
2043
2044
2045
2046
2047
2048
2049
2050
2051
2052
2053
2054
2055
2056
2057
2058
2059
2060
2061
2062
2063
2064
2065
2066
2067
2068
2069
2070
2071
2072
2073
2074
2075
2076
2077
2078
2942
2080
2081
2082
2083
2084
2085
2086
2087
2088
2089
2090
2091
2092
2093
2094
2095
2096
2097
2098
2099
2100
2101
2102
2103
2104
2105
373
2107
2108
2109
2110
2111
2112
2113
2114
2115
2117
3062
378
2116
377
2119
379
381
380
2128
2125
384
3861
385
2133
386
2130
2179
2135
2183
387
2137
2138
2139
2140
2141
2142
2143
2144
2145
2146
2147
2148
2149
2150
2151
2152
2153
2154
2155
2156
2157
2158
2159
2160
2161
2162
2163
2164
2165
2166
2167
2168
2169
2174
410
2170
412
3904
2175
2176
2177
2178
2181
415
3912
416
2184
3915
2185
88
2187
2188
2185
2190
2191
2192
2193
2194
2197
2195
3926
424
2199
2200
2201
2202
2203
2204
2205
2206
2207
3331
3223
1640
2210
1637
2210
433
3168
2215
2218
2218
436
2220
2219
2223
2261
434
2227
435
3155
2228
2229
2230
2231
2232
448
2237
2236
3082
3336
24
2238
1350
2960
2244
452
3024
453
2242
2247
2248
2249
458
2251
2252
2266
2250
2030
459
2257
2030
2258
326
2261
2262
2263
2264
460
3018
3144
2268
2269
2270
2271
2272
465
3156
3031
2276
2274
469
469
2296
3117
2281
83
2552
430
2285
2287
2288
2289
3118
3118
3119
470
3125
4024
3125
476
2298
2299
2300
2301
2302
2303
2304
2305
2306
2307
2308
2309
2310
2311
2312
2313
2314
2315
2316
2317
2318
2319
2320
2321
2322
2323
2324
2325
2326
2327
2328
2329
2330
2331
2332
2333
2334
2335
2336
2337
2338
2339
2340
2341
2342
501
2344
2345
2347
2881
504
2349
2350
2351
2352
2353
5751
5750
5710
5711
5712
5753
5754
2356
5713
5714
2362
2363
5715
5688
5503
5690
2368
2369
2367
5540
2370
2372
2364
2365
2378
2379
2380
2381
2382
2383
2384
2386
2878
2385
509
2389
2390
2391
2392
2393
2394
2395
5806
5804
5806
2399
2400
2401
2403
2403
2420
2418
2418
512
2407
1477
512
2405
2838
3150
3132
1478
2416
2417
2420
5758
2403
2418
2422
2423
2424
2425
2426
2427
2428
2444
2428
2431
2432
2433
2434
15
2435
2396
1331
511
2438
5819
2394
519
2444
3348
3348
2581
2485
2579
2579
2455
522
2451
525
2810
528
2460
527
2477
2463
72
2464
1486
2472
2457
2462
2465
1362
531
29
530
1348
1348
2476
532
3776
2479
71
3774
3333
1356
27
1511
3751
3751
3751
26
2539
2538
2541
2539
2493
3746
2490
2492
2522
543
549
2498
545
4225
575
1659
575
3349
2510
547
2506
566
4230
2547
4264
552
2546
2295
2294
475
4022
2467
2520
523
2523
4243
554
2528
2527
556
4246
2495
2494
2495
2534
2532
4251
2488
2488
2491
467
2282
467
2279
2516
468
2543
2515
2518
4237
536
557
536
3331
3331
3333
743
565
2508
2589
2583
2495
2494
2280
2278
467
558
2282
2290
2483
2550
2570
2486
2571
2572
2573
2574
2575
2576
2577
3174
2235
2233
2235
1066
2584
1066
4298
2586
2587
2588
578
578
2590
579
579
2436
2595
2596
2597
2598
2599
2600
2601
2602
2603
2604
2605
2606
2607
2608
2609
2610
2611
2612
2613
2614
2615
2616
2617
2618
2619
2620
2621
2622
2623
2624
2625
2626
2627
2628
2629
2630
2631
2632
2633
2634
2635
2636
2637
2638
2639
2640
2641
2642
2643
2644
2645
2646
2647
2648
2649
2650
2651
2652
2653
2654
2655
2656
2657
2658
2659
2660
2661
2662
2663
2664
2665
2666
2667
2668
2669
2670
2671
2672
2673
2674
2675
2676
2677
2678
2679
2680
2681
2682
2683
2684
2685
2686
2687
2688
2689
2690
2691
2692
2693
2694
2695
2696
2697
2698
2699
2700
2701
2702
2703
2704
2705
2706
2707
2708
2709
2710
2711
2712
2713
2714
2715
2716
2717
2718
2719
2720
2721
2722
2723
2724
2725
2726
2727
2728
2729
2730
2731
2732
2733
2734
2735
2736
2737
2738
2739
2740
2741
2742
2743
2744
2745
2746
2747
2748
2749
2750
2751
2752
2753
2754
2755
2756
2757
2758
2759
2760
2761
2762
2763
2764
2765
2766
2767
2768
2769
2770
2771
2772
2773
2774
2775
2776
439
2222
2779
2780
2781
2782
2783
2784
2785
2786
2787
2788
2789
2790
2791
2792
2793
2794
2795
2796
2797
2798
2799
2800
2801
2802
2803
2804
2805
2806
2807
2808
2806
2811
2813
650
2809
649
2815
524
2817
2818
2819
2820
2821
2822
2823
2824
2825
2826
2827
2828
2829
2830
2831
2832
2833
2412
2835
2375
2377
2366
2839
2840
2841
2842
2843
2844
2845
2846
2847
2848
2849
2850
2851
2852
2853
2854
2855
2856
2857
2858
2859
2860
2861
2862
1456
2864
1458
1457
2867
2868
661
2870
2871
2872
2873
2874
2875
2354
2355
2880
2879
2876
2387
663
2883
2884
2885
2886
2887
2888
2889
3758
2891
2892
2893
2894
2895
2896
2897
2898
2899
2900
2901
2902
2903
2904
2905
2906
2907
2908
2909
2910
2911
2912
2913
2914
2915
2916
2917
2918
2919
2920
2921
2922
2923
2924
2925
2926
2927
2928
2929
2930
2931
2932
2933
2934
2935
2936
2937
2938
2939
2940
2941
2943
4632
2944
2945
2946
2947
2948
553
2950
2286
2951
28
2956
680
3178
683
2954
2960
3222
685
2959
2963
2964
2965
2966
2967
2968
2969
2970
2971
2972
2973
2974
2975
2976
2977
2978
2979
2980
2981
2982
2983
2984
2985
2986
2987
2988
2989
2990
2991
2992
2993
2994
2995
2996
2997
2998
2999
3000
3001
3002
3003
3004
3005
3006
3007
3008
3009
3010
3011
3012
3013
3014
3015
3016
697
3191
3019
3020
3021
3022
3023
3026
3025
3026
3027
3028
3029
3030
2239
450
449
3034
3035
3036
3037
3038
3039
3040
3041
3042
3043
3044
3045
1514
3046
3115
2189
3050
3049
417
3053
3054
3055
3056
3057
3058
3059
3060
3061
3063
4751
3064
3065
3066
3067
3051
3069
3068
704
3072
3073
3074
3075
3076
2126
383
3077
2124
382
3079
3083
3084
3085
3086
3087
3088
3089
3090
3091
3092
3093
3094
3095
3096
3097
3098
3099
3100
3101
3102
3103
3104
3105
3106
3107
3108
3109
3110
3111
3112
3113
3114
2132
383
2127
3078
709
3120
3121
3122
3123
384
3863
3126
3127
3128
3129
3130
5793
5693
5831
2440
3135
3136
3137
3138
3139
3140
3141
3142
432
2213
2217
3146
3147
3148
3149
5792
3151
3153
2408
715
3169
3157
2952
681
2579
2579
2581
3334
1347
1661
1365
3166
3169
684
3170
3171
3752
3350
546
3165
3175
2958
3177
2470
29
3180
3181
3182
3183
3184
3185
3186
3187
3188
3189
3190
2211
431
3193
3194
3195
3196
3197
3198
3199
3200
3201
3202
3203
3204
3205
3206
3207
3208
3209
3210
3211
3212
3213
708
3215
3216
3217
3221
3218
726
3328
726
3329
3224
3225
3226
3227
3228
3229
3230
3231
3232
3233
3234
3235
3236
3237
3238
3239
3240
3241
3242
3243
3244
3245
3246
3247
3248
3249
3250
3251
3252
3253
3254
3255
3256
3257
3258
3259
3260
3261
3262
3263
3264
3265
3266
3267
3268
3269
3270
3271
3272
3273
3274
3275
3276
3277
3278
3279
3280
3281
3282
3283
3284
3285
3286
3287
3288
3289
3290
3291
3292
3293
3294
3295
3296
3297
3298
3299
3300
3301
3302
3303
3304
3305
3306
3307
3308
3309
3310
3311
3312
3313
3314
3315
3316
3317
3318
3319
3320
3321
3322
3323
3324
3325
3326
3327
445
2234
3330
446
2235
446
3332
3749
3337
3338
3047
3751
1359
3348
743
3348
1511
747
747
3369
2292
2291
3370
3351
3352
3353
3354
3355
3356
3357
3358
3359
3360
3361
3362
3363
2172
2489
2591
2591
577
577
470
3371
3372
3373
3374
3375
3376
3377
3378
3379
3380
3381
3382
3383
3384
3385
3386
3387
3388
3389
3390
3391
3392
3393
3394
3395
3396
3397
3398
3399
3400
3401
3402
3403
3404
3405
3406
3407
3408
3409
3410
3411
3412
3413
3414
3415
3416
3417
3418
3419
3420
3421
3422
3423
3424
3425
3426
3427
3428
3429
3430
3431
3432
3433
3434
3435
3436
3437
3438
3439
3440
3441
3442
3443
3444
3445
3446
3447
3448
3449
3450
3451
3452
3453
3454
3455
3456
3457
3458
3459
3460
3461
3462
3463
3464
3465
3466
3467
3468
3469
3470
3471
3472
3473
3474
3475
3476
3477
3478
3479
3480
3481
3482
3483
3484
3485
3486
3487
3488
3489
3490
3491
3492
3493
3494
3495
3496
3497
3498
3499
3500
3501
3502
3503
3504
3505
3506
3507
3508
3509
3510
3511
3512
3513
3514
3515
3516
3517
3518
3519
3520
3521
3522
3523
3524
3525
3526
3527
3528
3529
3530
3531
3532
3533
3534
3535
3536
3537
3538
3539
3540
3541
3542
3543
3544
3545
3546
3547
3548
3549
3550
3551
3552
3553
3554
3555
3556
3557
3558
3559
3560
3561
3562
3563
3564
3565
3566
3567
3568
3569
3570
3571
3572
3573
3574
3575
3576
3577
3578
3579
3580
3581
3582
3583
3584
3585
3586
3587
3588
3589
3590
3591
3592
3593
3594
3595
3596
3597
3598
3599
3600
3601
3602
3603
3604
3605
3606
3607
3608
3609
3610
3611
3612
3613
3614
3615
3616
3617
3618
3619
3620
3621
3622
3623
3624
3625
3626
3627
3628
3629
3630
3631
3632
3633
3634
3635
3636
3637
3638
3639
2376
3641
3642
3643
3644
3645
3646
3647
3648
3649
3650
3651
3652
3653
3654
3655
3656
3657
3658
3659
3660
3661
3662
3663
3664
3665
3666
3667
3668
3669
3670
3671
3672
3673
3674
3675
3676
3677
3678
3679
3680
3681
3682
3683
3684
3685
3686
3687
3688
3689
3690
3691
3692
3693
3694
3695
3696
3697
3698
3699
3700
3701
3702
3703
3704
3705
3706
3707
3708
3709
3710
3711
3712
3713
3714
3715
3716
3717
3718
3719
3720
3721
3722
3723
3724
3725
3726
3727
3728
3729
3730
3731
3732
3733
3734
3735
3736
3737
3738
3739
3740
3741
3742
3744
3745
3163
3748
2544
2542
447
447
2292
1361
3219
3754
3755
2962
3757
2374
3759
3760
3761
3762
3763
3764
3765
3766
150
3768
3769
3770
3771
3772
2225
2563
3333
2531
3777
3778
3779
3780
3781
3782
3783
3784
3785
3786
3787
3788
3789
3790
3791
3792
3793
3794
3795
3796
3797
3798
3799
3800
3801
3802
3803
3804
3805
3806
3807
3808
3809
3810
3811
3812
3813
3814
3815
3818
881
5036
882
3816
3821
3822
3823
3824
3825
3826
3827
3828
3829
3830
3831
3832
3833
3834
3835
3836
3837
3838
3839
3840
3841
3842
883
3844
3845
3846
3847
3848
3849
3850
3851
3852
3853
3854
3855
3852
3857
3857
902
3860
3864
897
3864
3864
3865
3865
3867
3868
3869
3870
3869
3872
3873
3874
3875
3876
3879
911
3879
912
3877
3884
913
4764
915
3882
3887
3888
3889
3890
3891
3892
3893
3894
3895
3896
3897
3898
3899
3900
3901
3902
3903
3906
905
5049
926
3908
3909
3910
3911
3866
904
900
3871
3919
3916
931
3919
253
3921
3922
3923
3924
3925
3928
880
5044
3929
3930
3931
3932
3933
3934
3935
3936
3937
4904
4906
4906
2025
3941
2032
325
3946
5441
327
3945
944
2221
947
3950
3953
945
946
4829
3956
3958
3959
3960
3961
3962
3964
5021
955
3963
954
4648
4650
3969
958
2246
2778
3973
451
3976
3977
3978
3979
3980
3981
3982
3983
948
3952
3989
3986
3985
3990
3990
3991
4703
3993
967
4830
4707
3997
3998
3999
4000
4001
949
4003
4004
4839
4008
973
4803
4008
4008
1704
3968
185
1704
4015
4016
4017
4806
4021
3965
4806
974
974
4805
4025
4026
4027
4628
4029
4030
4031
4032
4033
4034
4035
4036
4037
4040
4038
4069
1006
4042
4043
4044
4045
4050
990
4046
993
4531
4051
4052
4053
4054
4055
4056
4057
4058
4059
4060
4061
4747
1001
4064
4065
4066
4067
4068
4070
4559
1005
1004
4075
1007
4573
4076
4077
4078
4079
4080
5677
5607
5587
5620
5598
5620
5661
5598
5599
5630
5628
5633
5581
5609
5743
5742
4096
5769
4100
5749
4099
4095
5592
5796
5815
5817
4108
4547
4107
1009
4112
4568
4556
4111
4776
311
170
4773
4120
4810
1019
4166
4166
4123
4115
4116
4117
5809
5814
5809
5814
5813
4136
4133
1014
4141
4122
4094
1847
1845
4137
5811
5823
5809
4130
5814
5814
5783
4149
4150
4151
4152
4154
4154
4155
4153
1017
4156
4159
1693
176
1692
1687
4163
1012
1019
1019
4169
1017
4205
4204
3940
4205
3938
3938
4177
4506
4178
4189
4181
4185
1025
1026
1024
1027
5420
4186
5419
1028
4194
4193
189
189
4195
4195
184
4012
4199
4202
1030
4201
1853
1854
3938
4906
4205
5839
1710
4205
1212
5426
1212
187
4281
4259
187
1036
4217
1039
4213
4215
1040
1037
5421
4235
4907
4907
941
2018
4233
1042
1055
4270
4262
4263
1044
4009
975
4010
1045
4241
4242
4218
1038
1046
1046
4248
4250
1047
1032
4252
4274
4211
252
4206
4018
4018
4280
4019
4277
972
4276
1048
4239
4170
4173
236
3938
941
5051
5050
1058
1213
4253
4208
972
4007
4019
4257
4018
956
4857
4846
4858
1020
1050
4267
1053
4289
4291
4859
4292
4293
2015
2015
1063
1065
1065
4303
4300
4301
4302
4305
1068
5054
4307
4307
178
4309
4310
4311
4312
4313
4314
4315
4316
4317
4318
4319
4320
4321
4322
4323
4324
4325
4326
4327
4328
4329
4330
4331
4332
4333
4334
4335
4336
4337
4338
4339
4340
4341
4342
4343
4344
4345
4346
4347
4348
4351
1724
1724
4352
4353
4354
4355
4356
4357
4358
4359
4360
4361
4362
4363
4364
4365
4366
4367
4368
4369
4370
4373
4371
4446
4374
4375
4376
4377
4378
4379
4380
4381
4382
4383
4384
4385
4386
4387
4388
4389
4390
4391
4392
4393
4394
4395
4396
4400
202
4397
5311
4401
4402
4403
4404
4405
4406
4407
4408
4409
4410
4411
4412
4413
4414
4415
4416
4417
4418
4419
4420
4421
4422
4423
4424
4425
4426
4427
4428
4429
4430
4431
4432
4433
4434
4435
4436
4437
4438
4439
4440
4441
4442
1788
216
1735
4447
282
4448
4449
4450
4451
4452
4453
4454
4455
4457
5316
4458
4459
4460
4461
4462
4463
4464
4465
4466
4467
4468
4469
4470
4471
4472
4473
4474
4475
4476
4477
4478
4479
4480
4481
438
4483
4484
4485
4486
4487
4488
4489
4490
4491
4492
4493
4494
4495
4496
4497
4498
4499
4500
4501
4502
4503
4503
4505
4507
4508
4504
4509
4510
4511
4512
4513
4514
4515
4516
4517
4518
4519
4520
4521
4522
4048
992
991
4098
4093
4097
4526
5717
4529
1124
1123
4534
4535
4536
4537
4538
4539
4540
4541
4542
4543
4109
4544
4546
4527
4103
4092
4550
4551
4552
4039
989
4084
5764
5794
4088
4561
1129
4562
4558
4563
4564
4565
4566
4567
5589
5588
4081
5776
5724
4114
1131
4577
4575
4581
1013
4579
4580
4582
5433
4583
4584
4585
4586
4587
4588
4589
4590
4591
4592
4593
4594
4595
4596
4597
4598
4599
4600
4601
4602
4603
4604
4605
4606
4607
4608
4609
4610
4611
4612
4613
4614
4615
4616
4617
4618
4619
4620
4621
4622
4623
4624
4625
4626
5728
4629
4631
4630
1835
3820
4633
4634
4635
4636
4637
4638
4639
3970
4642
959
4643
1151
4645
4646
4647
4650
1154
5428
1155
4652
4653
4654
4655
4656
4657
4659
4684
4660
4661
4662
4663
4664
4665
4666
4667
4668
4669
4670
4671
4672
4673
4674
4675
4676
4677
4678
4679
4680
4682
4748
1161
1161
4746
4686
4687
4688
4689
4690
4691
4692
4693
4694
4695
4696
4697
4698
4699
4700
4701
4702
4704
4704
4705
1165
4875
4708
4709
4710
4711
4712
3974
4713
961
4716
4717
4718
4719
4721
5431
4720
4723
4724
4725
1169
4484
4728
4729
4728
4731
3881
4732
910
1883
4736
4735
3917
929
4738
930
4743
4762
4743
1175
1175
1174
4749
4760
5817
3856
4730
4752
1168
1170
4740
1172
4756
1173
1000
4059
4696
4763
4696
4765
898
4765
3858
4768
901
4761
999
4771
4749
4761
4773
1179
4778
4779
4780
4781
4782
4783
4784
4785
4786
4787
4788
4789
4790
4791
4792
4793
4794
914
4796
4797
4798
4799
4800
4801
4802
4767
1178
903
4769
5810
4808
4808
4809
903
4812
4813
4814
4815
4816
5813
4132
5824
4820
4821
4822
4823
4824
4825
4826
4827
943
5443
3942
4831
4832
4833
4834
1842
4836
4838
4134
4841
4840
4852
4842
4843
3940
5450
3940
1704
3970
2022
4850
4849
4854
4853
4861
4855
4856
324
324
4851
4860
4714
966
4863
4864
4865
4866
4867
4868
4869
4870
4871
4872
4873
4874
3944
942
4877
4878
4879
4880
4881
4882
4883
4884
4885
4886
4887
4888
4889
4890
4891
4892
4893
4894
4895
4898
4896
4899
4900
4901
4612
4897
1177
4902
1176
4904
1195
4908
4909
4910
4911
4912
4913
4914
4915
4916
4917
4918
4919
4920
4921
4922
4923
4924
4925
4926
4927
4928
4929
4930
4931
4932
4933
4934
4935
4936
4937
4938
4939
4940
4941
4942
4943
4944
4945
4946
4947
4948
4949
4950
4951
4952
4953
4954
4955
4956
4957
4958
4959
4960
4961
4962
4963
4964
4965
4966
4967
4968
4969
4970
4971
4972
4973
4974
4975
4976
4977
4978
4979
4980
4981
4982
4983
4984
4985
4986
4987
4988
4989
4990
4991
4992
4993
4994
4995
4996
4997
4998
4999
5000
5001
5002
5003
5004
5005
5006
5007
5008
5009
5010
5011
5012
4758
5013
5015
5014
1195
957
4907
5016
5022
5023
4737
5020
1710
249
4175
249
941
249
1707
192
2016
4295
4296
5036
5037
5038
5039
5040
5041
5042
5043
5046
1141
5046
5047
5048
5049
4206
5024
1881
5030
5033
1216
5056
5057
5058
5059
5060
5061
5062
5063
5064
5065
5066
5067
5068
5069
5070
5071
5072
5073
5074
5075
5076
5077
5078
5079
5080
5081
5082
5083
5084
5085
5086
5087
5088
5089
5090
5091
5092
5093
5094
5095
5096
5097
5098
5099
5100
5101
5102
5103
5104
5105
5106
5107
5108
5109
5110
5111
5112
5113
5114
5115
5116
5117
5118
5119
5120
5121
5122
5123
5124
5125
5126
5127
5128
5129
5130
5131
5132
5133
5134
5135
5136
5137
5138
5139
5140
5141
5142
5143
5144
5145
5146
5147
5148
5149
5150
5151
5152
5153
5154
5155
5156
5157
5158
5159
5160
5161
5162
5163
5164
5165
5166
5167
5168
5169
5170
5171
5172
5173
5174
5175
5176
5177
5178
5179
5180
5181
5182
5183
5184
5185
5186
5187
5188
5189
5190
5191
5192
5193
5194
5195
5196
5197
5198
5199
5200
5201
5202
5203
5204
5205
5206
5207
5208
5209
5210
5211
5212
5213
5214
5215
5216
5217
5218
5219
5220
5221
5222
5223
5224
5225
5226
5227
5228
5229
5230
5231
5232
5233
5234
5235
5236
5237
5238
5239
5240
5241
5242
5243
5244
5245
5246
5247
5248
5249
5250
5251
5252
5253
5254
5255
5256
5257
5258
5259
5260
5261
5262
5263
5264
5265
5266
5267
5268
5269
5270
5271
5272
5273
5274
5275
5276
5277
5278
5279
5280
5281
5282
5283
5284
5285
5286
5287
5288
5289
5290
5291
5292
5293
5294
1305
5297
5299
203
5309
5300
5301
1306
5304
5305
4399
290
5307
5308
1746
5310
1819
5312
5313
5314
5315
5316
281
5318
5319
5320
5321
4090
5323
5324
5325
5326
5327
5328
5329
5330
5331
5332
5333
5334
5335
5336
5337
5338
5339
5340
5341
5342
5343
5344
5345
5346
5347
5348
5349
5350
5351
5352
5353
5354
5355
5356
5357
5358
5359
5360
5361
5362
5363
5364
5365
5366
5367
5368
5369
5370
5371
5372
5373
5374
5375
5376
5377
5378
5379
5380
5381
5382
5383
5384
5385
5386
5387
5388
5389
5390
5391
5392
5393
5394
5395
5396
5397
5398
5399
5400
5401
5402
5403
5404
5405
5406
5407
5408
5409
5410
5411
5412
5413
5414
5415
5416
5417
1718
1715
4640
1035
1049
4258
3966
3966
3966
5427
4753
5429
5430
4724
5432
1846
5434
5435
5436
5437
4119
5439
5815
3987
5784
2032
5444
5445
5446
5447
5448
5449
4906
251
3938
1030
5454
5455
5456
5457
5458
216
5460
5461
5462
5463
5464
5465
5466
5467
5468
5469
5470
5471
5472
5473
5573
5501
5561
5698
5698
5479
5480
5568
5510
5513
5519
5550
5486
5487
5528
5536
5537
5531
5527
5549
5494
5495
5555
5497
5576
5499
5496
5496
5557
5502
5504
5505
5506
5507
5508
5577
5498
5512
5577
5489
5511
5516
5489
5520
5517
5491
5538
5524
5521
5485
5530
5487
5525
5487
5528
5530
5548
5492
5506
5532
5526
5526
5488
5534
5535
5538
5563
5561
5698
5543
5544
5545
5553
5486
5547
5549
5548
5493
5498
5553
5556
5495
5556
5554
5558
5559
5560
5562
5572
5562
5564
5565
5566
5567
5569
5575
5570
5571
5560
5557
5561
5575
5494
5571
5578
5579
5580
5604
5670
4144
4128
4130
4127
1689
5730
5675
5685
5645
5593
5667
4143
5614
5608
5595
5642
5659
5615
5606
5605
5778
5680
4125
4126
5674
4125
5670
5671
5666
5672
4143
4126
4143
4143
4125
5635
5678
5635
5679
5637
5636
5600
5644
5640
5658
5659
5638
5660
5601
5663
5664
5614
5614
5614
5613
5657
5657
5657
5771
5733
5613
5617
5616
5641
5642
5656
5651
4144
4128
5731
1689
5652
5602
5733
5606
5606
5606
5667
5602
5602
5668
5603
5668
5669
5606
5438
5438
5772
5735
4145
5782
5605
5586
5673
5673
4142
5732
4130
5603
5735
5687
5686
5732
4127
1690
5474
5500
5574
5540
5477
5542
5542
5478
5478
5698
5572
5763
5700
5701
5702
5703
5704
5705
5706
5707
5545
5481
5552
5482
5513
5518
5484
5522
5671
5604
5681
5631
5639
5645
5619
5684
5683
5652
5783
4750
4750
4750
4750
4127
5811
4126
5438
4130
4128
4128
4128
4129
4129
4146
5737
5583
5744
5745
5746
5747
4147
4129
5708
5709
5546
5482
5712
5518
5756
5757
2420
5758
5697
5478
5762
3120
5607
5683
5646
5619
5742
5649
5811
5823
4130
4128
4129
4128
5587
5783
5810
5779
5697
5541
5812
4750
4750
4750
1689
5484
5474
5522
5574
5503
5540
5478
5599
5630
5681
5609
5739
4128
5800
4106
5802
5803
5806
5805
2403
5807
5808
4121
4120
4118
170
4166
4121
4745
4685
4745
5818
5819
5820
5821
5816
311
4167
4123
2398
5830
4166
4123
2402
2404
5816
5833
5815
4105
5836
5837
3938
4906
3333
3333
3333
3938
4907
3332
3333
4906
3331
4906
