0
1
2
3
1318
5
2338
1323
1321
3084
1324
11
12
1329
2436
15
16
17
1348
1348
1484
2284
2472
2283
24
1348
2293
1356
1360
2470
2482
3341
32
33
34
35
36
37
38
39
40
41
42
43
44
45
46
47
48
49
50
51
52
53
54
55
56
57
58
59
60
61
62
63
64
65
5747
67
68
69
3127
2537
2463
73
74
75
76
77
78
79
80
81
1358
1348
2485
3335
2539
2565
88
89
90
91
92
93
94
95
96
97
98
99
100
101
102
103
104
105
106
107
108
109
110
111
112
113
114
115
116
117
118
119
120
121
122
123
124
125
126
127
128
129
130
131
132
133
134
135
136
137
2277
139
1626
3143
2265
2995
1469
3089
146
147
148
2028
1637
151
152
3013
3016
2263
156
157
564
31
160
161
162
1674
164
1673
4062
1675
4520
5653
1175
1680
4164
173
174
175
176
177
178
1703
1021
1854
4847
4196
4011
1704
1021
4019
1710
189
1714
4207
4209
193
194
195
196
197
198
199
200
201
202
203
204
205
206
207
208
209
210
211
212
213
214
215
216
217
218
219
220
221
222
1808
1807
5314
4457
227
228
229
230
231
232
233
234
4816
1852
4186
238
239
240
241
242
243
244
245
246
1712
4210
4013
4013
4280
4256
253
254
255
256
257
258
259
260
261
262
263
264
265
266
267
268
269
270
271
272
273
274
275
276
277
278
279
280
281
282
283
284
285
4404
287
288
289
290
291
292
293
294
295
296
297
298
299
300
301
302
303
304
305
306
307
308
4684
1836
4777
1994
1995
2002
2025
2000
2024
2010
4015
3992
321
322
4228
4846
325
2027
2032
328
329
330
331
332
333
334
335
336
337
338
339
340
341
342
343
344
345
346
347
348
349
350
351
352
353
354
355
356
357
358
359
360
361
362
363
364
365
366
367
368
369
370
371
372
373
374
375
376
2117
2133
2132
2119
3048
2123
2126
2128
3063
386
387
388
389
390
391
2143
2150
394
2145
2148
397
398
399
2159
2158
2341
3101
2162
2164
406
407
408
409
410
411
412
413
414
2181
416
417
418
419
420
421
422
423
424
2199
3184
2248
428
2207
3333
2211
2212
150
2214
2217
2768
4473
3950
2261
2224
2232
442
3188
3194
445
2235
3119
3081
2239
2951
2778
2259
439
3952
2340
2250
458
2266
149
3192
2781
2780
2244
2246
3156
2275
2281
3117
3117
3116
2473
2283
2288
2291
3125
3125
2939
478
479
480
481
482
483
484
485
486
2883
2320
2322
8
2325
645
492
494
495
496
497
2336
2352
3060
2867
502
2344
2882
2350
5703
2384
2876
2863
2884
511
2407
2892
2424
2426
2891
517
518
519
3365
3172
462
2270
464
461
2467
2455
2456
2462
2949
2469
2813
2476
2284
2488
2491
2538
3747
2543
540
3746
542
2585
2583
543
3343
2528
555
476
469
469
3125
680
2528
2526
2528
3776
2281
2278
2574
3746
2573
2569
3346
544
543
2808
2804
3748
3166
571
2588
2577
2580
3349
2818
2278
578
1657
580
581
582
583
584
585
586
587
588
589
590
591
592
593
594
595
596
597
598
599
600
601
602
603
604
605
606
607
608
609
610
611
612
613
614
615
616
617
618
619
620
621
622
623
624
625
626
627
628
629
630
631
632
4475
3146
2788
4476
4481
3183
639
2790
2792
642
644
646
3129
3137
2807
648
2814
2454
651
652
653
654
2839
2889
657
658
2856
660
2868
662
2385
2888
665
666
667
668
669
670
671
672
673
674
675
676
677
678
679
682
3752
459
2956
3168
685
686
687
688
689
690
691
3057
693
694
695
3189
3191
3755
699
700
701
3045
703
704
705
3059
707
708
3079
3085
3093
712
713
3148
3169
3173
3175
718
719
720
721
722
723
724
725
726
727
728
729
730
731
732
733
734
735
736
737
738
739
740
741
742
3750
3367
3368
746
3370
748
749
750
751
752
753
754
755
756
757
758
759
760
761
762
763
764
765
766
767
768
769
770
771
772
773
774
775
776
777
778
779
780
781
782
783
784
785
786
787
788
789
790
791
792
793
794
795
796
797
798
799
800
801
802
803
804
805
806
807
808
809
810
811
812
813
814
815
816
817
818
819
820
821
822
823
824
825
826
827
828
829
830
831
832
833
834
835
836
837
838
839
840
841
842
843
844
845
846
847
848
849
850
851
852
853
854
855
856
857
858
859
860
861
862
863
864
865
866
867
868
869
870
871
872
873
874
875
876
877
878
879
880
881
882
883
884
885
886
887
888
889
890
891
892
893
894
895
896
3856
3854
3867
3866
3859
4736
3864
904
905
906
907
908
909
3881
3879
912
3884
3886
915
4654
917
3892
3893
4067
3896
922
923
924
925
926
927
928
929
930
931
932
933
934
935
3930
3978
3932
939
940
5017
942
3942
3946
4829
3948
4823
314
949
3959
4878
4873
3961
954
4770
4806
3966
3971
4640
3986
3988
4068
963
3979
3983
316
967
3974
4484
4004
971
4008
4803
4811
4811
5420
4014
4866
4021
980
981
4630
983
984
985
986
987
988
989
4048
4521
1122
4049
4055
996
1119
997
998
999
1000
1001
4078
4064
4070
1005
1006
4075
4080
4110
4572
4558
4134
4575
4135
1678
4151
1017
4837
1019
1852
4857
969
968
1028
4181
1022
5419
1045
1718
1030
4201
4213
4216
4278
4258
4263
4247
4247
5422
4299
5028
1046
4024
4024
1149
4247
4250
972
4277
1050
1051
4282
1053
5031
1055
4505
1057
1058
4850
2019
4292
1062
4296
5035
1065
1066
1067
1068
2018
1070
1071
1072
1073
1074
1075
1076
1077
1078
1079
1080
1081
1082
1083
1084
1085
1086
1087
1088
1812
1090
1091
1092
1093
1094
1095
1096
1097
1098
1099
1100
1101
4462
1103
1104
1105
1106
1107
1108
1109
1110
1111
1112
1113
1114
4824
4831
1117
4492
4814
1120
4518
4522
4533
4532
1125
1126
4548
1128
4561
1130
4111
4579
1133
1134
1135
1136
1137
1138
1139
1140
1141
1142
1143
1144
1145
1146
1830
1148
1151
1150
966
4854
1153
4724
4651
1156
1157
1158
1159
1160
4746
1162
1163
1164
4707
4704
4711
1168
4725
1170
4733
1172
1173
1174
4749
1176
1177
4766
4772
4781
1181
1182
4834
1184
4858
4860
1187
1188
1189
1190
1191
1192
1193
1194
1195
1196
1197
1198
1199
1200
1201
1202
1203
1204
1205
1206
1207
1208
1209
1210
1211
5425
4216
5053
1215
5055
1217
1218
1219
1220
1221
1222
1223
1224
1225
1226
1227
1228
1229
1230
1231
1232
1233
1234
1235
1236
1237
1238
1239
1240
1241
1242
1243
1244
1245
1246
1247
1248
1249
1250
1251
1252
1253
1254
1255
1256
1257
1258
1259
1260
1261
1262
1263
1264
1265
1266
1267
1268
1269
1270
1271
1272
1273
1274
1275
1276
1277
1278
1279
1280
1281
1282
1283
1284
1285
1286
1287
1288
1289
1290
1291
1292
1293
1294
1295
1296
1297
1298
1299
1300
1301
1302
1303
1304
1305
1306
1307
1308
1309
1310
1311
1312
1316
1314
1315
6
6
1318
1322
1319
641
2791
1322
1326
1325
1326
12
1328
14
1328
1331
1332
2400
2389
5543
1336
1337
1338
1339
1348
1348
1357
1348
22
1348
2284
22
1485
430
2283
27
82
2505
27
2566
2566
1355
26
2293
531
1362
2468
3744
3745
1348
1348
1348
2482
1369
1370
1371
1372
1373
1374
1375
1376
1377
1378
1379
1380
1381
1382
1383
1384
1385
1386
1387
1388
1389
1390
1391
1392
1393
1394
1395
1396
1397
1398
1399
1400
1401
1402
1403
1404
1405
1406
1407
1408
1409
1410
1411
1412
1413
1414
1415
1416
1417
1418
1419
1420
1421
1422
1423
1424
1425
1426
1427
1428
1429
1430
1431
1432
1433
1434
1435
1436
1437
1438
1439
1440
1441
1442
1443
1444
1445
1446
1447
1448
1449
1450
1451
1452
1453
1454
1455
2362
2358
2376
1459
1460
1461
5575
5553
5703
1462
1465
2878
5750
5800
1470
1471
1472
1473
2411
2397
2411
13
2409
3133
12
1482
3134
1486
71
1486
2478
1487
1488
1489
1490
1491
1492
1493
1494
1495
1496
1497
1498
1499
1500
1501
1502
1503
1504
1348
1348
1510
1348
1359
1359
2565
1512
1513
1514
1515
1516
1517
1518
1519
1520
1521
1522
1523
1524
1525
1526
1527
1528
1529
1530
1531
1532
1533
1534
1535
1536
1537
1538
1539
1540
1541
1542
1543
1544
1545
1546
1547
1548
1549
1550
1551
1552
1553
1554
1555
1556
1557
1558
1559
1560
1561
1562
1563
1564
1565
1566
1567
1568
1569
1570
1571
1572
1573
1574
1575
1576
1577
1578
1579
1580
1581
1582
1583
1584
1585
1586
1587
1588
1589
1590
1591
1592
1593
1594
1595
1596
1597
1598
1599
1600
1601
1602
1603
1604
1605
1606
1607
1608
1609
1610
1611
1612
1613
1614
1615
1616
1617
1618
1619
1620
1621
138
1621
3773
2267
141
1625
2267
1629
1630
1631
1632
1633
148
2028
1635
148
1638
1639
1640
1641
5745
5543
154
3016
2264
1645
1648
1649
1650
1651
1652
1653
1654
1655
2579
1659
574
2581
1661
3164
1662
5846
1664
1665
1666
1667
1671
1669
1668
1672
166
166
166
1118
1679
1678
1118
1118
1682
172
4163
1683
1684
1685
1686
1012
1688
4127
5770
5783
1692
1693
1694
1695
1021
181
181
4172
183
4847
1853
183
184
1720
1713
1721
1700
187
4281
4280
1711
1709
1715
1715
1717
1715
1718
4845
4206
181
181
1723
1724
1725
1726
1727
1728
1729
1730
1731
1732
1733
1734
1735
1736
1737
1738
1739
1740
1741
1742
1743
1744
1745
1746
1747
1748
1749
1750
1751
1752
1753
1754
1755
1756
1757
1758
1759
1760
1761
1762
1763
1764
1765
1766
1767
1768
1769
1770
1771
1772
1773
1774
1775
1776
1777
1778
1779
1780
1781
1782
1783
1784
1785
1786
1787
1788
1789
1790
1791
1792
1793
1794
1795
1796
1797
1798
1799
1800
1801
1802
1803
1804
1808
1805
228
1808
1811
226
4456
224
1809
1814
1815
1816
1817
1818
1819
1820
1821
1822
1823
1825
4103
4085
1827
1828
1829
5725
5726
5724
1010
4112
1834
1837
1832
1838
1839
1840
1841
4817
4132
4818
4139
4140
4141
1849
4820
1849
236
237
236
4171
1855
1856
1857
1858
1859
1860
1861
1862
1863
1864
1865
1866
1867
1868
1869
1870
1871
1872
1703
1881
1703
1703
4013
188
251
4257
1880
1882
1883
1884
1885
1886
1887
1888
1889
1890
1891
1892
1893
1894
1895
1896
1897
1898
1899
1900
1901
1902
1903
1904
1905
1906
1907
1908
1909
1910
1911
1912
1913
1914
1915
1916
1917
1918
1919
1920
1921
1922
1923
1924
1925
1926
1927
1928
1929
1930
1931
1932
1933
1934
1935
1936
1937
1938
1939
1940
1941
1942
1943
1944
1945
1946
1947
1948
1949
1950
1951
1952
1953
1954
1955
1956
1958
4357
1957
223
1961
1962
1963
1964
1965
1966
1967
1968
1969
1970
1971
1972
1973
1974
1975
1976
1977
1978
1979
1980
1981
1982
1983
1984
1985
1986
1987
1988
1989
1990
1991
1992
313
4072
1995
5439
1994
1999
2003
315
1999
2003
2023
2003
5587
5587
3991
2009
3991
320
2011
2012
2013
2014
4294
4295
1063
4229
1059
2022
1059
4849
2023
2024
2025
1639
2027
2026
2026
326
315
2032
315
2034
2035
2036
2037
2038
2039
2040
2041
2042
2043
2044
2045
2046
2047
2048
2049
2050
2051
2052
2053
2054
2055
2056
2057
2058
2059
2060
2061
2062
2063
2064
2065
2066
2067
2068
2069
2070
2071
2072
2073
2074
2075
2076
2077
2078
2079
2080
2081
2082
2083
2084
2085
2086
2087
2088
2089
2090
2091
2092
2093
2094
2095
2096
2097
2098
2099
2100
2101
2102
2103
2104
2105
2106
2107
2108
2109
2110
2111
2112
2113
2114
2115
2118
378
2130
379
2116
2122
3115
381
2121
2129
377
2125
385
3062
2130
2131
0
2133
2134
2135
2136
2137
2138
2139
2140
2141
2144
393
2144
2145
2142
2149
4
3053
2150
2147
2152
2153
2154
2155
2146
2156
392
395
2161
3100
403
2160
402
2165
2166
2167
2168
2169
2170
2171
2172
2173
2174
2175
2176
2177
2178
2179
2179
2181
2182
2183
2184
2185
2186
2187
2188
2189
2190
2191
2192
2193
2194
2195
2196
2197
2198
2202
2201
427
2247
405
1623
2205
2204
140
3335
430
1640
2211
1640
2210
150
2218
2217
150
1637
2220
437
3953
2219
436
435
2226
3145
2216
2231
2228
443
3195
444
2233
2234
2236
448
2237
2240
2239
2286
2238
2222
2777
439
2222
438
2249
455
2339
2253
2250
458
2265
142
2260
2258
2029
326
2223
2261
3138
458
2252
3017
460
3018
3144
2243
2779
452
2242
451
2274
3154
465
2273
440
3117
3117
3117
3116
3116
471
3163
2283
1364
2251
456
2287
470
3118
2291
470
3124
3125
3124
3124
2298
2938
2300
2301
2302
2303
2304
2305
2306
2307
2308
2309
2310
2311
2312
2313
2314
2315
2316
2317
2318
490
2323
2319
2832
2886
2326
10
1481
2799
2324
2329
2330
2331
2332
2333
2337
2334
499
2992
3058
2328
491
493
2342
2343
2344
2342
2346
2869
504
2351
144
5820
143
2349
5509
5576
5515
5518
5714
5755
5787
5754
2365
2838
2365
2412
2372
2375
2374
1478
3758
2415
2836
1477
3758
2890
2377
2834
3061
3061
3061
2321
2381
489
488
509
1457
2388
2870
3084
3084
3089
3084
2395
519
3123
5826
5826
15
2401
2392
2391
5806
5819
2396
2396
5827
511
3153
1330
2408
2437
656
13
1329
2409
2401
2391
5804
5830
2402
2397
5564
2427
513
2423
2427
2891
2428
2429
2430
2431
2432
2433
2434
1337
2436
2435
2438
2439
2440
2442
2442
2443
2444
535
520
2446
3365
1348
1348
2268
2270
2271
2272
2269
2452
2521
2521
522
2465
526
2466
2460
2461
2520
553
2948
553
2471
2949
2949
72
2464
527
2811
2475
2474
2477
2530
22
537
537
2488
2487
87
1511
2538
2538
2540
3748
2539
2529
2495
3746
2529
542
2582
2582
2583
2498
2585
1348
1348
3335
3345
2532
2525
2496
2498
554
2296
476
2296
2583
3124
3117
2296
3125
2950
2950
463
2524
554
2525
2525
2526
2525
2528
2529
2476
2529
2525
555
2528
538
538
538
2293
2282
2565
2278
469
469
469
469
2296
476
2549
3776
560
2284
1348
1348
2486
2556
2495
3747
2555
2529
3776
469
2281
2539
2279
470
2290
2568
2571
562
2567
2572
567
568
532
2576
2586
572
2575
2581
575
3348
2582
2583
2584
2585
2587
2817
576
551
2280
2543
1353
2593
2594
2595
2596
2597
2598
2599
2600
2601
2602
2603
2604
2605
2606
2607
2608
2609
2610
2611
2612
2613
2614
2615
2616
2617
2618
2619
2620
2621
2622
2623
2624
2625
2626
2627
2628
2629
2630
2631
2632
2633
2634
2635
2636
2637
2638
2639
2640
2641
2642
2643
2644
2645
2646
2647
2648
2649
2650
2651
2652
2653
2654
2655
2656
2657
2658
2659
2660
2661
2662
2663
2664
2665
2666
2667
2668
2669
2670
2671
2672
2673
2674
2675
2676
2677
2678
2679
2680
2681
2682
2683
2684
2685
2686
2687
2688
2689
2690
2691
2692
2693
2694
2695
2696
2697
2698
2699
2700
2701
2702
2703
2704
2705
2706
2707
2708
2709
2710
2711
2712
2713
2714
2715
2716
2717
2718
2719
2720
2721
2722
2723
2724
2725
2726
2727
2728
2729
2730
2731
2732
2733
2734
2735
2736
2737
2738
2739
2740
2741
2742
2743
2744
2745
2746
2747
2748
2749
2750
2751
2752
2753
2754
2755
2756
2757
2758
2759
2760
2761
2762
2763
2764
2767
2766
4473
2768
2771
3141
2786
635
2769
2774
4480
2776
2219
3950
2245
453
454
2782
2783
4485
425
2200
2203
638
2789
639
2789
2792
2793
2798
2796
2800
2801
3136
3129
3136
3137
2805
647
2804
2806
2809
649
2813
2809
2453
2451
524
2810
2812
2271
464
2817
2818
2819
2820
2821
2822
2823
2824
2825
2826
2827
2828
2828
2830
2829
8
2831
656
2841
2890
2835
2375
487
2839
2885
2842
2843
2844
2845
2846
2847
2848
2849
2850
2851
2852
2853
2854
2840
655
2855
2858
2859
2860
2861
2862
2865
659
3640
1456
2382
507
2867
2857
2871
2872
2873
2874
2875
5711
5498
5752
5751
5482
661
663
2886
664
2884
2887
1320
7
510
2410
2791
640
2893
2894
2895
2896
2897
2898
2899
2900
2901
2902
2903
2904
2905
2906
2907
2908
2909
2910
2911
2912
2913
2914
2915
2916
2917
2918
2919
2920
2921
2922
2923
2924
2925
2926
2927
2928
2929
2930
2931
2932
2933
2934
2935
2936
5545
2940
505
2941
1466
2942
2943
2944
2945
2946
2947
3038
2955
3024
28
2953
1361
2958
3026
2954
684
3177
2241
2960
2961
449
2963
2971
498
2966
2967
2968
2378
2996
2353
2972
2973
2974
2975
2976
2977
2978
2979
2980
2981
2982
2983
2984
2985
2986
2987
2988
2989
2990
2991
2994
692
3086
3056
3056
2997
2998
2999
3000
3001
3002
3003
3004
3005
3006
3007
3008
3009
3010
1627
3011
3015
696
3190
697
3018
3191
3019
3020
3019
3022
3023
2255
2255
2257
3027
3757
3029
3030
2952
2952
3031
3021
3035
400
3756
2256
3039
3040
3041
3042
2151
3043
396
3046
3046
3048
3049
3050
3051
3052
3053
3054
3055
9
3087
3058
705
3059
5807
2180
415
3064
3065
3066
3067
3068
3069
3070
3071
3072
3073
3074
2157
3076
2120
3077
380
2124
382
3080
3074
3083
496
706
3083
3083
710
3092
3090
3103
2289
473
3094
155
3097
3098
3099
2795
643
2335
3103
3104
3105
3106
3107
3108
3109
3110
3111
3112
3113
3114
1311
3078
383
709
3082
5808
3121
3122
3122
2127
384
3128
714
2426
515
3126
5827
3133
14
3135
3149
2425
514
3138
3139
711
3095
3193
432
2213
3767
426
70
516
1323
2414
7
3151
3152
3155
3167
715
681
3171
2446
716
3172
3163
2473
3165
3174
717
3168
433
684
2957
683
2570
563
2578
573
3765
1636
2956
3178
3180
3181
2163
404
3091
3185
3186
1641
3187
152
2211
2211
431
153
3014
3014
3196
3197
3198
3199
3200
3201
3202
3203
3204
3205
3206
3207
3208
3209
3210
3211
3212
3213
3214
3215
3216
3217
3218
3219
3220
3221
3222
3223
3224
3225
3226
3227
3228
3229
3230
3231
3232
3233
3234
3235
3236
3237
3238
3239
3240
3241
3242
3243
3244
3245
3246
3247
3248
3249
3250
3251
3252
3253
3254
3255
3256
3257
3258
3259
3260
3261
3262
3263
3264
3265
3266
3267
3268
3269
3270
3271
3272
3273
3274
3275
3276
3277
3278
3279
3280
3281
3282
3283
3284
3285
3286
3287
3288
3289
3290
3291
3292
3293
3294
3295
3296
3297
3298
3299
3300
3301
3302
3303
3304
3305
3306
3307
3308
3309
3310
3311
3312
3313
3314
3315
3316
3317
3318
3319
3320
3321
3322
3323
3324
3325
3326
3327
3328
3329
3330
3332
3749
743
3335
3751
3337
3338
3047
86
2563
537
3341
744
3367
3347
745
3367
3350
747
3369
3351
3352
3353
3354
3355
3356
3357
3358
3359
3360
3361
3362
3363
3364
538
2490
2557
559
2591
577
3371
3372
3373
3374
3375
3376
3377
3378
3379
3380
3381
3382
3383
3384
3385
3386
3387
3388
3389
3390
3391
3392
3393
3394
3395
3396
3397
3398
3399
3400
3401
3402
3403
3404
3405
3406
3407
3408
3409
3410
3411
3412
3413
3414
3415
3416
3417
3418
3419
3420
3421
3422
3423
3424
3425
3426
3427
3428
3429
3430
3431
3432
3433
3434
3435
3436
3437
3438
3439
3440
3441
3442
3443
3444
3445
3446
3447
3448
3449
3450
3451
3452
3453
3454
3455
3456
3457
3458
3459
3460
3461
3462
3463
3464
3465
3466
3467
3468
3469
3470
3471
3472
3473
3474
3475
3476
3477
3478
3479
3480
3481
3482
3483
3484
3485
3486
3487
3488
3489
3490
3491
3492
3493
3494
3495
3496
3497
3498
3499
3500
3501
3502
3503
3504
3505
3506
3507
3508
3509
3510
3511
3512
3513
3514
3515
3516
3517
3518
3519
3520
3521
3522
3523
3524
3525
3526
3527
3528
3529
3530
3531
3532
3533
3534
3535
3536
3537
3538
3539
3540
3541
3542
3543
3544
3545
3546
3547
3548
3549
3550
3551
3552
3553
3554
3555
3556
3557
3558
3559
3560
3561
3562
3563
3564
3565
3566
3567
3568
3569
3570
3571
3572
3573
3574
3575
3576
3577
3578
3579
3580
3581
3582
3583
3584
3585
3586
3587
3588
3589
3590
3591
3592
3593
3594
3595
3596
3597
3598
3599
3600
3601
3602
3603
3604
3605
3606
3607
3608
3609
3610
3611
3612
3613
3614
3615
3616
3617
3618
3619
3620
3621
3622
3623
3624
3625
3626
3627
3628
3629
3630
3631
3632
3633
3634
3635
3636
3637
3638
3639
2837
3641
3642
3643
3644
3645
3646
3647
3648
3649
3650
3651
3652
3653
3654
3655
3656
3657
3658
3659
3660
3661
3662
3663
3664
3665
3666
3667
3668
3669
3670
3671
3672
3673
3674
3675
3676
3677
3678
3679
3680
3681
3682
3683
3684
3685
3686
3687
3688
3689
3690
3691
3692
3693
3694
3695
3696
3697
3698
3699
3700
3701
3702
3703
3704
3705
3706
3707
3708
3709
3710
3711
3712
3713
3714
3715
3716
3717
3718
3719
3720
3721
3722
3723
3724
3725
3726
3727
3728
3729
3730
3731
3732
3733
3734
3735
3736
3737
3738
3739
3740
3741
3742
530
3743
529
2558
2589
2589
447
2292
474
29
3753
2276
466
3033
3044
2410
3759
3760
3761
3762
5808
3764
1634
5565
1637
3768
3769
3770
3771
3772
141
2490
1348
2475
3777
3778
3779
3780
3781
3782
3783
3784
3785
3786
3787
3788
3789
3790
3791
3792
3793
3794
3795
3796
3797
3798
3799
3800
3801
3802
3803
3804
3805
3806
3807
3808
3809
3810
3811
3812
3813
3814
3815
3816
3817
3818
3819
3820
3821
3822
3823
3824
3825
3826
3827
3828
3829
3830
3831
3832
3833
3834
3835
3836
3837
3838
3839
3840
3841
3842
3843
3844
3845
3846
3847
3848
3849
3850
3851
3855
3852
899
3865
900
3860
3857
902
4802
3862
4751
3861
897
3868
904
160
3868
3869
3870
3871
3872
3873
3874
3875
3876
3880
3877
912
3880
913
3885
3882
3884
4742
165
3887
4789
3889
3890
3878
911
910
3891
3898
920
3895
4788
3899
3900
3901
3902
3903
3904
3905
3906
3907
3908
3909
3910
3911
3913
3913
3912
3915
3916
3917
3918
3919
3920
3921
3922
3923
3924
3925
3926
3927
3928
3931
921
3976
937
3932
3934
3935
3936
3937
1704
4013
184
3941
3942
3941
3944
3947
327
5443
945
3945
947
3990
3951
4474
3954
3955
3956
3957
3960
951
4879
952
3958
3963
3964
955
3965
3967
3970
3968
4012
959
3985
948
3984
4482
3977
4066
962
3979
3980
3981
3979
963
2001
3989
1999
2000
316
314
2004
3983
964
965
3994
3995
3996
3975
3972
961
4483
4001
4002
4003
4004
4005
4805
4803
4805
4811
4805
976
1716
4014
4848
4017
4015
4017
973
973
4021
4804
4811
3125
4811
4025
4026
982
4628
4029
4030
4031
4032
4033
4034
4035
4036
4037
4038
4039
4040
4041
4042
4043
4044
4045
4523
4523
4521
4524
4046
4054
4051
4499
1850
171
4056
4057
4058
4059
4060
4063
1001
4681
1002
4061
4052
995
994
4069
4069
4071
4070
4072
4073
1004
4079
4076
309
4658
310
5618
5622
5662
5624
5794
4088
5721
4091
4090
4104
4092
4527
4138
4098
4097
4099
4101
4102
1846
4835
5433
4528
4549
1123
1691
4750
4109
4107
4544
1005
1011
4556
4562
1129
4776
311
4775
4776
4119
4120
4121
4122
4123
5825
4115
5823
4142
4128
4129
4130
4131
4132
4133
1013
4135
4136
4819
4526
4136
1014
174
5811
5823
4144
4145
4146
4147
5677
4150
4583
1015
4149
4153
4154
4155
4156
4157
4158
4159
4160
4161
4162
4165
1018
4838
4166
4167
4168
4169
1020
1852
4173
1020
4845
4845
3997
4000
3998
3999
4189
1024
4184
1023
4240
4188
1027
4187
5418
4242
4637
4194
4195
4192
4639
4863
4197
5420
4182
4199
4200
1026
4202
4203
4014
4013
4208
1032
4216
1033
252
4259
4211
4258
1048
4260
1049
4217
4247
4219
4263
4263
4297
4244
4299
4297
1713
181
5030
188
4243
4244
4225
1042
476
4024
476
3125
3125
4811
4638
968
4638
4244
4244
4244
4504
4247
4219
4219
1039
4504
4247
4254
4215
4254
972
972
4277
4277
974
974
4024
4276
476
4203
4203
4267
1703
4212
4271
4274
4272
4273
4248
4275
974
4008
1048
1048
4007
4018
4203
4266
1053
4285
4286
4287
4288
4289
4293
4290
1062
4293
4295
5033
1064
4297
4298
4299
4300
4301
4302
4303
4304
4305
1698
4307
4308
4309
4310
4311
4312
4313
4314
4315
4316
4317
4318
4319
4320
4321
4322
4323
4324
4325
4326
4327
4328
4329
4330
4331
4332
4333
4334
4335
4336
4337
4338
4339
4340
4341
4342
4343
4344
4345
4346
4347
4348
4349
4350
4351
4352
4353
4354
4355
4356
4358
4358
4359
4360
4361
4362
4363
4364
4365
4366
4367
4368
4369
4370
4371
4372
4373
4374
4375
4376
4377
4378
4379
4380
4381
4382
4383
4384
4385
4386
4387
4388
4389
4390
4391
4392
4393
285
4393
4396
4397
4398
4399
4400
4401
4402
4403
1806
4404
4406
4407
4408
4409
1102
4411
4412
4413
4414
4415
4416
4417
4418
4419
4420
4421
4422
4423
4424
4425
4426
4427
4428
4429
4430
4431
4432
4433
4434
4435
4436
4437
4438
4439
4440
4441
4442
4443
4444
4445
4446
4447
4448
4449
4450
4451
4452
4453
4454
4455
4456
4457
4458
4459
4460
4461
4462
4463
4464
4465
4466
4467
4468
4469
4470
4471
4472
4474
4823
1115
1116
4479
4489
4827
3962
953
3951
3973
3974
4486
4869
936
4867
3933
4491
4491
1117
4490
4497
4498
4495
4822
4822
4814
4500
4503
4502
4504
4508
1031
4178
4176
4506
3998
4510
4511
4512
4513
4514
4515
4517
4517
1114
4516
4519
4520
1121
4522
1122
4520
4529
1123
1124
4531
4526
4050
990
993
4534
4535
4536
4537
4538
4539
4540
4541
4542
4543
4545
4546
4543
4108
1009
4547
4550
4551
4552
4553
4554
4557
1824
5322
1127
4070
4559
1009
4548
4563
4564
4565
4566
4567
5590
5662
4087
4568
5767
4560
4114
4525
168
4047
4576
1679
1676
4577
4581
4493
4584
4585
4586
4587
4588
4589
4590
4591
4592
4593
4594
4595
4596
4597
4598
4599
4600
4601
4602
4603
4604
4605
4606
4607
4608
4609
4610
4611
4612
4613
4614
4615
4616
4617
4618
4619
4620
4621
4622
4623
4624
4625
4626
4569
4629
4574
1008
1131
4632
4633
4634
4635
4636
4727
4715
4647
190
1715
4641
4644
4861
4645
4643
4714
3969
958
4648
185
4655
4653
1003
4660
4656
4657
5440
5815
4077
4661
4662
4663
4664
4665
4666
4667
4668
4669
4670
4671
4672
4673
4674
4675
4676
4677
4678
4679
4680
4683
4682
1161
4685
4745
4686
4687
4688
4689
4690
4691
4692
4693
4694
4695
4696
4697
4698
4699
4700
4701
4703
4706
1165
4702
3996
4707
4709
4709
4708
5429
4712
3987
3987
966
4716
4717
919
5432
4722
4720
4642
4710
1167
918
4723
4713
4728
4729
4730
4731
3883
914
4732
4735
4736
4737
4738
4739
4740
4741
4742
4743
4744
170
4775
4747
4748
4749
5812
3914
4752
4753
4754
4755
4756
4757
4758
4759
4760
4761
4762
3894
4764
3853
898
4765
3858
4768
901
4771
4772
4771
4748
1175
4773
1179
4779
4790
4778
4016
4016
4784
4868
4785
4786
4787
4496
4065
4790
4791
4792
1670
4794
4793
4796
4797
1171
4800
4795
4801
1665
903
4767
903
1178
5438
4808
4809
4810
3863
4815
4812
1016
4833
1183
4137
1847
4819
4821
4836
4152
317
317
1180
4782
4783
4828
943
4830
938
235
1677
1677
1845
167
4580
1132
4839
4840
4841
4842
4843
4173
4857
1185
4848
4197
4851
1186
4859
3949
4853
944
4855
4856
4283
1052
4291
1061
5441
2033
4646
4864
4865
4866
3897
4780
4870
4871
4872
4872
1166
4874
4875
4876
2008
318
4705
4880
4881
4882
4883
4884
4885
4886
4887
4888
4889
4890
4891
4892
4893
4894
4895
4896
4897
4898
4899
4900
4901
4902
4903
4906
4905
4906
5017
4908
4909
4910
4911
4912
4913
4914
4915
4916
4917
4918
4919
4920
4921
4922
4923
4924
4925
4926
4927
4928
4929
4930
4931
4932
4933
4934
4935
4936
4937
4938
4939
4940
4941
4942
4943
4944
4945
4946
4947
4948
4949
4950
4951
4952
4953
4954
4955
4956
4957
4958
4959
4960
4961
4962
4963
4964
4965
4966
4967
4968
4969
4970
4971
4972
4973
4974
4975
4976
4977
4978
4979
4980
4981
4982
4983
4984
4985
4986
4987
4988
4989
4990
4991
4992
4993
4994
4995
4996
4997
4998
4999
5000
5001
5002
5003
5004
5005
5006
5007
5008
5009
5010
5011
5012
5013
957
5015
5018
1212
5424
5020
5426
5021
5022
5023
1034
4214
1033
4216
5027
5026
1213
1214
5053
5034
5054
1216
5036
5037
5038
5039
5040
5041
5042
5043
5044
5045
5046
5047
5048
5049
4253
5050
5051
5052
5054
1068
5056
5057
5058
5059
5060
5061
5062
5063
5064
5065
5066
5067
5068
5069
5070
5071
5072
5073
5074
5075
5076
5077
5078
5079
5080
5081
5082
5083
5084
5085
5086
5087
5088
5089
5090
5091
5092
5093
5094
5095
5096
5097
5098
5099
5100
5101
5102
5103
5104
5105
5106
5107
5108
5109
5110
5111
5112
5113
5114
5115
5116
5117
5118
5119
5120
5121
5122
5123
5124
5125
5126
5127
5128
5129
5130
5131
5132
5133
5134
5135
5136
5137
5138
5139
5140
5141
5142
5143
5144
5145
5146
5147
5148
5149
5150
5151
5152
5153
5154
5155
5156
5157
5158
5159
5160
5161
5162
5163
5164
5165
5166
5167
5168
5169
5170
5171
5172
5173
5174
5175
5176
5177
5178
5179
5180
5181
5182
5183
5184
5185
5186
5187
5188
5189
5190
5191
5192
5193
5194
5195
5196
5197
5198
5199
5200
5201
5202
5203
5204
5205
5206
5207
5208
5209
5210
5211
5212
5213
5214
5215
5216
5217
5218
5219
5220
5221
5222
5223
5224
5225
5226
5227
5228
5229
5230
5231
5232
5233
5234
5235
5236
5237
5238
5239
5240
5241
5242
5243
5244
5245
5246
5247
5248
5249
5250
5251
5252
5253
5254
5255
5256
5257
5258
5259
5260
5261
5262
5263
5264
5265
5266
5267
5268
5269
5270
5271
5272
5273
5274
5275
5276
5277
5278
5279
5280
5281
5282
5283
5284
5285
5286
5287
5288
5289
5290
5291
5292
5293
5294
5295
5296
5297
5298
5299
5300
5301
5302
5303
5304
5305
5306
5307
5308
5309
5310
5311
5312
5313
5315
5316
5316
5317
5318
5319
5320
5321
4549
5323
5324
5325
5326
5327
5328
5329
5330
5331
5332
5333
5334
5335
5336
5337
5338
5339
5340
5341
5342
5343
5344
5345
5346
5347
5348
5349
5350
5351
5352
5353
5354
5355
5356
5357
5358
5359
5360
5361
5362
5363
5364
5365
5366
5367
5368
5369
5370
5371
5372
5373
5374
5375
5376
5377
5378
5379
5380
5381
5382
5383
5384
5385
5386
5387
5388
5389
5390
5391
5392
5393
5394
5395
5396
5397
5398
5399
5400
5401
5402
5403
5404
5405
5406
5407
5408
5409
5410
5411
5412
5413
5414
5415
5416
5417
4193
1029
1714
4260
4260
4261
956
4020
979
5427
5428
5429
970
4721
4734
4582
5434
5435
5436
5437
5810
5439
5784
2031
5654
3943
5444
5445
5446
5447
5448
5449
4013
1035
181
4200
5454
5455
5456
5457
5458
5459
5460
5461
5462
5463
5464
5465
5466
5467
5468
5469
5470
5471
5472
5473
5689
5790
5781
5694
5759
5702
5580
5571
5538
5524
5789
5554
5559
2417
5507
5547
5550
5523
5558
5699
2416
5572
5563
3120
5528
2417
5475
5690
5501
5475
2401
2417
2401
5763
2401
5527
5526
5492
5532
5529
5531
5524
5548
5521
5521
5523
5485
5573
5688
5502
5557
5700
5507
5497
5700
5554
5556
5551
5497
5497
5507
5549
5486
5549
5493
5551
2373
5781
5696
5779
5567
5566
5536
5559
5559
5699
5559
5495
5534
5488
5555
5562
5560
5555
5763
3763
5698
5541
5542
5476
2399
5578
2399
5818
5571
5578
5508
5508
5758
5496
5540
5578
5499
5506
2399
2399
2399
5797
5768
5742
5650
5651
5770
5731
5673
5685
5646
5626
5796
5681
5606
5615
5616
5642
5638
5593
5657
5665
5732
5666
5612
4142
5668
5596
5614
5716
5769
5609
5582
5771
4143
5606
5733
5614
5637
5636
5600
5643
5639
5640
5599
5647
5630
5631
5633
5592
5632
5632
5581
4530
5594
5614
5615
5594
5593
5593
5660
5733
5606
5656
5641
5658
5640
5659
5631
5743
5583
5584
5686
5673
5602
5597
5667
5667
5667
5665
5663
5644
5644
5666
5611
5603
5604
5668
5734
5680
5671
5649
5670
5605
5732
5605
5679
5674
4142
5617
5672
5611
5743
5686
5635
5595
5770
5605
5791
2370
2371
3132
2411
2411
5831
5831
2406
2405
5759
3763
5805
2417
5818
1334
5543
5543
5543
5564
5494
5577
5516
5520
5519
5521
2366
5788
4095
4094
4530
5796
5719
5626
5598
5623
5619
5684
5675
5652
5730
5652
1690
5770
5811
4126
5669
5735
5736
5738
5774
5749
1842
1844
4100
4096
5543
2400
5543
5543
1844
1842
5494
5512
5516
5517
5484
5522
2417
5805
2402
2404
5831
5831
5564
5808
5622
5618
5629
5624
4096
4095
5811
4126
5772
5773
1842
1843
5607
5683
4807
2389
2411
2411
5770
4127
5730
5730
5587
2366
2368
2367
2371
2374
1477
5831
5795
4093
4530
4098
4100
5799
5745
5729
5821
5821
2398
145
2441
3088
2393
5809
4119
4118
170
5813
5814
5817
5815
4117
2392
2394
5821
2390
4106
4116
5824
5825
2435
2437
5828
4124
2396
5827
5801
2380
2006
5442
1335
5704
1702
4013
1348
1348
1348
1702
1703
1356
1348
1703
2284
4013
