2132
1309
3115
1317
1318
5
2338
3151
2831
9
2325
2595
1325
14
2436
1339
16
17
2472
3165
72
2473
529
28
2286
3173
2564
71
3171
2957
1486
1486
32
1371
34
35
36
1420
38
39
40
41
1382
43
2682
1438
46
1602
48
49
2650
1425
2651
2698
1432
53
2743
57
58
59
60
61
62
63
64
65
5836
67
68
69
1480
2575
2469
73
74
75
76
1492
78
79
1501
3309
1486
2472
1486
2472
539
539
88
89
90
91
92
93
94
1589
1543
97
1524
1526
100
1529
1539
103
104
105
106
107
108
109
110
111
112
113
114
115
116
117
118
119
120
121
3623
123
1617
125
126
127
128
2733
606
2653
2647
132
134
2645
3636
137
1625
1623
3012
3018
456
143
144
2391
146
1631
1638
1639
1640
3187
152
1647
155
473
156
157
3172
3165
1665
161
162
1674
1669
3885
4744
4576
4523
1691
4776
4055
1680
4309
4162
178
177
4156
4159
4012
4012
976
4012
190
4640
3970
4011
1880
183
1153
1150
976
976
4369
195
1942
1731
1727
198
4351
193
1901
4398
5298
1803
1739
5319
4401
1741
4459
210
5457
4438
1970
214
1772
4367
1090
4415
1790
4368
281
1802
223
224
5314
226
1814
1820
4362
230
4609
232
233
234
1850
1027
1718
238
239
240
4952
1860
243
244
245
246
4848
4848
4012
4011
4211
5025
1884
254
255
256
257
258
259
1304
1913
4342
1894
1896
1929
266
216
1916
269
1862
271
5270
1940
1931
275
1733
5288
278
1945
1947
1910
200
283
284
285
286
1966
1961
1951
5306
291
292
1972
294
295
1092
1907
1977
4365
4364
1976
1980
303
5449
4700
1985
967
963
309
310
4777
4074
4072
2004
2003
1999
317
2008
4016
319
321
322
4846
4849
2024
1639
315
598
329
2109
2111
2043
2059
2045
2050
3292
337
2047
339
340
2056
342
343
344
345
346
347
348
349
350
351
352
353
354
355
356
3351
3353
3353
3318
2089
3355
2091
3827
3826
366
367
368
369
370
2102
3307
373
2178
375
376
377
378
379
380
2122
2124
383
384
3862
386
2183
388
2138
2140
391
2142
3076
3007
3023
2147
3055
398
399
3019
2156
2249
402
2163
2202
406
407
408
409
2195
3359
3915
3757
414
3914
3913
417
2922
2188
3207
3224
2192
2194
2942
2199
426
427
3001
3010
22
3189
2211
1637
2212
2210
3138
2220
436
326
3144
2232
2230
443
3142
2233
3751
467
3082
2952
681
2777
2255
2030
2222
455
2288
2287
2287
1635
3016
451
452
2256
454
3154
2273
2561
2515
2294
2278
3752
2473
473
558
4237
2295
477
478
479
480
481
482
483
484
485
486
487
2840
2383
2323
491
2326
2328
389
2331
3085
2431
498
499
2994
501
502
503
2882
505
5800
2857
2937
1457
2408
1330
2409
4150
4822
3126
2426
2444
2438
519
2575
563
2270
2780
2781
3997
2949
2269
2467
2470
680
3178
2451
2586
2472
2575
2463
2463
2495
2493
2524
2571
2813
543
2500
4243
2570
4507
2802
4234
2498
2513
4236
3038
4508
2811
4507
2573
2542
3747
2586
2573
2588
2577
520
2802
4501
2817
2818
2573
717
570
576
3169
2581
747
2818
2589
2582
158
580
581
582
583
584
585
586
587
588
2656
590
591
592
593
594
595
596
597
3578
2628
600
601
602
603
2986
2985
1537
102
608
609
610
611
612
2675
614
615
616
617
618
619
620
621
622
623
624
625
626
627
628
4469
630
631
3139
632
3146
2787
2769
2782
3182
4491
4493
641
642
493
644
3147
4498
4177
4511
4177
461
4511
652
2850
2853
2837
2836
657
658
1458
660
2388
662
1467
3153
665
666
667
668
669
670
671
672
3360
3325
2923
676
677
678
2946
3026
3169
149
3168
150
2238
3033
687
2999
3000
690
691
692
3243
3242
695
3014
3013
3754
3066
3035
701
3043
3051
3337
3059
3087
3219
3328
3078
3089
3095
3107
3110
3134
2215
2578
573
3200
3198
720
3234
3226
3208
3203
3236
5845
3227
3229
3280
730
3264
732
733
3387
3296
736
3384
3381
3314
3316
3317
3319
3339
2575
2567
3357
2562
748
749
3379
3673
3675
753
754
755
756
757
758
759
760
761
762
763
764
765
766
767
768
769
770
771
772
773
774
775
776
777
778
779
780
781
782
783
784
785
786
787
788
789
790
791
792
793
794
795
796
797
798
799
800
801
802
803
804
805
806
807
808
809
810
811
812
813
814
815
816
817
818
819
820
821
822
823
824
825
826
827
828
829
830
831
832
833
3610
3575
836
837
838
1585
840
841
842
843
844
3618
846
847
848
849
850
851
852
3847
3778
3844
856
857
858
859
860
861
862
863
864
865
866
3800
868
869
870
871
872
873
874
875
876
877
878
879
3818
5036
5037
3819
884
3822
5048
887
888
889
890
891
892
893
894
3909
896
3852
3854
899
3855
3859
902
903
3868
3869
906
3873
3872
3876
3878
4709
4695
3880
3883
4762
916
917
4710
3894
920
921
3900
923
4030
3902
3928
4719
928
3920
3918
4614
4891
3922
934
4892
3930
937
3932
4698
3936
4013
4872
3944
2031
3941
943
947
3990
3995
4825
951
952
4486
954
955
4020
1212
4720
4842
3989
3985
962
4017
3991
4015
1998
1165
3974
961
4001
4839
4277
4007
4009
4239
4641
4640
978
187
980
981
982
983
984
4032
986
987
4039
1995
4531
4046
4107
4533
994
995
996
4692
4787
4056
4060
4748
1002
1003
4560
4110
4071
4574
1008
4548
4571
1826
173
4135
4136
1677
4815
4154
4163
1017
1027
976
3999
968
1045
1028
4241
4864
4646
1153
1024
1022
4186
4186
237
1036
4220
4218
1026
1025
4224
4848
1026
4235
4262
4647
4183
4181
1049
1035
4181
1025
4291
4293
1185
4289
1022
4302
1050
4850
2021
4855
1062
2016
5425
4303
4297
1067
4305
4306
1070
4331
1072
1073
1074
1075
1076
4376
1078
4996
1080
1081
1082
1083
1084
4338
5285
4347
1969
1089
4675
4676
1905
1909
1094
1917
4378
5295
4383
1099
285
1101
1102
1103
4418
1105
5253
1107
4454
1747
1110
1111
4515
4606
4472
1115
936
4517
4520
4813
1120
4546
4544
4104
4528
1125
1126
4088
1128
4113
1130
1834
4577
1133
1134
1135
1136
1137
1138
1139
1140
5046
5010
1143
1144
1145
1146
5834
1148
4714
4855
3987
3946
1152
5431
3969
278
4688
4687
1159
1160
4746
4926
4927
4780
4704
4705
5429
4718
4723
1170
4734
4739
4741
4761
4771
5428
1177
1178
1179
938
4795
4799
4821
946
4859
4860
1187
1188
1189
1190
4894
1192
1193
1194
3939
4909
1197
1198
1199
1200
1201
1202
1203
4978
1205
1206
1207
1208
1209
5002
5004
1874
237
4283
1215
5034
1217
1218
1219
1220
1221
1222
1223
1224
1225
1226
1227
1228
1229
1230
1231
1232
1233
1234
1235
1236
1237
1238
1239
1240
1241
1242
1243
1244
1245
1246
1247
1248
1249
1250
1251
1252
1253
1254
1255
1256
1257
1258
1259
1260
1261
1262
1263
1264
1265
1266
1267
1268
1269
1270
1271
1272
1273
1274
1275
1276
1277
1278
1279
1280
1281
1282
1283
1284
1285
1286
1287
1288
1289
1290
1291
1292
1293
1294
5293
5256
5302
5262
1956
4380
5274
1302
4385
1304
1305
1306
1307
0
0
1308
0
1313
1316
1313
3
6
1317
6
8
2832
2828
1322
3148
2595
2595
1325
10
14
14
1330
2594
2436
1333
5779
1335
1338
1336
1338
1339
3165
3165
3165
3165
3745
2473
2473
3745
2464
3163
1364
3165
3165
3164
716
3774
2489
71
2537
539
683
683
2957
3179
29
2472
2472
2472
1486
1370
3568
1371
1372
1373
1374
1375
3639
1377
1380
37
2630
1381
1385
1384
130
2652
131
1390
43
1390
2683
1391
1392
1393
1394
1395
1396
1397
1398
1399
1400
1401
1402
1403
1405
1601
601
1407
1408
1409
1410
1411
1412
1413
1414
1415
1416
1417
1418
1422
50
1419
1422
2648
1424
2648
1431
1431
1430
53
2697
2697
52
1434
3635
1439
133
1435
1438
1612
1440
1441
1442
1443
1444
1445
1446
1447
1448
1449
1450
1451
1452
1453
1454
1455
2357
2356
2358
1310
1460
1459
506
3766
5800
1465
1466
1468
5837
1469
1470
1471
1472
1473
5830
5830
5831
2411
1477
5827
10
10
1327
2463
2478
2461
2575
1487
1488
1489
1490
1491
1492
1491
1494
1495
1496
1497
1498
1499
1502
81
3769
1503
1500
2472
2472
1486
2472
2537
2479
539
1461
1513
1514
1515
1516
1517
1518
1519
1520
1521
1522
1523
97
1525
1526
1523
1528
1529
1528
1531
1532
1534
2731
102
1533
54
1421
51
1538
1544
1541
95
1587
1542
98
1545
96
1552
1550
1551
1552
1553
1554
1555
1556
1557
1558
1559
1560
1561
1562
1563
1562
1565
1566
1567
1568
1569
1570
1571
1572
1573
1574
1575
1576
1577
1578
1579
1580
1581
1582
1580
1581
1585
1581
1587
1588
843
1590
1591
1592
1593
1595
1598
120
1597
1580
1582
114
1601
1602
1603
1606
1605
3627
1607
1608
1609
1610
1611
1614
135
2644
132
1389
44
1618
1619
1620
2207
140
2207
142
2250
2253
3012
458
1632
1630
1631
3764
1633
1638
1638
148
1640
1641
1641
152
3187
1642
1642
2289
2289
473
2289
1648
1649
1650
1651
1652
1652
1654
1655
564
2502
2579
564
3166
717
3166
3166
1664
1665
1666
1664
1671
163
1671
1672
1673
4742
166
168
4525
4579
1679
4521
171
171
1683
4785
4308
4162
4309
1683
1686
4127
5811
1689
4158
4156
4158
4158
4012
4012
4012
4011
4640
4012
1716
4640
3970
4849
4014
4849
4849
5024
4212
252
1851
183
4856
4856
5427
4856
1153
4012
976
4012
4012
5250
5250
195
1204
1730
1727
1730
5289
221
4350
4350
4350
1785
4371
296
4371
1903
4372
1742
4401
1742
206
1746
5309
202
1746
1749
209
1751
1799
4408
1754
1755
1974
1757
1758
1759
1759
1761
5457
1766
1764
1088
1968
1767
1768
214
1767
1728
1772
1728
1774
1777
1776
4439
1778
1779
1780
1781
4369
4367
1783
4369
4367
4370
4367
4413
4415
1795
4413
4413
4368
4414
5317
1738
4446
1801
298
1975
301
5320
4449
1808
1806
1807
1808
1809
1810
1811
1812
1813
1748
288
1816
1817
1818
5311
1820
1821
1822
1815
5767
5721
5723
1828
1882
1829
5786
2005
4083
1833
1010
1835
1836
4627
1840
1839
1840
1841
4123
4123
5813
5825
1847
5824
171
1681
171
1717
5419
1717
5420
1855
1856
1857
1858
1859
241
1861
1862
1859
1864
1865
1866
1867
1868
1869
1870
1871
1872
4012
4848
4012
4011
4012
4011
4196
4211
4196
1882
1883
1884
1885
1886
1887
1888
1889
1890
1891
1892
1897
262
1893
265
4341
1898
1106
270
284
4391
4443
217
1794
1904
216
1783
1787
1784
1912
5290
260
1911
1914
263
261
1915
1919
1920
1921
1922
1926
1924
1085
5268
268
197
215
1928
1729
1936
273
1934
272
5269
5287
5287
1938
276
1942
5249
1941
1941
194
1947
1725
1723
1948
1950
1950
1952
1953
1954
1954
1956
1957
1958
1957
1960
1964
287
1965
1964
1951
283
1967
1778
1969
1970
288
1963
289
289
1978
300
299
4363
1742
4402
1979
1982
1983
1984
305
1991
305
1986
3981
3996
3980
3981
1994
4073
313
1996
312
2002
2002
2002
2004
317
317
2004
1691
5784
2008
2008
319
318
2011
2012
2013
2014
323
4229
2018
1707
1059
1059
1059
4850
2024
4871
2024
1641
151
1639
1639
1639
1999
315
1999
3577
2035
2036
3577
3578
2040
2108
2041
2042
330
2048
333
2044
337
3285
2051
336
3291
2052
2053
2054
2055
2056
2057
2058
342
2060
2061
2058
2063
2064
2065
2066
2067
2068
2069
2070
2071
2072
2073
2074
2075
2076
2077
3353
3351
3353
3318
3351
2083
362
3358
2086
2090
2087
364
3825
365
2092
2093
2094
2095
2096
2097
2098
2099
2100
2103
372
3306
2101
2107
358
3842
2110
374
2110
2111
2112
2113
2114
2115
2116
2117
2118
2119
2120
2119
379
2121
380
2125
2126
2127
2128
2129
2130
2130
2132
2133
2131
386
2134
2141
388
2137
2140
2141
394
2144
3006
3007
2145
397
2149
3053
3073
2150
2152
2153
2154
2155
395
2159
2146
3022
2164
402
2164
405
2247
2165
2166
2167
2168
2169
2170
2196
2172
2184
2174
2175
2176
2177
413
2179
2180
3912
2179
416
3913
2185
2186
2187
418
2189
2191
3206
421
2190
420
357
360
2943
3351
2201
426
2201
427
2199
429
2206
3004
3012
3163
22
152
152
152
152
2210
2210
2210
1640
1640
3138
3138
436
2261
2027
2213
460
431
2213
2231
2228
443
2231
444
2292
2235
2566
470
2236
2952
3157
2953
450
2258
2259
2030
2260
2222
2248
2248
455
2288
2287
2287
2251
2288
2026
2029
2028
2026
326
2026
151
473
473
2287
3017
2264
3018
2242
2243
2244
453
451
2225
2224
2274
3773
2265
468
2516
2297
2280
2279
1361
1360
28
3752
473
3181
473
2562
467
2562
2541
2518
4023
2295
2518
2298
2299
2300
2301
2302
2303
2304
2305
2306
2307
2308
2309
2310
2311
2312
2313
2314
2315
2316
2317
2318
2320
2839
488
489
487
2325
3098
2325
2324
491
2333
494
496
3121
3099
2334
2334
2336
2337
500
2340
2340
2339
2342
2343
2344
2345
2346
2346
1631
2349
2350
2351
2352
2353
5481
5707
5710
5711
5712
5753
5754
5752
5518
5484
5755
5787
5715
5474
5501
5540
2368
2373
2367
1474
2371
2372
2362
2365
2378
2379
2380
2384
507
2381
2855
2386
2878
2385
509
5818
2390
5805
2389
2393
2394
2393
15
5826
2441
2416
2400
2417
5806
5819
5806
5804
5830
1330
2408
13
2407
5827
2838
2414
3133
2413
5756
5757
2402
2402
2403
2404
5746
2425
4152
3136
515
513
2428
2429
2430
390
517
2433
2434
1337
16
2435
11
511
1326
2442
2442
2443
2444
2569
2569
563
2575
3165
3165
2271
463
2779
464
2268
2520
2948
462
2521
553
2470
3178
2468
2469
2950
2949
2950
2956
2956
2954
680
1362
29
523
2453
2458
2457
2576
2576
2473
2478
2478
2463
2478
2478
2478
2463
2530
2549
2492
2494
2475
542
2476
527
2813
2500
2497
2500
2522
545
3173
3173
3172
2570
648
648
2804
2803
4500
543
543
543
2497
552
2546
549
552
3038
3025
2780
2814
4508
650
2812
2811
2812
4507
527
2573
527
2812
2811
4507
562
562
562
2490
2564
2490
3748
2514
550
544
2511
2512
4236
2576
2586
2576
3163
2472
2472
1486
568
568
2573
2572
568
2573
551
2543
538
3746
559
559
2576
2586
572
2575
2587
2817
576
2587
572
2588
2588
2577
3346
3348
745
566
2509
2585
4232
576
2818
576
565
2583
2558
1661
1661
2595
3097
2596
2597
2598
2599
2600
2601
2602
2603
2604
2605
2657
2607
2608
2609
2610
2611
2612
2613
2614
2615
2616
2617
2618
2619
2620
99
2622
2623
2625
2633
2627
2628
2628
2626
2631
2631
1372
2633
2634
2635
2635
2637
2638
2639
2642
2641
3624
2643
2646
101
2728
55
2649
2984
605
604
1536
1535
606
2657
608
2657
2658
2659
2660
2661
2662
2663
2664
2665
2666
2667
2671
2668
835
3574
1530
2673
117
118
2676
117
2678
2679
2680
2681
2682
2673
1599
2685
602
2687
2688
2689
134
2690
1613
2693
2694
2695
2696
2699
77
3297
2700
2701
2702
2703
2704
2705
2706
2707
2708
2709
2710
2711
2712
2713
2714
2715
2716
2717
2718
2719
2038
2038
599
2723
2724
2725
2726
2727
2729
2729
52
1424
1540
2733
2732
1428
2735
2737
2738
2739
2740
2741
2742
3638
2736
2745
2746
2691
2748
2749
2750
2751
2752
2753
2754
2755
2756
4463
2758
4467
2760
2761
2762
2763
2764
2768
632
2768
3138
2786
3141
2786
2785
2770
442
2776
2783
2260
2223
453
2255
2245
2783
3185
2766
425
2200
2203
2787
2789
4490
2791
2792
2793
2327
493
492
2794
492
3147
2800
4497
2819
4510
651
525
525
4177
2451
2454
2272
461
2272
2816
4178
2779
2781
651
651
4511
2820
2821
2822
2823
2824
2825
2849
2827
2830
654
2830
489
2322
2852
2412
2834
2375
2377
2366
2835
655
2841
2842
2843
2844
2845
2846
2847
2848
2849
2851
2851
502
2313
486
2856
3640
2865
2858
2859
2860
2861
2862
2359
1456
2360
2361
2345
2870
501
2863
2871
2872
2873
2874
2875
5751
5750
2876
1462
2354
2387
663
2885
510
510
2883
2886
664
2410
3758
2891
4583
2893
2894
2895
2896
2897
2898
2899
2900
2901
2902
2903
2904
2905
2906
2907
2908
2909
2910
2911
2912
4603
2914
2915
2916
2917
3740
674
2920
2193
423
422
2921
2925
2926
2927
2928
2929
2930
2931
2932
2933
2934
2935
2936
1464
2938
2939
2940
2941
3351
373
2947
2944
675
3231
3025
3025
2256
681
3158
683
3177
2257
3176
433
1636
450
2286
449
3033
2963
2964
2965
2966
2967
2968
2969
2970
2971
2972
2973
2974
2975
2976
2977
2978
2979
2980
2981
2982
2701
2987
688
689
2997
2988
2989
2990
2991
2992
2993
2994
2995
2996
2998
3241
694
693
3008
3004
2138
3008
3002
3005
3002
3009
3009
695
3180
3180
1644
1647
696
1645
154
3016
139
1622
3020
2205
428
2029
149
1635
3029
2158
3075
3030
465
3156
465
698
3037
3021
3755
2257
3039
3040
3041
3042
393
2143
2151
3048
381
2122
3049
3050
704
3338
3054
3058
705
3056
3057
3060
706
3086
3061
3062
4751
3067
707
700
3753
3071
3068
2234
3336
3074
3072
3083
400
3006
3077
383
3077
3079
3080
709
3084
3088
710
3057
9
2392
145
3090
3091
3092
3094
3184
426
3094
3098
3098
2139
2341
3100
2335
3103
3104
3105
1314
2148
3108
702
3045
3044
3109
396
3113
2132
469
2296
2281
470
3120
3122
3123
2395
476
3125
70
1482
3127
3130
1481
2397
5831
2437
12
2440
2800
4822
151
3186
711
3095
711
3191
3190
2211
426
1481
714
3135
3132
3152
3153
2439
3145
432
434
715
3169
3174
3174
563
1363
531
3175
573
3175
2212
1637
2217
3168
684
2569
2569
2577
573
1634
148
2958
2957
695
3181
2203
2163
3184
3186
3186
3188
3188
696
3189
3189
3190
3093
3093
3188
3199
3196
720
3237
721
3202
3233
725
3201
722
3226
3208
722
3211
3209
3240
3069
703
3218
3215
3217
2924
3222
2960
1350
3331
2285
2480
3226
3227
340
340
3225
727
3228
3230
728
3235
729
3279
341
3239
3238
3283
2055
3114
713
712
3244
3281
3246
3247
3248
3249
3250
3112
3251
3253
3254
3252
3255
3257
3258
3259
3260
3261
2062
3263
3264
3265
3266
3267
3268
3269
3270
3271
3272
3273
3274
3275
3276
3277
3278
2046
338
3282
3742
3283
3284
1504
80
3287
3288
3289
3290
2104
371
3293
3256
3294
332
3278
3298
3299
3300
3301
3302
3303
3304
3305
3308
737
3383
738
3310
3311
2720
3197
718
3313
719
3210
3317
724
723
3322
3324
3323
723
3320
3204
3326
3332
3335
3330
30
1509
2484
1485
2483
3081
382
2123
2478
2463
2478
1486
2479
2575
2550
2550
2463
3368
3369
3367
3318
3318
742
3315
739
3354
740
3327
3351
3351
3360
3356
746
3364
562
2576
562
562
569
2591
3371
3372
3373
3374
3375
3376
3377
3382
749
3378
751
3382
3385
752
3385
3386
750
3566
3389
3390
3391
3392
3393
3394
3395
3396
3397
3398
3399
3400
3401
3402
3403
3404
3405
3406
3407
3408
3409
3410
3411
3412
3413
3414
3415
3416
3417
3418
3419
3420
3421
3422
3423
3424
3425
3426
3427
3428
3429
3430
3431
3432
3433
3434
3435
3436
3437
3438
3439
3440
3441
3442
3443
3444
3445
3446
3447
3448
3449
3450
3451
3452
3453
3454
3455
3456
3457
3458
3459
3460
3461
3462
3463
3464
3465
3466
3467
3468
3469
3470
3471
3472
3473
3474
3475
3476
3477
3478
3479
3480
3481
3482
3483
3484
3485
3486
3487
3488
3489
3490
3491
3492
3493
3494
3495
3496
3497
3498
3499
3500
3501
3502
3503
3504
3505
3506
3507
3508
3509
3510
3511
3512
3513
3514
3515
3516
3517
3518
3519
3520
3521
3522
3523
3524
3525
3526
3527
3528
3529
3530
3531
3532
3533
3534
3535
3536
3537
3538
3539
3540
3541
3542
3543
3544
3545
3546
3547
3548
3549
3550
3551
3552
3553
3554
3555
3556
3557
3558
3559
3560
3561
3562
3563
3564
3565
3566
3567
3568
3295
3570
3295
1493
3573
3576
834
2677
1564
106
3579
3580
3581
3582
3583
3584
3585
3586
1527
3588
3589
112
584
3592
3593
3594
3595
3596
3597
2657
3599
3600
3601
3602
3603
3604
3605
3606
3607
3608
2674
613
3611
3612
3613
3614
3615
3616
3582
837
3617
3620
3620
3622
845
3619
2636
3626
3627
3628
3629
3630
3631
3632
3633
3634
2734
129
3637
2736
3608
2364
3641
3642
3643
3644
3645
3646
3647
3648
3649
3650
3651
3652
3653
3654
3655
3656
3657
3658
3659
3660
3661
3662
3663
3664
3665
3666
3667
3668
3669
3670
3671
3672
3673
3674
848
3676
3677
3678
3679
3680
3681
3682
3683
3684
3685
3686
3687
3688
3689
3690
3691
3692
3693
3694
3695
3696
3697
3698
3699
3700
3701
3702
3703
3704
3705
3706
3707
3708
3709
3710
3711
3712
3713
3714
3715
3716
3717
3718
3719
3720
3721
3722
3723
3724
3725
3726
3727
3728
3729
3730
3731
3732
3733
3734
3735
3736
3737
3738
3739
3318
3741
3742
3178
3178
3179
540
540
2499
1359
1511
2487
2957
2959
138
2276
466
392
2374
3759
3760
3761
3762
3763
3764
148
1643
1640
3768
3380
3770
3771
3772
142
2568
3173
2587
3781
853
3777
3780
3844
3782
3783
3784
3785
3786
3787
3788
3789
3790
3791
3792
3793
3794
3795
3799
3796
866
3799
856
3801
3802
3803
3804
3805
3806
3807
3808
3809
3810
3811
3812
3813
3814
3815
5037
5036
5037
882
882
3824
884
3821
5043
3828
886
885
5047
3829
3830
3831
3832
3833
3834
887
3836
3837
3838
3839
3840
3841
3823
883
3846
3845
3908
895
3848
3849
3850
3851
3855
3854
899
899
3855
3860
3857
902
3860
3864
3856
3863
3864
3867
3865
3867
160
1667
162
3868
906
3873
3872
3876
906
3879
911
4712
912
3877
3884
913
4764
915
3882
3887
3888
3889
3890
3892
4708
3891
918
2162
3896
404
403
3901
923
3901
924
3899
3904
3871
3906
3926
3908
927
3910
927
3866
904
900
904
3919
3916
931
5015
253
3925
932
3923
935
4889
3820
3820
3816
3929
3930
3931
3932
3929
3935
4701
939
3934
184
4014
3970
325
325
2025
4872
3943
315
3941
3941
3943
3953
947
3950
3953
4830
4830
4876
967
3961
4826
3960
4869
3958
3963
3964
3965
5424
957
959
3971
4642
4722
3952
3950
948
4482
3976
3977
3978
965
3983
3982
3993
4015
314
3951
314
1999
3989
3990
4823
319
2009
4016
4706
4707
4703
3975
3972
961
3975
4002
307
4002
4005
3957
4010
4277
4006
975
4276
4641
4641
4640
190
978
4784
978
4019
4257
979
4018
4023
4237
4022
4025
4026
4027
4028
4029
4030
4031
4032
4029
4034
4035
4036
4037
4040
4038
4069
4038
4042
4043
4044
4045
993
4050
4049
4108
4533
4051
4052
4053
4051
994
997
4787
4057
4060
997
4061
4747
4063
4064
4061
4066
4067
4068
4070
4559
1005
1004
4075
1007
4573
4076
4077
4078
4079
4080
5676
5661
5654
5618
5623
5722
5655
5622
5627
5599
5626
5592
5632
5611
5612
5671
5582
5610
4100
5813
4099
5769
5720
5795
4106
5817
4547
4547
4108
1009
4112
4570
4556
4111
4118
311
4776
1179
4810
4810
4169
1693
4168
1693
4125
4116
5811
4121
4166
4121
4166
176
1684
1012
1014
175
176
5717
4161
4141
4160
4125
5823
4166
4121
4166
4166
5653
4151
1015
4834
1016
908
4155
3875
908
4153
3874
907
1694
1692
4159
1680
1682
1687
4168
4157
4157
1017
5420
1027
976
5420
4012
4012
3998
3997
3998
4638
1045
4194
4190
969
4639
4195
189
4192
4195
1149
1149
4646
4646
4863
1149
4643
1715
5427
4189
4191
4184
4179
5418
4188
4640
4012
4197
4197
4186
4197
4196
1852
4197
5451
4216
4220
5451
4219
4201
4182
1025
4217
4223
4243
1037
4225
4011
4011
1185
1702
4500
4507
1056
4289
4225
1040
4234
4264
4236
1044
4647
4484
4727
4508
4507
4507
4507
1026
4180
4180
4181
4507
1026
4185
4187
4185
4214
4278
4279
4213
5423
4263
4262
5423
4236
4185
4185
1024
4012
976
4198
4182
4286
4199
4182
1025
4261
4258
4213
4215
4259
251
4185
1027
4290
1024
4184
4184
4300
4302
4292
4292
4645
1062
4228
5030
4295
1055
4299
1055
4301
4301
1067
4272
4303
1058
2022
2020
4785
4785
4310
4311
4312
4313
4314
4315
4316
4317
4318
4319
5277
4321
4324
4323
4995
1079
4326
4327
4328
4329
4330
4331
4332
4333
4335
4337
4336
4340
264
275
5283
4343
210
4353
4347
4438
1087
4435
280
193
193
1724
4353
4353
225
4354
5312
4357
4358
4359
290
4359
4362
4366
4364
219
4442
4370
4675
1091
4673
1904
1905
267
5277
5277
1094
4379
1097
5294
1299
4377
5266
1096
4382
5262
5266
4388
5254
1296
4387
4391
4392
286
285
286
4396
4399
203
5305
4397
1099
1967
4403
4404
1089
301
5319
4407
4412
1102
4409
4460
4414
4981
242
4416
4417
4418
4416
4420
4421
4422
4423
4424
4425
1918
4427
4428
4429
4430
4431
4432
1761
4997
4437
1943
1943
1087
4411
4440
4442
5252
4368
4368
1908
1908
1735
1792
4448
4450
4451
4452
4452
1107
4453
4456
4457
4407
208
4460
4461
4462
4465
4464
4512
1112
4468
4617
1113
4033
4470
985
4473
4474
2767
4487
4479
4488
4827
953
4485
3950
3973
960
4475
4869
4488
4867
936
4492
1117
4519
1118
4494
996
4496
4499
1119
4832
4510
4177
4511
4177
4177
1022
4000
4000
4178
4483
4511
1067
4514
4513
4538
922
4518
1114
4541
4522
1122
4524
4545
992
4109
4048
4530
4092
4097
4526
5581
4529
1124
4527
4534
4535
4536
4537
4538
4539
4540
4542
4553
988
1005
4071
4041
5322
4557
4103
4550
4551
4552
4553
4554
4084
4082
4085
4086
4561
1129
4562
4555
4563
4564
4565
4566
4567
5589
5654
5765
4083
5765
4114
1131
990
990
4532
1013
4047
4575
4582
5433
1678
4584
4585
4586
4587
4588
4589
4590
4591
4592
4593
4594
4595
4596
4597
4598
4599
4600
4601
4602
4604
4605
4471
925
4610
1141
1142
5415
4611
4611
4613
933
4615
4616
3903
4618
4619
4620
4621
4622
4623
4624
4625
4626
1830
4628
4629
4630
4631
3819
4633
4634
4635
4636
4715
4713
1151
1150
4856
4843
4862
5441
4854
4644
966
3971
4721
958
3968
4652
4653
4654
4655
4656
4657
5822
4684
4660
4661
4662
4663
1104
4665
4666
4667
4668
4669
4670
4671
4672
4674
4686
1158
1157
4677
4678
4679
4680
4682
4774
1161
4685
4745
4689
1162
1163
4925
4691
4697
909
4690
4693
940
4694
4699
1164
4699
4865
4865
4705
2010
1166
318
4702
4704
4711
306
4711
1988
3937
3986
316
3984
4719
4716
4763
919
971
4004
4840
1167
5430
4710
4724
3988
4728
4729
4730
4731
3881
4732
910
4735
4736
4735
3917
929
4738
930
4743
4760
1174
4117
4775
4749
1175
4761
5812
900
4754
4726
1169
4755
4756
1172
4758
4759
1000
4059
1000
4725
4696
4765
4766
4767
4768
4769
4770
999
4772
999
4775
4773
4772
4777
4778
4779
4780
4784
4781
938
4868
4786
4786
909
3101
4065
4790
4791
4792
3886
4793
914
4798
4796
5432
1171
4733
4800
4802
4803
973
4805
4021
5810
4808
4808
4809
4811
4816
235
4812
1183
1849
176
4122
1695
172
1018
4814
4823
4824
4831
1180
3933
4875
3941
4874
3933
4054
4836
4836
4122
4837
4838
4134
3956
4841
4829
1184
4853
4012
4851
4851
4640
4641
1186
1186
4860
5443
3949
2032
4852
4853
4859
4291
1061
4843
2000
2000
4643
4645
4866
4866
4867
4868
4869
4870
4871
4871
4873
4872
4872
4874
4781
4877
4879
4880
4881
4882
4883
4884
4885
4886
4887
4888
4890
4893
1192
1191
4893
4894
4895
4896
4897
4898
4900
4901
4612
1155
1195
1704
4650
184
4013
4910
864
4910
4908
4911
4913
1196
4915
4916
4917
4918
4919
4920
4921
4922
4923
4894
4801
1181
1182
4928
4929
4930
4931
4932
4933
4934
4797
4935
4794
4937
4936
4939
4941
4942
4943
4944
4945
4946
4947
4948
4949
4950
4951
4952
4953
4954
4955
4956
4957
4958
4959
4960
4938
4961
4963
4964
4966
5417
4967
4968
4969
4970
4971
4972
4973
4974
4975
4976
4977
4940
854
4978
4962
4982
4983
4984
4985
4986
4987
4988
278
4990
4991
4992
4993
4994
1156
4989
4438
4998
4999
5000
5001
4895
4895
1194
5002
5008
5006
4891
5003
5003
5011
5012
5014
5019
5007
5844
1700
188
4014
183
5021
5023
4737
4197
237
4197
4186
4197
4848
4196
4857
237
5031
1214
5033
5005
1211
5005
5039
5040
5041
5042
5012
3818
5044
5036
5041
5048
5049
4187
4187
4202
4282
5053
5054
5056
5057
5058
5059
5060
5061
5062
5063
5064
5065
5066
5067
5068
5069
5070
5071
5072
5073
5074
5075
5076
5077
5078
5079
5080
5081
5082
5083
5084
5085
5086
5087
5088
5089
5090
5091
5092
5093
5094
5095
5096
5097
5098
5099
5100
5101
5102
5103
5104
5105
5106
5107
5108
5109
5110
5111
5112
5113
5114
5115
5116
5117
5118
5119
5120
5121
5122
5123
5124
5125
5126
5127
5128
5129
5130
5131
5132
5133
5134
5135
5136
5137
5138
5139
5140
5141
5142
5143
5144
5145
5146
5147
5148
5149
5150
5151
5152
5153
5154
5155
5156
5157
5158
5159
5160
5161
5162
5163
5164
5165
5166
5167
5168
5169
5170
5171
5172
5173
5174
5175
5176
5177
5178
5179
5180
5181
5182
5183
5184
5185
5186
5187
5188
5189
5190
5191
5192
5193
5194
5195
5196
5197
5198
5199
5200
5201
5202
5203
5204
5205
5206
5207
5208
5209
5210
5211
5212
5213
5214
5215
5216
5217
5218
5219
5220
5221
5222
5223
5224
5225
5226
5227
5228
5229
5230
5231
5232
5233
5234
5235
5236
5237
5238
5239
5240
5241
5242
5243
5244
5245
5246
5247
1204
4979
4980
4980
1863
5253
5255
4393
1295
5258
5285
4345
5261
5300
1297
5260
1955
5264
5267
5303
1895
5271
279
1949
270
4381
1300
5273
5265
5276
5263
5277
5280
5281
5282
1930
277
1946
199
1732
282
4447
1770
1304
4393
4394
5294
1305
5296
5296
5298
5297
5301
5307
5302
5303
5304
5305
1306
4361
4355
5299
289
4400
5312
5313
5314
226
5316
1910
4445
4392
4449
4447
4089
5323
5324
5325
5326
5327
5328
5329
5330
5331
5332
5333
5334
5335
5336
5337
5338
5339
5340
5341
5342
5343
5344
5345
5346
5347
5348
5349
5350
5351
5352
5353
5354
5355
5356
5357
5358
5359
5360
5361
5362
5363
5364
5365
5366
5367
5368
5369
5370
5371
5372
5373
5374
5375
5376
5377
5378
5379
5380
5381
5382
5383
5384
5385
5386
5387
5388
5389
5390
5391
5392
5393
5394
5395
5396
5397
5398
5399
5400
5401
5402
5403
5404
5405
5406
5407
5408
5409
5410
5411
5412
5413
5414
1210
5416
5417
4863
4864
5427
4221
5421
5422
5426
1709
1879
4855
1154
304
4003
970
3893
4101
5434
5435
5436
3779
4119
5439
4105
1998
5777
2025
5282
5445
5446
5447
5448
308
3970
4187
4012
4184
5454
5455
4438
5456
1424
4368
5460
212
5462
5463
5463
5465
5466
5467
5468
5468
5470
5471
5472
5473
5573
5563
5477
5478
5758
5479
5544
5568
5510
5515
5491
5551
5486
5487
5528
5534
5538
5529
5492
5493
5494
5559
5555
5497
5576
5505
5496
5555
5557
5496
5504
5505
5506
5507
5504
5512
5512
5489
5577
5516
5511
5490
5535
5539
5520
5491
5539
5524
5521
5485
5530
5527
5525
5527
5528
5530
5550
5530
5532
5533
5526
5526
5488
5535
5492
5531
5541
5542
5758
5543
5544
5480
5553
5547
5547
5549
5548
5493
5498
5568
5556
5495
5556
5554
5558
5559
5699
5562
5572
5562
5564
5565
5566
5580
5575
5575
5570
5571
5560
5557
5561
5565
5494
5571
5578
5579
5580
5663
5672
5814
5814
5809
5731
5652
5652
5675
5685
5645
5638
5601
5771
5614
5617
5635
5600
5658
5594
5606
5605
4807
5669
4142
5438
5602
4126
5666
5604
5603
5680
4126
4126
5771
5771
5614
5679
5678
5596
5679
5643
5637
5645
5644
5600
5600
5640
5647
5660
5601
5663
5593
5613
5614
5733
5613
5658
5656
5657
5771
5733
5616
5617
5641
5636
5642
5642
4145
5814
5814
5782
5730
5675
5684
5606
5606
5606
5657
5667
5602
5602
5668
5603
4807
5669
5438
5438
5810
4130
4145
4130
5731
4142
5586
5673
5673
5770
5608
5809
5663
5680
5687
5605
5678
4142
5731
5573
5496
5563
5541
2421
2419
2419
2419
2418
2418
2420
5763
5700
5499
5702
5703
5744
5747
5747
5706
5480
5481
5552
5511
5513
5517
5519
5521
5604
5681
5593
5638
5647
5597
5619
5684
5676
5683
5587
5729
5784
1689
1690
4125
4125
4126
5810
5809
5814
5814
5814
5814
5814
5813
4128
5672
1335
5745
5747
5747
5813
4123
5480
5481
5546
5514
5483
5518
5701
5700
2420
2402
2404
2404
5706
5763
5607
5676
5623
5618
5671
5612
4125
5823
5809
4166
4123
4166
5683
5653
5810
5702
2405
2406
4125
1690
1689
1691
5784
5484
5474
5522
5540
5501
5692
2418
5648
5599
5632
5611
5813
4166
2379
1691
5802
5803
5806
2401
2441
5807
5808
1019
4120
4115
4115
4167
4167
5817
5815
4117
2399
5819
5820
5821
5816
4116
1693
1693
15
5826
4167
176
2398
2396
5822
5833
4105
5801
5833
5836
4012
4012
2472
2473
2472
4012
4011
1485
2472
4012
471
3970
