2134
1
2
3
4
5
6
664
2887
3087
2595
1332
11
5806
2398
519
1338
2428
1355
1355
86
1511
2487
1510
1355
1355
467
26
3744
2469
87
87
1574
32
1377
1398
1378
50
1532
2729
2679
41
131
1613
1390
1435
2748
1602
48
1414
3569
1422
2648
1431
1424
1427
1384
59
2689
1448
3632
3630
1454
3634
1388
65
2379
3293
1470
3276
12
2489
3774
73
74
75
3278
2699
78
79
1501
3309
1359
1355
87
1355
2562
467
1513
89
90
91
92
93
94
1589
96
97
98
99
100
2646
1421
103
104
1568
3590
107
1566
3605
1570
3305
1575
2724
1584
1582
1406
2686
1593
1594
1599
3628
121
1417
1389
1609
1607
127
128
36
1536
2734
2735
2736
1612
2646
129
137
2274
1622
1628
2227
2265
2993
2969
3089
1633
1631
148
2257
2218
1639
152
3014
3013
1645
156
157
3751
1358
1667
161
162
1674
164
1673
4062
4580
4521
1689
170
4055
1680
4308
4161
1695
4168
4156
4159
1710
1710
1879
1710
252
1881
5020
1710
4019
5426
4195
5419
1710
1710
5251
1942
234
1727
5284
1774
1723
5250
1898
1747
4398
1736
297
301
4403
4458
1753
1765
1079
278
292
1768
1773
4369
4367
1795
1792
1788
5288
1799
1806
1811
5313
5315
1823
1822
1820
1758
231
4977
4960
1839
1848
4213
5451
1858
1865
4949
4962
4414
243
244
245
246
187
1710
1710
5426
4019
4280
253
254
255
256
257
258
259
5291
261
262
263
4337
1930
4366
1783
268
1922
5253
4427
4348
5269
1933
5257
1948
276
1156
1947
1944
282
4350
1964
1952
1958
4405
1964
1963
1967
291
5311
1778
1756
294
1780
1906
4445
4449
4448
1978
1975
1743
1984
4002
1990
1988
4828
3996
4684
1836
4777
312
1995
948
316
3984
4823
4873
4705
1166
321
322
1212
1713
2023
2030
5441
2629
2718
2108
3249
2039
2062
2057
2050
3292
3286
338
3261
3227
2055
1503
343
3259
2063
346
347
348
349
350
351
3248
353
354
355
356
2078
2080
3353
3351
361
362
363
364
365
366
367
368
369
370
2102
3307
373
2175
3105
376
3062
2179
2130
2119
3048
2123
2125
2128
4751
2183
387
388
3004
2139
2140
2143
2150
394
395
396
397
2153
399
3021
2157
2249
402
404
2202
2822
2166
2168
2848
2197
2196
412
413
414
3912
2184
2186
2922
2188
420
421
422
423
424
3146
3093
3091
2204
3012
3751
431
2217
3176
3167
2215
2261
2219
2777
2259
3154
442
2783
3186
443
2237
447
3119
3082
2286
28
451
452
2244
2242
3092
2264
2264
3017
3026
3192
2269
2521
463
464
3158
3032
2281
469
3124
3116
2464
86
155
2282
476
3125
477
478
2317
2303
2305
2872
483
484
2862
480
2841
2840
2321
2883
3098
2326
2328
3001
495
496
2333
498
499
500
2343
502
503
504
2350
1335
659
3766
2361
2889
2407
2369
513
3136
3127
1323
2432
2408
3123
2489
86
522
2521
2451
2812
2457
527
2495
2461
2465
2462
2496
2492
1355
2488
2488
558
2542
2543
2513
3747
2498
2518
2517
2547
87
545
2500
2518
2516
468
2295
2520
543
2500
545
3746
2279
2279
2492
2493
2555
569
26
2582
2585
542
567
2589
716
2505
2586
2575
2235
447
2817
2278
2294
2580
580
581
582
583
3573
1550
586
587
588
2656
590
591
592
593
594
595
2623
2621
2626
2628
1369
1603
1446
1375
2984
3294
1534
1538
608
609
844
611
612
1593
1596
2673
2727
617
618
619
620
621
622
2742
1450
2757
2755
627
628
2759
2761
2764
3138
2765
2232
636
637
2782
638
2913
639
2792
2914
493
492
70
2798
554
647
2523
2812
2819
652
631
2830
2377
2375
657
658
2360
2859
509
662
1467
2884
665
666
667
668
669
670
671
672
3360
3325
675
676
677
678
679
2950
29
3038
3178
2954
743
2241
687
3255
2987
2991
3254
692
2998
3251
695
3189
3190
2239
3064
3753
3213
702
3051
3337
705
706
3221
445
3079
3085
444
3114
3109
518
3170
537
2578
3200
719
3199
3234
722
723
3209
3211
3749
727
728
729
3239
731
732
733
3387
3296
736
3384
3381
3314
3313
3320
3317
474
2563
2540
3363
2290
748
749
3379
3673
3675
753
754
755
756
757
758
759
760
761
762
763
764
765
766
767
768
769
770
771
772
773
774
775
776
777
778
779
780
781
782
783
784
785
786
787
788
789
790
791
792
793
794
795
796
797
798
799
800
801
802
803
804
805
806
807
808
809
810
811
812
813
814
815
816
817
818
819
820
821
822
823
824
825
826
827
828
829
830
831
832
833
2675
835
3581
3618
838
114
840
841
842
843
40
122
846
847
3715
849
850
851
852
3844
3777
4933
3783
3793
858
4964
860
861
862
4919
864
865
866
867
3801
4929
4916
4636
872
873
874
875
876
877
878
879
3816
5038
5037
3819
884
885
886
887
888
889
890
891
892
893
3910
3909
3850
3852
3854
3867
3865
3859
4736
3864
3871
905
906
3873
3872
4697
3878
4709
4695
3880
3883
4762
916
917
4710
3894
3977
3931
4514
4539
3901
3903
3928
4719
4717
929
930
931
932
933
934
935
4831
937
4783
4701
3934
1212
3941
5443
4861
3945
4852
3950
4482
3955
953
952
4824
4486
3964
4770
4806
3963
959
4641
3972
3975
962
320
4704
4702
3988
942
3998
3997
4004
4840
4008
4804
4805
974
1717
1712
2008
4021
980
981
982
983
984
4033
986
987
4542
4554
4532
4047
993
4533
994
995
4053
4690
4787
4056
4694
4748
4078
4064
1004
4110
4071
1007
4080
1127
1832
4087
1687
4134
174
1015
4814
4154
4163
1017
4213
1879
4176
4241
4184
4198
4507
4188
4190
5418
4217
4218
4278
4278
4257
4261
4263
4262
1040
5422
1044
1710
1037
4239
4009
4637
1037
5421
4010
4276
4217
5421
4254
4250
5426
4299
4218
4505
4279
4011
1706
4290
4300
3963
956
975
2295
4302
4006
1063
1070
1071
1072
1073
1074
1075
1076
1094
4325
4324
4327
4329
4331
1083
5461
4334
4438
4989
4352
1813
4673
4978
1904
1784
1094
4425
4378
5298
1098
4392
4394
4440
1102
1103
1104
1761
4442
1107
1108
1816
1110
1111
4465
4468
4470
4473
950
4517
1118
4499
1120
4543
4545
4104
4528
1125
1126
4088
1128
4113
1130
1834
4578
4585
1134
1135
1136
1137
1138
1139
1140
5046
5010
1143
1144
1145
1146
5801
1148
968
4864
4715
4644
4646
958
4907
4668
4939
4674
1159
4938
4746
4689
4936
4866
325
2024
5430
4752
4726
4898
4734
4739
1173
4761
1175
4902
4758
4766
1179
951
4795
4799
4820
4853
1034
4859
1187
1188
1189
1190
1191
1192
4893
4895
957
4909
4914
1198
1199
4950
4942
1202
1203
4979
1205
1206
1207
1208
1209
5003
1211
5424
4278
4256
1215
4021
1217
1218
1219
1220
1221
1222
1223
1224
1225
1226
1227
1228
1229
1230
1231
1232
1233
1234
1235
1236
1237
1238
1239
1240
1241
1242
1243
1244
1245
1246
1247
1248
1249
1250
1251
1252
1253
1254
1255
1256
1257
1258
1259
1260
1261
1262
1263
1264
1265
1266
1267
1268
1269
1270
1271
1272
1273
1274
1275
1276
1277
1278
1279
1280
1281
1282
1283
1284
1285
1286
1287
1288
1289
1290
1291
1292
1293
1294
4394
1296
1306
4385
1966
4380
1301
1302
1303
1769
203
290
1307
1308
1309
1310
1308
1312
1313
1314
1312
1316
1317
1318
1319
2887
1321
1322
7
2594
2594
11
1325
3133
5804
2413
1328
2435
3061
2400
3061
2428
2442
2428
2444
1355
1355
1355
1355
86
1511
1511
86
2487
1355
1510
1355
1355
1356
1355
2539
2565
26
2539
467
2461
1362
2462
2463
2464
87
87
87
87
3568
3568
1574
3568
110
1373
136
3607
1569
2632
2630
1372
600
2653
1385
1385
607
2653
43
2691
43
3637
1449
1393
1451
624
1397
1396
1433
603
1399
1400
1400
64
1403
1404
1601
601
1404
1408
1409
1410
1411
1374
1412
34
1416
1610
1417
1415
50
3569
50
2650
2650
2648
2650
1432
52
1432
1430
52
2651
1424
1434
2732
1615
2744
1436
1439
1615
2745
1442
2745
1448
1445
3631
61
1444
60
1608
125
1605
1453
2687
58
1452
5711
5546
5513
1460
1460
1459
5704
5480
1335
66
1465
2937
1464
5833
69
1473
69
3276
5806
5819
2402
2418
5541
2402
1324
1324
1326
2563
2563
2491
3774
1487
1488
1489
1487
1492
3297
77
1494
76
1496
1497
1498
1499
1502
81
3769
734
1500
87
26
87
26
2538
2538
2562
1461
1513
1514
1515
1516
1517
1518
1519
1520
1521
1522
1523
1524
1525
1526
1527
1529
2728
101
1528
39
1539
51
1538
102
5458
1420
1419
37
1541
1542
1543
1544
1545
1546
1547
1548
3591
1549
1552
3591
1553
1554
1555
1556
1557
1560
1558
3603
108
1563
3588
106
1562
105
109
3589
1567
3606
1572
3304
1572
68
33
1579
33
1371
32
1582
115
2672
1582
1580
114
1580
1587
1588
1589
2685
1447
2685
57
120
120
120
1594
1599
615
1594
1601
123
1603
1617
1606
1617
124
1605
126
1399
35
132
1614
2647
2736
1387
1390
1618
1619
1620
138
2273
1624
2277
141
141
2265
2267
1632
1629
479
3764
485
1636
1635
3765
150
1638
1639
1640
1638
2380
1335
3013
3013
3013
3014
1651
5460
1650
2620
1652
1653
1654
1655
3749
575
575
3749
20
2481
20
82
1666
1664
1666
1667
1671
1669
1671
1672
1673
4742
166
1679
4579
1677
1678
4520
1683
171
1683
4309
4162
4160
178
4308
1686
4127
5811
4750
4158
4156
4158
1694
1710
1710
1710
1710
1879
1710
252
1879
5020
5426
5426
5020
1710
979
979
4019
4281
5426
5418
5418
5419
5419
4193
1710
1710
1710
1710
5249
5248
234
5249
277
1729
1939
1938
5321
1726
1723
1726
1724
4373
297
4446
1907
4371
206
206
206
4408
1814
1815
1109
1815
1751
1749
5468
1800
1749
5463
5463
302
1754
294
211
1762
4434
5457
1765
1763
1088
1778
1764
213
1768
1770
197
1771
1931
196
1776
1779
1775
295
198
198
5471
5251
4369
4369
5250
4369
1091
4367
1794
1792
1794
217
4368
4367
4368
5318
1798
4445
298
296
1977
1801
4371
1906
4456
224
4456
1807
1810
5314
226
1809
225
293
1973
227
1818
1821
1817
228
1757
230
293
5620
5624
5621
1828
1882
1829
5587
1691
5654
1837
4571
1833
5834
1830
4960
4960
4960
1839
5813
5814
5813
4124
4817
4122
171
1681
171
252
4216
4211
252
1857
1855
4974
240
1859
4981
1861
1862
242
1864
243
1864
1867
1868
1869
1870
1871
1872
1710
1710
1710
1710
1710
5426
187
4280
187
1882
1883
1884
1885
1886
1887
1888
1889
1890
1891
1892
264
1894
4338
5283
1897
1899
4441
1106
1902
266
216
1786
5459
1909
1784
193
1783
1785
1911
1912
1913
1914
1915
1916
1095
4426
5272
5272
1920
201
271
4428
4336
1925
1927
274
1928
274
1933
272
1936
1932
1086
5270
5286
5286
1940
1949
1841
1841
4988
232
195
1943
1941
1942
1725
1967
1967
4391
1950
1950
1950
1966
1960
223
1960
4404
289
1964
1967
289
1967
1964
1099
1778
4432
292
1973
1974
1980
207
299
1978
4449
4365
206
1742
1744
1887
1982
1984
5449
5449
5449
304
967
967
3996
3995
1996
1993
989
5439
1997
3986
3989
316
3986
314
314
3990
4750
1689
4705
4873
1166
1166
2011
2012
2013
2014
4296
4296
1063
1063
5838
5844
4204
181
1999
2002
315
2028
2026
2029
1635
149
3987
2033
3987
328
2720
329
2038
2626
331
2111
3250
2041
2040
2044
3262
334
337
3285
2051
336
3291
338
2054
3742
340
2053
339
2061
2059
2060
3287
344
2063
2064
2065
2066
2067
2068
2069
2070
3247
2072
2073
2074
2075
2076
2077
2081
2078
359
3351
2081
2083
2084
2085
2086
2087
2088
2089
2090
2091
2092
2093
2094
2095
2096
2097
2098
2099
2100
2103
372
3306
2101
2105
358
2107
375
2110
375
375
2112
2113
2114
2115
378
2180
2133
2118
2117
379
2132
381
2121
385
2129
2125
3862
3063
386
2135
2131
2182
2134
2183
2136
2139
2138
389
2139
2137
2144
393
2144
2145
2142
2147
2148
2149
2150
2151
1315
5
2152
3
2159
400
2156
3019
2164
402
2160
405
2247
2169
406
2165
409
2846
2171
2195
411
2173
410
2175
2176
3104
2178
416
2181
3913
2184
2184
3915
2187
88
3330
418
2185
2190
2191
2192
2193
2194
357
357
424
2078
2201
3095
3094
427
2199
1624
1621
2207
142
1356
3751
2210
2211
2212
2213
3168
3168
3167
433
433
439
2223
2222
2259
439
3155
2227
434
3155
2230
442
3185
443
2230
2236
2233
2236
3082
448
3163
1364
2473
2283
2242
2243
2244
2242
451
2248
3090
455
3017
2264
2264
2266
458
2256
3024
459
2255
453
2258
326
154
154
3016
460
3018
3143
2268
2269
2270
2271
464
3156
3156
3157
465
3154
469
469
469
3117
2281
2487
2487
86
2473
154
2262
1644
470
3118
2291
470
3124
3125
3124
2296
2298
2299
2300
2301
2306
408
2302
482
2871
2310
2307
2309
2925
2312
2861
486
2311
2315
2316
2317
2318
487
2839
488
487
2885
2325
3097
10
2324
491
2330
2330
2331
2329
494
2334
2335
2336
2337
2338
2340
3103
2339
2314
146
2344
2342
1630
2346
1631
2349
144
2970
2352
2353
5575
5479
5498
5512
5489
5509
5516
5552
5538
5529
5520
5524
5485
5557
5555
5562
5501
5561
5502
5758
5475
5502
5517
5519
5802
2380
5821
2384
2857
2383
2856
2878
2877
2385
2866
2392
9
3089
3088
3123
2395
3122
2394
2441
519
2389
5807
2391
2394
2393
2394
5819
5819
512
2410
5792
3758
5806
5523
2418
5806
5691
5818
5805
5819
5819
5808
5819
5704
515
514
3129
3128
2427
2431
2432
2431
3099
497
2428
2433
2442
1339
2441
511
511
511
2444
2444
517
3123
2563
2487
86
2489
1509
1511
2451
523
2451
2451
2451
2458
522
2458
527
2456
528
2460
541
2463
523
2457
2521
530
2466
530
2519
2489
2537
2495
542
2496
2492
2494
2494
86
2563
2563
2488
2563
2540
2540
558
558
2541
2543
558
2514
2545
3748
544
2511
2517
2517
2517
2513
552
1355
1355
1356
1359
2500
2500
540
2585
545
2515
2518
2515
2515
2296
2280
2297
476
2521
2520
2521
2513
2512
2498
2497
2497
2500
2501
2499
3746
540
2500
2500
545
2490
2490
539
467
2282
2562
2279
468
468
2516
468
2297
475
2494
2492
2494
1355
1355
87
87
2583
540
2589
2583
540
2493
2280
2278
2562
2561
2282
2282
2557
2555
561
3367
2559
555
2556
2496
562
2573
2576
2569
2292
447
474
1066
2584
2294
1066
568
2804
2587
578
2280
2590
2581
2581
16
2434
2596
2597
2598
2599
2600
2601
2602
2603
2604
2605
2657
2607
2608
2609
2610
2611
2612
2613
2614
2615
2616
2617
2618
2619
2622
99
2622
2623
2624
2634
2628
2628
2724
2722
1370
1370
1370
2634
2634
2635
2636
3629
1441
2638
62
62
2640
121
55
2646
55
1428
605
2985
3295
2649
102
1540
1536
2657
608
2657
2662
610
2660
114
3614
2663
2664
2665
836
2667
2668
2669
2670
2671
101
2645
117
1593
2676
2674
2678
2679
2680
2681
2683
3637
2682
1447
602
2688
5462
63
1438
1438
134
2696
616
2695
1418
604
2697
2986
2700
2701
2702
2703
2704
2705
2706
2707
2708
2709
2710
2711
2712
2713
2714
2715
2716
2717
591
2719
2629
3312
111
1573
1571
1571
1418
123
1429
53
1425
1425
1379
36
1540
54
1533
2737
2738
2739
2740
2740
2742
2654
606
2746
3633
45
45
46
2752
2751
2752
2753
2753
2755
2756
2757
2754
625
2758
626
2167
2762
407
2768
2768
2220
436
2229
2228
441
2775
2776
2782
2784
2783
2245
2245
2779
2780
2779
632
632
2766
634
3141
2787
635
2793
639
2789
642
2912
2327
2328
492
2327
492
3147
2799
2796
2527
2528
2805
2524
2522
2523
2522
2522
2451
2811
2812
2522
2523
2269
2269
2804
2817
648
2820
2820
652
2823
2827
2824
631
2915
2825
2828
653
2322
490
654
2838
2412
2372
2363
5523
2835
655
656
2842
2843
2844
2845
2847
2847
658
2763
2763
480
2853
2854
2850
3640
2364
1458
2845
94
2858
2304
481
5753
2357
5712
5752
2345
2863
2343
1456
2860
660
2873
2874
2875
5568
5480
2354
2422
5481
2346
663
2885
510
2889
2885
2886
2884
2890
2374
2791
2892
2893
2894
2895
2896
2897
2898
2899
2900
2901
2902
2903
2904
2905
2906
2907
2908
2909
2910
2911
2760
629
630
2916
2927
2918
3325
674
673
2921
2922
2923
2924
2925
2926
2821
2928
2929
2930
2931
2932
2933
2934
2935
2936
1643
2938
2939
2940
1466
2078
2942
2944
2945
2946
2947
2270
2520
463
1363
1361
1362
680
2950
2949
2956
2955
2284
3335
1350
2240
2963
2964
2965
2966
2154
398
5820
2995
2971
2741
2973
2974
2975
2976
2977
2978
2979
2980
2981
2982
2983
688
3256
2987
2999
2990
2988
3253
691
2992
692
2994
2996
2996
694
3242
3252
2997
429
2206
3004
429
3005
3006
3007
3008
3009
3180
458
2252
3015
696
3190
3015
697
3191
3019
466
3037
3022
3023
3025
3025
3026
3027
401
3066
3030
2952
2953
450
686
2959
3035
2240
2780
3042
3040
701
3215
2151
3043
3045
1514
3046
3048
2189
3049
704
417
3053
3054
3055
3057
3057
3058
3059
3060
5821
415
3914
707
3212
3067
3218
3071
3068
445
3336
3072
3073
3074
700
3076
377
3077
380
2124
3080
3079
3083
3083
496
3086
3087
3084
710
3090
3091
3092
3193
3096
3193
3194
2434
391
3003
2339
2341
3102
2141
2945
346
3106
3107
712
3111
3110
3111
2178
3113
713
0
383
383
3078
709
5808
2332
3121
3121
2127
384
3134
2440
3135
70
1482
5806
2402
2441
2438
2439
3130
646
2027
2027
2228
444
2231
2216
432
2215
3142
1327
3151
3152
2418
3153
510
510
715
3169
3171
3752
3179
86
2487
86
2487
537
1483
71
3173
684
2958
2957
683
3179
3368
3368
2567
2578
682
3177
553
2470
2251
473
2203
3183
3184
3139
151
1641
3187
3189
3190
431
431
3195
3195
3188
721
3200
3196
3199
3202
725
725
3209
724
3205
3206
3207
722
3208
723
722
3069
703
3328
3050
3216
2924
3329
3329
3332
2234
3751
3750
3224
3225
3224
3227
3228
3229
3230
3231
3232
341
729
341
3240
3237
3237
3239
3226
3242
3112
3241
3244
3245
3246
2989
690
2064
2064
374
2109
3243
693
330
2043
3260
3257
732
3260
3261
3258
3263
3264
3265
3266
3269
3267
3277
3270
3271
3272
3273
3274
345
3276
3000
689
2056
3280
3281
3282
3283
3283
1504
80
3289
3288
3289
3290
2104
371
3293
332
3296
2042
2986
3298
3299
3300
3301
3302
3303
3304
687
3308
737
3383
738
3310
3311
3311
718
718
3314
3197
723
3320
3210
723
3321
3322
3323
3207
3324
724
3326
2233
2235
3330
3749
2292
3750
3751
2566
3081
3338
3047
2563
2491
2563
87
2563
2488
2540
2538
2563
2293
2290
3370
3351
3351
3353
739
362
3356
3315
3327
360
360
3359
3362
3363
3361
2490
2490
2591
2591
577
2282
3371
3372
3373
3374
3375
3376
3377
3378
749
3378
751
3382
3385
752
3674
3388
750
3566
3389
3390
3391
3392
3393
3394
3395
3396
3397
3398
3399
3400
3401
3402
3403
3404
3405
3406
3407
3408
3409
3410
3411
3412
3413
3414
3415
3416
3417
3418
3419
3420
3421
3422
3423
3424
3425
3426
3427
3428
3429
3430
3431
3432
3433
3434
3435
3436
3437
3438
3439
3440
3441
3442
3443
3444
3445
3446
3447
3448
3449
3450
3451
3452
3453
3454
3455
3456
3457
3458
3459
3460
3461
3462
3463
3464
3465
3466
3467
3468
3469
3470
3471
3472
3473
3474
3475
3476
3477
3478
3479
3480
3481
3482
3483
3484
3485
3486
3487
3488
3489
3490
3491
3492
3493
3494
3495
3496
3497
3498
3499
3500
3501
3502
3503
3504
3505
3506
3507
3508
3509
3510
3511
3512
3513
3514
3515
3516
3517
3518
3519
3520
3521
3522
3523
3524
3525
3526
3527
3528
3529
3530
3531
3532
3533
3534
3535
3536
3537
3538
3539
3540
3541
3542
3543
3544
3545
3546
3547
3548
3549
3550
3551
3552
3553
3554
3555
3556
3557
3558
3559
3560
3561
3562
3563
3564
3565
3566
3567
3570
735
3762
735
2698
3572
3576
834
2677
3578
3604
3582
3579
837
3624
1580
1550
3586
3620
3587
112
1577
1576
3573
3592
3593
3594
585
2657
3580
2657
608
3600
3601
1565
1569
113
1578
1381
3606
3607
2677
2675
3614
3616
3615
3616
40
3626
2642
3623
2642
3622
3622
2681
122
2640
3625
1597
2684
1455
2727
616
2694
617
2751
127
2732
2733
135
606
3607
5518
3641
3642
3643
3644
3645
3646
3647
3648
3649
3650
3651
3652
3653
3654
3655
3656
3657
3658
3659
3660
3661
3662
3663
3664
3665
3666
3667
3668
3669
3670
3671
3672
3673
3676
848
3676
3677
3678
3679
3680
3681
3682
3683
3684
3685
3686
3687
3688
3689
3690
3691
3692
3693
3694
3695
3696
3697
3698
3699
3700
3701
3702
3703
3704
3705
3706
3707
3708
3709
3710
3711
3712
3713
3714
810
3716
3717
3718
3719
3720
3721
3722
3723
3724
3725
3726
3727
3728
3729
3730
3731
3732
3733
3734
3735
3736
3737
3738
3739
3325
3741
3742
526
2462
2478
551
551
2516
2290
2293
2565
1362
3222
2275
3032
450
2158
5790
3759
3760
3768
2042
2395
2308
3177
5704
2218
3768
3380
3770
3771
3772
2225
2564
87
2496
855
3781
3780
4934
3845
3786
857
3782
3785
4963
3787
3788
3789
3790
3791
3792
863
3794
3795
3796
3797
3798
3799
3800
870
3803
4916
4634
3804
3806
3807
3808
3809
3810
3811
3812
3813
3814
3815
3818
3818
5036
882
3818
3824
3822
3821
5043
3825
3826
3827
3828
3829
3830
3831
3832
3833
3834
3835
3836
3837
3838
3839
3840
3841
3823
883
894
4792
3910
3846
3851
3848
238
5416
899
3854
899
3867
3855
3860
3857
902
4802
897
3856
3861
3853
3868
3868
160
1667
3869
3870
3871
3872
3873
3872
3876
4699
3879
911
4712
912
3877
3884
913
4764
915
3882
3887
3888
3889
3890
3892
4708
3891
918
3896
3976
921
3898
3900
4538
923
3899
922
3904
3905
3906
3926
3911
927
928
4716
904
3915
3866
3915
3916
3917
3918
3919
3920
3921
3922
3923
3924
3925
3927
880
880
3929
3929
3931
938
3933
305
3980
4700
1987
1212
5426
5020
2032
3943
2032
2025
944
4862
3946
3949
4854
438
3952
2778
2221
946
946
3948
3954
4869
3961
4870
4869
4486
955
5021
955
3965
3963
4012
4011
1716
4640
2246
2246
3972
451
3976
3977
3978
4703
4706
1165
4704
4702
960
3973
3985
3988
3974
948
3951
1166
4704
4705
4876
4830
4874
3998
3998
3998
3997
4005
949
4001
4842
4839
4803
4008
4803
974
4008
4197
1717
1712
1879
4705
318
2010
973
973
4021
4806
4811
4024
4811
4025
4026
4027
4028
4030
4563
4031
4029
924
4034
4035
4036
4037
4038
4553
4040
4041
4042
4043
4044
4045
4050
990
4050
993
4531
4055
4052
4051
4051
4055
997
4692
4057
4060
4693
4063
4747
4682
1002
4061
4066
4067
4068
4069
4070
4071
313
1994
4074
4075
4079
4076
4683
4659
310
5602
5684
5675
5644
5645
5618
5621
5623
5647
5638
5648
5631
5681
5604
5671
5651
5582
5609
5583
4129
4096
5769
5627
5630
5817
5817
4108
4547
4107
1009
4570
4568
4556
4111
4118
311
170
4118
4120
4810
4169
4167
4167
176
4115
4116
4115
4121
4166
4121
4166
4123
1684
1012
4133
4819
176
5581
4161
1847
4161
5811
5823
5809
5809
5814
5814
5730
4149
4150
4151
4822
4155
998
3875
908
4153
3874
907
1694
1695
178
173
1682
1687
1019
4157
4153
1017
252
4213
1879
252
1710
1709
4176
4176
4176
4176
1022
4184
1026
4176
4179
1024
4185
4220
4191
1023
4241
4189
4194
4191
4240
1045
4216
1027
4217
4217
4218
4218
1036
1036
1712
1710
251
251
4278
251
187
4257
1711
4258
1048
4261
4258
4235
4234
1040
5423
1043
4238
4236
1044
4238
5426
1710
1710
5426
4223
4223
4297
1037
4237
4239
4023
4024
4022
4009
4241
969
969
4236
4225
4222
4223
4224
4224
4224
5421
4223
1037
1035
4279
1035
972
4007
4010
972
975
975
4023
4239
4023
1036
1036
4217
1710
1710
4221
4221
5422
5421
4221
5421
4009
4006
4277
4276
4007
4018
4220
4216
4250
4220
4219
4217
4274
1038
4285
4202
4293
4288
5424
5035
3963
4298
4022
1065
4286
4302
1057
4304
4009
1068
2016
2016
4309
4785
4310
4311
4312
4313
4314
4315
4316
4317
4318
1077
4375
4321
4322
4322
4324
4322
4323
1078
4326
890
4311
1071
4430
4330
1760
1760
1105
1084
4335
5259
4339
1897
262
4353
4989
278
4989
4988
4989
1726
5248
5248
4353
215
4356
4354
5312
1808
4357
4359
291
4359
229
4365
4366
1791
219
1091
4370
4980
4676
267
1907
1910
4375
4375
1094
5294
1097
5297
283
4377
4382
1096
4384
4385
5266
4390
4388
4389
4424
4364
4364
4405
1958
4405
5308
4400
202
4397
5311
4403
4401
5319
1812
1089
1975
301
1802
4411
1101
1777
4412
1090
4675
4413
4416
4417
4418
4419
4420
4421
4422
4423
4424
4425
4333
4429
4427
4433
4428
1080
1772
4434
1079
1944
4988
4988
1156
1777
292
1790
1790
4367
4367
200
1910
1734
220
1903
4450
4451
4452
4453
4454
4455
4457
5316
222
1753
4461
4461
4462
4463
4464
4465
4463
4466
1112
4467
3902
925
4470
437
3953
2767
4480
4481
4477
3962
4485
633
454
4483
4483
633
4475
1116
936
1116
4491
4603
1117
4490
4494
4494
4496
4495
4497
4832
4245
4243
4501
4243
4243
4218
2812
2812
4243
3997
4502
4510
4512
4513
4514
4512
4518
1114
4541
1121
4522
1122
4546
4524
4049
4047
4094
5718
4097
4526
5681
4529
1124
4527
4534
4535
4536
4537
4538
4539
4540
4472
985
4542
4109
4545
4546
4549
4557
4091
4550
4551
4552
4032
984
5722
5764
5591
4086
4561
1129
4562
1824
4551
4564
4565
4566
4567
5684
5683
5724
4083
5662
4573
1131
4577
4575
4581
1013
4576
1132
4582
5433
4583
1856
239
4584
4587
4588
4589
4590
4591
4592
4593
4594
4595
4596
4597
4598
4599
4600
4601
4602
4469
1113
4606
4617
4607
4608
1142
5415
4611
4612
4613
4614
4615
4616
4515
4618
4619
4620
4621
4622
4623
4624
4625
4626
5726
4628
4631
4630
1835
3816
4633
4915
4635
4633
968
968
4637
1717
189
5427
4647
1151
4646
1149
4727
3968
3971
941
1212
4652
4653
4654
4655
4656
4657
5822
5815
4660
4661
4662
4663
4664
4665
4666
4669
4668
4987
1133
4667
4672
1157
4688
4674
4940
4679
1160
4937
4680
4682
4774
1161
4685
4745
4688
4686
4939
1163
939
4698
4691
3936
940
3937
4695
1164
4865
4699
964
3983
4872
4872
325
4871
4874
3944
4711
306
1167
5429
3937
3974
4713
961
4718
4730
4763
919
4642
959
1150
4724
4721
4723
1154
4484
4729
4729
1170
4731
3881
4732
910
1883
161
4735
4738
929
4740
4741
4743
4760
1174
170
4775
4749
1175
4749
5812
900
1176
4905
4753
4896
4756
1172
954
4756
1000
4761
1000
4725
4696
3853
898
4765
3858
4768
901
4771
4772
4773
4775
4775
4776
4777
4778
4779
4868
4878
4879
951
4782
4786
4786
909
4788
4065
4790
4731
4791
3886
4794
914
4798
4796
5432
1171
4733
4800
1665
4767
1178
903
4769
5810
4058
4808
4809
3863
235
4832
4813
4816
1849
4123
5828
4160
172
4164
4498
947
4474
3958
3960
3958
4829
3947
3942
4825
4054
1183
4821
5828
1018
4165
1012
4841
1184
4853
4856
1153
1712
1879
1881
1879
1034
1854
4851
1853
1152
4645
4644
1153
4863
4211
5025
237
4291
4714
4714
4639
4195
4017
978
3930
4784
1115
4824
317
2023
317
325
3941
3941
4879
4873
4870
4880
4881
4882
4883
4884
4885
4886
4887
4888
4889
1192
1192
4892
4893
4893
1192
4759
1177
4898
4899
4900
4901
5013
5013
5014
1195
1212
5018
4908
4909
4910
4908
4912
4913
1196
4915
1197
4917
4918
4894
4917
4921
4922
4923
4894
4927
4925
4797
4930
1200
4965
4931
4932
871
3805
895
3847
4926
1162
853
3778
4941
4942
4943
4944
4945
4946
4943
4947
1202
1201
4952
4961
4953
4954
4955
4956
4957
4958
868
896
4687
1158
4920
1198
4966
5417
4967
4968
4969
4970
4971
4972
4973
4972
4975
4976
4586
854
3779
4979
1158
4982
4983
4984
4985
4986
1866
232
1156
4990
4991
4992
4993
4668
1156
4995
4995
4998
4999
5000
5001
5002
5003
5004
5002
5006
5007
5009
5009
5010
5011
5012
3967
957
5015
5424
5425
3966
5426
5425
5022
5023
4737
251
4259
251
4278
251
1710
251
187
4278
979
4019
956
5005
1211
1210
5039
5040
5041
5042
5043
881
5044
5038
5047
5048
5049
1035
1035
1035
1049
4277
4007
5056
5057
5058
5059
5060
5061
5062
5063
5064
5065
5066
5067
5068
5069
5070
5071
5072
5073
5074
5075
5076
5077
5078
5079
5080
5081
5082
5083
5084
5085
5086
5087
5088
5089
5090
5091
5092
5093
5094
5095
5096
5097
5098
5099
5100
5101
5102
5103
5104
5105
5106
5107
5108
5109
5110
5111
5112
5113
5114
5115
5116
5117
5118
5119
5120
5121
5122
5123
5124
5125
5126
5127
5128
5129
5130
5131
5132
5133
5134
5135
5136
5137
5138
5139
5140
5141
5142
5143
5144
5145
5146
5147
5148
5149
5150
5151
5152
5153
5154
5155
5156
5157
5158
5159
5160
5161
5162
5163
5164
5165
5166
5167
5168
5169
5170
5171
5172
5173
5174
5175
5176
5177
5178
5179
5180
5181
5182
5183
5184
5185
5186
5187
5188
5189
5190
5191
5192
5193
5194
5195
5196
5197
5198
5199
5200
5201
5202
5203
5204
5205
5206
5207
5208
5209
5210
5211
5212
5213
5214
5215
5216
5217
5218
5219
5220
5221
5222
5223
5224
5225
5226
5227
5228
5229
5230
5231
5232
5233
5234
5235
5236
5237
303
5239
5240
5241
5242
5243
5244
5245
5246
5247
5249
1840
1204
4978
4415
5252
5254
4395
5256
4345
1087
5456
5260
5301
1297
5263
1950
284
5267
5305
1085
1946
4435
1945
1106
4381
1300
5275
5265
5276
5278
4375
1094
5281
5282
1934
273
1943
194
199
1733
5287
5290
1769
4405
4394
5299
203
5299
5299
203
5309
5307
4361
290
4399
4399
4399
4360
4359
4355
1962
207
1819
4440
1101
4410
1102
4462
1910
4447
300
1906
5288
5629
5323
5324
5325
5326
5327
5328
5329
5330
5331
5332
5333
5334
5335
5336
5337
5338
5339
5340
5341
5342
5343
5344
5345
5346
5347
5348
5349
5350
5351
5352
5353
5354
5355
5356
5357
5358
5359
5360
5361
5362
5363
5364
5365
5366
5367
5368
5369
5370
5371
5372
5373
5374
5375
5376
5377
5378
5379
5380
5381
5382
5383
5384
5385
5386
5387
5388
5389
5390
5391
5392
5393
5394
5395
5396
5397
5398
5399
5400
5401
5402
5403
5404
5404
5406
5407
5408
5409
5410
5411
5412
5413
5414
5038
4948
5417
4191
5418
5419
1044
1044
4239
956
4020
4020
4193
1155
4003
970
3971
3893
1846
5434
5436
5444
233
4119
5439
4106
966
5730
327
5444
5445
5446
5447
5448
307
1710
1049
1710
4217
5454
5455
4989
4996
1423
1787
2036
4997
1401
5464
5473
5466
5470
5467
205
1797
5470
1797
5472
1750
5556
5560
2420
2403
3763
1333
5703
5565
5494
5534
5492
5507
5508
2416
5701
5570
5525
5533
5504
5700
5702
5497
5559
2401
5566
2399
5559
5699
5556
5495
2399
2399
5508
2401
2399
5570
5566
5570
5570
5488
5577
5526
5528
5527
5492
5533
5527
5547
5550
5549
5486
5701
5499
5499
5756
5486
5486
5506
5508
5508
5499
5505
5499
5487
5487
5527
5758
2403
2403
2400
5745
5543
5494
5508
5508
5757
5507
5507
5494
5564
5497
5559
5497
5558
2417
2417
3763
5763
3120
5560
1334
1334
1334
2400
5543
5543
2416
5578
3763
5558
5560
5543
5579
5578
2399
1334
1334
5603
5680
4128
4130
5809
4125
1690
5652
5687
5679
5637
5659
5667
4126
4126
5770
5617
5641
5657
5733
5606
4142
4807
5669
4125
4126
5605
4125
5669
5680
5603
5680
4126
5823
4126
4126
4125
5678
5608
5635
5678
5634
5595
5636
5596
5642
5642
5658
5600
5601
5657
5665
5660
5614
5770
4143
5614
5615
5615
5606
4143
4143
5614
5608
5613
5613
5616
5594
4145
4128
4130
4127
5652
5673
5674
4143
4143
5733
5606
5606
5674
5686
5778
5668
4807
5778
5438
5438
5810
4130
4145
4130
1690
4142
5782
5586
5586
4125
5770
4130
5668
4145
5731
5605
5732
4125
1690
5554
5495
5572
2420
2403
2403
2403
2403
2403
2403
3763
3763
2401
2399
2400
3061
3061
3061
1333
5745
5479
5565
5576
5577
5536
5535
5530
5551
5672
5663
5660
5659
5600
5637
5596
5679
5602
5652
5730
1689
1689
1689
4127
5811
4125
5823
5810
5809
5809
5814
5814
5814
5814
4128
4128
5735
3061
3061
1335
1335
4128
5814
5479
5575
5576
5512
5489
5538
5818
5805
5808
5819
2403
2403
5703
5808
5679
5602
5643
5644
5735
5670
5811
5823
5809
5809
5814
5814
5652
5730
5810
2400
2403
2420
5811
4127
4750
1689
1689
5529
5554
5485
5572
5555
5758
5819
5600
5640
5660
5604
4144
5814
2380
4750
3056
2996
2394
145
519
2390
3123
1019
4120
4115
4117
4167
4121
4745
5815
4117
2392
2393
5803
3056
5815
4116
1693
176
519
2441
4166
176
2394
5819
4106
5803
4106
1691
2378
5800
1710
1710
1355
87
1355
1710
1710
26
87
1710
1355
1710
