0
2920
2
3
1318
5
2338
3149
2887
2390
10
11
1326
2414
2437
15
16
2443
23
23
2283
23
1364
2240
2238
23
26
1357
681
3179
2284
2284
32
1371
34
35
36
1420
38
39
40
41
1386
2692
2682
45
46
1602
48
49
50
1423
2651
53
1432
55
2743
57
58
59
60
61
62
63
64
2919
1464
67
68
69
70
2570
29
73
74
75
76
77
78
79
1501
81
1507
23
2284
23
87
1359
1513
89
90
91
92
93
94
1589
96
97
1524
99
100
101
1539
1546
104
105
106
107
108
109
1570
111
112
113
1600
1582
116
117
118
119
120
121
122
123
124
125
126
127
128
2733
2654
2653
132
1615
134
2645
3636
137
1624
2205
2207
460
2254
2970
1469
2391
2343
2348
151
3138
1639
3185
3188
3093
2289
3094
156
157
2551
1350
1667
1666
162
1674
164
1673
4062
4834
4579
5653
4117
171
1682
173
1685
175
176
177
178
4847
184
183
4014
1716
3970
3969
977
4281
1874
1153
4641
183
183
5251
195
1942
196
197
198
4351
193
201
202
203
1803
1738
4407
4401
208
209
210
211
4346
213
214
215
1787
4368
4415
218
1794
5318
1802
223
224
225
226
227
228
229
230
4609
1839
3780
1840
1849
4186
5419
5416
239
4947
241
1860
243
244
245
246
4269
183
184
184
1711
251
1884
254
255
256
257
258
259
260
261
262
263
264
265
1899
1909
268
269
270
271
5270
1940
274
275
5286
1938
278
1945
4436
4447
1735
283
1901
285
286
1966
1961
289
290
291
292
293
294
295
4372
4373
1977
4365
4364
301
1980
303
305
939
3937
308
4701
5822
1147
4116
4075
4070
4870
4871
2024
952
4016
978
4016
321
322
5849
184
4705
3139
325
2038
329
330
331
332
2059
334
2050
3292
3286
2047
339
340
341
1503
343
344
345
346
347
348
349
350
351
352
353
354
355
356
2081
2080
3353
2081
2084
3355
3363
2089
365
366
367
368
369
370
371
372
2106
374
375
376
2117
2133
2132
2119
3048
2123
2126
2128
3063
2135
387
388
2138
2428
391
2142
3076
3006
2145
2147
3055
398
399
3019
2158
2161
403
3897
2163
406
2916
2167
409
2195
3359
412
413
414
2181
2184
88
423
2188
3207
3206
2192
2194
2198
3182
2199
2202
3002
3004
24
3189
152
2026
2210
2211
633
4486
4474
2768
2267
2785
2769
3141
3146
445
446
3119
3080
449
3032
3950
2220
2220
947
455
3180
473
2288
2261
3016
4483
2243
2221
3950
2274
2276
2282
469
3117
3118
2953
23
3184
474
476
3125
477
478
479
480
481
482
483
484
1633
2853
2885
2839
2320
2883
491
492
493
2333
2331
3085
2432
498
2352
2994
661
2381
2384
2882
505
5705
2856
2355
2357
2408
511
2415
2424
3137
3129
2426
2444
518
2394
2464
2284
462
463
3998
461
2471
2452
530
29
2949
3179
2455
2460
23
2570
2570
1511
2490
2564
544
541
2496
549
550
543
3162
2814
2811
552
551
2516
2518
3038
2523
2811
2814
2477
558
2541
528
533
2576
3744
1507
2508
2534
2455
523
2557
450
1660
2954
3170
446
2235
2780
577
578
726
580
581
582
583
584
585
586
587
588
589
590
591
592
593
594
595
596
597
598
2628
600
601
602
603
2986
2985
1533
1535
608
609
610
611
612
613
614
615
616
617
618
619
620
621
622
623
624
625
626
627
628
629
630
2827
2776
3962
2787
4488
4478
4476
4867
639
640
641
642
4496
644
645
646
525
2816
2812
2816
4483
652
2828
2322
2412
2890
657
658
2364
660
509
662
1467
3152
665
666
667
668
669
670
671
672
3360
3325
2923
676
677
678
2946
436
3169
436
684
2028
2961
3037
687
688
689
690
691
2996
2998
3252
3091
3193
1645
3020
699
700
701
3045
703
3052
3059
3087
707
708
3079
3089
2200
712
713
3127
2215
471
3157
718
3198
720
3234
722
3209
3203
725
3220
3227
728
729
730
731
732
733
734
3296
736
737
738
3314
740
3317
3319
1357
2570
537
746
2290
748
749
750
751
752
753
754
755
756
757
758
759
760
761
762
763
764
765
766
767
768
769
770
771
772
773
774
775
776
777
778
779
780
781
782
783
784
785
786
787
788
789
790
791
792
793
794
795
796
797
798
799
800
801
802
803
804
805
806
807
808
809
810
811
812
813
814
815
816
817
818
819
820
821
822
823
824
825
826
827
828
829
830
831
832
833
834
835
836
837
838
1585
840
841
842
843
844
845
846
847
848
849
850
851
852
3847
3778
3845
856
857
858
859
860
861
862
863
864
865
866
867
3801
4928
4916
871
872
873
874
875
876
877
878
879
3816
3818
882
883
884
3827
886
887
888
889
890
891
892
893
894
895
3849
3856
3854
3867
904
3859
4736
3864
3871
905
906
907
908
3875
3877
3879
4696
4764
3886
4760
916
917
3892
3893
920
921
4515
3900
3902
4606
3926
4719
928
253
931
933
4891
3922
3924
4892
3930
937
3932
4691
4693
5849
4702
4874
2025
4875
4876
4869
4824
1990
4827
4783
4826
4825
4757
4770
3965
957
5431
959
2004
3990
962
4865
4017
4017
2003
3982
3990
4484
4003
4005
4007
4804
4805
974
4641
4011
4868
4020
1997
981
4630
4030
4032
4472
986
987
4546
4040
4577
4575
4050
4531
994
995
996
4057
998
4772
4059
4682
4078
4064
4561
4108
4109
4114
4080
4549
4081
4086
1012
4134
4140
1015
1016
1017
4165
1019
4186
4011
1023
4638
1045
4191
1023
4864
4639
4864
1025
1022
1032
236
4211
1049
4215
4224
1038
1039
1043
4847
1046
1044
4239
1149
4247
1030
4277
1048
4181
4199
5419
4191
192
4233
1022
4179
1058
3971
2019
4856
4645
1063
1064
1065
1066
4647
1068
1069
1070
1071
1072
1073
1074
1075
1076
4376
1078
1079
1080
1081
1082
1083
1084
1085
4344
4437
1088
1089
4675
4676
1905
267
1094
1095
1096
1097
1098
1099
1100
1101
1102
1103
1104
1105
1106
1107
1108
1109
1110
1111
1112
1113
4517
3961
936
1117
1675
1119
4513
4520
4048
4526
4582
4540
1126
4103
4551
4558
1130
4112
4837
4586
1134
1135
1136
1137
1138
1139
1140
5046
5010
4613
1144
1145
1146
4148
4635
1151
4843
2002
3941
1152
4724
4648
1156
4688
4687
1159
1160
4685
4926
4927
4699
2009
2008
4711
1168
1169
1170
4733
4739
4741
4749
4775
1176
1177
4766
4777
4783
4795
1182
4821
3956
1716
4642
1187
1188
1189
1190
4894
5003
1193
1194
4904
4909
4914
1198
1199
4965
5417
4941
1203
4979
1205
1206
1207
1208
1209
1210
1211
5020
236
5032
5040
1216
1217
1218
1219
1220
1221
1222
1223
1224
1225
1226
1227
1228
1229
1230
1231
1232
1233
1234
1235
1236
1237
1238
1239
1240
1241
1242
1243
1244
1245
1246
1247
1248
1249
1250
1251
1252
1253
1254
1255
1256
1257
1258
1259
1260
1261
1262
1263
1264
1265
1266
1267
1268
1269
1270
1271
1272
1273
1274
1275
1276
1277
1278
1279
1280
1281
1282
1283
1284
1285
1286
1287
1288
1289
1290
1291
1292
1293
1294
1295
1296
1297
1298
1956
1300
1301
1302
1303
1304
5298
1306
1307
1308
1309
1310
1311
1313
1316
1312
1315
6
1317
6
1323
7
1320
516
3148
1325
1325
11
1324
1332
3133
1328
1331
1332
5703
5578
5744
1339
1337
1339
2442
23
23
23
23
2284
23
23
2283
2283
1350
2238
23
23
1350
2285
1509
1355
1507
1509
2539
3179
3179
3179
29
2953
23
23
23
2284
1370
3568
32
1370
1373
1374
1375
3639
1377
1380
1379
2631
1381
1385
1382
130
2652
131
1387
1388
1387
2683
1391
1392
1393
1394
1395
1396
1433
1398
1399
1400
1401
1402
1403
1405
1601
1406
1407
1408
1409
1410
1411
1412
1413
1414
1415
1416
1417
1418
1419
50
1419
1422
1425
1425
2648
1430
1431
1427
53
1431
2697
52
1434
3635
1435
1436
1437
1438
1439
1440
1441
1442
1443
1444
1445
1446
1447
1448
1449
1450
1608
1452
1453
1454
1455
5712
5711
5713
1460
2917
1460
5707
5481
5705
1468
1465
2879
3766
66
1470
1471
1472
1473
1475
1475
1474
3132
3150
3131
1327
1481
1482
2473
2472
2473
3744
1487
1488
1489
1490
1491
1492
1493
1494
1495
1496
1497
1498
1499
1500
1501
1502
1503
1500
23
23
2284
23
1509
1510
87
1461
65
1461
1515
1516
1517
1518
1519
1520
1521
1522
1523
1524
1525
1526
1527
1528
1529
1530
1531
1532
1534
5458
102
1533
54
1421
51
1538
1541
1542
1543
1587
1545
98
1547
1548
1552
1550
1549
3591
1556
1554
1555
1556
1557
1558
1559
1560
1561
1562
1563
1564
1565
1566
1567
1568
1567
1570
1571
1572
1571
1574
1575
1576
1577
1578
1579
1580
1580
1582
1583
1581
114
1581
1587
1588
1589
1590
1591
1592
1593
1595
1598
120
1597
1598
1599
1600
1601
1602
1603
1606
1605
3627
1607
1608
1609
1610
1611
1614
1613
2644
132
1389
44
1618
1619
1620
140
1621
140
140
142
142
3011
2253
1630
2346
147
1629
146
151
151
151
1639
3186
3186
3187
443
5704
5704
3094
2289
473
3094
1648
1649
1650
1651
1652
1653
1654
1655
3331
3223
3329
3333
570
2239
570
1660
1664
1667
1666
1667
1671
163
1671
1672
166
4744
4065
167
167
4833
1678
1676
1683
1680
173
1683
1684
175
1686
1687
1688
5687
5605
5587
1692
1693
1694
1695
184
184
184
184
4011
4014
976
4011
3968
4013
977
1704
184
1712
1710
187
1879
248
5427
4864
4641
5427
4864
4847
183
4847
4847
5248
1726
1942
5248
1730
1728
1729
5321
221
4350
4350
4350
1785
1739
1736
297
4371
296
4403
4403
1742
206
1746
1746
1747
1748
1749
1750
1751
1799
222
1754
1755
1756
1757
1758
1759
1760
1761
1762
1763
1764
1765
1766
1767
1768
1769
1770
1771
1772
1773
1774
1775
1776
1777
1778
1779
1780
1781
4369
4369
1782
193
4367
4367
1787
1795
218
1793
1795
1795
217
4413
1798
1797
5317
1799
1804
1801
1802
5320
4449
1807
1806
1807
1808
1809
1810
1811
1812
1813
1815
1971
1816
1817
1818
1819
1820
1821
1822
1823
5591
5794
5625
1827
1827
1829
5654
5726
5589
4571
4572
1837
5835
4083
233
233
233
1838
1842
1843
1842
1847
1845
1847
1681
172
1848
4197
1027
5420
4197
240
1855
240
4948
1859
241
1861
1862
1863
1867
1865
1866
1867
1868
1869
1870
1871
1872
4847
183
4847
4847
184
977
1881
251
4210
1828
1882
231
1885
1886
1887
1888
1891
1890
1891
1892
1893
1894
1895
1896
1897
1898
1899
1900
1901
1898
1904
4444
220
1904
267
1784
216
1908
1911
1912
1913
1914
1915
1916
1917
1918
1920
270
1921
1921
1923
1924
1925
1926
1927
1928
1929
1930
1931
1936
273
1934
1935
5269
276
5287
1937
276
1942
234
1941
1841
194
1947
1725
1723
1948
1950
1950
1952
1953
1953
1955
283
1957
1958
1959
1960
1964
1962
289
1965
1951
283
1952
1968
1969
1970
1972
1963
5310
5310
1978
300
299
4363
1742
207
1979
1982
1983
1984
3934
3935
3936
3934
4700
4700
939
4700
4072
1004
4069
313
4075
4871
4871
4871
4870
4870
4873
952
5587
5653
978
4784
978
4016
2011
2012
2013
2014
2018
5017
2017
2018
1059
2022
1059
3970
4873
4879
1166
3186
3185
151
151
3139
2024
2024
2024
2034
2035
2036
2037
2038
2039
2040
2041
2042
2043
2048
333
2044
337
3285
2051
336
3291
2049
2053
2054
2055
2056
2057
2058
342
2060
2061
2062
2063
2064
2065
2066
2067
2068
2069
2070
2071
2072
2073
2074
2075
2076
2077
2081
2081
359
2081
2081
2085
2084
2085
2083
2087
2088
361
2087
2091
2092
2093
2094
2095
2096
2097
2098
2099
2100
2101
2102
2103
2104
2086
358
2105
2108
2109
2110
2111
2112
2113
2114
2115
2118
378
2130
379
2116
2122
2132
381
2121
2129
377
2125
385
3062
2130
2134
2132
2182
2134
2135
2136
2137
2138
2139
2140
2141
2144
2144
3076
394
2145
2149
4
3053
397
2150
2152
2153
2154
2155
395
400
2146
395
2162
403
3895
404
2160
2165
2166
407
2168
2169
2170
2196
2172
2173
2174
2175
2176
2177
2178
2182
2179
416
2183
2183
2184
3330
88
3330
418
2185
2191
3205
421
2190
420
357
2082
2198
2078
2203
2203
2202
405
3182
2206
428
3001
429
23
24
1641
3189
1641
3189
148
148
2210
1638
2026
4473
4475
1115
4473
632
431
460
431
2213
634
2771
2770
3141
2786
448
2234
2235
3082
3336
449
449
2240
449
437
2221
2220
3953
947
2164
2247
2249
2288
2288
2288
456
3180
2768
436
3138
2768
2768
632
632
473
473
2287
458
457
3018
2221
451
2221
2221
3950
2277
2225
2273
138
1628
2281
2278
469
3116
470
2286
2286
2240
2286
3181
3181
3184
470
3118
2291
2282
2296
476
3124
2294
2298
2299
2300
2301
2302
2303
2304
2305
2306
2307
2308
2309
2310
503
2311
2852
2382
2315
2316
2317
2318
487
2841
2320
2323
2885
2324
2325
2326
2327
2328
2332
2329
496
3121
2333
2337
2334
2336
2992
500
2339
2340
2341
507
2869
2384
507
2881
2387
504
2349
144
2969
143
2353
5510
5569
5511
5516
5520
5515
5517
5511
5519
5522
5484
5715
5474
5503
5690
5691
2369
2373
2368
1476
2371
2370
5787
2366
2380
1335
2380
2840
2855
488
655
2880
2876
2386
1456
5818
5807
5805
2389
5808
2394
2393
5830
5831
5804
2399
1334
2401
2404
2403
2419
2421
2421
1330
2407
2413
2407
5831
2372
1479
2411
1477
5508
5497
2419
2421
2418
2421
5480
2425
514
3136
515
2423
2429
2443
2429
2431
517
17
2434
5826
2435
5827
1331
511
2438
2441
2441
2442
519
2472
2472
2284
2570
23
23
2269
462
2268
461
2269
2467
2520
2521
2467
2471
2468
2470
3743
29
2948
2949
2948
2956
2470
2956
2949
3745
1361
2452
2452
522
526
2462
2463
23
2472
2472
2570
2472
1510
1510
1511
2491
2488
539
2563
2493
3746
538
2495
540
2511
2513
2514
2498
2512
2285
23
21
1344
2809
2813
532
2506
649
2546
2547
2517
2545
2294
468
2515
2295
2950
452
2780
2500
545
2500
2811
2811
2811
2523
527
2477
527
2813
2811
2814
2479
2479
2537
2539
2539
2538
558
2543
2561
2542
551
2517
2518
2463
2460
2463
23
23
23
2284
3776
2476
2549
2555
527
2477
2561
467
2540
559
2539
474
2569
528
2575
2464
522
2451
2519
522
2577
572
2957
573
743
2235
3335
2582
2583
2584
2585
2588
2270
2955
2589
2590
2591
2960
2592
2594
2595
2596
2597
2598
2599
2600
2601
2602
2603
2604
2605
2657
2607
2608
2609
2610
2611
2612
2613
2614
2615
2616
2617
2618
2619
2620
2621
2622
2623
2624
2625
2627
2627
2628
2629
2631
2631
1372
2633
2634
2635
2636
2637
2638
2639
2640
2641
2642
2643
2644
101
2646
2647
2649
2984
605
604
1536
607
606
2657
608
2657
2658
2659
2660
2661
2662
2663
2664
2665
2666
2667
2668
2669
2670
2671
2672
2673
2674
2675
2676
2674
2678
2679
2680
2681
2682
3637
2684
2685
2686
2687
2688
2689
134
2690
1613
2693
2694
2695
2696
2699
77
3297
2700
2701
2702
2703
2704
2705
2706
2707
2708
2709
2710
2711
2712
2713
2714
2715
2716
2717
2718
2719
2720
2720
599
2723
2725
2725
2726
2727
2728
2729
1424
1424
1540
2733
2732
2735
2736
2737
2738
2739
2740
2741
2742
2744
3638
2745
2746
2691
2748
2749
2750
2751
2752
2753
2754
2755
2756
2757
2758
2759
2760
2761
2764
631
2915
4485
4481
4486
2782
2788
2785
638
4487
635
635
4478
2772
3953
4474
2221
2220
3950
636
2773
4477
638
2787
3183
4488
2789
2790
2791
2792
2793
2794
2795
2796
2797
2798
2799
2800
2801
2451
2454
2815
525
2812
2812
2455
2455
2269
2453
461
2455
2454
464
3998
2268
2781
3997
2820
2821
2822
2823
2825
1321
2825
642
8
2832
2829
490
2887
2319
2375
2836
2374
2838
5788
656
2835
2889
2842
2843
2844
2845
2846
2847
2848
653
2830
486
2321
489
654
2837
2377
3640
2858
2859
2860
2312
2862
5754
2360
2362
5753
2857
659
2388
1458
2871
2872
2873
2874
2875
5552
5568
5751
5750
5546
2385
663
2884
3153
510
664
2888
3151
2410
3758
2891
2892
2893
2894
2895
2896
2897
2898
2899
2900
2901
2902
2903
2904
2905
2906
2907
2908
2909
2910
2911
2912
2913
2914
2915
2916
2918
3325
674
2918
2193
423
422
2921
2925
2926
2927
2928
2929
2930
2931
2932
2933
2934
2935
2936
5762
2940
2939
2941
1466
2078
2942
2947
2944
675
3231
452
452
2219
2952
3157
681
2261
436
3026
3176
2261
2962
2959
686
3756
2963
2964
2965
2966
2967
2968
5833
5803
2971
2972
2973
2974
2975
2976
2977
2978
2979
2980
2981
2982
2983
2987
688
689
2987
2988
2989
2990
2991
2993
2995
692
5803
5802
2997
694
3255
2997
3003
494
389
389
2330
495
3005
3009
3009
3008
3012
3010
2289
3093
153
155
2263
3013
3022
139
3019
3023
3007
436
436
2261
3027
3757
401
3030
2275
465
466
3021
3034
3034
698
2219
3039
3040
3041
3042
393
2143
2151
1512
3046
3048
2189
3050
3051
417
3054
3058
705
3056
3057
3060
706
3086
5745
2180
415
3064
3065
3066
3067
3068
3069
3070
3071
3074
3072
3083
2157
3073
2120
3077
380
2124
2124
3080
3084
3088
710
3057
9
2392
145
3090
427
3092
2201
2201
2200
426
3097
3098
3099
3100
4788
3102
3103
3104
3105
3106
3107
3108
3109
3110
702
3112
3113
3114
0
3078
383
709
3082
3120
3122
3123
2395
2127
384
3126
3127
3126
3129
3130
1475
1474
5827
3134
3135
3136
3137
2783
442
2786
425
2200
3191
3190
152
425
3147
3128
714
1476
3135
3152
2439
2226
2212
2227
3156
3169
2284
2284
22
2286
1364
2951
28
3032
2212
2028
2215
3167
3169
2473
1363
1361
681
326
326
2955
683
695
3091
3183
4867
427
441
2228
2231
3142
3195
3014
696
3015
426
426
3095
3199
3197
720
3237
721
3202
3233
725
3201
3208
722
723
722
3211
3209
3211
3212
3213
3214
3215
3217
2924
3218
3753
685
3221
2960
3222
3226
3224
3226
3227
3225
727
3228
3230
3232
3233
3234
3235
3236
3237
3238
3239
3240
3241
3242
3243
3244
3245
3246
3247
3248
3249
3250
3251
330
3253
693
3255
3256
3257
3258
3259
3260
3261
3262
3263
3264
3265
3266
3267
3268
3269
3270
3271
3272
3273
3274
3275
3276
3277
3278
3279
3280
3281
3282
2052
335
1504
80
3287
3288
3289
3290
2104
3292
3293
3256
3294
332
3297
3298
3299
3300
3301
3302
3303
3304
3305
3306
3307
3308
3309
3310
3311
3312
3313
3314
3315
3316
3210
3317
724
3210
3322
3324
3321
3320
3320
3204
3326
3328
3329
3323
430
743
2208
23
1357
3337
3338
3047
2472
2570
2472
2284
2472
2570
1485
2485
2570
1356
2292
1359
3318
3318
742
3354
3355
3356
3357
3327
360
360
3359
3362
3363
3364
2479
2479
2548
3368
3369
2293
3371
3372
3373
3374
3375
3376
3377
3378
3379
3380
3381
3382
3383
3384
3385
3386
3387
3388
3389
3390
3391
3392
3393
3394
3395
3396
3397
3398
3399
3400
3401
3402
3403
3404
3405
3406
3407
3408
3409
3410
3411
3412
3413
3414
3415
3416
3417
3418
3419
3420
3421
3422
3423
3424
3425
3426
3427
3428
3429
3430
3431
3432
3433
3434
3435
3436
3437
3438
3439
3440
3441
3442
3443
3444
3445
3446
3447
3448
3449
3450
3451
3452
3453
3454
3455
3456
3457
3458
3459
3460
3461
3462
3463
3464
3465
3466
3467
3468
3469
3470
3471
3472
3473
3474
3475
3476
3477
3478
3479
3480
3481
3482
3483
3484
3485
3486
3487
3488
3489
3490
3491
3492
3493
3494
3495
3496
3497
3498
3499
3500
3501
3502
3503
3504
3505
3506
3507
3508
3509
3510
3511
3512
3513
3514
3515
3516
3517
3518
3519
3520
3521
3522
3523
3524
3525
3526
3527
3528
3529
3530
3531
3532
3533
3534
3535
3536
3537
3538
3539
3540
3541
3542
3543
3544
3545
3546
3547
3548
3549
3550
3551
3552
3553
3554
3555
3556
3557
3558
3559
3560
3561
3562
3563
3564
3565
3566
3567
3568
735
3570
3295
3572
3573
3574
3575
3576
3577
3578
3579
3580
3581
3582
3583
3584
3585
3586
3587
3588
3589
3590
3591
3592
3593
3594
3595
3596
3597
3598
3599
3600
3601
3602
3603
3604
3605
3606
3607
3607
3609
3610
3612
3614
3613
3614
3615
3616
3617
3618
3619
3620
3621
3622
3623
3624
3625
3626
2684
3628
3629
3630
3631
3632
3633
3634
2734
129
3637
2736
3608
2365
3641
3642
3643
3644
3645
3646
3647
3648
3649
3650
3651
3652
3653
3654
3655
3656
3657
3658
3659
3660
3661
3662
3663
3664
3665
3666
3667
3668
3669
3670
3671
3672
3673
3674
3675
3676
3677
3678
3679
3680
3681
3682
3683
3684
3685
3686
3687
3688
3689
3690
3691
3692
3693
3694
3695
3696
3697
3698
3699
3700
3701
3702
3703
3704
3705
3706
3707
3708
3709
3710
3711
3712
3713
3714
3715
3716
3717
3718
3719
3720
3721
3722
3723
3724
3725
3726
3727
3728
3729
3730
3731
3732
3733
3734
3735
3736
3737
3738
3739
741
3741
3742
2470
3179
29
3747
2544
2542
3749
3750
3751
683
3035
1622
3754
3755
3044
1478
3759
3760
3761
3762
3763
3764
2027
5480
1638
3768
3769
3770
3771
3772
1625
3774
23
522
3781
853
3777
855
3844
3782
3783
3784
3785
3786
3787
3788
3789
3790
3794
3792
3793
3794
864
3796
3797
3798
3799
3800
870
3803
4916
3804
3804
3806
3807
3808
3809
3810
3811
3812
3813
3814
3815
3818
3818
5036
3819
3816
3821
3822
3823
3824
3825
365
3827
3828
3829
3830
3831
3832
3833
3834
3835
3836
3837
3838
3839
3840
3841
3842
3843
3844
4792
3846
3847
869
3802
3851
4929
3855
3852
899
3865
900
3860
3857
902
4802
3862
4751
3861
897
904
904
1667
3869
3869
3870
3871
3872
3873
3874
3875
3876
912
3877
912
4696
3880
915
3884
4762
4743
165
3887
3888
3889
3890
3878
911
910
3891
3895
3896
3897
3898
3903
922
3899
925
4617
3904
3905
3906
2197
3908
3909
3910
4716
3913
3915
3913
3915
5015
3919
4614
5015
253
3925
932
3921
935
4889
424
3820
3927
3929
3930
3931
3932
3929
3936
4690
4690
940
185
184
1704
1166
4704
4872
1166
3944
325
325
942
3944
4824
4824
4824
4869
967
3995
967
3994
4827
4831
1180
4826
4827
3964
5021
955
3966
3967
3971
4649
959
959
3990
4823
2004
947
3976
3977
3978
4865
4865
963
4017
4865
317
4823
317
2024
2004
4870
4870
978
4017
978
3980
3981
3983
4484
3951
4484
4484
1986
305
1985
4001
5449
4008
973
4803
974
4006
4640
4640
3970
4012
4866
4784
4866
4021
4018
956
4806
4024
4024
4811
4028
4026
982
4628
4033
924
4029
985
4470
4034
4035
4036
984
1005
4071
1005
4544
4042
4043
980
4045
990
4577
4047
4050
4532
4051
4052
4053
4054
4055
4058
998
4808
999
4056
4063
1001
4681
1002
4061
4066
4067
4068
4110
1009
4107
4559
4560
4573
1129
4079
4076
309
4658
310
5621
5620
5662
5598
5627
5624
5625
5629
5628
5633
5592
4093
5717
5769
5768
4100
4099
4095
4835
1844
4099
4097
4090
4530
5784
5783
4533
4533
993
4547
4556
4087
4555
1011
5811
5823
5812
4115
4119
4119
4121
4122
4123
4124
4125
4126
4142
4129
4131
4128
4132
4132
4133
4134
4135
4139
4137
4098
4141
4139
4819
5614
5771
4147
4144
4147
1843
5677
4149
4150
4151
4152
4153
4154
4155
4156
4157
4158
4159
1695
4161
4162
1687
4163
4165
4166
4167
4168
4169
4196
4186
4011
4196
4014
4014
3997
4509
968
3999
4240
4194
4189
1023
4242
4192
5419
4188
4195
4637
4638
1045
4863
4863
1149
4646
1717
1715
4189
4181
4184
4179
4185
4185
4011
184
4196
4196
236
4196
4212
252
5024
4214
4259
4279
4213
4221
1037
4219
4220
5421
4234
4225
4235
4236
4204
4847
1702
1701
4245
4508
4251
4252
4238
4262
4238
4023
4237
975
4638
4638
4638
4223
4243
4244
4244
1038
4248
4249
1030
4244
4247
4203
4254
4203
4257
4280
1048
4257
4276
4276
4239
4261
4237
4185
4187
1025
4847
183
4271
4274
4272
1050
4249
1030
4010
972
4256
4258
4019
979
4187
4186
5418
4181
4184
4184
4189
1022
4864
189
4645
4863
4229
1054
1063
4297
4298
4299
4639
4643
4637
4303
4304
4305
2020
4306
4308
4309
4310
4311
4312
4313
4314
4315
4316
4317
4318
4319
4375
4321
4322
4323
4324
4325
4326
4327
4328
4329
4330
4331
4332
4333
4334
4335
4336
4337
4338
4339
4340
4341
4342
4343
4347
4346
4438
4436
280
1724
1724
1724
4352
4353
4354
4355
4356
4357
4358
4359
4360
4361
4362
4366
266
219
4441
4370
1090
1091
4673
1906
1092
1907
4375
4375
1094
4377
4378
5294
4380
4381
4382
4383
4384
4385
4386
4387
4388
4389
4390
1902
4392
4393
4394
4395
4396
4397
4398
4399
4400
4401
1967
4392
4404
4405
301
1976
4406
4409
4410
4411
4412
4414
4981
242
4416
4417
4418
4419
4420
4421
4422
4423
4424
4425
4426
4427
4428
4429
4430
4431
4432
4433
4434
1943
1941
1941
278
4439
4440
4442
4442
1788
1788
1910
4445
282
1791
4448
4450
4451
4452
4453
4454
4455
4456
4457
4408
4459
4460
4461
4462
4463
4464
4465
4466
4467
4468
4469
4471
4605
1114
4486
3961
953
4489
1116
936
4489
1116
4479
4823
3951
3990
950
3959
936
4867
936
4490
4491
4492
4493
4494
4495
4496
4497
4498
4499
4177
4177
4509
4177
4177
1022
4509
4178
4178
968
3999
4727
4465
4513
4512
1112
4519
1117
4516
1679
168
991
4521
4047
4046
4576
4102
4138
4101
4528
4094
1124
4581
4529
4534
1125
5323
4537
4514
4538
1120
4518
4543
4522
4049
992
1122
1123
5322
4527
4539
923
4552
4039
4038
4085
5767
4091
4088
4548
4562
1127
4557
3901
4563
4565
4566
4567
5621
5662
5764
5724
5590
4113
4111
4578
1132
1013
4838
4580
4836
4135
1014
4583
238
4585
3850
4587
4588
4589
4590
4591
4592
4593
4594
4595
4596
4597
4598
4599
4600
4601
4602
4603
4604
4604
1113
4607
4608
1142
5415
3923
4611
934
933
4615
4616
4468
4618
4619
4620
4621
4622
4623
4624
4625
4626
5725
4629
1835
1008
1833
3820
4634
4915
1143
4636
1151
314
4647
4641
4856
4842
315
315
944
4644
2002
4649
5431
1154
3969
4655
4653
1003
4660
4656
4657
5801
4105
4077
4661
4662
4663
4664
4665
4666
4670
4668
4669
4977
232
4672
4674
4686
1158
1157
4677
4678
4679
4680
4684
1161
5816
5815
5815
4689
4687
1163
4925
4692
909
4787
997
4060
4694
1000
3876
4697
4699
939
4698
319
3993
2007
4016
3993
3992
4709
4712
4708
306
4695
2004
2003
314
4716
4717
919
5432
4004
5430
971
4710
1167
918
4723
314
4728
4729
4730
4731
3883
914
4732
1883
161
4735
3916
3920
4738
930
4744
4760
4747
5817
4745
4748
4774
1175
5586
3914
4752
1169
4754
4755
4740
1172
4758
4759
4761
4771
4760
3894
4696
3853
898
4765
3858
4768
901
4773
1179
4776
4746
170
4118
311
4778
4779
4780
4784
4784
938
4868
4785
4786
4787
4788
4065
4790
4791
4792
1670
4794
4793
4796
4797
1171
4799
4795
4800
1667
4767
1178
903
4769
4145
4809
4810
4120
3863
4812
235
4814
4815
4820
4817
4818
4161
4164
1018
4822
952
3960
4831
4783
3933
3996
4874
4706
3933
1850
4815
1183
4818
4837
4838
4134
307
949
4830
4840
4841
4011
4848
4012
4012
190
4640
4722
4641
3942
943
2025
4852
4855
4197
1717
1715
1150
2023
2023
4646
1153
4698
1164
4867
4780
3959
951
4878
318
4877
2010
4702
4703
4781
4781
4782
4880
4881
4882
4883
4884
4885
4886
4887
4888
4890
4890
1192
1191
4893
4894
5002
4896
4897
4741
4900
4612
4611
4902
4903
4651
5428
4651
941
1191
864
1191
4908
4911
4912
1196
4913
1197
4917
4918
4919
4920
4921
4922
4923
4924
4801
1181
4927
4930
4930
4930
4931
4932
871
4933
4935
4935
4937
4938
4936
4939
862
3795
4942
4944
4945
4946
1201
4950
4943
4966
4951
4952
4953
4954
4955
4956
4957
4958
4934
4959
4961
4962
4963
4964
4966
5417
4967
4968
4969
4970
4971
4972
4973
4974
4975
4976
4960
4940
854
4978
4962
4982
4983
4984
4985
4986
4987
1841
4989
4990
4991
4992
4993
4994
4995
4996
4996
4998
4999
1208
1187
5002
5003
5004
5005
5008
5006
5009
5003
1210
5011
5012
5013
5016
5007
5017
3939
1212
1701
188
5022
5023
4735
1854
1034
4196
236
1853
183
4170
5030
4171
5033
5034
5035
5036
5037
5036
5040
5040
5041
5042
5043
3817
5044
881
5047
5048
5049
4203
4202
4265
5053
5054
5055
5056
5057
5058
5059
5060
5061
5062
5063
5064
5065
5066
5067
5068
5069
5070
5071
5072
5073
5074
5075
5076
5077
5078
5079
5080
5081
5082
5083
5084
5085
5086
5087
5088
5089
5090
5091
5092
5093
5094
5095
5096
5097
5098
5099
5100
5101
5102
5103
5104
5105
5106
5107
5108
5109
5110
5111
5112
5113
5114
5115
5116
5117
5118
5119
5120
5121
5122
5123
5124
5125
5126
5127
5128
5129
5130
5131
5132
5133
5134
5135
5136
5137
5138
5139
5140
5141
5142
5143
5144
5145
5146
5147
5148
5149
5150
5151
5152
5153
5154
5155
5156
5157
5158
5159
5160
5161
5162
5163
5164
5165
5166
5167
5168
5169
5170
5171
5172
5173
5174
5175
5176
5177
5178
5179
5180
5181
5182
5183
5184
5185
5186
5187
5188
5189
5190
5191
5192
5193
5194
5195
5196
5197
5198
5199
5200
5201
5202
5203
5204
5205
5206
5207
5208
5209
5210
5211
5212
5213
5214
5215
5216
5217
5218
5219
5220
5221
5222
5223
5224
5225
5226
5227
5228
5229
5230
5231
5232
5233
5234
5235
5236
5237
5238
5239
5240
5241
5242
5243
5244
5245
5246
5247
1204
5437
4980
4980
1863
5253
5254
5255
5256
5257
5285
5259
5260
5261
5262
5263
5264
5265
5266
5267
5268
5271
1946
1949
270
5273
5274
5275
5276
5276
5278
4375
5280
5281
5282
5283
1939
280
199
1733
282
5288
5290
5291
5292
5293
5296
1305
5297
5297
5298
5299
5300
5301
5302
5303
5305
5305
5306
5307
5308
5309
4402
5311
5312
5313
5314
5315
5316
4446
281
5319
4449
5289
4092
4624
5324
5325
5326
5327
5328
5329
5330
5331
5332
5333
5334
5335
5336
5337
5338
5339
5340
5341
5342
5343
5344
5345
5346
5347
5348
5349
5350
5351
5352
5353
5354
5355
5356
5357
5358
5359
5360
5361
5362
5363
5364
5365
5366
5367
5368
5369
5370
5371
5372
5373
5374
5375
5376
5377
5378
5379
5380
5381
5382
5383
5384
5385
5386
5387
5388
5389
5390
5391
5392
5393
5394
5395
5396
5397
5398
5399
5400
5401
5402
5403
5404
5405
5406
5407
5408
5409
5410
5411
5412
5413
5414
5038
1200
864
4863
4864
1715
5423
4263
4260
5424
5425
5426
1153
4726
1988
5429
5430
4734
1846
5434
5435
5436
3779
4130
1995
5727
2024
5654
4872
5444
5445
5446
5447
5448
3935
184
4216
4847
4184
5454
5455
4346
5456
1424
1788
5460
5457
5462
5463
5464
5465
5466
5467
5468
5469
5470
5471
5472
5473
5500
5540
5694
5696
5697
5564
5565
5576
5489
5539
5523
5554
5558
5486
5532
5492
5530
5485
5549
5556
5570
5572
5562
5699
5488
5508
5501
5563
5496
5475
5507
5508
5507
5497
5700
5534
5536
5535
5526
5538
5537
5531
5492
5529
5524
5485
5530
5557
5573
5557
5551
5486
5533
5486
5506
5551
5493
5551
5507
5558
5533
5533
5527
5548
5548
5550
5476
5695
5696
5580
5565
5576
5512
5558
5558
5558
5556
5556
5577
5577
5495
5562
5495
5555
5559
5560
5572
5542
5478
5477
5579
5566
5570
5578
5576
5494
5505
5487
5698
5555
5476
5494
5571
5525
5499
5570
5578
5609
5649
5741
5739
5737
5605
5673
5675
5685
5645
5639
5632
5663
5667
5615
5641
5600
5640
5593
5601
5665
5635
5672
5671
5608
5734
5596
5614
5682
5582
5612
5671
5606
5771
5668
5615
5614
5637
5637
5600
5643
5639
5600
5639
5647
5631
5640
5632
5631
5681
5664
5604
5681
5594
5616
5657
5656
5660
5660
5665
5667
5667
5642
5642
5656
5658
5659
5659
5742
5740
5738
5674
5675
5684
5619
5667
5668
5665
5665
5603
5644
5685
5666
5666
5603
5670
5668
5669
5735
5650
5583
5651
5678
5617
5674
5685
5602
5616
5595
5585
5604
5649
5602
5596
5634
5608
5678
5500
5475
5476
5693
5760
5760
5760
5760
5695
5695
5697
5560
5497
5508
5578
5564
5479
5479
5479
5479
5575
5498
5489
5516
5539
5491
5521
5474
5743
5610
5581
5632
5599
5648
5646
5597
5619
5684
5683
5587
5587
5587
5673
5605
5614
5606
5772
5736
5775
5739
5774
5774
5774
5749
5748
5742
5479
5564
5479
5704
1842
1842
5569
5498
5511
5516
5520
5519
5508
5497
5697
5793
5760
5760
5479
5560
5620
5619
5627
5598
5798
5768
5614
5606
5773
5775
1843
1843
5607
5683
4145
5578
5760
5760
5605
5687
5587
5587
5588
5521
5503
5474
5540
5475
5693
5761
5628
5633
5581
5716
1844
1843
5744
5653
2380
5802
5804
5805
5806
2400
5808
5814
5810
4125
4127
5828
5813
4106
4106
4750
2399
5819
2378
5821
2005
5823
5824
5825
2396
2397
5829
5829
2405
2406
169
2379
5786
5726
5800
1643
4014
184
23
23
23
4847
4847
23
23
184
23
184
