0
1
2
1313
2147
5
3053
3151
2887
3084
3097
2594
1325
14
1337
1339
2433
2430
1341
1352
2447
21
22
23
24
1352
2566
27
1360
2468
546
546
32
33
1374
35
36
37
38
39
40
41
1383
43
44
45
46
47
48
49
50
51
52
53
54
1429
56
57
58
59
60
61
62
63
64
1513
2380
67
68
69
1480
1486
2463
73
1487
75
76
77
1497
79
1501
81
82
83
546
85
87
1359
2186
89
90
91
92
93
94
95
96
97
98
99
100
101
102
103
104
1569
106
107
108
109
3639
111
112
2628
114
115
116
117
118
119
120
121
122
123
124
125
126
127
128
129
2654
131
132
1615
134
135
136
137
2277
1622
142
3143
2266
692
5820
3089
2869
2882
1634
2257
3765
151
1638
3195
3014
1647
156
157
158
159
160
161
162
1672
164
3885
4744
167
168
5835
170
171
1682
173
1685
4162
176
177
178
186
1706
1720
5839
183
4013
185
1706
4280
5020
189
190
1874
4228
193
1725
195
196
1728
198
4351
1785
201
4398
203
1800
1736
206
207
208
209
210
4434
4997
213
214
215
1788
217
4415
1790
1793
1798
1802
223
224
225
226
1814
228
229
230
1884
232
233
234
1849
4208
237
238
239
240
241
242
243
244
245
246
1713
247
250
3939
4257
251
3920
254
255
256
257
258
259
5291
261
262
263
264
265
266
5459
268
269
270
271
272
273
274
275
276
1730
4989
1945
4436
4446
1735
283
284
285
286
287
288
289
290
291
292
293
294
295
4449
4371
299
4365
300
1976
302
303
4002
1991
1988
3995
3979
309
310
311
312
313
3989
315
2001
2004
318
2008
2010
321
322
323
324
325
2030
2032
2720
329
330
331
332
2059
2045
2050
3292
3286
2047
3258
2054
2056
1503
3300
2061
345
346
347
348
349
350
351
352
353
354
355
356
2078
358
3353
3351
361
362
363
364
365
366
367
368
369
370
371
372
3843
374
375
376
2117
378
379
2119
381
382
2126
2128
3063
386
387
388
3008
390
391
2156
2142
3023
3019
3043
3076
398
399
3021
2157
2249
402
2163
2202
406
407
408
409
410
411
412
413
414
2181
416
417
2188
419
3205
3225
3230
423
4632
2200
426
427
2204
3012
430
2210
3767
3177
2215
2214
2223
2221
2778
2259
2227
2229
2783
3186
2231
445
446
447
448
449
450
451
452
2244
2246
455
2262
1645
3016
459
431
2272
2270
463
464
3156
466
2282
2280
3117
3118
471
472
2289
474
476
3125
2353
2964
2348
480
2862
482
2317
484
1633
2313
2885
2839
2321
2883
3098
2326
2328
3001
3005
2329
3099
2335
500
3058
661
2344
507
1467
2351
1333
2856
2355
2357
2407
1328
13
2424
3136
3126
3148
2432
2438
2444
71
521
2452
462
461
2454
2457
527
2459
2462
553
2469
532
2530
5848
536
3340
86
3748
559
544
2494
540
549
2545
2512
2505
554
542
552
551
551
2518
2949
545
2496
2523
541
2562
2541
557
541
2568
2567
564
565
566
555
2572
569
570
571
572
2577
574
575
576
2279
2297
579
580
581
582
583
584
585
586
587
588
589
590
591
592
593
594
595
596
597
2038
2722
600
601
602
603
604
605
606
607
608
609
3613
2659
612
613
614
615
616
617
618
619
620
621
622
2742
624
625
626
627
628
629
630
2763
2768
2767
3141
2771
2774
2782
2787
639
640
641
642
493
492
70
2798
556
648
2528
2812
651
652
653
2833
2834
3758
657
658
2376
660
509
662
508
3153
665
666
667
668
669
670
671
672
673
3325
675
676
677
678
679
2955
3752
682
2956
2958
685
686
687
688
689
690
691
3086
693
694
3181
3187
3189
698
699
700
701
3044
703
704
3072
3074
707
708
709
710
3142
712
713
3134
3169
716
717
3200
3198
3238
3234
3226
3209
3203
3236
726
3282
3245
3280
3284
3266
3289
3260
734
735
736
737
738
3314
740
3317
3319
743
535
745
746
747
748
749
750
751
752
753
754
755
756
757
758
759
760
761
762
763
764
765
766
767
768
769
770
771
772
773
774
775
776
777
778
779
780
781
782
783
784
785
786
787
788
789
790
791
792
793
794
795
796
797
798
799
800
801
802
803
804
805
806
807
808
809
810
811
812
813
814
815
816
817
818
819
820
821
822
823
824
825
826
827
828
829
830
831
832
833
834
835
3581
3618
2661
1585
840
841
842
1589
3615
3623
846
847
848
849
850
851
852
853
854
855
856
857
858
859
860
861
862
863
864
865
866
867
868
869
870
871
872
873
874
875
876
877
878
879
3816
5036
5037
3819
884
885
886
887
888
889
890
891
892
893
894
895
896
3856
3854
3867
3866
901
902
3864
904
905
906
907
908
909
3878
4709
4712
3877
3883
4764
4654
917
4710
3894
920
921
3900
4539
4030
3899
5045
4719
928
929
930
3918
932
4614
934
935
936
937
938
4701
940
941
3944
3942
944
4829
946
3951
3985
949
3962
3960
4870
4486
954
955
956
957
958
959
3974
961
962
965
3992
3991
966
4707
968
3999
970
971
4006
4803
4805
974
976
182
978
4018
980
4027
4630
983
984
4032
986
987
4553
989
990
4047
4049
993
994
995
996
997
998
999
1000
4747
1002
1003
1004
1005
4038
1007
1008
1009
1010
1011
1012
1013
1014
1015
4814
1017
4165
1019
5027
1041
4179
969
1024
1025
1026
5419
4194
1718
4250
4247
5025
1032
252
4260
5423
4234
1037
4220
4264
4228
1038
4264
4239
4639
1038
1039
4276
4261
1047
1039
1052
4285
1054
1055
4252
4289
1058
1059
1060
1061
1062
1063
1064
4023
475
1067
4006
1069
1070
1071
1072
1073
1074
1075
1076
1077
1078
1079
1080
1081
1082
1083
1084
1085
212
278
1969
1089
1090
1091
1905
1907
1094
1095
4378
5295
1098
1099
4394
1101
1102
1103
1104
4429
1106
1107
4454
1109
1110
1111
4515
4606
4472
4474
1116
4517
1118
4499
1120
4543
1122
1123
1124
1125
1126
1127
1128
1129
1130
1131
4578
1133
1134
1135
1136
1137
1138
1139
1140
1141
1142
1143
1144
1145
1146
1147
1148
4638
1150
1151
1152
1153
1154
1155
1156
1157
1158
1159
1160
1161
1162
1163
1164
4704
1166
1167
1168
1169
1170
4734
1172
1173
4760
1175
1176
1177
4766
1179
1180
4795
4799
4820
1184
1185
1186
1187
1188
1189
1190
1191
1192
1193
1194
1195
1196
1197
1198
1199
1200
1201
1202
1203
1204
1205
1206
1207
1208
1209
5003
5004
1212
5027
1214
1215
1216
1217
1218
1219
1220
1221
1222
1223
1224
1225
1226
1227
1228
1229
1230
1231
1232
1233
1234
1235
1236
1237
1238
1239
1240
1241
1242
1243
1244
1245
1246
1247
1248
1249
1250
1251
1252
1253
1254
1255
1256
1257
1258
1259
1260
1261
1262
1263
1264
1265
1266
1267
1268
1269
1270
1271
1272
1273
1274
1275
1276
1277
1278
1279
1280
1281
1282
1283
1284
1285
1286
1287
1288
1289
1290
1291
1292
1293
1294
5293
5256
1297
1298
1956
1300
1301
1302
1303
1304
5298
1306
1307
1311
1308
1310
1311
4
4
2148
1312
1318
1318
2149
1323
2887
1321
1322
3148
1325
2595
11
1325
2436
2435
14
1332
2436
2400
2399
2400
17
1338
2433
17
1352
19
1352
19
1344
2449
5841
1344
1348
1349
1350
1351
1352
1353
1351
1356
1356
1357
1355
26
531
1362
2469
3744
3745
2449
3775
2449
3342
1369
1370
1371
1372
1373
1374
1375
136
1373
1378
1379
1380
1381
1382
1384
1384
2652
1385
1387
1388
1389
1390
1391
1392
1393
1394
1395
1396
1397
1398
1399
1400
1401
1402
1403
1404
1405
1406
1407
1408
1409
1410
1411
1412
1413
1414
1415
1416
1417
1418
1421
1420
1421
1422
1423
1424
1425
1427
1427
1426
1429
1430
1431
1432
1433
1434
1435
1436
1437
1438
1439
1440
1441
1442
1443
1444
1445
1446
1447
1448
1449
1450
1608
1452
1453
1454
1455
5483
5511
5518
1461
1460
1512
5543
5576
1333
1462
1468
1463
5544
2378
1470
1471
1472
1473
2396
2398
2396
2411
1479
5827
1324
10
1324
1483
1484
1485
1486
1490
1487
75
1490
1491
1492
1493
1494
1495
1498
1497
1498
1496
1502
81
1502
734
1500
2503
2503
1507
1508
1358
1509
1359
1514
88
3046
1515
1516
1517
1518
1519
1520
1521
1522
1523
1524
1525
1526
3587
1528
1529
1530
1531
1532
1533
1534
1535
1536
1537
1538
1539
1540
1542
1542
1543
1541
1545
1546
1547
1548
1549
1550
1551
1552
1553
1554
1555
1553
1557
1558
1559
34
1561
1562
1563
1564
1565
3603
1570
1568
110
3607
1571
1572
1573
1574
1575
1576
1577
1578
1579
1580
1581
1582
1580
1581
114
1581
1544
1588
95
1592
1591
1592
1593
1595
1598
1596
1597
1583
1599
1600
1601
1602
1603
1606
1605
3627
1607
1608
1609
1610
1611
1612
1613
1614
132
1616
1617
1618
1619
1618
3773
138
1624
3773
2265
2267
2253
460
2347
2881
504
1630
146
1636
1635
1636
1636
1639
2026
148
1639
3061
1333
153
3014
153
153
1648
1649
1650
1648
1652
1653
1654
1655
1656
1657
1658
1659
1660
1661
1662
1663
1664
1665
1666
1667
1671
1668
165
1672
1673
4742
1673
1675
1676
1677
1678
1679
1683
1680
173
1683
1686
175
1686
1687
1684
1689
1690
4106
1692
1693
1694
1692
1706
1699
186
1706
5838
5847
1702
1700
1704
1705
1706
1707
1705
1710
5426
4257
1709
188
1714
1715
1716
1714
1718
5844
4228
5844
5844
1726
1723
195
1726
1731
196
1727
221
1796
4349
1732
4349
200
296
1740
1739
1092
1804
1741
1742
1743
1744
1746
5309
202
1748
1749
1750
1752
1799
1753
1754
1755
1756
1757
1758
1761
1760
4433
1762
1763
1764
1088
1766
1767
1768
1769
1770
1771
198
1771
1774
1775
1776
1777
1778
1779
1780
1781
1783
1787
1783
193
1787
4367
217
1792
4415
1792
1795
1795
1795
4413
1738
205
297
1801
1977
1978
301
5320
4449
1805
1806
1807
1808
1809
1810
1811
1812
1813
1815
1971
227
1817
1818
1819
1820
1821
1822
1815
4555
4557
4556
1828
1882
1828
4627
5835
4571
1833
1834
1835
1836
1837
1838
1839
1840
1841
1842
4146
1844
1845
1846
1847
1681
172
1848
1851
1852
1853
4206
1855
1856
1857
1858
1859
1860
1861
1862
1859
1864
1865
1866
1867
1868
1869
1870
1871
1872
1878
1713
5844
1878
250
5019
1709
4256
1879
1883
4735
253
1885
1886
1887
1888
1889
1890
1891
1892
1893
1894
1895
1896
1897
1898
1899
1900
1901
1902
220
220
1791
1903
1904
1784
5459
1908
1911
1912
260
1914
1915
1916
1917
1918
1919
1920
1921
1922
1923
1924
1925
1926
1927
1773
1929
1930
197
1932
1933
1934
1935
1936
1938
5288
277
1940
1941
1942
1943
1944
194
4435
4437
1948
1948
1950
1951
1952
1953
1953
1953
1956
1957
1958
1959
1960
1964
1962
1963
1964
1965
1966
1967
1968
295
1970
1971
1972
1974
5310
4363
1976
4365
4366
1979
1980
1981
1982
1982
1984
1986
1992
3934
304
3994
3996
3980
3994
1993
1994
1995
1996
1997
2001
1999
1998
3986
1999
2002
314
1831
1830
2008
2008
2007
318
2011
2012
2013
2014
2015
2016
2017
2018
2019
2020
2021
2022
2003
2024
2025
2026
2027
2029
149
149
2000
2031
2000
2034
2035
2036
2037
328
2039
2040
2041
2042
2043
2048
333
2044
337
3285
2051
336
3291
2049
2057
339
2053
334
3262
2060
342
3298
343
2058
2063
2064
2065
2066
2067
2068
2069
2070
2071
2072
2073
2074
2075
2076
2077
359
2078
359
3353
2078
2085
2084
3358
2086
2087
2088
2089
2090
2091
2092
2093
2094
2095
2096
2097
2098
2099
2100
2101
2102
2103
2104
2105
358
2107
2108
2109
2110
2111
2112
2113
2114
2115
2118
378
2118
379
2116
2121
2122
2123
2124
2129
377
2125
385
3062
2130
2131
2132
2133
2134
2135
2136
2138
3008
2138
2140
2141
395
2146
2145
3022
2159
393
2151
2150
2144
2143
1315
2153
2154
3
2159
400
2156
3019
2247
2249
2164
405
2247
2165
2166
2167
2168
2169
2170
2171
2172
2173
2174
2175
2176
2177
2178
2179
2180
2181
2182
2183
2184
2189
417
2185
2188
2189
2192
421
3228
2193
2194
2942
2079
4632
2942
2199
2200
2201
427
2199
140
1623
3011
2254
2208
2209
1637
1640
1637
2212
433
433
2214
2218
3765
2222
2219
438
2777
439
2216
2226
2214
434
2230
442
3185
443
2228
2233
2234
2235
2236
2237
2238
2239
2240
2241
2243
2243
3024
2242
451
2248
2248
455
2264
1646
154
3017
2264
2256
3024
459
2255
453
2258
2260
1645
1644
3013
3018
697
2213
2271
2268
463
2271
464
2274
3154
465
2273
440
2281
2278
469
3116
470
2283
3162
2285
2286
155
155
1647
2291
2291
2292
2290
2296
476
3124
2296
505
505
2971
2299
2302
2303
2304
2305
2306
2307
3764
483
2310
2314
2311
502
2345
2301
2315
1631
478
487
2841
488
2319
2885
2325
3097
10
2324
491
494
3002
2330
2332
3003
2338
6
2334
500
3054
2340
3103
2339
2867
661
2382
2868
2387
2385
663
2993
2969
692
2994
2992
5577
5494
5489
5537
5538
5516
5520
5511
5491
5523
5519
5715
5474
5689
5690
5692
2369
1476
2368
5831
2371
2370
5787
2838
5821
5821
5821
2840
2855
2381
2840
2880
2356
2386
1456
710
3088
145
3085
2395
519
3123
15
15
1339
5805
5818
5805
2441
2394
2398
2398
15
1330
1330
1329
2407
5826
2372
3133
2437
2414
2401
5805
2441
2398
5819
2398
5564
515
2425
3129
3128
2423
2428
2428
390
2431
497
2140
391
1336
16
1337
11
1331
1326
2443
2443
2429
517
2445
2446
2447
71
2450
2450
2815
523
2269
2816
2451
2457
2465
522
2459
2456
2460
526
528
2461
2467
2465
2519
2471
530
2471
553
2472
3745
2474
2475
2474
2477
2478
2478
21
2484
3341
3340
3339
1510
2485
1511
2564
539
2544
2540
3746
3747
3746
2492
2499
2511
2546
550
2511
2512
2502
25
2504
2505
2524
2524
542
2509
547
2546
2547
2517
2545
2294
468
2515
475
2520
2948
462
2497
2501
2500
2522
2496
2524
2523
2492
2494
2492
2524
542
554
3774
2537
3774
558
2562
558
558
2561
2561
2543
551
2517
552
2536
2530
2479
2551
2552
3775
546
2495
2495
2557
2558
2495
541
2561
467
2541
2541
2293
474
2479
2549
2569
2570
3776
567
2571
2531
2575
2576
572
2578
2579
2580
2581
2584
2583
2297
1066
2586
2587
2588
2589
468
2591
2592
2593
16
2434
2596
2597
2598
2599
2600
2601
2602
2603
2604
2605
2657
2607
2608
2609
2610
2611
2612
2613
2614
2615
2616
2617
2618
2619
1651
2621
2622
2623
2624
2625
2629
2626
599
2629
2630
2630
2632
2633
2634
2635
2636
2637
2638
2639
2640
2641
2640
2643
2644
2645
2646
55
2648
2649
2650
2651
1536
2653
606
2657
608
2657
2662
610
2658
839
3611
2665
611
3585
836
2667
2669
2669
2670
2671
1530
2673
2677
2675
2676
2677
2681
2679
2680
2681
2682
2683
2684
2685
2686
2687
2688
2689
2690
2691
2692
2695
2694
2750
2696
2697
2698
2699
2700
2701
2702
2703
2704
2705
2706
2707
2708
2709
2710
2711
2712
2713
2714
2715
2716
2717
2718
2719
2721
2721
2722
2723
2724
2725
2726
2727
2728
2729
2730
2731
2732
2733
2734
1428
2736
2737
2738
2739
2740
2740
2742
2744
3638
2745
2746
2747
2748
2749
2750
2751
2752
2753
2754
2755
2756
2757
2758
2759
2760
2761
2762
2763
2762
2220
2765
437
436
441
3140
634
2769
2229
442
2776
2783
2245
454
2779
2780
2781
2766
632
2766
2786
3146
425
2785
2789
2790
2791
2792
2793
2327
2328
492
2327
2799
3147
3130
2799
2805
647
2802
2527
2525
2528
532
2809
2455
2810
525
2813
2814
2269
461
2817
2818
2819
2820
2821
2822
2823
2824
2825
653
2827
2828
2831
2830
2319
490
489
2375
2836
2374
2412
2367
656
2835
2889
2842
2843
2844
2845
2846
2847
2848
2763
2854
2851
2383
2852
2853
655
2837
3640
2858
2859
2860
2312
485
2358
2360
2362
5711
2870
659
2388
2865
2871
2872
2873
2874
2875
5577
5494
5546
5569
5510
2386
1467
510
2408
510
2884
664
3152
2410
512
2891
2892
2893
2894
2895
2896
2897
2898
2899
2900
2901
2902
2903
2904
2905
2906
2907
2908
2909
2910
2911
2912
2913
2914
2915
407
2917
3740
2919
2920
2921
418
2923
2924
2925
2926
2927
2928
2929
2930
2931
2932
2933
2934
2935
2936
5479
2350
2349
144
1465
2942
4632
2944
2945
2946
2947
2950
680
2950
2951
2952
1361
2955
2955
680
2954
3176
2959
2960
2961
2962
498
2336
3102
2965
2967
2968
2996
3057
2337
2972
2973
2974
2975
2976
2977
2978
2979
2980
2981
2982
2983
2984
2985
2986
2987
2988
2989
2990
2991
3060
3086
3060
3057
3057
2997
2998
2999
3000
429
2206
3004
3010
428
3007
2205
695
695
3180
2250
2251
696
3188
3189
696
3015
3190
3020
3754
698
3020
139
3024
3025
3026
3027
3028
3029
3030
3031
3032
3033
3034
3035
3036
3037
3038
3039
3040
3041
3042
2143
392
3043
3046
3047
3048
3049
3050
3051
3052
397
3055
3073
9
706
705
3072
705
5807
2180
415
3064
3065
3066
3067
3068
3069
3070
3071
495
3006
2331
3075
394
2120
3077
3079
3080
3081
3082
2331
496
2329
3059
3083
3085
3089
3090
3091
3092
3096
3093
3095
3193
3098
3098
389
2339
2341
1317
3103
3104
3105
3106
3107
3108
3109
3110
3111
3112
3113
3114
3115
3078
383
709
3119
5808
2332
3121
3122
2127
384
70
1482
3127
3130
1480
2396
2397
2435
1326
2440
645
2800
2261
3138
2232
3141
444
432
2212
2218
3146
1480
714
3135
2411
518
2439
511
3155
3167
715
3157
3170
3159
3160
3161
3162
3163
3164
3165
3166
3168
2958
684
2957
683
3172
3173
3174
3175
3176
3177
3178
3178
2288
473
2203
3182
3184
3139
151
1639
3187
1641
152
2210
2210
3194
3195
3188
3199
3196
720
3237
721
3202
3233
725
3201
722
3226
3208
722
3211
3209
3240
3212
3213
3214
3215
3216
3217
3218
3219
3220
3221
3222
3223
3227
727
340
3742
3229
3281
728
3231
3244
3235
729
3279
341
3239
730
3283
2055
3241
3242
3243
3246
731
3741
3247
3248
3249
3250
3251
3252
3253
3254
3255
3256
3259
344
3287
732
3257
2062
3265
3263
3290
74
3267
3268
3269
3270
3271
3272
3273
3274
3275
3276
3277
3278
2046
338
3264
733
2052
335
1504
80
3288
3301
78
1499
2104
371
3293
3294
3295
3296
3297
3299
3299
3300
3301
3302
3303
3304
3305
3306
3307
3308
3309
3310
3311
3312
3197
718
3313
719
3210
3317
724
3210
3321
420
3323
723
3320
3204
3326
3328
3329
2187
3331
3332
3333
3334
3335
3336
3337
3338
2486
537
3343
546
3345
2483
3345
3346
3347
3348
3349
3350
3318
3318
742
3354
3355
3356
3357
3327
2078
2081
3361
3362
3363
3364
2537
2535
2535
3368
3369
3370
3371
3372
3373
3374
3375
3376
3377
3378
3379
3380
3381
3382
3383
3384
3385
3386
3387
3388
3389
3390
3391
3392
3393
3394
3395
3396
3397
3398
3399
3400
3401
3402
3403
3404
3405
3406
3407
3408
3409
3410
3411
3412
3413
3414
3415
3416
3417
3418
3419
3420
3421
3422
3423
3424
3425
3426
3427
3428
3429
3430
3431
3432
3433
3434
3435
3436
3437
3438
3439
3440
3441
3442
3443
3444
3445
3446
3447
3448
3449
3450
3451
3452
3453
3454
3455
3456
3457
3458
3459
3460
3461
3462
3463
3464
3465
3466
3467
3468
3469
3470
3471
3472
3473
3474
3475
3476
3477
3478
3479
3480
3481
3482
3483
3484
3485
3486
3487
3488
3489
3490
3491
3492
3493
3494
3495
3496
3497
3498
3499
3500
3501
3502
3503
3504
3505
3506
3507
3508
3509
3510
3511
3512
3513
3514
3515
3516
3517
3518
3519
3520
3521
3522
3523
3524
3525
3526
3527
3528
3529
3530
3531
3532
3533
3534
3535
3536
3537
3538
3539
3540
3541
3542
3543
3544
3545
3546
3547
3548
3549
3550
3551
3552
3553
3554
3555
3556
3557
3558
3559
3560
3561
3562
3563
3564
3565
3566
3567
3568
3569
3570
3571
3572
3573
3574
3575
3576
3577
3578
3582
3579
3581
3617
3583
3584
3585
3620
3587
3588
3589
3590
3591
2660
3593
3594
3595
3596
3580
3598
3599
3600
3601
3602
1377
3604
3605
3606
3607
3636
3609
613
3612
3614
844
3614
3615
3616
3619
845
3619
3621
3622
3622
3623
2642
3625
3626
3627
3628
3629
3630
3631
3632
3633
3634
3635
3636
3637
2736
3636
2365
3641
3642
3643
3644
3645
3646
3647
3648
3649
3650
3651
3652
3653
3654
3655
3656
3657
3658
3659
3660
3661
3662
3663
3664
3665
3666
3667
3668
3669
3670
3671
3672
3673
3674
3675
3676
3677
3678
3679
3680
3681
3682
3683
3684
3685
3686
3687
3688
3689
3690
3691
3692
3693
3694
3695
3696
3697
3698
3699
3700
3701
3702
3703
3704
3705
3706
3707
3708
3709
3710
3711
3712
3713
3714
3715
3716
3717
3718
3719
3720
3721
3722
3723
3724
3725
3726
3727
3728
3729
3730
3731
3732
3733
3734
3735
3736
3737
3738
3739
3351
1488
3261
2466
3743
1363
3748
2544
2542
3749
3750
3751
29
3753
2276
3755
3756
2158
1478
3759
3760
3761
3762
2393
1629
3765
5543
150
3601
3769
3770
3771
3772
141
2490
1341
2529
3777
3778
3779
3780
3781
3782
3783
3784
3785
3786
3787
3788
3789
3790
3791
3792
3793
3794
3795
3796
3797
3798
3799
3800
3801
3802
3803
3804
3805
3806
3807
3808
3809
3810
3811
3812
3813
3814
3815
3818
3818
5036
882
3816
3821
3822
3821
3824
3825
3826
3827
3828
3829
3830
3831
3832
3833
3834
3835
3836
3837
3838
3839
3840
3841
3842
883
3844
3845
3846
3847
3848
3849
3850
3851
3855
3852
899
3865
900
3860
3857
902
4802
3862
4751
3861
897
3868
904
3867
3868
3869
3870
3871
3872
3873
3874
3875
3876
3879
911
4709
3879
3877
3884
913
3880
915
3882
3887
4789
916
3890
3892
4708
3891
918
2162
3896
404
403
3901
923
4563
924
3899
3904
3905
3906
926
3908
3909
3910
3911
3912
3913
3912
3915
3917
3917
930
3916
929
3921
3922
4611
3924
3925
3820
3820
3816
3929
3930
3931
3932
3933
3934
4700
939
3937
3938
941
3940
2025
3944
3941
325
3947
3946
3947
945
3949
3952
948
4482
3950
3956
3955
3956
3957
3961
3958
952
4869
953
3963
3964
3965
3966
3967
3968
3969
3970
3971
3975
3972
3974
3975
3976
3977
3978
3982
3982
964
3991
3991
3988
960
3984
316
3988
3986
3989
2009
320
2009
3996
967
4706
3998
3998
968
3997
4001
4002
4001
4004
4005
974
4008
4805
974
974
4014
4012
977
4847
319
4016
4015
973
4007
4020
4804
4024
4024
4811
4028
4026
982
4628
4031
983
4031
984
4029
4034
4035
4036
4037
4038
4554
4040
4039
4042
4043
4044
4045
4050
990
4050
993
4050
4051
4052
4053
4054
4055
4056
4057
4058
4059
4060
4062
4744
1001
4064
4065
4066
4067
4068
4069
4070
4040
4072
4073
4074
4075
4076
4077
4681
4079
4080
4572
4087
1832
4086
1824
4555
1826
1824
1825
4103
4557
5322
4104
4530
4094
5769
4102
4138
4097
5743
4528
4526
1127
5322
4105
4106
4108
4108
4109
4110
4111
4112
4113
4114
4115
4116
170
4776
4119
4120
4121
4123
4123
4122
4125
4126
4127
4130
4128
4130
4129
4131
4133
4134
4135
174
5825
4527
4141
4140
4819
5770
5614
4145
5669
4144
4144
1830
4152
4150
1016
3137
4153
4154
4155
4156
4157
4158
4159
1695
4160
4162
4163
4163
4165
4166
4167
4168
4169
5026
1033
1041
5026
1696
4227
4509
4176
4000
1023
4180
4181
4182
1022
4189
4185
4186
4187
4188
4190
4240
4191
4192
4193
1045
4195
4196
4197
4198
4199
4248
4201
4202
4253
182
250
5024
5024
5025
4207
1879
1880
1881
1049
4258
4263
4279
4224
4222
4217
5421
4235
4236
4234
4234
4264
4229
4226
1054
4229
4230
4244
4232
4233
4264
4264
4238
4023
4237
975
4242
969
4637
4222
4223
4243
4244
4218
4217
4219
4220
4244
1038
5451
5451
4254
4277
4277
4276
1048
1044
4276
4238
1044
4238
4255
4255
1047
5844
1874
4270
4219
4272
4273
4219
1039
4010
4010
1048
4261
972
4019
4265
236
4282
4267
5453
4249
4286
1056
4290
4291
4292
4293
4294
4295
4296
4298
4023
1065
4300
4301
4302
4304
975
4305
4306
4307
4308
4309
4310
4311
4312
4313
4314
4315
4316
4317
4318
4319
4375
4321
4322
4323
4324
4325
4326
4327
4328
4329
4330
4331
4332
4333
4334
4335
4336
4337
4338
4339
4340
4341
4342
4352
4438
212
4346
1087
1087
1785
4350
1724
4352
4353
4354
4355
4356
4357
4358
4359
4360
4359
4362
4441
4364
219
4442
4367
4368
4369
4370
1906
1092
1906
4375
4375
1094
4379
4378
5294
1299
4377
4386
1096
4384
4385
4386
4387
4388
4389
4390
4391
4392
4393
4394
4395
4396
4399
4398
4399
4400
4401
4402
4403
4404
4405
4406
4407
4408
4412
4410
4409
4460
4413
4414
242
4416
4417
4418
4419
4420
4421
4422
4423
4424
4425
4426
4427
4428
4429
4430
4431
1780
4433
4434
4437
4437
1943
278
4411
4440
4442
5252
217
217
1910
1093
4445
1791
4448
4450
4451
4452
4453
4454
4453
4456
4457
4458
4459
4461
4461
4462
4463
4464
4512
4466
4468
4617
1113
4033
4470
4033
3953
947
4473
4476
4480
4478
4479
4481
4485
3973
4483
4484
4475
1115
4487
4488
4489
4490
1117
4516
4493
4494
644
4496
644
2801
996
4501
4246
4502
4245
4245
4247
4177
4507
4508
4000
4510
4511
4514
4513
4538
922
4518
1114
4472
1121
1121
4522
4543
1122
1122
4525
1123
4549
4526
4529
4527
4531
4532
4533
4534
4535
4536
4537
4539
4539
4540
985
4553
988
4071
1006
4041
4547
4548
4549
4550
4550
4552
4554
4554
4558
1011
1127
4558
4559
4560
4561
4562
4551
4564
4565
4566
4567
4572
4571
4112
1010
4570
4573
4574
4577
4575
4577
1013
4579
4837
4581
4582
4583
4584
4585
4586
4587
4588
4589
4590
4591
4592
4593
4594
4595
4596
4597
4598
4599
4600
4601
4602
4604
4605
4471
925
4607
4608
4609
4610
4612
4901
4613
931
4615
4616
3903
4618
4619
4620
4621
4622
4623
4624
4625
4626
1837
4628
4629
1008
4631
3820
4633
4634
4635
4636
4638
4638
4637
4640
4641
4642
4643
4644
4645
4646
4647
4648
4649
4650
4651
4655
4652
1003
4655
4653
4657
4658
4659
4660
4661
4662
4663
4664
4665
4666
4667
4668
4669
4670
4671
4672
4673
4674
4675
4676
4677
4678
4679
4680
1001
4682
4682
1161
1161
4686
4687
4688
4689
4690
4691
4692
4693
4694
4695
4695
4697
4865
4699
963
963
4702
4702
4704
4705
4703
1165
4711
4711
1167
5429
4712
4713
4714
4715
4716
4717
4718
919
4720
4721
4722
4723
4724
4725
4726
4727
4728
4729
4730
4731
3881
4732
910
4735
4736
4737
4738
4739
4740
4741
915
4762
4743
4746
4774
1174
4748
4749
4750
3914
4752
4753
4754
4755
4756
4757
4758
4759
1000
4761
4696
4763
912
3853
898
4765
3858
4768
4770
4771
4772
4773
4774
4775
4773
4777
4778
4779
4780
4781
4782
4783
4784
4785
4786
4787
3101
1674
4790
4791
4792
3886
4793
914
4798
4796
5432
1171
4733
4800
4802
4767
1178
903
4769
5668
4808
4809
4810
3863
235
235
1119
4816
4820
4817
4818
4161
4164
1018
646
3990
4823
3959
4826
4827
4876
4829
942
4831
1850
4815
4821
4835
4837
4838
4134
4839
4840
4841
4842
4843
4175
1021
4844
1703
4848
4849
4850
4851
4852
4853
4854
4855
4856
4170
4858
4859
4860
4861
4862
4863
4864
4017
4866
4867
4868
4824
4870
4871
4872
4873
4874
4874
4875
4877
4879
4879
4880
4881
4882
4883
4884
4885
4886
4887
4888
4889
4890
4891
4892
4893
4894
4895
4896
4897
4898
4899
4900
4901
4902
4903
4904
4905
4906
4907
4908
4909
4910
4911
4912
4913
4914
4915
4916
4917
4918
4919
4920
4921
4922
4923
4924
4925
4926
4927
4928
4929
4930
4931
4932
4933
4934
4935
4936
4937
4938
4939
4940
4941
4942
4943
4944
4945
4946
4947
4948
4949
4950
4951
4952
4953
4954
4955
4956
4957
4958
4959
4960
4961
4962
4963
4964
4965
4966
4967
4968
4969
4970
4971
4972
4973
4974
4975
4976
4977
4978
4979
4980
4981
4982
4983
4984
4985
4986
4987
4988
4989
4990
4991
4992
4993
4994
4995
4996
4996
4998
4999
5000
5001
4895
1192
5004
5002
5006
5015
5008
5009
5009
5011
5012
5013
5014
3919
5016
5017
5018
5017
1212
5021
5022
5023
4212
1034
4207
1032
5030
4228
5030
5031
5032
5033
5034
5035
5005
1211
5005
5039
5040
5041
5042
5043
881
1141
5038
5047
5048
5049
4254
4253
5052
5053
5054
5055
5056
5057
5058
5059
5060
5061
5062
5063
5064
5065
5066
5067
5068
5069
5070
5071
5072
5073
5074
5075
5076
5077
5078
5079
5080
5081
5082
5083
5084
5085
5086
5087
5088
5089
5090
5091
5092
5093
5094
5095
5096
5097
5098
5099
5100
5101
5102
5103
5104
5105
5106
5107
5108
5109
5110
5111
5112
5113
5114
5115
5116
5117
5118
5119
5120
5121
5122
5123
5124
5125
5126
5127
5128
5129
5130
5131
5132
5133
5134
5135
5136
5137
5138
5139
5140
5141
5142
5143
5144
5145
5146
5147
5148
5149
5150
5151
5152
5153
5154
5155
5156
5157
5158
5159
5160
5161
5162
5163
5164
5165
5166
5167
5168
5169
5170
5171
5172
5173
5174
5175
5176
5177
5178
5179
5180
5181
5182
5183
5184
5185
5186
5187
5188
5189
5190
5191
5192
5193
5194
5195
5196
5197
5198
5199
5200
5201
5202
5203
5204
5205
5206
5207
5208
5209
5210
5211
5212
5213
5214
5215
5216
5217
5218
5219
5220
5221
5222
5223
5224
5225
5226
5227
5228
5229
5230
5231
5232
5233
5234
5235
5236
5237
5238
5239
5240
5241
5242
5243
5244
5245
5246
5247
5248
5249
5250
5251
1863
5253
5254
5292
1295
5259
4345
5461
5261
5300
5262
5260
5264
5265
5266
5267
5268
5269
5270
5271
5272
4381
5274
5275
5276
5277
5263
5279
5280
5281
5282
5283
1729
4344
199
282
4447
281
5290
5291
5292
1100
5296
1305
5297
5297
5298
5299
5301
5307
5302
5303
5305
5305
5306
4361
5308
5309
5310
5311
5312
5313
5314
5315
5316
4373
5317
5319
4449
5318
1127
5323
5324
5325
5326
5327
5328
5329
5330
5331
5332
5333
5334
5335
5336
5337
5338
5339
5340
5341
5342
5343
5344
5345
5346
5347
5348
5349
5350
5351
5352
5353
5354
5355
5356
5357
5358
5359
5360
5361
5362
5363
5364
5365
5366
5367
5368
5369
5370
5371
5372
5373
5374
5375
5376
5377
5378
5379
5380
5381
5382
5383
5384
5385
5386
5387
5388
5389
5390
5391
5392
5393
5394
5395
5396
5397
5398
5399
5400
5401
5402
5403
5404
5405
5406
5407
5408
5409
5410
5411
5412
5413
5414
1210
5416
5417
5418
1029
1717
1043
4262
4262
5424
5425
5425
5427
5428
4003
5430
5431
3893
5433
5434
5435
5444
5437
5438
5439
1147
5441
4627
3943
5282
5445
5446
5447
5448
1990
3940
4216
4226
4248
5454
5455
4997
5457
5458
4443
5460
5457
5462
5463
5464
5465
5466
5467
5468
5468
5470
5469
5472
5473
5496
5541
2404
2402
5806
5779
5567
5571
5488
5492
5485
5556
5497
5700
5506
5527
5548
5551
5549
5559
5701
5560
5562
3763
5528
5508
5561
5561
5555
5563
5757
5508
5700
5497
2417
5525
5488
5527
5525
5492
5535
5492
5533
5530
5529
5551
5550
5554
5557
5554
5554
5486
5486
5507
5504
5493
5556
5493
5497
5497
5486
5533
5532
5533
5547
5548
2419
2404
2402
1334
5702
5566
5488
5558
5558
5559
5558
5559
5488
5570
5495
5572
5699
5495
5763
3120
2403
5758
2420
5478
5578
5578
5756
2416
5566
5578
5508
5505
2403
5555
5477
5578
5499
5487
2416
2416
2416
5633
5611
5671
5670
5672
5586
5587
4083
4081
5764
5766
4089
5638
5636
5635
5596
5597
5623
5648
5600
5658
5602
5665
5681
5605
5594
5607
5732
5681
5581
5632
5611
5595
5595
5642
5636
5635
5618
5619
5620
5621
5622
5623
5591
4084
5624
5598
5627
5591
5638
5638
5631
5719
5637
5635
5636
5637
5639
5639
5639
5636
5636
5643
5644
5643
5645
5646
5647
5612
5670
5672
5652
4148
4083
5723
5636
5656
5600
5600
5640
5723
5724
5659
5593
5659
5664
5656
5667
5668
5666
5604
5666
5673
5602
5675
5724
5676
5678
5679
5603
5631
5611
5677
5684
5685
5686
5586
5496
5563
5541
2405
5830
5830
5804
5804
5804
5806
5806
3763
2417
5508
2399
1334
1334
5543
5543
5567
5566
5571
5536
5535
5538
5529
5523
5573
5717
5718
4092
4091
4088
4086
4084
4082
4568
4569
5442
5442
169
5442
5730
5731
5732
5594
5668
5680
5672
5651
5651
5584
5650
5583
5682
5609
1334
2400
5543
1333
5742
5650
5494
5571
5536
5535
5538
5491
2401
2401
5819
5806
2398
2398
5564
3763
4087
4568
4086
4086
5769
4094
5732
5613
5669
5735
5584
5651
1832
1830
5668
2399
2396
2396
5731
1689
169
169
1830
5523
5501
5502
5692
5574
2406
2398
1825
4091
4092
4093
5743
5585
3061
5835
3056
3056
2442
2391
2442
2392
2393
5809
5810
4115
5812
5814
5814
5815
5816
5817
2389
519
3056
2390
5822
5823
5824
5824
1339
15
5813
4124
15
15
5832
5821
1147
1147
5821
3061
5452
250
534
2449
5842
5847
1878
5845
2503
1877
5848
250
