2132
1310
3048
3
4
5
6
2888
2886
3087
2595
1332
11
1479
2437
2441
1336
2443
2284
2284
471
2240
28
2240
2238
23
2540
3162
3752
683
3163
3163
32
33
34
35
36
37
38
1529
40
41
42
43
44
45
46
47
48
49
50
51
52
1426
54
55
56
57
58
59
60
61
62
63
64
1513
5803
67
68
69
1482
529
1362
73
74
75
76
77
78
79
1501
3309
22
23
3163
2285
2488
2563
2187
89
90
91
92
93
94
95
96
97
98
99
100
2645
102
103
104
105
106
107
108
109
110
111
112
113
1600
1582
116
2686
118
1597
120
121
122
123
124
125
126
127
128
129
130
131
132
133
134
135
136
137
1624
1623
3011
2266
456
2992
143
145
2347
2940
1641
1639
1640
3186
696
3093
155
2289
156
157
21
23
1665
161
162
163
164
165
166
4580
991
4106
4775
171
1848
1683
4819
4160
4167
4157
178
4013
4846
4847
184
976
3970
3969
324
187
5838
4863
5427
1703
1703
193
194
195
196
197
198
199
200
1901
202
203
204
205
206
207
208
209
210
4434
4996
213
214
215
1786
217
218
219
1794
221
222
223
1806
225
226
227
1820
229
230
231
232
233
234
235
237
1027
238
239
240
241
242
243
244
1870
1872
1700
1703
184
1704
251
4211
3919
254
255
256
257
258
259
260
261
262
263
264
265
4364
1909
268
269
270
271
272
273
274
4339
276
277
278
279
280
281
282
1966
284
285
286
287
288
289
5306
4360
1970
293
294
295
296
297
298
299
300
301
302
303
5449
1991
306
3995
3979
4681
4079
311
1997
1993
3990
1999
3989
4824
4782
4016
319
321
322
324
2022
2024
151
2000
2038
329
330
331
332
2059
2045
2050
3292
3286
2047
3258
2054
2056
1503
343
2061
345
2065
347
348
349
350
351
352
353
354
355
356
357
2079
3351
3352
361
3355
2088
364
2090
366
367
368
369
370
2102
3307
2943
374
375
376
2117
2133
379
380
381
382
383
384
3063
386
387
388
2138
2428
391
2143
393
394
2145
396
397
398
399
2159
2158
2249
2161
2163
2202
406
407
408
409
410
3361
412
413
414
2181
416
417
2922
2188
3205
3224
3230
2194
424
2200
426
427
2206
3010
1350
3189
152
2212
2213
2211
3138
2768
2223
326
2267
2232
2230
3195
3142
445
3332
2292
448
3756
3157
2242
2256
2030
439
455
2288
473
2287
1635
3016
2271
463
3025
2243
2274
2276
2562
2280
469
470
2953
2240
473
2566
2295
476
2971
478
1631
480
2862
482
483
484
146
502
2841
2835
2320
2883
3098
2326
2328
3003
495
496
497
2335
2334
2338
661
2382
2857
1466
2353
2380
2865
1462
2876
2410
2407
1478
513
2425
3128
3148
3123
3153
2393
529
3163
2521
2948
2272
461
2471
2452
526
3179
2949
3179
527
528
23
2464
2464
3774
2490
2564
2499
541
2496
549
2514
543
22
2528
555
552
551
2516
2518
680
2523
2526
554
2477
559
559
2477
2549
2576
3744
1348
565
2510
2475
568
2557
3166
1662
572
2577
3332
3750
576
577
578
1353
580
581
582
583
584
585
586
587
588
589
590
591
592
593
594
595
596
597
3578
599
600
601
602
603
604
605
606
607
608
609
610
2664
612
2675
614
615
616
617
618
619
620
621
622
623
624
625
626
627
628
629
630
631
3185
2766
3141
2785
2773
2776
2787
639
640
1321
642
2795
2796
3130
2800
2814
648
650
2454
651
652
654
2321
2365
2375
657
658
2360
660
509
662
1465
2884
665
666
667
668
669
670
671
672
2918
3322
2923
676
677
678
2946
2955
3170
3177
2957
3168
2959
3037
687
688
689
690
691
2994
693
694
695
153
1645
3020
699
3036
701
702
3050
704
705
3059
3067
708
709
710
3095
712
713
3135
434
28
3157
3200
719
3238
3234
3226
3208
3209
3211
3222
3282
728
3280
3284
731
3289
3260
734
735
736
3384
3381
3314
740
3320
3319
27
72
1486
3357
2565
748
749
3379
751
3675
753
754
755
756
757
758
759
760
761
762
763
764
765
766
767
768
769
770
771
772
773
774
775
776
777
778
779
780
781
782
783
784
785
786
787
788
789
790
791
792
793
794
795
796
797
798
799
800
801
802
803
804
805
806
807
808
809
810
811
812
813
814
815
816
817
818
819
820
821
822
823
824
825
826
827
828
829
830
831
832
833
3610
835
2666
837
838
839
840
841
842
843
3615
845
846
847
848
849
850
851
852
853
854
855
3797
3792
3788
3786
3784
3789
4942
3794
4909
4944
866
3799
868
869
870
3804
872
873
874
875
876
877
878
879
880
881
5036
3816
884
885
3828
887
888
889
890
891
3839
3840
894
895
896
3856
3854
3867
3866
3859
902
903
904
905
906
907
908
3876
910
911
912
913
914
915
916
917
918
919
3898
3897
922
4539
3901
3903
926
927
3910
3916
4901
4611
3925
3923
934
935
4488
937
938
4698
940
3940
325
3941
2033
943
4829
3953
3950
3957
4477
4826
952
4481
4757
4770
956
5018
4721
4722
4482
3973
962
4017
965
4015
3984
1165
3975
3998
4003
4005
972
973
974
975
190
184
4868
979
4044
981
4027
4564
4031
4032
986
987
4039
1996
4532
4047
4107
4533
994
4496
4495
997
998
999
1000
4062
4063
1003
4073
4070
4040
4074
4630
4561
1837
4112
1012
1013
4140
1677
1016
1017
1018
4169
1852
4846
4000
3999
4190
4184
1022
189
4639
4864
4199
4507
1852
1852
5025
4279
1036
1040
4218
1039
1043
4846
1046
4262
4239
4638
4247
4250
1048
1049
4199
1047
4291
4288
4844
4233
1031
1057
4273
1059
2021
4292
4301
2017
4296
1065
1066
1067
1068
1069
1070
4331
1072
1073
1074
1075
1076
1077
1078
1079
1080
1081
1082
1083
1762
1085
1086
1087
1088
1089
1090
1091
1092
1907
1094
1095
4378
5295
5266
1099
4394
1101
1102
4420
4418
4429
1106
1107
1108
1747
1110
1111
1112
4606
1114
4475
4487
1117
1679
4498
1120
4522
992
4549
4528
1125
1126
4558
1128
4573
1130
4574
4578
1133
1134
1135
1136
1137
1138
1139
1140
1141
5008
4613
1144
1145
1146
5832
4635
4715
4855
4713
4861
4643
4724
4650
1156
1157
1158
1159
1160
4682
1162
1163
4780
4702
4705
1167
1168
1169
4729
1171
4738
4741
1174
4749
1176
4759
1178
1179
4783
1181
1182
1183
4852
4851
1186
4886
4888
4882
4884
4892
1192
4894
4895
4904
1196
1197
4920
4922
1200
1201
1202
1203
1204
1205
1206
4992
5000
5012
1210
5005
5019
236
5032
5041
1216
1217
1218
1219
1220
1221
1222
1223
1224
1225
1226
1227
1228
1229
1230
1231
1232
1233
1234
1235
1236
1237
1238
1239
1240
1241
1242
1243
1244
1245
1246
1247
1248
1249
1250
1251
1252
1253
1254
1255
1256
1257
1258
1259
1260
1261
1262
1263
1264
1265
1266
1267
1268
1269
1270
1271
1272
1273
1274
1275
1276
1277
1278
1279
1280
1281
1282
1283
1284
1285
1286
1287
1288
1289
1290
1291
1292
1293
1294
1295
1296
5302
5262
1956
4380
5274
1302
1303
1304
1305
1306
1307
1311
1311
2
3115
1312
1313
1314
1315
1316
1317
1318
2887
2886
490
1323
7
2594
2594
11
1325
13
2411
2409
1330
14
3061
2400
3061
2442
15
1339
2442
2284
2284
23
2284
2286
2283
2286
2286
1364
2238
2238
23
23
23
23
86
1509
22
537
2540
3179
3179
683
3752
2953
2283
2283
2283
3163
1369
1370
1371
1372
1373
1374
1375
1376
1377
1378
1379
1380
1381
1382
1383
1384
1385
1386
1387
1388
1389
1390
1393
1392
1449
1394
1395
1396
1397
1398
1399
1400
1401
1402
1403
1404
1405
1406
1407
1408
1409
1410
1411
1412
1413
1414
1415
1416
1417
1418
1419
1420
1421
1419
1423
1424
1425
1428
1430
1428
55
1430
1431
1432
1433
1434
1435
1436
1437
1438
1439
1440
1441
1442
1443
1444
1445
1446
1447
1448
1449
1450
1608
1452
1453
1454
1455
5711
5710
5712
1512
1461
1512
1335
5707
2380
5833
1469
1468
5800
2970
1470
1471
1472
1473
5793
5759
5696
5781
5792
5780
1324
1327
12
1363
3745
1360
3744
1487
1488
1489
1490
1491
1492
3572
1494
1495
1496
1497
1498
1499
1502
81
3769
1503
1500
2284
2284
22
2284
537
2472
2563
88
2187
3046
1515
1516
1517
1518
1519
1520
1521
1522
1523
1524
1525
1526
1527
1528
101
2672
1531
1532
1533
1534
1535
1536
1537
1538
1539
1540
1541
1542
1543
1544
1545
1546
1547
1548
1549
1550
1549
1552
1553
1554
1555
1556
1557
1561
1559
1560
1561
1562
1563
1564
1565
1566
1567
1568
1569
1570
1571
1572
1573
1574
1575
1576
1577
1578
1579
1580
1580
615
1598
1581
114
1581
1587
1588
1589
1591
1591
1592
1593
1596
1596
1596
1597
120
1599
119
1601
1602
1603
1604
1605
1606
1607
1608
1609
1610
1611
1612
1613
1614
1615
1389
1617
1618
1619
1620
140
1621
140
140
2254
142
2254
2250
147
2347
2938
147
2343
1638
1638
148
1640
3187
3187
1641
3187
2380
2380
2289
2289
2289
3093
1648
1649
1650
1651
1652
1652
1654
1655
3333
1353
3331
3334
570
3166
570
1661
1664
1665
1666
1664
1668
1669
1670
1671
1672
1673
1674
1676
4579
167
1675
168
1680
1681
1680
1683
1686
4161
1686
173
1684
4750
4127
4106
1693
4168
1694
1692
4846
4013
4013
324
4014
184
4011
4011
3968
324
324
324
324
1879
1712
1711
4210
1700
5427
4864
4641
5427
4864
4013
1703
4013
4013
1723
1724
1725
1726
1727
1728
1729
1730
1731
1734
1733
4350
1735
1736
1737
1738
1739
1740
1741
1742
1979
1744
1745
1746
1747
1748
1749
1750
1751
1752
1753
1754
1754
1756
1757
230
1761
1761
4433
211
1764
1764
1765
1766
1767
1768
1769
1770
1771
1772
1773
1774
1775
1776
4439
1778
1779
1780
1781
1782
1783
1782
1785
1787
1787
1786
1792
1790
1791
1793
1793
217
1795
1796
1797
1798
1799
1800
1801
1802
1803
1804
1808
223
1805
1808
1809
1810
1811
4404
1813
1814
1815
1109
1819
1817
1819
229
1818
1822
1823
1826
1824
4572
1828
1882
1829
169
4105
1830
1835
1833
4631
4658
1147
1838
1839
1840
1841
4147
4146
5738
4818
4835
4817
1850
1849
1850
4196
4186
4197
1853
1855
1856
1857
1858
1859
1860
1861
1862
1863
1864
1865
1866
1867
1868
1868
867
1871
1872
4204
1703
4204
977
1704
182
4212
1880
5024
1884
1882
5015
1885
1886
1887
1888
1889
1890
1891
1892
1897
1894
1895
1896
4341
1902
266
1898
284
4391
1904
5459
1903
1906
267
1908
216
1908
1911
1912
1913
1914
1915
1916
1917
1918
1919
1920
1921
1922
1923
1924
1925
1926
1927
1928
1929
1930
197
1935
1933
1934
5257
1936
1937
1938
1939
1940
1941
1942
1943
1944
1945
1946
1947
1948
1949
1965
1965
1952
1953
1954
1954
1956
1957
285
1959
1960
1961
1962
1963
1961
1965
1966
1967
1766
1969
213
1971
1972
1973
1974
1975
1976
1977
1978
1979
1980
1981
1982
1983
1984
1986
1992
305
304
308
3981
3980
1990
5439
1997
1993
5439
980
314
314
2001
3990
2004
2004
4823
4106
4106
4016
4781
4016
2008
2011
2012
2013
2014
1069
2018
1069
4306
2021
2021
2021
1059
317
317
2023
1641
151
1641
1639
1639
1998
2000
1998
2037
2035
2036
3577
598
2039
2040
2041
2042
2043
2048
333
2044
337
3285
2051
336
3291
2049
2057
339
2053
334
3262
2060
342
2060
343
2058
2063
2064
2065
2066
2067
2068
2069
2070
2071
2072
2073
2074
2075
2076
2077
3351
357
2078
3351
3352
2085
362
3358
2085
2089
361
2089
364
2087
2092
2093
2094
2095
2096
2097
2098
2099
2100
2103
372
3306
2101
2105
2942
2107
2108
2109
2110
2111
2112
2113
2114
2115
2118
378
2118
2119
2116
2121
2122
2123
2124
2129
377
2127
385
3062
2130
2131
2132
2133
2134
2135
2136
2137
388
2139
2140
2141
2144
2143
2144
394
2142
2147
2148
2149
2150
2151
2152
2153
2154
2155
2146
2156
392
395
2164
402
2160
405
2247
2165
2166
2167
2168
2169
2170
411
3364
2173
2174
2175
2176
2177
2178
2179
2179
2181
2182
2183
2184
2188
2186
418
418
2188
2190
3206
3228
2190
2194
2196
3359
2197
357
2199
426
2201
2202
2199
2207
2204
429
429
2285
1350
3189
3189
1640
3189
2210
3767
2213
2210
1640
436
2768
436
2261
2027
3192
460
3191
3144
444
2228
2231
444
3142
2233
2234
3749
2236
2237
2239
3031
450
449
2259
2244
2255
2258
2245
2247
2248
2249
2288
473
2287
2251
2288
2028
2029
2028
2026
326
2027
151
473
473
2287
458
457
3017
2780
463
3038
452
2779
440
2225
2274
138
1628
2278
2279
2280
2281
467
2951
2951
2240
2953
473
3181
473
2293
2290
474
2565
2296
476
2296
2294
477
2939
2964
477
2302
2303
2861
2305
2306
2307
2308
2309
2310
2345
2314
2344
2867
2315
2316
2317
2318
2839
2839
2839
487
2885
2325
3097
10
2324
491
2329
2330
2331
2332
2333
2335
2335
2334
2338
2338
2339
2340
2339
2867
2347
507
2868
2881
2387
2941
2352
2349
2993
2337
499
5569
5479
5498
5510
5513
5482
5513
5546
5515
5519
5518
5484
5523
5502
5501
5540
5475
5540
5503
5541
5790
5791
5713
5787
5802
5802
5821
2855
2857
2855
2856
2879
1463
508
2866
2392
9
2391
3088
2393
5808
2395
5806
2404
5806
5818
5807
2401
2403
2403
2402
2418
2419
512
2408
1477
512
2421
5688
3150
3132
2371
2399
2417
2420
2418
2420
2418
5744
2423
2424
515
3148
2427
517
2444
2429
2432
3123
17
2434
15
2435
2396
511
2408
511
5819
2394
519
2395
2473
2473
2283
529
2283
2283
2269
462
2268
2272
2815
2467
2519
523
2465
2466
2468
2468
2469
2469
2520
553
2949
3178
2470
2956
2949
1361
1361
2456
2458
2459
2460
3743
2462
2240
2473
2473
2464
2473
2472
2473
2489
539
539
539
2564
2493
3746
2494
2495
540
2511
2513
2514
2498
549
3162
2284
1344
22
2532
2527
2533
2509
547
2546
2547
2546
550
2297
2516
2515
475
2948
2950
2270
2497
545
2522
2524
542
2813
554
2495
2530
2474
2813
532
2528
2461
2461
2461
2541
2541
559
559
2543
2543
2542
551
2517
552
2461
2477
2461
2238
23
2283
3163
2556
2476
561
2555
2476
533
2561
2541
559
559
2538
2538
2461
2477
2575
529
2571
2572
2586
2474
2577
572
2577
2577
27
3332
1357
2582
2583
2584
2585
2588
576
2588
2589
2590
2591
1663
1663
2436
16
2596
2597
2598
2599
2600
2601
2602
2603
2604
2605
2655
2607
2608
2609
2610
2611
2612
2613
2614
2615
2616
2617
2618
2619
2620
2621
2622
107
2624
2625
2627
3604
2628
2629
2630
2631
2632
2625
2634
2635
2636
2637
2638
2639
2640
2641
2642
2643
2644
135
2644
2647
2648
2649
2650
2651
2652
2653
2654
2655
2656
2655
2658
2659
2660
2661
2662
2663
2664
2663
2666
2667
2668
2669
2670
2671
2673
3637
2677
2675
2676
2677
2678
2679
2680
2681
1390
2683
2684
2685
2686
2687
2688
2689
2690
2691
2692
2693
2694
2695
2696
2697
2698
2699
2700
2701
2702
2703
2704
2705
2706
2707
2708
2709
2710
2711
2712
2713
2714
2715
2716
2717
2718
2719
2720
2720
2722
2723
2724
2725
2726
2727
2646
2728
1424
2731
2732
2733
2734
2735
2736
2737
2738
2739
2740
2741
2742
2743
2744
2745
2746
2747
2748
2749
2750
2751
2752
2753
2754
2755
2756
2757
2758
2759
2760
2761
2762
2763
2764
632
632
2765
3139
2770
3140
2786
2769
441
2229
2774
442
2260
439
452
3024
2242
2783
3185
2782
2786
3146
425
2785
2789
639
2791
641
2793
2327
493
492
2794
2799
3147
645
2798
2802
2803
2804
2813
2811
650
2475
2811
2453
2451
2816
2455
2812
2268
2272
2818
2818
651
2820
2821
2822
2823
2825
2829
653
2827
2322
2319
489
487
2886
488
2367
2412
2368
2363
5522
2834
2837
656
2842
2843
2844
2845
2846
2847
2848
2854
2853
2313
2384
2381
2852
3640
2364
1458
2858
2859
2860
2311
1633
2357
2359
2358
2354
2870
2864
2388
1456
2871
2872
2873
2874
2875
5568
5544
2355
2422
5708
1467
1466
2885
510
2889
2884
664
664
2890
2374
2891
2892
2893
2894
2895
2896
2897
2898
2899
2900
2901
2902
2903
2904
2905
2906
2907
2908
2909
2910
2911
2912
2913
2914
2915
2916
2917
674
2919
2920
2193
2922
422
2921
2925
2926
2927
2928
2929
2930
2931
2932
2933
2934
2935
2936
1642
505
2971
2350
144
2198
424
2947
2944
675
3231
2955
680
682
681
3157
3171
2958
3176
2954
684
3176
2962
2241
686
3756
2963
498
2965
2966
2967
2968
2995
2993
2336
2972
2973
2974
2975
2976
2977
2978
2979
2980
2981
2982
2983
2984
2985
2986
2987
2988
2989
2990
2991
500
2994
500
692
692
2997
2998
2999
3000
3004
3001
389
3008
3005
3006
3005
3009
3009
695
3180
3180
1647
1647
153
1644
2262
154
3022
139
3019
3023
3007
2257
459
1636
3027
3028
3029
3030
2275
3156
3755
3021
3034
400
698
3026
3040
3104
3041
679
3043
3043
3045
3047
3047
381
419
419
3051
3052
3053
3054
3055
3057
3086
3054
3059
3058
5821
2180
415
3064
3065
3066
700
3068
3069
3070
3071
3072
3073
3074
2157
3076
2120
3078
3079
3080
3081
3082
3083
3084
3085
3060
706
3088
3089
3090
3091
3092
3094
3094
3095
3093
2434
391
3099
2341
3100
3102
3103
2945
3105
3106
3107
3108
3109
3110
3111
3112
3113
3114
2122
3116
3117
3118
3119
3120
3121
3122
3123
3124
3125
3127
3134
714
3126
70
5793
5694
5831
2439
518
3129
3136
151
3186
3142
711
711
3191
697
2211
3095
1481
3151
3152
5692
3152
3153
2408
2226
432
3154
3156
3169
2286
2286
471
2951
2953
717
3175
3032
2214
2218
2215
3167
2957
3745
1360
3752
3158
1637
148
2956
2957
3181
3181
2203
3182
3184
443
443
3188
3194
3014
696
3013
3015
3093
3096
3193
3199
3196
3198
3237
721
3202
3233
3209
3201
3206
3224
3205
722
3211
3209
3240
3212
3215
707
3216
3217
2924
3219
3753
2960
3220
24
24
3227
3227
340
3742
3229
3281
3230
3230
3232
3235
729
3279
341
3239
730
3283
2055
3241
3242
3243
3244
3245
3246
3247
3248
3249
3250
3251
3252
3253
3254
3255
3256
3259
344
3287
732
3257
2062
3265
3263
3290
3266
3267
3268
3269
3270
3271
3272
3273
3274
3275
3276
3277
3278
2046
338
3264
733
2052
335
1504
80
3288
3288
78
3290
2104
371
3293
3294
3295
3296
3297
3298
3299
3300
3301
3302
3303
3304
3305
3308
737
3383
738
3310
3311
3312
3197
718
3313
3316
723
3320
3210
723
3321
3207
3323
3207
3324
3204
3326
3328
3331
3330
3334
743
472
2480
84
3336
3337
3338
2473
2464
2473
2283
2472
2464
2472
1483
72
1509
474
2487
741
741
3318
3315
739
3354
740
3327
3360
3740
673
3356
3362
3364
2461
2463
2463
2535
2489
2562
3371
3372
3373
3374
3375
3376
3377
3382
749
3378
751
3382
3385
752
3674
3386
750
3566
3389
3390
3391
3392
3393
3394
3395
3396
3397
3398
3399
3400
3401
3402
3403
3404
3405
3406
3407
3408
3409
3410
3411
3412
3413
3414
3415
3416
3417
3418
3419
3420
3421
3422
3423
3424
3425
3426
3427
3428
3429
3430
3431
3432
3433
3434
3435
3436
3437
3438
3439
3440
3441
3442
3443
3444
3445
3446
3447
3448
3449
3450
3451
3452
3453
3454
3455
3456
3457
3458
3459
3460
3461
3462
3463
3464
3465
3466
3467
3468
3469
3470
3471
3472
3473
3474
3475
3476
3477
3478
3479
3480
3481
3482
3483
3484
3485
3486
3487
3488
3489
3490
3491
3492
3493
3494
3495
3496
3497
3498
3499
3500
3501
3502
3503
3504
3505
3506
3507
3508
3509
3510
3511
3512
3513
3514
3515
3516
3517
3518
3519
3520
3521
3522
3523
3524
3525
3526
3527
3528
3529
3530
3531
3532
3533
3534
3535
3536
3537
3538
3539
3540
3541
3542
3543
3544
3545
3546
3547
3548
3549
3550
3551
3552
3553
3554
3555
3556
3557
3558
3559
3560
3561
3562
3563
3564
3565
3566
3567
3568
3569
3570
3571
2729
39
3574
3575
3609
1564
3578
3579
3597
836
3582
3583
3584
3585
3586
3587
3588
3589
3590
1532
3592
3593
3594
3595
2657
3597
2655
3599
3600
3601
3602
3603
3604
3605
3606
3607
3608
2677
613
3611
3614
3613
3616
3615
3616
3617
3618
3619
3620
3621
3622
3623
2642
3625
3626
3627
3628
3629
3630
3631
3632
3633
3634
3635
3636
3637
3638
3639
2362
3641
3642
3643
3644
3645
3646
3647
3648
3649
3650
3651
3652
3653
3654
3655
3656
3657
3658
3659
3660
3661
3662
3663
3664
3665
3666
3667
3668
3669
3670
3671
3672
3673
3674
848
3676
3677
3678
3679
3680
3681
3682
3683
3684
3685
3686
3687
3688
3689
3690
3691
3692
3693
3694
3695
3696
3697
3698
3699
3700
3701
3702
3703
3704
3705
3706
3707
3708
3709
3710
3711
3712
3713
3714
3715
3716
3717
3718
3719
3720
3721
3722
3723
3724
3725
3726
3727
3728
3729
3730
3731
3732
3733
3734
3735
3736
3737
3738
3739
3325
3741
3261
2468
3179
3752
3748
3748
2544
3751
1356
1355
683
3035
1622
3754
3755
3044
2370
3759
3760
3761
3762
3763
479
148
1335
2210
3768
3380
3770
3771
3772
142
538
2284
2474
3777
3778
3779
3780
3781
3783
4946
856
3782
857
3785
859
860
3787
3795
862
3794
864
5417
3798
865
4971
866
3796
3801
3802
3803
3804
3805
3806
3807
3808
3809
3810
3811
3812
3813
3814
3815
3817
3817
5038
3818
880
3821
3822
3823
3824
3827
3825
3827
885
3829
3830
3831
3832
3833
3834
3835
3836
3837
1869
245
246
3838
3842
4632
3844
3845
3846
3847
3848
3849
3850
3851
3855
3852
899
3865
900
3857
3857
3859
3860
3862
4751
3863
897
3865
3866
3867
3868
1667
3870
3869
3872
3873
3874
3875
3876
3877
3878
3879
3880
3881
3882
3883
3884
3885
3886
3887
3888
3889
3890
3878
3892
910
3894
2162
3895
404
403
3900
4538
923
3899
922
3904
3905
3906
3907
3908
3909
3910
3911
3912
3913
3912
3915
931
3918
4612
4614
3919
3921
3921
3923
3924
3925
3926
3927
3928
3929
4867
3931
3932
3933
305
4700
939
3937
185
1704
1704
2025
3944
315
325
2032
2031
2032
943
327
2220
3950
2219
2220
4828
3956
4830
3995
3958
4825
3960
3961
4480
3963
3964
3965
3966
3967
3971
958
959
4720
2778
438
4482
454
3976
920
3978
3983
963
3982
4015
4015
948
3952
3951
3986
3985
3951
947
319
2009
978
3996
967
3992
2781
451
4483
464
949
307
304
4001
949
4006
4007
4008
974
4010
4012
4640
3970
4012
978
4784
978
4018
4019
4020
4021
4024
4022
4024
4026
4042
4027
4025
4030
4563
983
4029
924
4035
4035
4036
4034
1995
4554
313
4038
4042
4043
987
4045
4050
990
4050
4108
4531
4051
4052
4494
4054
4055
4056
4057
4058
4059
4060
4061
4062
4061
4064
4065
4066
4788
4068
4072
1004
4069
4073
312
312
4074
4078
1002
4063
309
1008
5677
5765
5653
5764
5767
4087
4568
4086
5721
5592
4088
5795
5633
5581
5612
5649
5768
5797
5798
5650
4096
4098
4088
4090
5815
5815
1009
1009
4110
4559
1131
1834
4111
4574
4118
4116
170
4776
4120
4120
4121
4123
4166
5813
5811
4126
5812
4130
4128
4130
4128
4129
1688
4134
4135
4139
5829
4093
1847
1845
4137
4125
4126
4145
4130
4144
4144
5729
4149
1015
4833
4152
4153
4154
4155
4156
4157
4158
4159
1695
5824
4162
4163
4164
4165
4121
1019
4168
4169
4858
1852
4846
4858
4846
4846
3997
4000
3997
3999
1023
4189
1022
4509
4241
4191
1718
1024
4192
969
4637
1045
4639
4863
4637
4639
5420
1714
4183
1025
1026
4506
4187
4187
184
184
1853
1851
1852
1851
4207
1034
1851
4213
4214
1035
4216
4221
1037
4217
4220
5422
4234
4225
4235
4236
1708
4846
4846
1708
4251
4245
4230
4252
4264
4262
4238
4023
4237
975
3999
3998
968
4223
4243
4244
4244
1038
4219
4248
4250
4245
4247
4202
4254
4202
4256
4257
4258
4259
4261
4261
4239
4260
4238
4202
4202
4199
4013
1703
4274
4249
4270
4275
4248
1030
4010
4277
4278
4279
4280
4281
4284
1052
1053
4267
5453
4198
4288
1056
4292
1061
1062
1062
323
1054
1063
4297
4298
4299
4301
4301
1067
4303
4304
4305
1060
1060
4308
4309
4310
4311
4312
4313
4314
4315
4316
4317
4318
4319
5279
4321
4322
4323
4324
4325
4326
4327
4328
4329
4330
4331
4332
4333
4334
4335
4336
4337
4338
1762
4340
4343
4342
4352
4344
1086
4346
4347
4348
4350
4351
4351
4352
4353
4354
4355
4356
4358
4358
4361
290
5307
4362
4363
4364
4365
4366
4367
4368
4369
4370
4371
4372
4373
5279
5279
1094
4379
1097
5294
1299
4377
4386
1096
4384
1298
5266
4387
4388
4389
4390
4391
4392
4393
4394
4395
4396
4397
4398
4399
4400
4401
4402
4403
4404
4405
4406
4407
4408
4409
4410
4409
4412
4413
4414
4415
4416
4421
4418
4416
4420
4421
5278
4423
4424
4425
4426
4427
4428
1078
4430
4431
4432
4325
1079
4435
4436
4437
4438
4439
4440
4441
4442
1788
1788
1910
4445
4447
1905
4449
4450
4451
4452
4453
1107
4453
1807
4457
4458
4459
4460
4461
4462
4463
4464
4465
4466
4467
4468
4469
3902
925
985
2765
4473
633
635
636
2788
4478
2775
637
438
2246
3972
2784
4485
2788
638
4488
4490
4491
4492
4493
2797
644
643
2801
646
4497
4500
4508
4502
4508
4508
4507
4178
4176
4506
464
4511
4511
4512
4513
4514
4515
4519
4517
1121
4520
4521
4048
4524
4046
4049
4047
4138
4092
4102
4526
5796
4529
1124
4547
4534
4535
4536
4537
4538
4539
4540
985
4553
4546
1005
4544
4545
4548
4562
1127
4550
4550
4552
4554
984
4556
4112
4555
1011
4560
4075
1129
4113
4551
1128
4565
4566
4567
4569
5442
4571
4627
1832
1007
1007
4577
4575
4581
1013
4576
1132
4582
5433
1678
4584
4585
4586
4587
4588
4589
4590
4591
4592
4593
4594
4595
4596
4597
4598
4599
4600
4601
4602
4603
4604
4471
925
4607
4608
5006
4610
4613
4611
4915
3923
4615
4616
4515
4618
4619
4620
4621
4622
4623
4624
4625
4626
5835
4028
4628
982
4629
3927
4634
870
1143
4633
4484
961
4727
4642
1150
4842
1151
4714
4644
4647
961
4649
5431
1154
4648
4652
4653
4654
4655
4656
4657
4659
4683
4660
4661
4662
4663
4664
4665
4666
4667
4668
4669
4670
4671
4672
4673
4674
4675
4676
4677
4678
4679
4680
4063
1001
4682
1161
1161
4686
4687
4688
4689
4691
4697
909
4693
4694
4695
4696
4699
1164
4699
4701
4865
318
2010
1166
318
320
4703
4708
4709
4710
4711
4712
960
3988
3974
4716
928
4718
4719
4004
970
971
4710
1167
4725
4723
3974
4731
1148
4728
4791
4732
4733
4734
4735
4736
4737
930
3917
4738
930
4742
4743
4744
4746
4774
4747
4747
4749
5817
3914
4752
4753
4754
1170
4740
1172
4756
1173
4760
4761
4762
4763
4764
3853
898
4767
3858
4769
901
4771
4772
4773
4748
1175
4773
4777
4778
4779
4780
4784
4781
938
4784
4785
4786
4787
3101
4789
4790
4636
871
4793
4794
4795
4796
4797
4798
4799
4800
4801
4802
4803
4804
4805
4806
5438
4808
4809
4810
4811
4812
4813
4814
4812
4816
4131
1843
5825
4820
4821
3137
4474
1115
4827
1180
4831
4876
3941
4875
3933
4832
4834
4836
1844
4837
4838
4838
3955
4839
3948
4840
4853
4846
1185
4849
4012
190
4850
4850
1186
3945
4854
5441
1152
4645
4858
4859
4860
4860
966
3987
1149
4646
4866
4868
3183
4868
4869
4870
4870
4871
4879
4872
4874
4874
4781
4877
4878
4881
4885
1188
4880
1187
4887
1194
4893
1193
4889
4890
4891
4892
4890
1191
1192
4898
4897
4899
4900
4901
4612
4905
4902
1155
5428
4651
3938
4908
4909
4908
4911
4912
4913
4914
4915
4916
4919
4917
4924
863
4918
1198
4921
4910
4925
4926
4927
4928
4929
4930
4931
4932
4933
4934
4935
4936
4937
4938
4939
4940
4941
4942
4943
4944
4941
4945
4947
4948
4949
4950
4951
4952
4953
4954
4955
4956
4957
4958
4959
4960
4961
4962
3793
4963
4965
4966
4964
4967
3800
4969
4971
4972
4973
4974
4970
4975
4977
4978
4979
4980
4981
4982
4983
4984
4985
4986
4987
4988
4989
4991
4991
4992
4990
4994
4995
4995
4996
5001
4998
1209
5011
5003
5003
5002
1210
3922
933
932
5009
5010
5004
1211
4903
1195
4614
941
5450
5017
4205
1873
1172
4739
929
1851
1032
1854
236
4857
4846
4173
5030
4171
5033
5034
5035
5038
5036
5038
5042
5039
884
5042
1211
5046
5045
5415
3822
5047
5049
4203
4203
5050
5052
5054
5055
5056
5057
5058
5059
5060
5061
5062
5063
5064
5065
5066
5067
5068
5069
5070
5071
5072
5073
5074
5075
5076
5077
5078
5079
5080
5081
5082
5083
5084
5085
5086
5087
5088
5089
5090
5091
5092
5093
5094
5095
5096
5097
5098
5099
5100
5101
5102
5103
5104
5105
5106
5107
5108
5109
5110
5111
5112
5113
5114
5115
5116
5117
5118
5119
5120
5121
5122
5123
5124
5125
5126
5127
5128
5129
5130
5131
5132
5133
5134
5135
5136
5137
5138
5139
5140
5141
5142
5143
5144
5145
5146
5147
5148
5149
5150
5151
5152
5153
5154
5155
5156
5157
5158
5159
5160
5161
5162
5163
5164
5165
5166
5167
5168
5169
5170
5171
5172
5173
5174
5175
5176
5177
5178
5179
5180
5181
5182
5183
5184
5185
5186
5187
5188
5189
5190
5191
5192
5193
5194
5195
5196
5197
5198
5199
5200
5201
5202
5203
5204
5205
5206
5207
5208
5209
5210
5211
5212
5213
5214
5215
5216
5217
5218
5219
5220
5221
5222
5223
5224
5225
5226
5227
5228
5229
5230
5231
5232
5233
5234
5235
5236
5237
5238
5239
5240
5241
5242
5243
5244
5245
5246
5247
5248
5249
5250
5251
5252
5253
5254
5255
5256
5259
5258
5457
5261
5300
1297
5260
1954
5264
5267
5303
5268
5269
5270
5271
1900
4381
1300
5275
5276
5277
5263
5279
5280
5281
5282
5283
5284
5285
5286
5287
5288
5289
5290
5291
4395
1100
5296
5295
5296
5296
5298
5299
5300
5301
5302
5303
5304
5305
1306
5301
5308
5309
5310
5311
4356
5313
5314
5315
5316
4446
281
5319
5320
5289
4557
5323
5324
5325
5326
5327
5328
5329
5330
5331
5332
5333
5334
5335
5336
5337
5338
5339
5340
5341
5342
5343
5344
5345
5346
5347
5348
5349
5350
5351
5352
5353
5354
5355
5356
5357
5358
5359
5360
5361
5362
5363
5364
5365
5366
5367
5368
5369
5370
5371
5372
5373
5374
5375
5376
5377
5378
5379
5380
5381
5382
5383
5384
5385
5386
5387
5388
5389
5390
5391
5392
5393
5394
5395
5396
5397
5398
5399
5400
5401
5402
5403
5404
5405
5406
5407
5408
5409
5410
5411
5412
5413
5414
5415
5416
5417
4195
189
1715
5422
5423
4263
5425
5426
1710
1153
4726
5429
970
5430
5432
1846
5434
5435
5436
5437
5438
4037
5815
316
5729
315
5444
5445
5446
5447
5448
1990
1704
5451
4846
4201
5454
5455
4996
4997
5458
1788
5460
5457
5462
1755
5464
5465
5466
5467
5468
5469
5470
5471
5472
5473
5557
5561
5542
5478
5758
1333
5745
5565
5576
5489
5529
5493
5507
5505
5505
5488
5534
5548
5532
5558
5579
5699
5495
5497
5494
5756
5555
5555
5554
5555
5508
5499
5508
5700
5508
5571
5494
5577
5571
5536
5512
5535
5488
5538
5538
5530
5492
5550
5485
5551
5548
5505
5487
5506
5499
5548
5547
5533
5504
5486
5528
5525
5528
5526
5527
5492
5542
5478
5698
1334
1333
5703
5576
5507
5486
5507
5549
5558
5494
5564
5559
5495
5559
5556
5497
5559
5763
5572
5572
5562
5779
5567
5702
1334
5543
5543
5578
5578
5560
5554
5562
5543
5566
5570
5578
5779
1334
5681
5670
5651
5585
5772
1690
1689
5730
5683
5607
5622
5599
5601
5613
5608
5678
5596
5645
5600
5636
5657
5686
5668
5603
5605
5733
5602
5770
5666
5604
5663
5666
5614
5614
5733
5614
5732
5685
5679
5685
5684
5597
5644
5623
5618
5647
5647
5639
5598
5593
5640
5660
5631
5617
5608
5595
5635
5658
5600
5656
5613
5616
5635
5678
5634
5637
5637
5600
5670
5585
5772
5652
5783
5587
5662
5594
5615
5594
5656
5657
5684
5675
5665
5665
5667
5603
5606
5668
5778
5680
5672
5680
5586
5686
5673
5675
5675
5605
5605
5669
5663
5672
5652
5674
5679
5782
5782
5557
5496
5561
5477
5697
5697
5697
5697
5697
5758
5758
5763
2417
2416
2400
3061
3061
2380
2380
1333
5479
5575
5576
5512
5489
5490
5491
5485
5604
5681
5630
5628
5624
5625
5590
5607
5677
5587
5729
1691
4106
4106
4750
4127
4142
4143
4807
4145
5772
5773
5773
5799
5799
5737
5584
5671
3061
3061
2380
2380
5737
5799
5479
5575
5498
5509
5511
5490
2416
2417
2420
5758
5697
5759
5744
3120
5655
5677
5625
5590
5671
5612
4125
4143
4145
4145
5799
5773
5653
5729
4807
2400
5696
5696
4127
4750
4106
4106
1691
5491
5502
5523
5563
5501
5541
5759
5591
5628
5633
5581
5650
4144
5802
4106
2996
2996
2402
5805
2403
2390
5808
5809
4119
4115
4117
5814
5809
4685
4685
4745
2389
2403
2996
3056
4684
5823
4123
4122
5806
5830
5813
5813
2402
2404
5816
2995
5816
5834
5802
2378
4013
184
23
2283
23
4013
977
3162
2284
4013
23
1704
