2131
2136
1311
1313
2149
3106
6
7
8
3087
10
11
12
13
14
15
16
17
158
158
2504
430
1349
2209
3222
158
2282
3749
2953
3178
743
743
68
1574
3603
1398
2631
3569
38
2729
2679
1394
1386
134
2683
1437
5465
1407
1411
1414
3569
2650
2648
2697
1424
1427
1383
59
2689
60
3631
3629
1454
3634
2747
1460
1469
3293
1470
3275
70
537
2464
3741
74
75
3278
3297
78
79
80
81
2581
3331
743
3331
467
2282
1514
89
90
91
92
93
94
95
96
1524
98
2622
1561
2728
1419
103
1650
3588
3604
1564
1566
3605
109
3305
1579
2725
1586
1531
1588
117
118
1598
615
121
2643
1417
1389
1609
1607
2752
1611
36
2652
1540
2735
3638
1612
2646
3607
137
2277
1622
1627
460
2251
2352
2350
145
146
147
151
3138
2026
3185
3187
3193
1647
3093
156
157
1659
2592
160
161
162
163
164
3885
166
167
168
1831
4775
171
172
173
174
175
176
177
178
4906
4906
1707
4906
3938
4651
4651
4907
4018
5016
4864
4640
323
323
5250
1942
234
1731
1729
198
1725
5250
201
202
203
204
1738
206
207
208
209
210
4434
4346
213
214
215
4369
4367
4415
1790
217
5318
222
1806
1811
225
5315
1823
1822
1820
1758
231
4977
4959
1838
235
4212
1716
5416
1857
4948
241
1860
243
244
245
246
5016
323
4906
4906
4018
4019
253
254
255
256
257
258
259
260
261
262
263
264
265
266
1784
268
269
270
271
5285
5269
1933
1935
5286
1938
4989
1947
1943
4447
1734
283
284
285
286
287
288
289
290
291
292
293
294
295
4372
4373
1977
4365
300
301
302
303
1986
3936
3937
3994
4701
309
310
311
312
313
317
2024
2003
4870
4782
4781
4016
321
322
2018
4306
1166
632
2025
2629
2035
2108
3249
2039
333
334
335
336
337
338
339
340
341
342
343
344
2063
2945
2947
3244
349
350
351
352
353
354
355
356
357
358
359
360
361
362
363
364
365
366
367
368
369
370
371
372
373
2175
3104
2112
3062
2179
2130
2116
3115
2121
2129
3862
3914
2182
2173
388
389
390
391
2146
2144
3007
3022
2151
3073
398
399
3021
2157
402
403
404
405
406
407
408
409
410
411
3905
3027
3039
3912
3913
3046
2187
2189
420
421
2193
3323
424
2787
2200
427
428
3010
3331
3189
152
149
2217
2210
2766
4475
4473
2765
2226
2769
2774
2228
3140
2237
2235
3119
3080
2959
2238
4482
2777
2220
3953
455
473
2289
1646
2261
3015
3998
2779
2242
3972
3156
2275
2281
3124
2127
3078
2286
430
3094
470
3125
384
477
478
479
480
481
482
483
484
485
486
487
488
489
490
491
492
493
494
495
496
497
498
499
500
501
502
503
504
505
2379
507
1468
509
510
511
512
513
514
515
516
517
518
519
744
2504
2269
2271
3997
4000
2519
2451
2456
2469
2948
2470
2809
3776
3331
3368
2539
2562
2543
2279
2522
2544
2522
4024
468
4243
2581
4243
2500
4024
2296
3124
3125
2950
4243
2524
4244
2492
2278
2278
2574
2556
2573
2567
2579
2546
4230
2806
2802
2558
570
571
2588
2577
2580
447
2818
2280
2294
1658
580
581
582
583
3573
585
586
587
588
589
2609
591
592
593
594
595
2034
1651
2626
111
32
2634
2636
1375
2984
3294
1534
1421
608
609
610
611
612
613
3627
2673
123
2693
618
619
2719
1399
622
623
1450
625
626
627
628
629
630
631
2782
4485
2785
4487
4476
4480
4488
639
640
641
642
643
644
645
646
4504
4500
4504
4178
4511
652
653
654
655
656
657
658
659
660
661
662
663
664
2893
666
667
668
669
670
671
672
673
674
2924
676
677
678
3216
3025
3171
2256
2954
3177
3220
2961
687
3255
2997
2991
3254
2994
3241
3251
3091
3195
3014
3755
3064
3753
3212
3044
3051
3337
705
706
3218
3070
2120
710
3146
3113
3109
714
3167
1367
3175
718
719
720
721
722
723
724
725
3329
727
3230
729
730
3245
732
733
734
3296
736
737
738
739
740
741
742
3749
3368
3369
746
470
748
749
750
751
752
753
754
755
756
757
758
759
760
761
762
763
764
765
766
767
768
769
770
771
772
773
774
775
776
777
778
779
780
781
782
783
784
785
786
787
788
789
790
791
792
793
794
795
796
797
798
799
800
801
802
803
804
805
806
807
808
809
810
811
812
813
814
815
816
817
818
819
820
821
822
823
824
825
826
827
828
829
830
831
832
833
834
835
836
837
838
1584
840
841
842
1589
844
3623
846
847
848
849
850
851
852
3844
3777
4933
3783
3793
858
859
860
861
3795
4919
4910
4945
866
867
3801
3803
4634
4636
872
873
874
875
876
877
878
879
880
881
882
883
884
885
886
887
888
889
890
891
892
893
3910
3909
3848
900
3854
3867
3865
3859
4736
897
3868
905
906
907
908
909
3878
4709
4695
3880
3883
4762
916
917
4710
3894
920
921
922
923
924
925
926
4719
4717
3920
930
931
932
933
3923
3925
936
937
938
4691
4693
1195
4704
4874
2032
942
945
1115
4823
307
4479
4826
3960
3962
954
4770
4806
957
4649
3971
3990
3988
962
4865
4017
978
1998
964
4715
4638
4004
971
4803
4767
903
4805
3970
4906
4784
4021
980
981
982
983
984
985
986
987
988
989
990
991
992
993
994
995
996
997
998
999
1000
1001
1002
1003
1004
1005
1006
1007
1008
1009
1010
1011
1012
1013
1014
1015
1016
1017
1018
1019
1876
1707
4242
4638
4195
4188
1022
1715
4863
5427
4215
4201
4281
5426
4019
972
4277
1055
1037
1049
4009
323
1040
974
974
1149
1037
1051
4008
4007
4265
1051
4857
4284
4294
4262
1031
4288
1058
1059
1060
1061
1062
1063
1064
4009
4022
4301
4006
2017
1070
1071
1072
1073
1074
1075
1076
1077
1078
1079
1080
1081
1082
1083
5259
1085
4438
4989
1088
1089
4673
4978
1903
1908
1094
1095
1096
1097
1098
1099
1100
1101
1102
1103
1104
1105
1106
1107
1108
1816
1110
1111
1112
1113
1114
4486
4489
1117
1118
1119
1120
1121
1122
4549
4529
1125
1126
1127
1128
1129
1130
1131
1132
4584
1134
1135
1136
1137
1138
1139
1140
1141
1142
1143
1144
1145
1146
1836
1148
1151
1150
4862
4854
4645
1154
1155
1156
4939
4686
1159
1160
4682
4925
4935
1164
2010
318
5430
4754
4726
1170
4734
1172
1173
1174
1175
1176
1177
898
1179
4783
4795
4799
1183
4841
324
1186
1187
1188
1189
1190
4890
1192
1193
1194
1195
4911
4913
1198
1199
4930
4966
4943
1203
4979
1205
1206
1207
1208
1209
1210
1211
957
5031
5033
1215
4021
1217
1218
1219
1220
1221
1222
1223
1224
1225
1226
1227
1228
1229
1230
1231
1232
1233
1234
1235
1236
1237
1238
1239
1240
1241
1242
1243
1244
1245
1246
1247
1248
1249
1250
1251
1252
1253
1254
1255
1256
1257
1258
1259
1260
1261
1262
1263
1264
1265
1266
1267
1268
1269
1270
1271
1272
1273
1274
1275
1276
1277
1278
1279
1280
1281
1282
1283
1284
1285
1286
1287
1288
1289
1290
1291
1292
1293
1294
1295
1296
1297
1298
1299
1300
1301
1302
1303
1304
1305
1306
1307
2134
2134
1309
0
4
4
2148
1312
1318
1316
3053
1319
1320
1321
1322
1323
1324
1325
1326
1327
1328
1329
1330
1331
1332
3061
2400
2380
1336
1337
1338
1339
158
158
158
158
3333
158
3333
3333
2208
3223
3222
1659
158
1657
2579
2290
2290
3749
474
2282
29
3179
3178
1361
28
158
158
158
743
3568
3570
1574
3568
110
1377
1376
1570
1569
1369
1372
1370
1369
2653
1386
1385
1535
2734
2692
2690
43
2692
1393
1391
1451
624
1397
1396
1433
603
1399
1403
1403
1388
5472
116
1406
2633
116
1410
1408
1587
1411
1374
1412
34
1416
1610
128
1416
3571
3569
50
2650
2650
2648
2650
52
2651
1432
1431
2651
2651
2648
3636
2733
1436
2743
1436
1435
1615
2745
1442
2746
1448
61
3630
2635
1444
3632
1608
125
1605
1453
2687
58
1452
2359
2361
2360
1310
1
1310
1464
3766
5836
1469
2941
1465
66
144
3276
1473
69
3276
1474
1475
1476
1477
1478
1479
1480
1481
1482
2485
1347
2284
2489
74
3266
1489
1487
1492
3278
77
1494
76
1496
1497
1498
1499
1500
1501
1502
1503
1504
158
158
743
3332
474
474
467
1310
1461
2
1515
1516
1517
1518
1519
1520
1521
1522
1526
1524
100
3602
99
1529
2729
101
1528
39
51
1423
1421
1539
2730
50
1422
37
1541
1542
1543
1541
1545
1546
1547
1548
1549
1550
1551
3591
1557
1554
1555
597
1648
1560
1558
3603
108
106
3590
3578
1562
1563
3589
3589
1568
3605
1471
3304
1572
68
32
2724
1371
32
1571
115
115
2672
115
1580
1584
115
1544
97
95
1590
2685
1592
57
120
1599
2684
1596
115
615
1581
601
1405
2716
1617
1606
44
124
1604
126
1399
35
132
1614
2647
2736
1388
1390
1618
1619
1620
1624
138
1623
1626
2253
2265
2254
2266
1629
1630
1631
1632
1633
2027
2027
2027
2026
3186
3139
3187
3186
2378
2378
3096
3193
3096
3096
5460
2036
620
596
1652
1653
1654
1655
574
1658
574
2580
1662
1663
1662
571
1664
1664
1666
1667
1671
1669
1670
1672
1673
4742
1674
1675
1676
1677
1678
1679
1680
1681
1682
1683
1684
1685
1686
1687
1688
4750
4127
4106
1692
1693
1694
1695
4907
4907
4907
4907
3938
4906
3938
3938
4651
4306
4306
4306
4306
4020
4020
4018
4020
5016
4641
4641
3970
4641
5427
4907
323
4907
4907
5248
5248
1942
5249
1730
1727
277
5289
221
1724
4351
1724
4349
1739
1737
297
1093
1740
1741
1742
1743
1744
1745
1746
1747
1814
1749
1750
1751
1752
1753
1755
5463
1756
1754
1758
1762
1759
4433
211
1763
1764
1765
1766
1767
1768
1769
1770
1728
1772
197
196
1775
1776
1777
1778
1779
1780
1781
193
4369
193
5250
4369
4369
4367
1795
218
1792
1795
4413
4368
4413
1798
1796
4446
1799
1800
1801
1802
1803
5320
4456
224
4456
1807
1809
1810
226
1812
1813
1815
1971
227
1818
1821
1817
228
1757
230
293
4555
1824
1826
1827
1828
1829
1830
5835
1832
1833
1834
1835
1836
1837
4960
4960
233
1839
1844
1843
4100
1846
4101
1847
1848
1849
1850
3939
183
3940
1705
240
1858
240
5416
1859
1860
1861
1862
1863
1864
1865
1866
1867
1868
1869
1870
1871
1872
4907
323
4907
4907
4906
4907
4020
4018
5424
1882
1883
1884
1885
1886
1887
1888
1889
1890
1891
1892
1893
1894
1895
1896
1897
1898
1899
1900
1901
1902
4444
216
220
1909
1784
1785
1782
200
1911
1912
1913
1914
1915
1916
1917
1918
1919
1920
1921
1922
1923
1924
1925
1926
1927
1931
1929
274
5284
272
273
1932
5258
5270
276
5287
1937
5271
4988
234
4988
4988
195
1943
1941
195
194
1950
1951
1952
1953
1954
1955
1956
1957
1958
1959
1960
1961
1962
1963
1964
1965
1966
1967
1968
1969
1970
1971
1972
1973
1974
1975
1976
299
1978
1979
1980
1981
1982
1983
1984
3934
3935
3934
1987
4700
3980
4701
4700
1993
1994
1995
1996
1997
317
317
2024
317
4870
4871
4870
5801
169
4016
4781
978
4016
2011
2012
2013
2014
1063
4296
1063
2017
2021
1060
2021
2019
4871
4873
4871
3139
632
3139
3139
3139
2024
2024
2023
2720
3312
2035
2038
2629
331
2111
3250
2041
2040
2044
2045
2046
2047
2048
2049
2050
2051
2052
2053
2054
2055
2056
2057
2058
2059
2060
2061
2062
2065
2065
2944
347
2066
2068
2069
2070
2071
2072
2073
2074
2075
2076
2077
2078
2079
2080
2081
2082
2083
2084
2085
2086
2087
2088
2089
2090
2091
2092
2093
2094
2095
2096
2097
2098
2099
2100
2101
2102
2103
2104
2105
2106
2107
375
2110
2177
3105
348
3246
2113
2067
378
2180
2133
2118
378
379
2132
2122
2119
3063
3062
385
4751
415
2133
386
2131
2179
2135
2183
387
2137
2138
2139
2140
2141
2145
2142
394
3023
395
2150
2147
397
3076
393
1315
5
2154
2155
2159
400
2156
3019
2160
2161
2162
2163
2164
2165
2166
2167
2168
2169
2174
2171
2170
412
2174
414
3030
3040
2176
2181
2181
3912
416
2184
3915
2186
3046
88
2185
417
2194
2191
2190
423
3321
2195
2196
2197
2198
2203
425
2199
2202
2203
2204
2205
2206
2207
3331
3223
1641
3187
1638
152
1634
150
2212
148
2028
2767
633
4473
2767
2765
432
3144
2213
435
441
2773
2229
2232
2770
2236
2233
2236
3082
448
24
2241
24
2960
2221
438
2219
437
3950
2247
2248
2249
2287
2289
155
2262
2288
2768
436
3138
2768
2220
632
632
1647
3093
1647
3016
154
697
451
2781
2243
2246
4483
2274
3154
465
2273
2225
3117
3117
2127
383
3116
1350
1349
430
1350
3093
473
3093
3118
3118
470
470
384
384
384
3125
2298
2299
2300
2301
2302
2303
2304
2305
2306
2307
2308
2309
2310
2311
2312
2313
2314
2315
2316
2317
2318
2319
2320
2321
2322
2323
2324
2325
2326
2327
2328
2329
2330
2331
2332
2333
2334
2335
2336
2337
2338
2339
2340
2341
2342
2343
2344
2345
2346
2347
2348
2353
505
2349
499
2353
5568
5544
5710
5711
5513
5711
5712
5752
5518
5714
5755
2363
5789
2367
2368
2369
2370
2371
2372
2373
2374
2375
2364
2365
5803
5820
5802
2381
2382
2383
2384
2385
2878
2387
2388
2392
9
2391
2392
2393
2394
2395
2396
2397
2398
5818
5807
2401
2402
2403
2404
2405
2406
2407
2408
2409
2410
2411
2412
2413
2414
2415
2399
2417
2418
2419
2420
2421
5705
2423
2424
2425
2426
2427
2428
2429
2430
2431
2432
2433
2434
2435
2436
2437
2438
2439
2440
2441
2442
2443
2444
27
27
2504
744
158
158
2272
2268
464
3997
461
523
462
2815
522
2465
2466
2471
528
2462
2270
2520
463
2949
553
680
2950
3163
1363
2475
2810
532
2474
533
557
430
3751
3751
2539
3751
474
474
467
2561
2561
2561
2279
2496
2542
2542
2496
2522
2585
476
2582
545
4297
2579
158
2579
2581
2512
2528
2511
2547
4225
476
4024
3125
2296
3125
3124
3125
3125
463
2780
2271
2523
4243
2523
2523
2522
2523
4244
2496
3748
2496
2523
2524
4244
559
559
2541
2278
2278
2278
2278
469
469
2280
2296
3125
3125
2560
3776
561
3223
3331
158
743
550
2533
2555
565
2526
2531
3117
2281
2279
2279
2281
470
560
2574
2568
520
567
2805
2572
2808
2576
2586
572
2575
575
2580
3349
1066
2584
2295
4297
2587
2817
576
578
2280
2590
2593
2593
2594
2595
2596
2597
2598
2599
2600
2601
2602
2603
2604
2605
2606
2607
2608
591
2610
2611
2612
2613
2614
590
2616
2617
2618
2619
2623
2620
107
3577
1559
49
2722
599
111
2722
1370
3568
3568
49
1413
1409
48
47
1441
2639
2640
62
2640
2643
55
2646
1429
1428
605
2985
3295
2649
102
1538
1536
2655
2656
2657
2658
2659
2660
2661
2662
2663
2664
2665
2666
2667
2668
2669
2670
2671
101
2645
2674
2675
3625
2677
2680
41
3628
2678
3637
135
2682
1447
2686
2688
5462
63
1439
1439
1612
1418
2726
1418
1415
604
2699
2986
2700
2701
2702
2703
2704
2705
2706
2707
2708
2709
2710
2712
2717
2711
2714
2715
1413
2718
591
329
3312
3311
3305
1573
1573
1572
1415
123
53
2698
2648
2648
1379
1378
1379
54
1537
2737
2738
2739
2740
2741
2742
130
2654
3633
2751
45
5465
2748
1418
2695
621
2753
2754
2755
2756
2757
2758
2759
2760
2761
2762
2763
2764
633
2784
4485
2766
635
2771
2788
4478
2772
636
4477
2775
437
3953
454
2245
3973
637
2776
4481
2788
2785
638
4487
2789
2790
2791
2792
2793
2794
2795
2796
2797
2798
2799
2800
2801
647
4501
2803
649
2814
4504
2809
2814
2816
524
4509
2812
4177
464
3998
2819
651
4510
2820
2821
2822
2823
2824
2825
2826
2827
2828
2829
2830
2831
2832
2833
2834
2835
2836
2837
2838
2839
2840
2841
2842
2843
2844
2845
2846
2847
2848
2849
2850
2851
2852
2853
2854
2855
2856
2857
2858
2859
2860
2861
2862
1456
2864
1458
1457
2867
2868
2869
2870
2871
2872
2873
2874
2875
5751
5707
1463
2937
5750
2881
2882
2883
2884
2885
2886
2887
2888
2889
2890
2891
2892
73
2114
2895
2896
2897
2898
2899
2900
2901
2902
2903
2904
2905
2906
2907
2908
2909
2910
2911
2912
2913
2914
2915
2916
2920
2918
2917
3364
2922
3330
2921
418
2925
2926
2927
2928
2929
2930
2931
2932
2933
2934
2935
2936
5837
2938
2939
2940
2940
2942
2943
2946
679
3217
675
452
3038
2244
2240
681
3752
3026
3024
682
2958
459
2960
3222
685
2959
2963
2964
2965
2966
2967
2968
2351
143
2971
2972
2973
2974
2975
2976
2977
2978
2979
2894
2981
2982
2983
688
3256
2987
2999
2990
2989
3108
691
2337
2992
500
2993
692
694
3242
3252
2998
3001
3002
3003
3008
3005
3007
3007
3008
3009
695
3012
3180
3194
3194
3014
153
1645
3013
3020
3754
698
139
2205
2223
2259
2258
699
3029
3066
3041
2239
3157
449
686
2961
3034
2962
453
701
3042
3065
3215
2143
392
3043
3048
3048
3115
3052
3049
704
3047
3054
3054
3055
3057
3086
3058
3059
3060
5821
415
3914
707
3214
3067
3219
3071
3068
445
3336
3072
3006
3074
3036
3006
2117
377
2116
380
2124
3079
3083
3084
3085
3086
3087
3088
3089
3090
427
3092
3095
426
3146
3095
3097
3098
3099
3100
3101
3102
3103
679
2945
2148
396
3107
413
3111
3028
2178
3045
3110
2132
2126
2125
3077
709
3120
3121
3122
3123
2128
3861
3126
3127
3128
3129
3130
3131
3132
3133
3134
3135
3136
3137
2783
2783
634
2786
3141
2211
3190
1640
2786
3147
3148
3149
3150
3151
3152
3153
434
2215
715
3158
3170
158
1353
2504
1349
2286
1661
3165
3166
433
3765
3168
684
2957
82
2482
3174
573
2257
2030
2955
2956
3181
3184
3182
3183
2201
442
2230
443
2231
3188
696
696
3189
711
3142
444
3196
3197
3198
3199
3200
3201
3202
3203
3204
3205
3206
3207
3208
3209
3210
3211
3069
703
708
3050
419
2188
3221
3220
726
3328
726
3329
3224
3225
3226
3227
2192
3229
422
2923
3231
3233
3234
3235
3236
3237
3238
3239
3240
713
3112
3114
3232
728
3244
3247
3248
346
2064
374
2109
712
3243
330
2043
3257
3258
3259
3260
3261
3262
3263
3264
3265
731
3269
3268
3277
3270
3271
3272
3273
3274
345
2115
693
3000
3279
3280
3281
3282
3283
3284
3285
3286
3287
3288
3289
3290
3291
3292
376
332
3296
2042
689
3298
3299
3300
3301
3302
3303
67
687
3306
3307
3308
3309
3310
3311
3311
3313
3314
3315
3316
3317
3318
3319
3320
2919
3322
65
3324
3325
3326
3327
2234
446
1513
446
2235
3332
3332
3749
382
2123
381
3751
2539
3751
743
3348
3368
3348
3348
3369
747
2291
3370
3351
3352
3353
3354
3355
3356
3357
3358
3359
3360
3361
3362
3363
2172
2557
2557
569
2591
577
2281
3371
3372
3373
3374
3375
3376
3377
3378
3379
3380
3381
3382
3383
3384
3385
3386
3387
3388
3389
3390
3391
3392
3393
3394
3395
3396
3397
3398
3399
3400
3401
3402
3403
3404
3405
3406
3407
3408
3409
3410
3411
3412
3413
3414
3415
3416
3417
3418
3419
3420
3421
3422
3423
3424
3425
3426
3427
3428
3429
3430
3431
3432
3433
3434
3435
3436
3437
3438
3439
3440
3441
3442
3443
3444
3445
3446
3447
3448
3449
3450
3451
3452
3453
3454
3455
3456
3457
3458
3459
3460
3461
3462
3463
3464
3465
3466
3467
3468
3469
3470
3471
3472
3473
3474
3475
3476
3477
3478
3479
3480
3481
3482
3483
3484
3485
3486
3487
3488
3489
3490
3491
3492
3493
3494
3495
3496
3497
3498
3499
3500
3501
3502
3503
3504
3505
3506
3507
3508
3509
3510
3511
3512
3513
3514
3515
3516
3517
3518
3519
3520
3521
3522
3523
3524
3525
3526
3527
3528
3529
3530
3531
3532
3533
3534
3535
3536
3537
3538
3539
3540
3541
3542
3543
3544
3545
3546
3547
3548
3549
3550
3551
3552
3553
3554
3555
3556
3557
3558
3559
3560
3561
3562
3563
3564
3565
3566
3567
3570
735
3762
735
77
3572
3574
3575
3576
598
2626
3579
3580
3581
3582
3584
3584
3585
3586
2621
112
1575
113
3573
3592
3593
3594
3595
3596
3597
3598
3599
3600
3601
1565
105
2628
1578
600
1381
3606
3609
3610
3611
3614
3613
3616
3615
1600
3617
3618
3619
3620
3621
2681
122
2642
843
1597
44
1455
1602
2727
616
2694
2751
127
1540
36
1613
606
3606
2376
3641
3642
3643
3644
3645
3646
3647
3648
3649
3650
3651
3652
3653
3654
3655
3656
3657
3658
3659
3660
3661
3662
3663
3664
3665
3666
3667
3668
3669
3670
3671
3672
3673
3674
3675
3676
3677
3678
3679
3680
3681
3682
3683
3684
3685
3686
3687
3688
3689
3690
3691
3692
3693
3694
3695
3696
3697
3698
3699
3700
3701
3702
3703
3704
3705
3706
3707
3708
3709
3710
3711
3712
3713
3714
3715
3716
3717
3718
3719
3720
3721
3722
3723
3724
3725
3726
3727
3728
3729
3730
3731
3732
3733
3734
3735
3736
3737
3738
3739
3740
731
3742
553
2468
1361
2543
2561
2280
447
447
2290
683
685
2276
466
449
2158
3758
3759
3760
3761
2042
3763
3764
326
1643
1638
3768
3769
3770
3771
3772
1628
558
158
532
855
3781
3780
4934
3845
3782
857
3784
3785
3786
3787
3788
3789
3790
3794
3791
863
4924
864
3796
4946
3798
3799
3800
3804
3803
870
4633
871
3806
3807
3808
3809
3810
3811
3812
3813
3814
3815
3816
3817
3818
3819
3820
3821
3822
3823
3824
3825
3826
3827
3828
3829
3830
3831
3832
3833
3834
3835
3836
3837
3838
3839
3840
3841
3842
3843
894
4792
3908
3846
869
3802
3851
4929
3865
3855
899
3865
3855
3860
3857
902
4802
3856
900
897
3856
3868
904
160
3868
3869
3870
3871
3872
3873
3874
3875
3876
3879
911
4712
912
3877
3884
913
4764
915
3882
3887
3888
3889
3890
3892
4708
3891
918
3895
3896
3897
3898
3899
3900
3901
3902
3903
3904
3905
3906
3907
3911
927
928
4716
904
904
3866
3915
3916
3917
3918
3919
3920
3921
3922
3923
3921
3925
3926
3927
3928
3929
3930
3931
3932
3933
3936
939
4690
940
4904
4906
4906
4872
4704
4872
1166
3941
2025
3941
3942
3947
1115
4824
4474
1115
4830
3956
967
1990
3959
4825
951
3958
950
3963
3964
4769
3965
3967
4648
4648
3969
958
948
947
3986
960
3976
3977
3978
4017
4865
963
4017
978
2004
4823
2004
2003
314
317
4824
978
319
978
3979
3981
3983
4484
961
4727
968
4002
5449
304
4004
949
4805
4803
903
903
4805
185
3968
4651
185
978
4784
4866
4804
973
4021
1178
3863
4811
3863
4025
4026
4027
4028
4029
4030
4031
4032
4033
4034
4035
4036
4037
4038
4039
4040
4041
4042
4043
4044
4045
4046
4047
4048
4049
4050
4051
4052
4053
4054
4055
4056
4057
4058
4059
4060
4061
4062
4063
4064
4065
4066
4067
4068
4069
4070
4071
4072
4073
4074
4075
4076
4077
4078
4079
4080
4081
4082
4083
4086
4084
1824
4087
4086
4088
4089
1825
4091
5795
5796
5797
5769
4098
4530
4097
4096
4102
4138
4557
4103
5816
5815
4107
4108
4109
4110
4111
4112
4113
4114
4118
311
170
4776
4120
4120
4121
4122
4123
4124
5811
5823
5812
4128
4129
4130
4131
4132
4133
4134
4135
4136
4137
4104
4139
5433
4141
4125
4126
4145
4130
4144
4146
4148
4149
4150
4151
4152
4153
4154
4155
4156
4157
4158
4159
4160
4161
4162
4163
4164
4165
4166
4167
4168
4169
1705
5849
1707
1705
4907
1707
3999
969
3999
4637
4194
4193
4184
4240
1045
1718
1714
1027
189
4639
4639
4863
4864
4864
4646
4646
1704
4012
4182
4187
4198
1026
1852
4216
4906
4906
5017
1212
4281
4229
1212
4019
1212
972
972
972
972
4217
1037
4217
1048
4217
4297
4218
4299
4024
4907
4907
323
2016
4252
1037
4233
4235
4024
4009
4024
4811
4811
4805
1149
4638
1149
4218
4218
4218
4218
1037
4217
4217
1049
4218
4224
1048
1048
4256
4007
973
4008
4007
4008
4008
974
4006
4811
4208
252
1047
4907
323
4263
4274
4272
4273
4248
1051
4805
4008
4007
4007
973
4021
1020
1721
1052
4266
1050
4267
4285
4287
4290
4859
4292
4293
4296
1064
4296
4237
4022
1065
4293
4301
4300
4304
4009
1068
4307
4307
4308
4309
4310
4311
4312
4313
4314
4315
4316
4317
4318
4319
4320
4321
4322
4323
4324
4325
4326
4327
4328
4329
4330
4331
4332
4333
1760
1084
4336
4339
4338
5257
275
4341
4342
4343
278
4438
4438
4989
278
1726
1726
1726
4352
4353
4354
4355
4356
4357
4358
4359
4360
4361
4362
4363
4364
219
4366
1091
4370
4980
4676
267
1092
1907
4374
4375
4376
4377
4378
4379
4380
4381
4382
4383
4384
4385
4386
4387
4388
4389
4390
4391
4392
4393
4394
4395
4396
4397
4398
4399
4400
4401
4402
4403
4404
4405
4406
4407
4408
4409
4410
4411
4412
4414
4675
242
4416
4417
4418
4419
4420
4421
4422
4423
4424
4425
4426
4427
4428
4429
4430
4431
4432
4433
1079
1944
1944
1944
4989
4439
4440
4441
4442
4367
1787
1735
1910
282
1791
4448
4450
4451
4452
4453
4454
4455
4457
5316
4458
4459
4460
4461
4462
4463
4464
4465
4466
4467
4468
4469
4470
4471
4472
4486
4486
4485
4478
4479
4487
1116
950
4480
947
3974
4713
4481
953
4487
4488
4489
4490
4491
4492
4493
4494
4495
4496
4497
4498
4499
1056
4508
4289
4508
4507
4201
4241
1023
4506
968
4302
1067
4512
4513
4514
4515
4516
4517
4518
4519
4520
4521
4522
4523
4524
4525
4527
5322
4526
1123
4092
4533
4531
4547
4534
4535
4536
4537
4538
4539
4540
4541
4542
4543
4544
4545
4546
4547
4548
1127
4550
4551
4552
4553
4554
4555
4556
4557
4558
4559
4560
4561
4562
4563
4564
4565
4566
4567
4568
4569
4570
4571
4572
4573
4574
4575
4576
4577
4578
4579
4580
4581
1124
4583
238
4585
3850
4587
4588
4589
4590
4591
4592
4593
4594
4595
4596
4597
4598
4599
4600
4601
4602
4603
4604
4605
4606
4607
4608
4609
4610
4611
4612
4611
4614
4615
4616
4617
4618
4619
4620
4621
4622
4623
4624
4625
4626
4627
4628
4629
4630
4631
4632
4635
1143
4635
4731
4647
1151
4647
3968
1150
4642
4644
4862
1152
4643
4861
4650
4649
4650
1155
4652
4653
4654
4655
4656
4657
4658
309
4660
4661
4662
4663
4664
4665
4666
4667
4668
4669
4586
4671
4672
1157
4688
4674
4940
4677
4678
4679
4680
4681
4682
4681
4683
1161
1163
4689
4936
4927
4691
4691
4692
4693
4694
4695
4696
4697
4697
4699
939
4698
2008
2007
318
4877
3993
320
4711
306
1167
5429
4695
3987
3987
966
4718
1168
4763
919
4720
4721
4722
4724
5431
4723
1154
4714
4728
4729
4730
4731
3881
4732
910
1883
161
4735
4738
929
4740
4741
4743
4760
4744
4746
4774
4747
4748
4749
5817
900
4752
4753
1169
4755
4756
4757
4758
4759
4760
4761
4762
4725
4696
3852
3854
3853
3858
4768
901
4771
4772
4773
4748
1175
4776
4777
4778
4779
4780
4784
4781
4783
4784
4785
4786
4787
4788
4789
4790
4731
4791
3886
4794
914
4798
4796
5432
1171
4733
4800
1665
4765
4765
3864
4766
5438
4808
4809
4810
3861
4812
4813
4814
4815
4816
4817
4835
4819
4820
4821
4822
4869
4869
4827
1180
4831
4707
942
1165
4831
4832
4833
4834
4099
4836
4837
4838
3955
4839
946
4842
1184
1707
1707
1707
185
1704
2022
4850
4849
3949
4852
3946
4853
4855
1705
1696
4851
4860
5441
2033
4646
1153
1164
1164
4867
4868
3961
952
4879
4705
4878
4705
4702
4703
4781
4877
4878
4880
4881
4882
4883
4884
4885
4886
4887
4888
4891
1192
4891
4889
4893
4893
4895
4896
4897
4898
4899
4900
4901
4902
4903
4904
4905
4904
1195
4892
4908
1191
935
3924
934
4912
4613
4915
4917
4918
1193
4920
4921
4922
4923
4894
1182
1181
4797
4916
4928
1197
4931
4932
4792
3805
895
3847
4937
4926
853
3778
4942
5417
1201
4941
862
3792
4950
1200
4947
4965
4951
4952
4953
4954
4955
4956
4957
4958
868
3849
1162
4687
4963
4964
4914
1196
4967
4968
4969
4970
4944
1202
4973
4949
4975
4976
896
854
3779
4979
1158
4982
4983
4984
4985
4986
4987
4671
1156
4990
4991
4992
4993
4994
4995
4995
4996
4998
4999
5000
5001
5002
5003
5004
5005
5006
5007
5008
5009
5010
5011
5012
5013
5014
5015
5014
5014
957
4907
5016
5021
5023
4737
1212
4019
4229
5031
4229
323
4229
4295
1054
5035
1216
956
5036
5037
5038
5039
5040
5041
5042
5043
5044
5045
5046
5047
5048
5049
5052
5052
5053
5054
5055
973
5056
5057
5058
5059
5060
5061
5062
5063
5064
5065
5066
5067
5068
5069
5070
5071
5072
5073
5074
5075
5076
5077
5078
5079
5080
5081
5082
5083
5084
5085
5086
5087
5088
5089
5090
5091
5092
5093
5094
5095
5096
5097
5098
5099
5100
5101
5102
5103
5104
5105
5106
5107
5108
5109
5110
5111
5112
5113
5114
5115
5116
5117
5118
5119
5120
5121
5122
5123
5124
5125
5126
5127
5128
5129
5130
5131
5132
5133
5134
5135
5136
5137
5138
5139
5140
5141
5142
5143
5144
5145
5146
5147
5148
5149
5150
5151
5152
5153
5154
5155
5156
5157
5158
5159
5160
5161
5162
5163
5164
5165
5166
5167
5168
5169
5170
5171
5172
5173
5174
5175
5176
5177
5178
5179
5180
5181
5182
5183
5184
5185
5186
5187
5188
5189
5190
5191
5192
5193
5194
5195
5196
5197
5198
5199
5200
5201
5202
5203
5204
5205
5206
5207
5208
5209
5210
5211
5212
5213
5214
5215
5216
5217
5218
5219
5220
5221
5222
5223
5224
5225
5226
5227
5228
5229
5230
5231
5232
5233
5234
5235
5236
5237
5238
5239
5240
5241
5242
5243
5244
5245
5246
5247
5249
5437
1204
1204
5252
5253
5254
5255
5256
1086
1087
212
5260
5261
5262
5263
5264
5265
5266
5267
5268
279
4435
1945
5272
5273
5274
5275
5276
5277
5278
5279
5280
5281
5282
1934
1939
4436
1948
1733
5287
5288
5290
5291
5292
5293
5294
5295
5296
5297
5298
5299
5300
5301
5302
5303
5304
5305
5306
5307
5308
5309
5310
5311
5312
5313
5314
5315
5316
4445
4447
5319
4449
5288
1127
5323
5324
5325
5326
5327
5328
5329
5330
5331
5332
5333
5334
5335
5336
5337
5338
5339
5340
5341
5342
5343
5344
5345
5346
5347
5348
5349
5350
5351
5352
5353
5354
5355
5356
5357
5358
5359
5360
5361
5362
5363
5364
5365
5366
5367
5368
5369
5370
5371
5372
5373
5374
5375
5376
5377
5378
5379
5380
5381
5382
5383
5384
5385
5386
5387
5388
5389
5390
5391
5392
5393
5394
5395
5396
5397
5398
5399
5400
5401
5402
5403
5404
5405
5406
5407
5408
5409
5410
5411
5412
5413
5414
5415
4929
4909
189
5427
4640
4276
4010
4006
956
956
956
4856
5428
4003
970
5431
3893
4528
5434
5435
5436
233
5810
5439
5822
2023
5442
325
5444
5445
5446
5447
5448
1991
4906
4277
4907
4198
5454
5455
4996
4997
1425
1786
329
5456
1401
5463
5464
5466
5470
5465
5468
5469
1396
5471
5467
5473
5474
5475
5476
5477
5478
1333
5703
5565
5512
5516
5491
5551
5507
5504
5528
5488
5535
5531
5533
5493
5702
5495
5496
5497
5494
5756
5500
5501
5502
5503
5508
5701
5504
5507
5508
5577
5577
5536
5571
5489
5511
5537
5534
5538
5520
5531
5492
5524
5521
5523
5530
5487
5487
5506
5505
5550
5548
5492
5506
5486
5525
5525
5528
5526
5492
5492
5540
5541
5542
1333
5745
5479
5576
5549
5547
5549
5547
5493
5576
5564
5554
5555
5556
5557
5558
5559
5560
5561
5562
5563
1334
5543
5779
1334
5543
5543
5578
5578
5572
5573
5574
5543
5580
5570
5578
1334
1334
5630
5611
5671
5672
5680
5586
5587
5588
5589
5621
5625
5626
5640
5613
5608
5678
5644
5623
5648
5636
5656
5674
5665
5664
5605
5771
5684
4142
5681
5581
5632
5611
5614
5614
5614
5617
5732
5619
5685
5618
5621
5620
5597
5622
5722
5624
5598
5627
5591
5599
5639
5631
5628
5635
5732
5595
5635
5639
5647
5600
5595
5616
5596
5596
5643
5643
5645
5647
5612
5670
5672
5652
5653
5654
5655
5641
5594
5642
5642
5658
5661
5662
5660
5593
5657
5663
5615
5606
4807
5666
5604
5603
5673
5686
5675
5676
5677
5605
5678
5734
5593
5604
5683
5602
5679
5686
5586
5688
5689
5690
5691
5692
5693
5694
5695
5696
5697
5698
5699
5700
2416
2400
3061
2380
2380
1335
5744
5479
5575
5498
5511
5513
5490
5519
5522
5581
5633
5592
5629
5766
5767
5590
5723
5724
5725
5726
5727
5785
5784
5783
1690
4125
4126
4807
5669
5735
5585
5737
5738
5740
5742
5743
5609
2380
3061
2378
2380
5798
5748
5544
5569
5510
5511
5513
5517
2399
5757
5758
5759
5760
5761
5704
5763
5764
5765
4084
5590
5716
5717
4125
4126
5669
5772
5774
5799
5776
5777
5438
2400
5780
5781
1690
1689
1691
2005
5786
5484
5788
5715
5790
5791
5792
5793
4085
5794
5719
5718
5768
5773
2378
5440
2996
2995
5804
5805
5806
2390
5808
5809
4119
4115
4117
5813
5814
4685
4684
4745
2389
5819
2970
3056
4659
4116
5824
5825
5826
5827
5828
5829
5830
5831
4658
2969
5832
1147
2969
5833
4906
4906
3331
3333
3331
4906
4907
3332
158
4906
3331
4906
