2134
1
1310
1317
2149
5
2338
3149
2887
5807
10
1332
1326
2415
1479
5804
1338
15
1483
1484
2448
1485
3745
471
2283
1484
2538
3339
3752
3179
2448
2448
32
1578
34
35
36
37
38
39
40
41
1382
43
2682
1438
46
1602
48
49
50
51
2651
2698
1432
1429
1436
57
58
59
60
61
62
63
64
65
506
67
68
69
70
2548
2463
73
74
75
76
1492
78
79
1501
81
536
1484
535
2484
2488
2563
88
89
90
91
92
93
94
1589
96
97
98
99
100
1529
102
103
104
105
106
107
108
109
110
599
112
1576
114
115
116
117
118
119
120
121
122
123
1617
125
126
127
128
129
2654
2653
2647
1615
134
2645
136
137
1626
1623
3011
2266
456
2995
1469
5805
2343
147
1641
1639
1640
151
3189
3096
473
473
156
157
3345
3161
1667
1666
162
1674
1669
3885
4744
167
4525
5588
4118
171
172
173
174
175
176
177
178
4170
4173
1851
1853
4197
1716
4011
4173
4257
4210
4863
189
1851
1851
4369
1725
195
1731
1727
198
4351
193
201
4398
5298
1804
4371
5319
1099
1743
4458
1765
5457
4346
1970
214
1772
1787
1090
4415
218
217
281
301
223
224
225
226
1814
228
229
230
231
1841
233
234
235
4203
4185
238
239
240
4952
1860
243
244
245
246
5024
1851
1702
1702
4256
4214
253
254
255
256
257
258
259
5291
1913
4342
1894
1896
1929
1899
216
1916
269
270
271
5270
1940
5284
1932
5287
5288
278
1949
1947
4447
1735
283
284
285
286
283
1964
1950
290
291
292
1972
294
1776
1903
1907
299
4365
4364
300
4402
303
5449
4700
1985
967
3979
5816
1147
311
4074
313
2004
2003
2002
317
2008
4016
2007
321
322
4228
1185
2024
151
315
598
329
330
331
332
333
334
2050
3292
3286
2047
339
340
341
1503
343
344
3250
346
347
348
349
350
351
352
353
354
355
356
2079
358
359
2081
361
362
363
364
365
366
367
368
369
370
2102
372
3843
374
375
376
378
2133
0
2119
3048
2123
2126
2128
415
2183
2173
388
2137
2430
391
2146
2144
3007
3022
2151
3073
398
2965
3021
2157
402
2161
404
405
406
2916
408
409
3907
411
3905
413
414
2181
3913
2186
418
419
3207
3225
422
423
4632
2203
2201
427
3001
3010
1510
3189
2211
2212
432
2213
3138
2220
436
2027
2267
3140
2230
443
3142
2237
3750
2291
3082
450
681
2222
149
2029
2221
455
3181
3181
2288
2028
3017
2243
3038
459
2245
3154
2273
2282
469
3117
3118
1361
2472
3184
2293
476
3125
2939
2300
1631
480
481
482
483
484
485
486
2883
2320
489
490
491
492
493
2333
2331
3085
2432
2336
2352
2994
2869
2344
2382
663
2350
5707
2855
2877
2863
510
2407
512
4150
514
515
2427
519
518
5819
2550
2448
2520
2950
2271
2269
2471
2452
526
3743
3178
3179
2475
2477
1484
3365
2537
2489
2490
559
544
541
542
549
550
543
744
2807
2808
552
551
2516
475
2954
2523
532
649
533
2562
2541
2549
2560
2576
2569
745
2508
566
2808
2587
2557
717
3164
572
2577
575
747
576
577
578
2579
580
581
582
583
584
585
586
587
588
589
590
591
592
593
594
595
596
597
3578
2628
600
601
602
603
2986
605
1537
1535
608
609
610
611
612
2675
614
615
616
617
618
619
620
621
622
623
624
4466
2754
627
628
4469
2760
2827
3139
633
425
638
635
637
3183
4491
640
2791
2793
643
644
645
646
2807
2819
2814
2453
651
652
2825
2829
2835
656
657
658
3640
660
2870
662
1467
664
665
666
667
668
669
670
671
672
3360
3325
675
676
677
678
679
3176
3170
1636
684
2218
1350
449
687
688
3000
690
691
2996
3243
3242
695
3188
154
466
699
3035
701
3044
703
704
706
9
3219
3070
3079
145
3095
3107
3110
714
2216
563
3175
718
3198
3238
721
722
3210
3203
725
743
727
728
729
3284
731
732
733
734
735
736
737
738
739
740
3317
3319
1355
3366
3368
746
3370
748
749
750
751
752
753
754
755
756
757
758
759
760
761
762
763
764
765
766
767
768
769
770
771
772
773
774
775
776
777
778
779
780
781
782
783
784
785
786
787
788
789
790
791
792
793
794
795
796
797
798
799
800
801
802
803
804
805
806
807
808
809
810
811
812
813
814
815
816
817
818
819
820
821
822
823
824
825
826
827
828
829
830
831
832
833
3610
3575
2666
3581
838
839
840
841
842
843
844
845
846
847
848
849
850
851
852
853
854
855
856
857
858
859
860
861
862
863
864
865
866
867
4934
869
870
4792
872
873
874
875
876
877
878
879
3816
5036
5037
3819
884
885
886
887
888
889
4322
891
892
893
894
3909
896
900
899
160
904
3859
4736
3864
3871
3870
906
907
908
3876
3878
4709
4695
3880
3883
4762
4654
917
4710
3894
920
921
922
923
924
925
5045
4719
928
3920
930
931
932
933
934
935
3930
937
3932
4698
3936
247
325
3941
2031
3943
5443
4823
3990
4828
4825
1180
952
3961
954
4770
4021
5424
959
1150
3989
948
962
4017
3991
4015
2001
1165
3973
3975
971
4839
4006
4803
4805
4024
5419
4196
4868
4019
1997
981
4630
983
984
985
986
987
988
989
990
4047
4049
993
994
995
996
4692
998
4772
4060
4774
309
4064
1004
1005
1006
4573
4080
1009
4572
4555
1012
1013
1014
1677
1016
1017
1018
1019
4282
4858
4000
3998
4240
4184
4178
4192
4637
4195
4198
4508
4253
5050
4216
4263
5421
4225
4244
4219
4236
1854
4503
4238
4237
4638
4504
4249
4276
4261
4286
4271
4284
4288
5030
4232
4501
4510
4272
1186
2022
4292
4301
4296
5035
1065
1066
4511
4304
2016
1070
4331
1072
1073
1074
1075
1076
4376
4433
4997
4428
4328
1082
1083
275
4338
5258
4347
1969
1089
4675
4676
1904
1909
5279
1917
4378
5295
4383
1952
4394
1101
1102
1103
4418
1760
1106
1107
4454
1747
1110
1111
1112
1113
1114
4824
936
1117
1118
1119
1120
1121
4524
1123
1124
1125
1126
5322
1128
4562
1130
4111
1132
1133
1134
1135
1136
1137
1138
1139
1140
4610
1142
1143
1144
1145
1146
5442
1148
4713
4855
3984
4862
4643
3971
184
1156
4688
4687
1159
1160
4745
4926
4927
4780
4704
4705
970
4754
4726
1170
4734
4739
1173
4761
4773
4905
1177
4766
4777
4783
4795
4799
1183
3949
4858
4860
1187
1188
1189
1190
1191
1192
1193
1194
1212
1196
1197
1198
1199
1200
1201
1202
1203
4978
1205
1206
1207
1208
1209
5003
5004
1710
5051
5053
1215
5055
1217
1218
1219
1220
1221
1222
1223
1224
1225
1226
1227
1228
1229
1230
1231
1232
1233
1234
1235
1236
1237
1238
1239
1240
1241
1242
1243
1244
1245
1246
1247
1248
1249
1250
1251
1252
1253
1254
1255
1256
1257
1258
1259
1260
1261
1262
1263
1264
1265
1266
1267
1268
1269
1270
1271
1272
1273
1274
1275
1276
1277
1278
1279
1280
1281
1282
1283
1284
1285
1286
1287
1288
1289
1290
1291
1292
1293
1294
5293
1296
1297
1298
1956
4380
5274
1302
1303
1304
1305
5306
1307
1309
2134
1
1309
1313
1318
4
3
1318
6
3053
1323
1323
1320
2891
3148
1325
1325
11
1324
1329
1477
512
1328
14
5543
5578
5479
5826
5826
5826
2398
1484
1484
1484
1484
2472
1483
1485
2472
2473
22
3163
2445
1484
30
3341
1511
1511
536
2487
2540
29
3179
3179
29
531
1483
1483
1483
2448
1372
1370
33
1372
1373
1374
1375
1376
1377
1378
1379
2630
1381
1385
1384
130
2652
131
1390
43
1390
2683
1391
1392
1393
1394
1395
5470
1397
1398
1399
1400
1401
1402
1403
1405
1405
1406
1407
1408
1409
1410
1411
1412
1413
1414
1415
1416
1417
1418
1422
1420
1421
1422
1425
1424
2648
1427
1430
1426
53
1431
2697
1432
1433
3635
1439
133
1435
1438
1612
1440
1441
1442
1443
1444
1445
1446
1447
1448
1449
1450
1608
1452
1453
1454
1455
2360
2357
2364
1459
1460
1459
5708
5751
5707
2937
1465
2879
3766
5837
1472
68
1472
1470
5792
5692
2373
1478
1478
3150
1327
1480
12
72
1486
2464
2478
1487
73
1489
1490
1491
76
1491
1494
1495
1496
1497
1498
1499
1500
1501
1502
1503
1500
1483
1483
535
3339
537
537
2563
1461
1513
1461
1515
1516
1517
1518
1519
1520
1521
1522
1523
1524
1525
1526
1527
1528
1529
1530
1531
1532
1534
1534
102
1533
1537
1538
1539
1540
1541
1542
1543
1544
1545
1546
1547
1548
1549
1550
1551
1552
1553
1554
1555
1556
1557
1558
1559
1560
1561
1562
1563
1562
1565
1566
1570
1568
1569
1570
1571
1571
1573
1574
1577
112
1577
600
1575
1580
1581
1582
1580
1586
1585
1586
1587
1588
1589
1590
1591
1592
1593
1595
1598
1596
1597
1580
1582
114
1601
1602
1603
1606
1605
3627
1607
1608
1609
1610
1611
1614
135
2644
132
1389
44
1618
1619
1620
140
1624
2207
1627
2254
142
3012
2250
1630
2346
147
1629
146
1638
1638
1638
1640
1641
1641
152
3187
5544
5544
473
473
473
3096
1648
1649
1650
1651
1652
1653
1654
1655
2581
2581
2580
2581
3164
3165
3166
3160
1666
1664
1666
1667
1671
163
165
1673
1673
4742
166
1675
1676
167
1675
1679
1680
1681
1682
1683
1684
1685
1686
1687
1688
5586
5770
5652
1692
1693
1694
1695
4173
4170
4170
4173
4196
1854
1851
4196
976
4845
4845
1021
1185
251
1711
4257
1880
5024
189
4864
1029
189
4863
1854
1851
1854
1854
1726
1726
1725
1726
1730
1727
277
5289
221
4349
1734
4349
200
1906
4371
1093
1903
1092
4401
1099
4401
4403
5309
5309
202
1746
222
209
1752
1801
4408
1754
1754
1973
227
1758
1762
1084
1762
5461
1766
1764
1088
1968
1767
1768
214
1767
1728
1772
1728
196
1775
1776
1777
1778
1779
1779
1781
4369
4367
1782
193
4367
4370
4367
4413
218
1795
4413
4413
4368
4414
5317
1798
4446
1975
299
1978
301
4449
4448
1807
1806
1807
1808
1809
1810
1811
1812
1813
1746
288
1745
1817
1818
1819
1820
1816
1822
1815
4085
4089
4084
1827
1828
1829
5725
5726
5724
1010
4112
1833
1831
1832
1840
1838
1840
234
4817
4132
4817
1847
1846
1847
1848
1849
1850
1852
4187
237
236
1855
1856
1857
1858
1861
241
1861
1862
1859
1864
1865
1866
1867
1868
1869
1870
1871
1872
1854
1851
1854
4206
1702
4206
4211
4259
1034
1882
1882
1884
1885
1886
1887
1888
1889
1890
1891
1892
1897
262
1893
265
4341
1898
1106
1900
1901
1902
4443
4443
1794
5459
1909
1782
1786
1784
1912
5290
260
1911
1914
263
261
1915
1921
1920
1921
1922
1926
1924
1085
5268
1927
197
215
1931
1729
1936
1939
1933
1936
5269
276
5287
1938
276
1941
1942
1943
1941
1948
1945
194
1948
1948
1950
1950
1952
1953
1955
1955
1956
1957
1958
1959
1960
1953
1966
1951
1953
1950
283
284
1968
1969
1970
288
1961
289
289
4363
300
4365
4366
207
1967
1980
1982
1983
1984
1989
1989
305
1986
3981
3996
3980
3994
1993
1994
1995
1996
312
2002
2002
2003
2004
317
317
317
5653
5588
4016
4781
4016
2008
2011
2012
2013
2014
4295
4295
4294
4229
4850
4849
4850
4851
2024
4871
2023
151
151
1639
1639
1639
1999
315
1999
2037
2035
2036
3577
3578
2039
2040
2041
2042
2043
2048
2045
2046
337
3285
2051
336
3291
2049
2053
2054
2055
2056
2057
2058
342
2060
2061
2062
2063
3249
2065
2066
345
2068
2069
2070
2071
2072
2073
2074
2075
2076
2077
2078
2079
2080
3351
2078
2083
2084
2085
2086
2087
2088
2089
2090
2091
2092
2093
2094
2095
2096
2097
2098
2099
2100
2101
2102
2103
2101
2105
2106
3842
2108
2109
2110
2111
2112
2113
2114
3275
2130
2133
2131
2132
2118
2122
3115
381
2121
2129
377
2125
385
2180
386
2135
0
2182
2135
2183
387
2137
2137
390
2140
2141
2145
2142
394
3023
395
2150
2147
397
3076
393
2155
2152
399
3102
2159
400
2156
3019
2160
2161
2162
2163
2164
2165
2166
407
2168
2169
2174
410
2170
412
3904
2175
2176
2177
2178
416
2179
3913
2184
2184
3915
2185
88
2187
2188
2189
2190
2191
2192
2193
2194
2198
357
424
2942
2199
2199
2201
2202
405
2207
2204
3004
429
2486
1348
152
3189
152
2211
2210
2212
2213
2210
1640
436
2768
2220
2261
2027
3192
460
3192
3144
2228
2228
2230
2231
3141
2236
2233
2292
3119
448
2951
2952
28
2286
2258
2258
2030
2260
2222
2247
2248
2249
2288
3181
2288
456
3180
2028
2028
2028
2026
326
2026
2027
473
3181
2287
458
457
2266
2244
452
3024
453
2242
2225
2226
2274
2277
1628
2281
2278
469
3116
470
3745
2473
471
1360
3181
3181
3094
470
3118
2290
2282
2296
476
3124
2296
2299
2940
477
2298
2302
2303
2304
2305
2306
2307
2308
2309
2310
2314
2312
2313
2342
2315
2316
2317
478
2323
487
2321
2322
2886
2324
2325
2326
2327
2328
2332
2329
496
3121
497
2337
2334
499
2992
500
2339
2340
2341
2345
501
503
2867
2347
2347
2882
2351
144
2969
143
2349
5482
5481
5514
5483
5755
5754
2362
5753
2363
2366
2365
2838
2838
2372
2370
2369
2370
2371
2375
2371
2374
2836
2377
2412
5744
5705
5745
488
2384
2381
488
509
1457
2388
2864
2399
2400
2401
5818
3763
2403
5808
1475
1474
2419
5508
5578
5497
5697
5698
5696
5692
5692
2410
2408
2415
2410
1476
2834
1478
1477
1478
5504
5497
5541
5695
5542
5692
5545
2423
2424
2425
2426
513
519
2442
2443
2428
2444
1339
2433
5827
1337
3132
1331
511
2438
2402
5806
2441
2394
1486
1486
2448
2550
1483
1483
2270
2948
463
2268
462
2467
553
2519
2465
530
2469
2468
2462
2462
2949
3178
2949
3178
2470
2956
2956
529
531
2456
2458
2474
528
2463
2478
2472
1486
1486
2536
1486
3340
3340
2488
2564
539
2564
559
2493
3746
2494
2495
540
2511
2546
2514
2498
2512
2484
1483
3345
3347
2507
2806
548
2509
547
2517
2547
2517
2545
2294
468
2297
2295
680
2955
2950
2500
545
2522
2525
2526
2809
2528
2529
557
2476
2809
532
649
2535
2536
2537
2562
2562
558
558
2561
2561
2543
2516
2515
2518
2478
533
2479
22
1484
1483
535
2556
3776
561
2555
2476
533
2279
467
2541
2541
467
2565
2567
2568
562
2567
2571
2572
2586
3776
572
572
572
2577
3348
3349
3350
2582
2583
2584
2585
2588
576
2588
2589
2590
2591
2502
1354
2436
2595
2596
2597
2598
2599
2600
2601
2602
2603
2604
2605
2657
2607
2608
2609
2610
2611
2612
2613
2614
2615
2616
2617
2618
2619
2622
2621
2622
107
2624
2625
2627
3604
113
2629
2630
2630
2631
2633
2634
2635
2636
2637
2638
2639
2640
2641
2640
2643
2646
101
2728
55
2648
2649
2650
604
1536
607
606
2657
608
2657
2658
2659
2660
2661
2662
2663
2664
2663
2666
2667
2668
2669
835
2671
1530
2673
117
118
2676
2674
2678
2679
2680
2681
2682
2673
1599
2685
2686
2687
2688
2689
134
2690
2692
2695
2694
2695
2696
2699
77
3297
2700
2701
2702
2703
2704
2705
2706
2707
2708
2709
2710
2711
620
2713
2714
2715
2716
2719
329
5460
328
2720
599
1579
1579
1579
2726
2727
2728
3572
52
2730
1540
2733
2734
1428
2735
2737
2738
2739
2740
2741
2742
3638
2736
2745
2746
2747
2748
2749
2750
2751
2752
2753
625
2755
2756
2757
2759
4467
629
2761
2764
2763
2915
2768
632
2765
3139
2785
2786
2787
2788
2771
2229
4477
442
2261
2221
2259
2257
2777
2783
3185
2784
2787
425
3182
638
2790
4490
640
2789
639
2794
2795
2796
2797
2798
2799
2800
2801
2802
2803
2817
2806
2809
649
532
2811
2521
2453
2815
2455
2812
463
2271
2818
2818
651
2820
2821
2822
2823
2792
641
2824
642
1321
2832
2828
2322
2887
2831
2834
2835
2836
2834
2412
2841
2839
2841
2842
2843
2844
2845
2846
2847
2848
2826
653
2851
2852
654
2830
2840
655
2856
2858
2859
2860
2861
2862
1458
2865
2376
2359
507
2857
2868
659
2871
2872
2873
2874
2875
5710
5709
2361
2354
2356
661
663
664
2884
2885
664
2888
3151
2889
2890
2892
2892
2893
2894
2895
2896
2897
2898
2899
2900
2901
2902
2903
2904
2905
2906
2907
2908
2909
2910
2911
2913
4603
2912
2914
630
2917
3740
2919
3364
2921
2922
2923
2924
2925
2926
2927
2928
2929
2930
2931
2932
2933
2934
2935
2936
2355
2940
505
1466
1466
2942
4632
2944
2945
2946
2947
682
2958
459
2953
681
3171
433
3765
3176
3168
150
2240
3162
2241
450
2964
2971
498
2963
2966
2968
5836
5803
2353
2972
2973
2974
2975
2976
2977
2978
2979
2980
2981
2982
2983
2987
2985
689
2997
2988
2989
2990
2991
2993
2996
692
5802
5802
2998
3241
694
693
3004
3001
389
3008
2330
495
3005
3009
3009
695
3180
3010
2289
2289
1644
2287
2287
154
3020
1622
698
3023
3007
1635
149
1635
3027
401
3075
3030
3157
3156
3032
3037
686
3034
3033
2257
3039
3040
3041
3042
2143
392
3043
1514
3046
2
3049
3050
3051
417
3055
705
3072
5821
3056
3060
706
3086
5543
2179
2181
3067
3065
700
3753
3068
3069
445
3071
3074
495
3083
3036
3006
2120
3077
380
2124
2124
3080
3084
2392
3089
3057
2390
2389
2391
3090
3091
3092
3094
3094
426
3093
3097
3098
2431
3100
3101
2335
3103
3104
3105
2148
396
3106
3109
702
3757
3112
3045
3113
1311
3078
383
709
709
5560
3123
2395
2393
2127
384
3126
3127
3128
3129
3130
5781
2373
3132
3134
3135
3136
3137
151
3139
3146
2200
3095
3191
3190
2211
2200
3147
3148
3149
2371
3151
3152
3153
3143
435
434
715
3169
1483
3173
520
2473
1360
3174
3174
717
2217
3767
2215
3167
3169
1486
2578
2578
573
1637
148
2954
683
695
3184
2163
404
3184
3185
3186
3188
3188
3189
3189
3189
3015
3096
3193
3195
3196
3197
720
3237
3200
3201
3202
3203
3204
3208
3224
723
3211
3209
3210
3211
3212
3213
3221
3215
3216
3217
726
3222
3334
3329
1348
1356
3224
727
3226
3227
3228
3229
3230
3231
3232
3233
3234
3235
3236
3239
730
3283
3240
3114
713
712
3244
3245
3246
3247
3248
3249
3250
3112
3251
3253
3254
3252
3256
3257
3258
3259
3260
3261
3262
3263
3264
3265
3266
3267
3268
3269
3270
3271
3272
3273
3274
3275
3276
3277
3277
3279
338
3281
3282
2052
335
1504
80
3287
3288
3289
3290
2104
371
3293
3294
3295
3296
3278
3298
3299
3300
3301
3302
3303
1572
111
3306
3307
3308
3309
3310
3311
2721
3313
3314
3315
3316
724
3319
724
3317
3321
3324
3323
3320
741
3326
3327
2235
3750
3330
1356
1356
1358
2485
1509
3081
3338
3047
1486
2489
1486
2448
71
3366
3344
3344
3367
3350
747
3369
742
3318
3353
3357
3355
3356
3357
3358
2082
360
3361
3362
3363
3364
2536
3365
3365
3367
3369
3370
3371
3372
3373
3374
3375
3376
3377
3378
3379
3380
3381
3382
3383
3384
3385
3386
3387
3388
3389
3390
3391
3392
3393
3394
3395
3396
3397
3398
3399
3400
3401
3402
3403
3404
3405
3406
3407
3408
3409
3410
3411
3412
3413
3414
3415
3416
3417
3418
3419
3420
3421
3422
3423
3424
3425
3426
3427
3428
3429
3430
3431
3432
3433
3434
3435
3436
3437
3438
3439
3440
3441
3442
3443
3444
3445
3446
3447
3448
3449
3450
3451
3452
3453
3454
3455
3456
3457
3458
3459
3460
3461
3462
3463
3464
3465
3466
3467
3468
3469
3470
3471
3472
3473
3474
3475
3476
3477
3478
3479
3480
3481
3482
3483
3484
3485
3486
3487
3488
3489
3490
3491
3492
3493
3494
3495
3496
3497
3498
3499
3500
3501
3502
3503
3504
3505
3506
3507
3508
3509
3510
3511
3512
3513
3514
3515
3516
3517
3518
3519
3520
3521
3522
3523
3524
3525
3526
3527
3528
3529
3530
3531
3532
3533
3534
3535
3536
3537
3538
3539
3540
3541
3542
3543
3544
3545
3546
3547
3548
3549
3550
3551
3552
3553
3554
3555
3556
3557
3558
3559
3560
3561
3562
3563
3564
3565
3566
3567
3568
3571
3570
3571
1493
3573
3576
834
3609
1564
106
3580
3597
836
3579
3583
3584
3585
3586
3587
3588
3589
3590
584
3592
3593
3594
3595
3596
3597
2606
3599
3600
3601
3602
3603
3590
3605
3606
3607
3608
2677
613
3611
3612
3613
3614
3615
3616
3582
837
3619
3586
3620
3622
3623
2642
3625
3626
3627
3628
3629
3630
3631
3632
3633
3634
2734
3636
3637
2736
3639
2837
3641
3642
3643
3644
3645
3646
3647
3648
3649
3650
3651
3652
3653
3654
3655
3656
3657
3658
3659
3660
3661
3662
3663
3664
3665
3666
3667
3668
3669
3670
3671
3672
3673
3674
3675
3676
3677
3678
3679
3680
3681
3682
3683
3684
3685
3686
3687
3688
3689
3690
3691
3692
3693
3694
3695
3696
3697
3698
3699
3700
3701
3702
3703
3704
3705
3706
3707
3708
3709
3710
3711
3712
3713
3714
3715
3716
3717
3718
3719
3720
3721
3722
3723
3724
3725
3726
3727
3728
3729
3730
3731
3732
3733
3734
3735
3736
3737
3738
3739
3352
3741
3742
2470
3179
29
3748
2544
2542
474
26
1359
3179
2959
138
2275
3031
2158
3758
3759
3760
3761
3762
5560
3764
148
5545
152
3768
3769
3770
3771
3772
142
3774
1483
2474
3777
3778
3779
3780
3781
3782
3783
3784
3785
3786
3787
3788
3789
3790
3791
3792
3793
3794
3795
3796
3797
3798
3799
3800
3805
3802
3803
871
4933
3806
3807
3808
3809
3810
3811
3812
3813
3814
3815
3818
3818
5036
882
3818
3824
3822
3821
5043
3825
3826
3827
3828
3829
3830
3831
3832
3833
3834
4324
3836
3837
3838
3839
3840
3841
3823
883
3844
3845
3846
3847
3848
3849
3850
3851
3865
3855
3867
3868
3866
4802
3860
4736
1665
4751
3914
3861
3856
3868
904
160
3869
3869
3870
3869
3872
3873
3874
3872
906
3879
911
4712
912
3877
3884
913
4764
915
3882
3888
4789
3889
3887
3892
4708
3891
918
3895
3896
3897
3898
3899
3900
3901
3902
3903
3906
905
5049
926
3908
927
3910
3911
3913
3871
904
3871
3916
3917
3918
3919
3920
3921
3922
3923
3924
3925
880
3820
3817
3929
921
3931
3932
3929
3935
4701
939
3934
1703
1702
1702
2025
3944
2025
325
2032
315
2032
3943
2032
3953
947
947
4474
943
4829
3942
4830
3958
4827
3960
3961
3958
3963
5021
955
956
3963
4640
4640
190
4642
3952
3950
948
3952
3976
3977
3978
965
3983
3982
4015
4015
314
3990
314
1998
3989
2004
4823
319
2009
978
4706
4707
4703
2246
454
3972
451
949
307
4002
4005
3954
974
4008
4805
974
974
1717
1714
976
5420
978
4784
978
973
4007
4018
4804
4024
4024
4811
4028
4025
982
4628
4029
4030
4031
4032
4033
4034
4035
4036
4037
4038
4039
4040
4041
4042
4043
980
4045
4050
990
4046
993
4050
4051
4052
4053
4054
4055
4056
4787
4058
4056
997
4063
4748
4682
1002
4061
4066
4067
4068
4070
4070
4071
4072
1004
1007
4560
4079
4076
4659
5832
310
5661
5625
5589
5591
5720
5766
5722
5794
5592
5718
5795
4093
4094
4095
4096
4099
4101
4097
1846
4835
4101
4528
4092
4530
5729
5783
4107
4108
4107
4110
1011
4556
4558
4113
4116
4116
4115
4777
4119
4120
4121
5824
4123
5825
4126
5438
4125
5813
5828
5814
5828
5829
4133
4134
4135
4136
4137
4138
4139
4140
4141
4126
5438
4129
4128
4131
4132
5654
4151
1015
4151
4152
4153
4154
4155
4156
4157
4158
4159
4160
4161
4162
4163
4164
4165
4166
4167
4168
4169
4283
4266
1851
4283
4170
4170
2272
2272
464
3997
1023
4190
4179
4509
969
1028
5418
1024
4194
3999
968
4242
4639
1045
4637
1149
4186
5419
1026
4182
4201
4177
4199
4267
4196
183
236
1033
4255
236
5025
4213
1032
1035
4279
5423
4215
1037
4223
1038
4221
1040
2512
543
4234
549
5028
4170
1854
5030
547
2807
566
4231
2547
4264
4238
4022
4023
4023
968
4483
4484
545
554
2528
649
4508
1031
1031
4249
649
4504
1047
1039
4275
1048
4277
4276
1048
4239
4239
4238
1044
4237
4267
1050
5453
1854
1851
1042
4252
1055
4270
1031
5453
975
4010
1049
4260
972
4280
4285
4282
1053
4286
4289
1056
1057
4500
1062
4292
1062
4301
5033
5033
1064
4297
4298
4297
1067
1067
4511
4299
1065
4303
1708
1705
4308
4309
4310
4330
4312
4313
4314
4315
4316
4317
4318
4319
5277
4321
1079
4325
4995
4434
1078
4427
1080
4323
4333
4331
4332
4426
4335
4340
4334
5283
264
1932
5283
4352
1765
4352
4348
4346
4346
280
280
4350
1724
1724
4352
4432
4354
4355
4356
4357
4358
4359
4360
4359
4362
4366
4364
219
4441
4370
1090
1091
4673
1904
1903
267
4375
4375
1094
4379
1097
5294
1299
4377
4386
1096
4384
4385
4386
4387
4388
4389
4390
1902
4391
286
285
4393
4396
4399
203
5305
4397
1099
1967
4391
4404
4405
4407
5319
4407
4412
4410
4409
4460
4414
4981
242
4416
4417
4418
4416
4420
4421
4422
4423
4424
1095
1918
4336
271
1761
4430
4431
1780
211
5457
1947
1947
4437
1087
4439
4440
4442
5252
4368
4368
1908
1910
1735
1793
4448
4450
4451
4452
4453
1107
4453
4456
4457
206
208
4460
4461
4462
4463
4464
4465
1112
4467
4468
1113
4470
4471
4472
4473
4824
1115
4489
1116
4488
4489
950
953
3950
2778
960
4486
4869
4488
4867
936
4490
1117
4492
4493
4494
4495
4496
4497
4498
4499
4500
647
4510
2814
650
4508
461
524
525
2781
4511
651
4512
4513
4514
4515
4516
4517
4518
4519
4520
4523
4522
4048
992
991
4526
4527
4528
4529
4098
4531
4532
4533
4534
4535
4536
4537
4538
4539
4540
4541
4542
4543
4109
4545
4546
4547
4549
4549
4550
4551
4552
4553
4554
4088
4086
4091
4557
4559
4559
4548
1127
4563
4564
4565
4566
4567
5723
5589
4087
5765
5764
1129
4114
4575
4575
4577
4578
4576
4580
4581
4582
1678
4584
4585
4586
4587
4588
4589
4590
4591
4592
4593
4594
4595
4596
4597
4598
4599
4600
4601
4602
4604
4605
4605
4606
4607
4608
4609
4610
4611
4612
4613
4614
4615
4616
3903
4618
4619
4620
4621
4622
4623
4624
4625
4626
4083
4629
4631
1008
1835
3816
4633
4634
4635
4636
961
3974
4715
5427
4864
4856
4714
3987
4861
1151
3988
3970
959
3968
4847
4655
4652
1003
4660
4656
4657
5801
4106
4077
4661
4662
4663
4664
4665
4666
4667
4668
4669
4670
4671
4672
4674
4686
1158
1157
4677
4678
4679
4680
1161
4746
5815
5815
5817
4689
1162
1163
4925
4691
4697
909
4690
4693
940
4694
4699
1164
4699
963
4865
4705
4702
1166
318
4702
4704
4711
306
5430
5429
3937
3989
2001
3984
4718
4717
4763
919
4842
4722
4843
5431
4721
4723
4649
960
4728
4729
4730
4731
3881
4732
910
1883
161
4735
4738
929
4740
4741
4743
4760
1174
5812
170
4749
1175
4771
5782
3912
4753
5428
1169
4755
4756
4757
4758
4759
4059
999
1000
4725
4696
3852
3854
4765
3858
4768
901
999
1179
4772
170
4776
1179
311
4778
4779
4780
4784
4781
938
4868
4785
4786
3875
4788
4065
4790
4791
894
3886
4793
914
4798
4796
5432
1171
4733
4800
1664
4767
1178
903
4769
4130
4809
4810
4120
3863
4812
4813
4814
4815
4816
4817
4818
4819
4820
4821
4822
4824
4824
4831
4783
3933
942
3941
3944
3933
4832
4833
4834
4835
4836
4837
4838
3948
4841
3945
1184
4853
4857
4858
4858
4197
1027
4851
1186
4859
3946
944
2033
1152
4645
4283
1052
1061
1061
316
2000
1149
4646
4866
4866
3897
4868
4869
4870
4871
1166
4873
4872
4874
4874
4781
4877
4878
4880
4881
4882
4883
4884
4885
4886
4887
4888
4889
4890
4891
4892
4893
4894
4895
4896
4897
4898
4899
4900
4901
1195
5014
5019
4651
1703
188
4908
4909
4910
4911
4912
4913
4914
4915
4916
4917
4918
4919
4920
4921
4922
4923
4924
4801
1181
1182
4928
4929
4930
4931
4932
3845
4934
4797
4935
4794
4937
4936
4940
4941
4942
4943
4944
4945
4946
4947
4948
4949
4950
4951
4952
4953
4954
4955
4956
4957
4958
4959
4960
4938
4961
4963
4964
4965
4966
4967
4968
4969
4970
4971
4972
4973
4974
4975
4976
4977
4940
4979
4978
4962
4982
4983
4984
4985
4986
4987
1944
278
4990
4991
4992
4993
4994
4995
4346
4345
4998
4999
5000
5001
5002
5003
5004
5002
5006
5007
5008
5009
5010
5011
5012
3967
5018
5015
5020
1713
5425
4210
1879
5022
5023
4737
1033
5451
4171
5050
5027
1851
1213
1214
5052
5034
5054
1216
5005
1211
5005
5039
5040
5041
5042
5043
881
5045
5038
5047
5048
5049
4275
1051
4273
1058
4305
1068
5056
5057
5058
5059
5060
5061
5062
5063
5064
5065
5066
5067
5068
5069
5070
5071
5072
5073
5074
5075
5076
5077
5078
5079
5080
5081
5082
5083
5084
5085
5086
5087
5088
5089
5090
5091
5092
5093
5094
5095
5096
5097
5098
5099
5100
5101
5102
5103
5104
5105
5106
5107
5108
5109
5110
5111
5112
5113
5114
5115
5116
5117
5118
5119
5120
5121
5122
5123
5124
5125
5126
5127
5128
5129
5130
5131
5132
5133
5134
5135
5136
5137
5138
5139
5140
5141
5142
5143
5144
5145
5146
5147
5148
5149
5150
5151
5152
5153
5154
5155
5156
5157
5158
5159
5160
5161
5162
5163
5164
5165
5166
5167
5168
5169
5170
5171
5172
5173
5174
5175
5176
5177
5178
5179
5180
5181
5182
5183
5184
5185
5186
5187
5188
5189
5190
5191
5192
5193
5194
5195
5196
5197
5198
5199
5200
5201
5202
5203
5204
5205
5206
5207
5208
5209
5210
5211
5212
5213
5214
5215
5216
5217
5218
5219
5220
5221
5222
5223
5224
5225
5226
5227
5228
5229
5230
5231
5232
5233
5234
5235
5236
5237
5238
5239
5240
5241
5242
5243
5244
5245
5246
5247
1204
5249
4980
4980
1863
5253
5255
5292
5256
272
5258
1086
5260
5261
5262
5263
5264
5264
5266
5267
1895
5271
279
5286
270
4381
1300
5273
5265
5276
5278
5277
1301
5281
5282
274
277
1946
199
1733
282
4447
1770
1304
4393
1100
5294
5295
5296
5296
1305
5297
5300
5307
5302
5303
5304
5305
5306
4361
5308
5299
289
5311
5312
5313
5314
5315
5316
1910
4447
4392
4448
4447
5322
5323
5324
5325
5326
5327
5328
5329
5330
5331
5332
5333
5334
5335
5336
5337
5338
5339
5340
5341
5342
5343
5344
5345
5346
5347
5348
5349
5350
5351
5352
5353
5354
5355
5356
5357
5358
5359
5360
5361
5362
5363
5364
5365
5366
5367
5368
5369
5370
5371
5372
5373
5374
5375
5376
5377
5378
5379
5380
5381
5382
5383
5384
5385
5386
5387
5388
5389
5390
5391
5392
5393
5394
5395
5396
5397
5398
5399
5400
5401
5402
5403
5404
5405
5406
5407
5408
5409
5410
5411
5412
5413
5414
5010
5416
5417
1045
4195
1718
4235
1043
4262
4020
979
187
1153
4648
4002
4004
4720
3893
5433
5434
5435
5282
5437
4130
5439
5727
1998
5654
2025
5282
5445
5446
5447
5448
1990
1702
4220
4170
1031
5454
5455
4345
212
2731
1788
5460
1086
5462
1755
5463
5465
5466
5467
204
5468
5470
5469
5472
5464
5788
5475
5540
5476
5541
5565
5569
5510
5513
5517
5715
5573
5493
5547
5492
5538
5491
5521
5550
5554
5571
5555
5501
5559
5512
5506
5689
5475
5503
5791
5549
5486
5549
5558
5549
5516
5516
5490
5537
5520
5515
5519
5539
5519
5484
5522
5521
5474
5688
5474
5523
5548
5492
5548
5533
5523
5485
5524
5493
5493
5492
5531
5492
5531
5529
5524
5790
5540
5476
5494
5575
5553
5511
5551
5551
5556
5485
5557
5511
5509
5496
5501
5555
5502
5556
5495
5562
5574
5563
5690
5494
5494
5488
5570
5498
5498
5525
5526
5561
5502
5690
5576
5577
5535
5528
5570
5571
5610
5743
5748
1843
4146
5678
5673
5677
5607
5597
5627
5633
5664
5667
5615
5641
5600
5638
5593
5601
5603
5635
5680
5682
5608
5778
5644
5733
5582
5582
5612
5649
5606
5606
5668
5606
5733
5645
5637
5645
5597
5647
5639
5599
5598
5631
5631
5632
5628
5681
5664
5611
5581
5594
5594
5657
5656
5660
5660
5663
5667
5667
5656
5642
5658
5658
5659
5660
5742
5749
4147
5674
5677
5684
5618
5668
5668
5665
5665
5603
5618
5619
5666
5666
5603
5672
5734
5669
4145
5584
5742
5651
5678
5617
5602
5607
5607
5613
5595
5735
5604
5649
5602
5596
5634
5608
5678
2367
2368
5790
5691
5691
5691
5692
5692
5541
5541
5542
5572
5558
5506
5570
5564
5479
5544
5544
5569
5553
5510
5514
5483
5518
5714
5789
5788
5768
5716
5717
5633
5628
5627
5622
5620
5621
5662
5677
5588
5588
5588
5687
5732
5614
4807
4145
4144
4147
1843
1843
1843
1843
1842
1844
5798
5479
5564
5544
5544
1842
4817
5553
5482
5514
5483
5713
5787
5504
5558
5542
5541
5692
5692
5545
5572
5620
5621
5629
5622
5798
5768
5614
5438
4128
4131
4132
4132
5662
5677
4130
5578
5792
5792
5732
5687
5652
5588
5588
5789
2372
2367
2369
2368
5792
5541
5592
5718
5797
5769
4100
4131
5704
5653
2380
2380
5793
2417
2418
1334
3120
5814
5810
5823
5811
4123
4123
4750
4106
4127
2416
2420
2378
3061
2005
5810
5824
5825
2406
1474
4122
4124
5693
5781
5785
5800
5727
5777
1642
5746
1854
183
1484
1485
1484
1854
4206
3339
1483
4170
1484
183
