0
1
1310
3
1318
5
2338
7
1320
2390
10
11
12
2414
2437
2398
16
2443
3163
3163
2472
471
3745
1364
2286
3163
2540
1485
3752
683
2472
2472
1574
32
1373
35
1379
50
38
39
40
41
1385
2692
2682
1438
2748
47
48
1413
2650
1425
2651
2698
52
53
2743
57
58
59
60
61
62
63
64
65
5837
1473
1472
2041
70
2463
3743
73
74
75
76
1492
78
79
80
81
1485
3163
2472
3163
2489
2491
1512
89
90
91
92
93
94
95
96
97
1524
1526
1559
1529
51
103
104
1568
3590
107
108
3606
3607
111
1575
2724
114
1531
116
117
118
119
120
121
122
123
124
125
126
127
128
2732
606
607
2647
132
134
101
129
137
1625
1623
3011
2266
456
2970
144
2391
146
147
3187
151
1641
2231
3195
3094
473
3094
156
157
1348
22
160
1666
162
163
164
1673
4062
167
168
2005
170
171
1848
173
4141
4161
4166
4168
1694
4011
4011
976
4012
190
4640
3970
4011
1880
183
1153
5427
4848
4848
5251
195
1942
196
197
198
4351
1785
201
202
203
1803
1738
4407
207
208
209
210
211
4346
213
214
1772
1786
4368
218
1790
1794
5318
222
1806
224
225
226
227
228
229
230
231
1839
233
1840
235
1027
1718
5416
1857
4947
241
242
4972
244
245
246
4848
4848
4011
4011
252
4216
1884
254
255
256
257
258
259
5291
261
262
263
264
1929
266
1909
268
269
270
271
5270
1940
274
275
5286
1938
278
1945
4436
4447
1732
1966
1901
1958
286
1962
288
289
290
291
292
293
294
295
4372
4373
298
299
300
301
302
303
305
4700
3937
3981
963
309
310
311
312
313
4870
4871
317
3960
4784
4784
978
321
322
1703
3970
4879
3186
2024
2629
329
2109
2111
2043
333
334
335
336
3286
338
339
340
341
342
343
344
2064
346
347
348
349
350
351
352
353
354
355
356
2079
358
359
2081
361
362
363
364
365
366
367
368
369
370
371
372
3843
2178
2177
2115
377
378
379
380
3115
382
383
384
385
386
387
388
2138
2428
391
2142
3076
3006
3023
2147
3055
398
399
3019
2156
402
2161
2163
405
406
407
408
409
3926
2195
412
3028
3030
415
416
417
418
419
3207
3206
422
423
4632
2203
2201
427
3002
3010
22
696
3189
1638
2211
2211
3185
2782
2765
3139
460
2786
634
711
3095
2237
3750
2290
3082
450
681
2221
2261
2027
2220
455
3181
473
2288
2026
154
2778
2223
2223
2221
3154
2273
2562
2516
2280
2278
1361
1364
3184
2565
2518
2295
477
478
479
480
481
482
483
484
485
486
2323
488
2322
2887
491
492
493
2333
2331
3085
2432
498
2353
2994
2869
502
2382
504
505
5746
2857
1463
1457
510
511
512
513
514
515
516
2444
518
2394
2478
2472
462
463
2272
461
553
2453
2467
2468
2949
3179
2455
2457
3163
2478
2478
3774
2492
2490
2496
2459
2811
2501
2499
2523
1485
2812
2811
543
544
550
549
680
650
2810
2812
2459
559
539
2456
2459
2457
2575
1483
2805
647
2455
2815
2574
450
3164
2954
3170
3750
474
3025
2590
2584
3334
580
581
582
583
584
585
586
587
588
2656
590
591
592
593
594
595
2623
597
2626
2724
1369
1603
602
1375
2986
2985
1537
1539
608
609
610
611
612
613
614
615
616
617
618
619
620
621
622
623
624
625
626
627
628
629
630
631
2228
2774
425
638
2788
635
3183
639
640
641
642
643
644
645
646
525
4509
525
2816
451
652
653
2829
655
656
657
658
1458
660
2388
662
663
2888
665
666
667
668
669
670
671
672
3360
3325
675
676
677
678
679
2260
3170
326
2958
148
1350
449
687
2999
3000
690
691
2996
3243
3242
3091
3096
1644
3754
3066
3035
3065
3044
3051
3337
3059
3087
3219
3328
709
3089
426
3107
3110
714
3145
2473
3157
718
719
720
721
3211
3210
724
725
3335
3227
728
729
730
731
732
733
734
3296
736
737
738
739
740
3318
742
1509
2479
3366
746
3370
748
749
750
751
752
753
754
755
756
757
758
759
760
761
762
763
764
765
766
767
768
769
770
771
772
773
774
775
776
777
778
779
780
781
782
783
784
785
786
787
788
789
790
791
792
793
794
795
796
797
798
799
800
801
802
803
804
805
806
807
808
809
810
811
812
813
814
815
816
817
818
819
820
821
822
823
824
825
826
827
828
829
830
831
832
833
834
835
836
837
838
1585
840
841
842
843
844
845
846
847
848
849
850
851
852
853
854
3845
3783
3793
858
859
860
861
3795
4919
4910
4945
3798
3800
3805
4928
4915
871
872
873
874
875
876
877
878
879
3816
5036
5037
3819
884
885
886
887
888
889
890
891
892
893
894
895
3849
897
898
3867
3866
901
4736
903
904
905
906
907
908
909
913
3879
4696
4764
3886
4743
916
917
4708
3891
3898
3897
922
923
924
925
3928
5432
928
3920
930
4614
932
933
3923
3925
4867
3931
3929
4691
4693
184
4705
4872
2023
4874
942
4869
4824
3994
4489
3933
1180
1116
954
955
4020
1212
4720
4842
4823
3990
3977
4866
4017
978
317
320
3951
4482
4003
949
1048
4007
4009
4239
4641
4012
4868
187
980
981
982
983
984
985
986
987
988
989
990
991
4049
993
994
4496
996
4057
998
4772
4059
4682
1002
1003
4559
4110
1006
4574
1008
4548
1832
1826
1012
1013
4140
1015
1016
1017
1018
1019
4186
976
969
968
4194
1028
1023
189
4639
4864
1024
1022
237
237
237
4215
4220
1037
1026
1025
4224
4848
1026
1040
1043
4647
1026
1025
1049
1035
1024
1025
5419
4191
1702
1056
1022
4179
4267
4850
1059
4855
4643
1212
5426
1065
1066
4727
4305
1707
1070
1071
1072
1073
1074
1075
1076
1077
1078
1079
1080
1081
1082
1083
1084
1085
4344
4347
1969
1089
4675
4676
1903
267
1094
1095
4383
1097
1098
1099
4394
1101
1102
1103
1104
1105
1106
1107
1108
1109
1110
1111
1112
1113
1114
3958
4488
1117
1118
4498
1120
1121
1122
4527
4528
1125
1126
1825
1128
4113
1130
1834
1132
1133
1134
1135
1136
1137
1138
1139
1140
5046
5010
1143
1144
1145
1146
5834
1148
3989
4855
314
315
1152
5431
3969
1156
1157
1158
1159
1160
1161
1162
1163
4699
2007
4782
4711
4754
4723
1170
914
1172
1173
4749
4775
4905
4903
1178
1179
3933
1181
1182
1183
943
1716
4842
1187
1188
1189
1190
4890
1192
4887
1194
3940
4911
4913
1198
1199
4930
4966
4943
1203
4979
1205
1206
1207
1208
1209
5005
1211
4210
237
1852
1215
5034
1217
1218
1219
1220
1221
1222
1223
1224
1225
1226
1227
1228
1229
1230
1231
1232
1233
1234
1235
1236
1237
1238
1239
1240
1241
1242
1243
1244
1245
1246
1247
1248
1249
1250
1251
1252
1253
1254
1255
1256
1257
1258
1259
1260
1261
1262
1263
1264
1265
1266
1267
1268
1269
1270
1271
1272
1273
1274
1275
1276
1277
1278
1279
1280
1281
1282
1283
1284
1285
1286
1287
1288
1289
1290
1291
1292
1293
1294
5293
1296
1297
4385
1299
1300
1301
1302
1303
1304
1305
1306
1307
1309
2134
1310
0
1313
1316
1312
1315
1316
1317
6
1319
1319
1321
1322
516
1324
1325
1326
1327
1328
3133
1330
1331
1332
5745
5779
5704
1339
15
1336
2442
3163
3163
3163
3163
2472
471
471
2472
2473
3163
2286
22
3163
1348
22
2487
86
1485
537
2563
3179
3179
3178
29
1361
1485
1485
1485
2472
3568
3568
1574
3569
1376
1373
136
3608
1376
2631
1420
2631
1380
2652
1385
2654
1536
2653
1390
43
1390
2683
1391
1392
1393
1394
1395
5470
1433
603
1399
1400
1401
1402
1403
1405
1601
601
1407
1408
1409
1410
1411
1374
1413
1374
1415
1416
1417
1418
2650
50
1422
2648
2648
2648
2648
1431
2697
1431
53
2697
2697
2651
1434
2734
1435
3638
1435
1612
1614
1440
1441
1442
1443
1444
1445
1446
1447
1448
1449
1450
1608
1452
1453
1454
1455
5753
5752
2360
1459
1460
1459
2422
5750
1643
1465
1466
508
2937
1469
69
1470
69
69
5780
5761
5781
3150
2371
1476
1481
1481
1482
2464
72
2464
2461
1487
1488
1489
1487
1491
76
1491
1494
1495
1496
1497
1498
1499
1502
1501
1502
1503
1500
1485
1485
1485
1485
3340
3340
2488
1461
1513
1514
1515
1516
1517
1518
1519
1520
1521
1522
1525
97
1525
1526
1523
1532
39
1528
1531
3591
2731
2730
1539
1534
54
1419
1423
1421
1541
1542
1543
1544
1545
1546
1547
1548
1549
1550
1551
584
1553
1554
1555
1556
1557
34
49
1377
1558
1563
3588
1564
1565
105
109
109
1570
3606
1574
1572
1571
3570
33
1579
1578
1369
1371
1580
1581
1582
1580
1581
1585
1581
1587
1588
1589
1590
1591
1592
1593
1595
1598
120
1597
1583
1582
1600
1601
1602
1603
3627
1605
3627
1607
1605
1609
1610
1611
2644
135
2644
2647
1389
44
1618
1619
1620
140
1624
2207
1627
2254
2254
3012
2250
1629
1630
1631
1632
1633
1641
3187
1641
1641
3195
443
3188
3195
5705
5706
473
473
473
3094
1648
5460
1650
2620
1652
1653
1654
1655
3335
27
743
3751
2240
2951
3166
2240
1664
1664
1666
1667
163
1669
1668
1674
1674
166
4065
1675
1676
1677
1678
1679
1680
1681
1682
1683
1685
4819
175
1687
174
1689
1690
1691
1693
4167
177
1693
4011
4011
4011
4011
4012
4012
1716
976
3970
4011
4014
184
4011
1034
4210
252
1853
183
5427
4856
1715
5427
4864
4011
4848
4011
4011
5248
1726
195
5248
1730
1728
1729
5289
221
4350
199
4350
200
1739
1736
297
4371
296
1741
1742
1741
1744
1745
1746
1747
1814
1749
1750
1751
1752
1753
1754
1755
1756
1757
1758
1759
1760
1761
211
1766
1764
1088
1968
1767
1768
1769
1770
1771
1772
1773
1774
1775
1776
1777
1778
1779
1780
1781
193
4369
1782
193
1787
4367
1787
1793
218
1792
1795
1795
217
4413
1798
1796
5317
1799
1803
1801
1802
1804
5320
1805
224
1807
1808
1809
1810
1811
1809
1813
1814
1971
1816
1817
1818
1819
1820
1821
1822
1823
5722
5591
5723
1827
1827
1829
5786
5801
5776
1833
1010
1835
1836
4627
233
4960
233
1838
5799
5799
5740
4818
4099
4817
1850
1849
1850
1717
5419
1717
5420
240
1858
240
4948
1859
1860
1861
1862
1863
1865
4974
1866
1867
1868
1869
1870
1871
1872
4011
4848
4011
4011
4011
4011
1853
4213
4196
1828
1828
231
1885
1886
1887
1888
1889
1890
1891
1892
1893
1894
1895
1896
1897
1898
1899
1900
1901
1902
1904
4444
220
1903
267
1784
216
1908
1911
1912
1913
1914
1915
1916
1917
1918
1919
1920
1919
1922
1923
1924
1925
1926
1927
1928
1929
1930
1931
1936
273
1934
1935
5269
276
5287
1937
276
1941
234
1941
4988
194
1947
194
1948
1948
1950
1951
1952
1953
1955
1955
1956
1960
223
1959
4404
1961
1962
1963
1964
1965
287
1967
1968
1969
1970
1971
1972
1973
1974
1978
1976
299
4363
1743
207
1981
1982
1983
1984
3935
3935
3935
1987
3980
3980
4701
4700
1993
4072
1995
1996
1997
4870
4870
4870
4870
952
952
952
2005
5785
4784
4784
978
4784
2011
2012
2013
2014
5019
5844
5017
249
4850
1059
4850
4850
4879
4879
4873
443
443
3186
3186
3186
4871
4871
2024
2035
2720
2036
2037
2629
2040
2108
331
2039
330
2044
2045
2046
2047
2048
2049
2050
2051
2052
2053
2054
2055
2056
2057
2058
2059
2060
2061
2062
2063
346
2065
2066
2063
2068
2069
2070
2071
2072
2073
2074
2075
2076
2077
2080
2079
2080
3353
2078
2083
2084
2085
2086
2087
2088
2089
2090
2091
2092
2093
2094
2095
2096
2097
2098
2099
2100
2101
2102
2103
2104
2105
373
2107
2110
374
2175
375
2067
2113
2114
345
2116
2117
2118
2119
2120
2122
2122
381
2124
2125
2126
2127
2128
2129
2130
2131
2132
2133
2134
2135
2136
2137
388
2139
2140
2141
394
2144
394
3023
2145
2149
4
3053
397
2150
2152
2153
2154
2155
395
2159
2146
3022
2160
2161
2160
2163
2164
2165
2166
2167
2168
2169
2170
2197
2172
2173
2174
2176
3027
414
413
2179
2180
2181
2182
2183
2184
2185
2186
2187
2188
2189
2191
3205
421
2193
420
424
2942
3927
2943
2202
2199
427
2202
405
2206
428
3001
429
22
2284
696
3014
3189
696
1640
1640
2211
152
1638
632
2783
2766
3139
3185
3192
460
3191
3192
3146
2786
3141
3095
3146
2236
2235
2292
3119
448
2951
2952
28
2951
2261
2223
2261
3138
2220
2247
2248
2249
2288
3181
2288
2288
3180
151
2027
151
151
3138
3186
3186
473
473
473
2251
2263
3017
2222
2222
2223
2219
438
141
141
2274
2277
1628
2279
2561
468
469
2279
28
28
1364
2953
3181
3181
3184
467
2282
2293
2562
2297
475
2294
2515
2298
2299
2300
2301
2302
2303
2304
2305
2306
2307
2308
2309
2310
2311
2312
2313
2314
2315
2316
2317
2318
490
2319
2319
2832
490
2324
2325
2326
2327
2328
2332
2329
496
3121
497
2334
2335
2336
2337
500
2339
2340
2341
2345
2343
2344
2867
2346
2347
2348
2349
2350
2351
2349
2353
5553
5545
5482
5514
5515
5514
5483
5482
5517
5484
5518
5715
5715
5788
5791
5790
2370
2369
2372
5792
2374
2375
2364
2365
2378
2379
2380
2381
507
2383
2384
2386
2880
2385
509
5818
5807
5805
2389
5808
5819
2393
5804
5830
5804
2399
1334
2417
2402
2420
2404
2419
2421
2407
2408
2413
2410
3131
2412
1477
1479
1478
5756
5757
5759
2419
5758
5793
5707
2423
2424
2425
2426
2427
2444
519
2429
2428
517
2433
2434
5826
2435
5827
2438
2439
2440
5806
2441
2442
519
1486
1486
2472
2478
471
471
2268
2270
2271
2272
2269
523
2520
2815
523
2519
530
2471
2466
2469
2520
2949
2950
2949
2949
680
680
529
531
2452
2451
522
2457
526
2460
1364
1486
1486
2478
1486
536
1486
3774
538
2494
538
2490
527
2492
2459
527
542
2500
2497
540
2522
545
3163
1485
2486
1485
2814
2812
2813
2806
2814
2498
543
2498
544
2546
2545
2513
2547
2950
3025
2780
2524
554
650
650
2810
2812
650
527
2459
527
2812
2810
2812
528
528
528
559
559
539
2564
3748
2544
3747
550
2511
2512
2460
2456
2461
3163
3163
1485
2472
2475
527
2474
3776
527
2459
2542
2541
539
2490
558
2538
2460
2456
2466
2463
522
2455
2452
522
572
2588
2957
2577
1355
3750
1509
566
2509
1066
566
576
2270
2955
565
578
2558
21
5841
2594
2595
2596
2597
2598
2599
2600
2601
2602
2603
2604
2605
2657
2607
2608
2609
2610
2611
2612
2613
2614
2615
2616
2617
2618
2619
2622
99
3602
107
2625
2634
2628
113
2724
2722
3569
3569
3569
2634
2716
2635
2636
2637
2638
2639
2640
2641
2642
2643
2646
101
2728
55
2649
2984
605
604
1533
102
1537
2657
608
2657
2658
2659
2660
2661
2662
2663
2664
2665
2666
2667
2668
2669
2670
2671
1530
2673
2674
2675
2676
2677
2678
2679
2680
2681
2682
2673
2684
2685
2686
2687
2688
2689
134
134
1613
2693
2694
2695
2696
2699
77
3297
2700
2701
2702
2703
2704
2705
2706
2707
2708
2709
2710
2711
2712
2713
2714
2715
2716
2717
2718
2719
328
3312
111
1573
1571
1571
2726
2727
2729
3572
2651
1424
1538
1379
1540
1427
2735
2737
2738
2739
2740
2741
2742
2654
2736
2745
2746
2691
45
2749
2750
2751
2752
2753
2754
2755
2756
2757
2758
2759
2760
2761
2762
2763
2764
442
2229
2776
2230
2785
425
2787
2788
2785
2785
635
2771
3138
2220
2223
2261
2221
2770
2770
2772
2787
425
3182
638
2789
2790
2791
2792
2793
2794
2795
2796
2797
2798
2799
2800
2801
2454
2454
461
525
525
525
2455
525
2269
2816
461
524
2454
2779
454
464
2243
464
2820
2821
2822
2823
2824
2825
2826
2827
2828
8
2830
2832
8
2831
2834
2835
2836
2377
2838
2839
2840
2841
2842
2843
2844
2845
2846
2847
2848
2849
2850
2851
2833
654
2854
2855
3640
659
2858
2859
2860
2861
2862
2359
1456
2360
2361
2868
2870
661
2864
2871
2872
2873
2874
2875
5709
5708
2876
2877
5751
2387
2882
2886
664
2885
2887
2887
7
2889
2890
2891
2892
2893
2894
2895
2896
2897
2898
2899
2900
2901
2902
2903
2904
2905
2906
2907
2908
2909
2910
2911
2912
2913
2914
2915
2916
2917
3740
2919
2920
2921
2922
2923
2924
2925
2926
2927
2928
2929
2930
2931
2932
2933
2934
2935
2936
3766
2938
2939
2940
2941
2943
4632
2944
2945
2946
2947
2260
459
2261
2953
3158
3171
2028
326
459
433
2028
2240
2240
2238
450
2963
2964
2965
2966
2967
2968
2969
2970
2971
2972
2973
2974
2975
2976
2977
2978
2979
2980
2981
2982
2983
2987
688
689
2997
2988
2989
2990
2991
2992
143
692
2970
5802
2998
3241
694
693
3004
494
389
3008
2330
495
3005
3009
3090
3009
3180
3010
2289
3093
155
155
2287
1646
139
1622
3020
3023
3007
2027
326
2026
3029
401
3075
699
3157
3156
2275
698
2962
3021
3033
326
3041
3039
3064
701
393
2143
2151
2
3047
1311
3049
3050
704
3052
3054
3058
705
5821
3056
3060
706
3086
3061
3062
3063
3067
707
700
3753
3071
3070
2234
3336
3074
3072
3083
3036
3073
3077
3078
3079
3080
3080
709
3084
3088
710
3057
9
2392
145
3090
427
3092
2201
2201
426
426
3097
3098
2139
3100
3100
3102
3103
3040
2177
3106
3107
3108
3111
702
3757
3109
3045
3113
0
3117
3124
3116
3118
5763
3122
3123
2395
3124
3125
3126
3127
3128
3129
3130
1475
1476
2411
3134
3135
3136
3137
2230
2228
2200
2200
426
697
3015
3190
2200
3147
3148
3148
2373
3149
3151
3153
3144
2213
2224
715
3155
471
471
2472
2473
1360
2951
2578
2952
2210
148
2212
3168
2957
1486
2578
2577
2577
1639
1639
2954
2956
695
3091
2163
2163
427
3140
3142
3194
3096
153
153
1645
3013
426
426
3093
3196
3197
3198
3199
3200
3201
3202
3203
3204
3208
722
723
3209
3209
3210
3211
3214
3212
3221
3213
3216
3217
3222
2960
2285
3329
2284
82
3226
3224
3226
340
3225
727
3230
3231
3232
3233
3234
3235
3236
3237
3238
3239
3240
3114
713
712
3244
3245
3246
3247
3248
3105
3249
3112
3251
3253
3254
3252
3255
3257
3258
3259
3260
3261
3262
3263
3264
3265
3266
3267
3268
3269
3270
3271
3272
3273
3274
3250
3275
3254
3277
3279
3280
3281
3742
3283
3284
3285
3286
3287
3288
3289
3290
3291
371
3276
3256
3294
332
3278
3298
3299
3300
3301
3302
3303
3304
3305
3306
3307
3308
3309
3310
3311
3312
3313
3314
3315
3316
3317
742
3319
3317
3321
3324
3323
3320
741
3326
3327
446
3751
3330
1356
1356
1510
1510
1509
3081
382
3338
1486
2478
1486
1485
71
2478
71
3344
2548
745
2566
3368
3353
3351
3353
3354
3355
3356
3357
3358
2079
2081
2196
3362
3363
3364
528
2477
2549
561
569
577
3371
3372
3373
3374
3375
3376
3377
3378
3379
3380
3381
3382
3383
3384
3385
3386
3387
3388
3389
3390
3391
3392
3393
3394
3395
3396
3397
3398
3399
3400
3401
3402
3403
3404
3405
3406
3407
3408
3409
3410
3411
3412
3413
3414
3415
3416
3417
3418
3419
3420
3421
3422
3423
3424
3425
3426
3427
3428
3429
3430
3431
3432
3433
3434
3435
3436
3437
3438
3439
3440
3441
3442
3443
3444
3445
3446
3447
3448
3449
3450
3451
3452
3453
3454
3455
3456
3457
3458
3459
3460
3461
3462
3463
3464
3465
3466
3467
3468
3469
3470
3471
3472
3473
3474
3475
3476
3477
3478
3479
3480
3481
3482
3483
3484
3485
3486
3487
3488
3489
3490
3491
3492
3493
3494
3495
3496
3497
3498
3499
3500
3501
3502
3503
3504
3505
3506
3507
3508
3509
3510
3511
3512
3513
3514
3515
3516
3517
3518
3519
3520
3521
3522
3523
3524
3525
3526
3527
3528
3529
3530
3531
3532
3533
3534
3535
3536
3537
3538
3539
3540
3541
3542
3543
3544
3545
3546
3547
3548
3549
3550
3551
3552
3553
3554
3555
3556
3557
3558
3559
3560
3561
3562
3563
3564
3565
3566
3567
735
3295
3762
3295
1493
3573
3574
3575
3576
3577
3604
3579
3580
3581
3582
3583
3584
3585
3586
1527
3589
3605
112
584
3592
3593
3594
3595
3596
3597
2657
3599
3600
3601
3602
1569
113
600
1381
36
2733
3609
3610
3611
3614
3613
3614
3615
3616
3617
3618
3619
3620
3621
3622
3623
3624
3625
3626
2684
3628
3629
3630
3631
3632
3633
3634
2732
2733
3637
1537
2733
2376
3641
3642
3643
3644
3645
3646
3647
3648
3649
3650
3651
3652
3653
3654
3655
3656
3657
3658
3659
3660
3661
3662
3663
3664
3665
3666
3667
3668
3669
3670
3671
3672
3673
3674
3675
3676
3677
3678
3679
3680
3681
3682
3683
3684
3685
3686
3687
3688
3689
3690
3691
3692
3693
3694
3695
3696
3697
3698
3699
3700
3701
3702
3703
3704
3705
3706
3707
3708
3709
3710
3711
3712
3713
3714
3715
3716
3717
3718
3719
3720
3721
3722
3723
3724
3725
3726
3727
3728
3729
3730
3731
3732
3733
3734
3735
3736
3737
3738
3739
3351
3741
3742
553
3179
29
2493
3746
3747
2566
26
87
683
2959
138
2276
466
392
3758
3759
3760
3761
2042
3120
3764
1641
5762
152
3768
3769
3770
3771
3772
142
541
1485
522
3777
3778
3777
855
3781
3786
857
3782
859
4963
3787
3788
3789
3790
3794
3791
863
4924
864
3797
4946
865
3796
856
3804
3803
4916
3804
871
3806
3807
3808
3809
3810
3811
3812
3813
3814
3815
3818
3818
5036
882
3816
3821
3822
3821
3824
3825
3826
3827
3828
3829
3830
3831
3832
3833
3834
3835
3836
3837
3838
3839
3840
3841
3842
883
3846
3845
3846
895
3802
868
3851
4929
3852
3853
3854
3865
3856
3857
3858
902
4802
3861
3862
3863
3864
3868
3866
160
3868
3869
3870
3871
3872
3873
3874
3875
3876
912
3880
912
4696
3884
915
3885
4762
4742
165
3887
3888
3889
3890
3877
3879
3881
3892
2162
3895
404
403
3899
3900
3901
3902
3903
3904
3905
3906
3928
3908
927
3910
4716
3912
3913
900
3915
3919
3916
931
5015
253
3921
3922
3923
3921
932
880
3816
3817
921
3897
921
3931
3930
3936
939
4690
940
3968
4011
3970
1166
1166
4872
4705
325
2023
325
3944
2025
1115
4869
1115
4486
4707
4876
4707
3996
4831
4831
4783
4827
4489
3966
3964
956
5425
957
959
3971
4642
4722
947
4474
3990
3950
3896
920
3976
4017
4865
4017
978
4866
317
4823
317
317
2004
4870
4869
978
978
978
3983
964
3993
3952
3950
948
4482
5449
1989
304
4001
307
4010
972
4006
975
4276
190
4641
4012
190
4866
4868
4866
4019
4257
4281
4018
4023
4237
4022
4025
4026
4027
4028
4029
4030
4031
4032
4033
4034
4035
4036
4037
4038
4039
4040
4041
4042
4043
4044
4045
4046
4047
4048
4049
4050
4051
4052
4494
4054
4055
4056
4057
4058
999
4056
4064
1001
1002
4064
4064
4067
4788
4068
4069
4070
4071
4072
4072
1007
1004
4076
4077
4078
4079
4080
5676
5661
5588
5620
5624
5625
5655
5624
5626
5628
5626
5592
5633
5581
5612
5649
4095
5797
4096
5583
4097
4098
5629
5795
4105
4106
4108
4547
4107
1009
4112
4572
4556
4111
4115
4116
4117
4118
4119
4120
4121
5813
5814
5813
4125
4126
4127
4130
4128
4130
4129
4146
4133
4134
4135
4139
4132
4530
1845
1846
4137
4125
4143
4145
4145
4144
4144
5727
4149
4150
4151
4152
1017
4154
4154
4157
4169
4156
4159
176
5824
1695
4163
4164
4165
5809
4121
1019
4120
4197
4186
976
4197
4011
4012
3997
4000
3998
3999
4240
4194
4190
4241
4242
4192
189
4193
4195
4637
4637
1045
4646
4863
1149
4646
1714
1715
4189
4191
1022
4179
5418
4188
4012
4011
4197
4197
237
4197
4196
5451
4196
4216
4213
1036
5451
4219
1038
1026
1025
4221
4223
4243
1037
4222
4014
4011
183
4847
4508
4507
4501
4201
4225
1040
4225
4264
4236
4262
4638
4484
960
4244
4507
4506
4506
4506
1026
4183
1025
4506
1026
4187
4187
4187
4278
4278
4279
4214
5423
4263
1043
5422
4234
4185
4185
1024
4011
4848
4198
4182
5453
4199
1026
1025
4260
4258
4213
4215
4256
251
4188
1027
5418
1024
4184
4184
4189
1022
4864
4864
4645
4863
1874
5030
4295
4232
4298
1055
4639
4644
4637
4272
4303
1058
2022
2022
4308
4309
4310
4311
4312
4313
4314
4315
4316
4317
4318
4319
4374
4321
4322
4323
4324
4325
4326
4327
4328
4329
4330
4331
4332
4333
4334
4335
4336
4337
4338
4339
4340
4343
4342
4352
4347
4346
4438
4436
4347
4350
1724
1724
4353
4432
4354
4355
4356
4357
4357
4359
4360
4359
4362
4363
4364
4365
4366
4370
1090
1091
4673
1906
1092
1907
4374
4374
4376
4377
4378
4379
4380
5273
4382
4383
4384
4385
4382
4387
4388
4389
4390
1902
4392
4393
4394
4395
4396
4397
4398
4399
4400
4401
4402
5319
1812
4405
4406
4407
4406
4409
4410
4411
4412
4413
4414
4415
4416
4417
4418
4419
4420
4421
4422
4423
4424
4425
4426
4427
4428
4429
4430
4431
4432
4433
4434
1943
1943
1941
278
4439
4440
4441
4442
1788
1788
1910
1910
282
1791
4449
4450
4451
4452
4453
4454
4455
4456
4457
4458
4459
4460
4461
4462
4463
4464
4465
4466
4467
4468
4469
4470
4471
4472
953
3961
4480
4488
4487
638
4488
4487
4478
4474
3950
3951
4476
4479
638
3183
4488
4490
4491
4492
4493
2797
644
643
2801
4498
4499
4176
4177
4509
4177
4177
1022
4509
4178
4176
3973
3997
3975
4512
4513
4514
4515
4516
4517
4518
4519
4520
4521
4522
4523
4524
4525
4138
4092
4102
4526
5718
4529
4532
1123
4534
4535
4536
4537
4538
4539
4540
4541
4542
4543
4109
4545
4546
4549
1127
4103
4550
4551
4552
4553
4554
4084
4082
4088
4086
4561
4561
4562
4555
4563
4564
4565
4566
4567
5589
5725
4081
4569
5724
1129
1131
4575
4576
4577
4578
4579
4580
4581
5433
4583
238
1856
3850
4587
4588
4589
4590
4591
4592
4593
4594
4595
4596
4597
4598
4599
4600
4601
4602
4603
4604
4605
4606
4607
4608
4609
5415
4611
4612
4613
4614
4615
4616
4617
4618
4619
4620
4621
4622
4623
4624
4625
4626
1830
4628
4629
4630
4631
3816
4633
4634
4635
4636
948
3951
3988
1150
4856
4843
1999
1999
4862
966
314
958
4721
4649
3968
4652
4653
4654
4655
4656
4657
4658
4659
4660
4661
4662
4663
4664
4665
4666
4667
4668
4669
4977
4671
4672
4673
4674
4675
1157
4677
4678
4679
4680
4078
4682
4683
4684
4685
4686
4687
4688
4689
4692
909
909
997
4060
4694
1000
4699
4697
4778
4865
4698
4016
4016
2008
4781
4015
2009
4709
4712
4708
306
4695
2004
2002
3990
4718
1168
3894
3893
4004
4004
971
1167
5430
4710
4724
3989
4728
4729
4752
4731
3882
3886
3883
1883
4736
4735
3917
929
4740
4741
4744
1174
4747
4745
4746
4748
4774
1175
4750
4751
4753
4726
4725
1176
4756
4757
5013
4759
4761
4771
4760
918
4762
4765
4766
4767
4768
4769
4770
4773
1179
4776
4746
170
4776
4777
3978
4779
937
3932
938
3929
3932
4785
4786
4787
3101
4789
4790
4791
4792
1670
4794
4793
4799
4797
1171
4800
4795
4801
1665
4803
4804
4805
4806
4807
4808
4809
4810
4811
4814
1119
4814
4815
4816
4147
5749
5825
4820
4821
4822
3961
3961
936
3933
936
1165
4872
4704
3930
4832
4833
4834
5748
4836
4837
4838
4830
3955
3942
4840
4841
4012
1716
4012
1716
190
1186
4722
4860
3941
3941
315
3949
4853
5420
1714
5427
4843
2003
2003
4643
4645
1164
4780
404
937
4825
4826
4878
4878
4782
318
4705
4702
938
938
4783
4880
4881
4882
4883
4884
4885
4886
4887
4888
4891
1192
4891
4889
4895
4893
4895
4896
4902
4898
4899
4900
4901
1155
1195
185
4650
3968
184
4892
4908
1191
935
3924
934
4912
4613
4915
4888
4918
1193
4917
4921
4922
4923
4894
4925
4926
4927
4916
4930
1197
4931
4932
4792
4933
4935
4936
4937
4938
4939
4940
4942
5417
1201
4941
862
3792
4950
4950
4947
4965
4951
4952
4953
4954
4955
4956
4957
4958
4934
4959
4961
4962
4920
4964
4914
1196
4967
4968
3784
4970
4944
1202
4971
4949
4975
4976
896
4940
854
4978
4981
4982
4983
4984
4985
4986
4987
4988
4989
4990
4991
4992
4993
4994
4995
4996
4996
4998
4999
5000
5001
5002
5002
5004
5005
5006
5007
5008
5003
1210
5011
5012
5014
5017
5007
4204
4847
188
4014
183
5021
5022
4737
4197
237
4197
237
4196
4848
4196
1851
237
5024
5032
5034
5005
5037
5005
5039
5040
5041
5042
5043
881
5044
881
5047
5048
5049
4187
4187
4187
4203
5053
5054
5056
5057
5058
5059
5060
5061
5062
5063
5064
5065
5066
5067
5068
5069
5070
5071
5072
5073
5074
5075
5076
5077
5078
5079
5080
5081
5082
5083
5084
5085
5086
5087
5088
5089
5090
5091
5092
5093
5094
5095
5096
5097
5098
5099
5100
5101
5102
5103
5104
5105
5106
5107
5108
5109
5110
5111
5112
5113
5114
5115
5116
5117
5118
5119
5120
5121
5122
5123
5124
5125
5126
5127
5128
5129
5130
5131
5132
5133
5134
5135
5136
5137
5138
5139
5140
5141
5142
5143
5144
5145
5146
5147
5148
5149
5150
5151
5152
5153
5154
5155
5156
5157
5158
5159
5160
5161
5162
5163
5164
5165
5166
5167
5168
5169
5170
5171
5172
5173
5174
5175
5176
5177
5178
5179
5180
5181
5182
5183
5184
5185
5186
5187
5188
5189
5190
5191
5192
5193
5194
5195
5196
5197
5198
5199
5200
5201
5202
5203
5204
5205
5206
5207
5208
5209
5210
5211
5212
5213
5214
5215
5216
5217
5218
5219
5220
5221
5222
5223
5224
5225
5226
5227
5228
5229
5230
5231
5232
5233
5234
5235
5236
5237
5238
5239
5240
5241
5242
5243
5244
5245
5246
5247
5249
5437
1204
4980
5252
5253
5254
5292
5256
5257
4348
5259
5260
5300
5262
5263
5264
5265
5266
5267
5268
279
1946
1949
5272
5273
5274
5275
5276
5277
5278
4374
5280
5281
5282
5283
1939
280
199
1733
5287
5288
5290
5291
4395
4394
5294
5295
5296
5297
5298
5299
5301
5307
5302
5303
5304
5305
5306
4361
5308
5309
5310
5311
5312
5313
5314
5315
5316
4446
281
5319
4449
5289
4091
5323
5324
5325
5326
5327
5328
5329
5330
5331
5332
5333
5334
5335
5336
5337
5338
5339
5340
5341
5342
5343
5344
5345
5346
5347
5348
5349
5350
5351
5352
5353
5354
5355
5356
5357
5358
5359
5360
5361
5362
5363
5364
5365
5366
5367
5368
5369
5370
5371
5372
5373
5374
5375
5376
5377
5378
5379
5380
5381
5382
5383
5384
5385
5386
5387
5388
5389
5390
5391
5392
5393
5394
5395
5396
5397
5398
5399
5400
5401
5402
5403
5404
5405
5406
5407
5408
5409
5410
5411
5412
5413
5414
5038
1200
4909
4195
4864
5427
4221
5421
5422
1710
1709
4210
4855
1154
1988
5429
970
4732
4101
5434
5435
5436
3779
5438
5439
5440
2024
5786
4872
5444
5445
5446
5447
5448
1991
4011
4187
4011
1022
5454
5455
4346
5456
1424
1788
5460
5457
5462
5463
5464
1437
5466
5467
5468
5469
56
5471
5472
5473
5502
5475
5476
5477
5478
5479
5544
5569
5512
5490
5524
5551
5507
5506
5487
5526
5492
5530
5547
5556
5566
5495
5496
5497
5577
5499
5501
5501
5496
5500
5508
5504
5486
5497
5508
5536
5577
5534
5488
5537
5516
5538
5535
5531
5491
5524
5531
5485
5523
5573
5485
5532
5527
5486
5487
5550
5551
5550
5486
5549
5527
5527
5525
5492
5492
5530
5540
5541
5542
5543
5479
5575
5498
5549
5493
5558
5493
5556
5498
5576
5554
5555
5556
5554
5559
5559
5572
5561
5562
5563
5580
5564
5578
5579
5575
5565
5499
5570
5572
5557
5563
5565
5571
5488
5578
5578
5579
5664
5682
5651
5585
5735
5731
5730
5587
5683
5619
5646
5631
5601
5615
5613
5617
5634
5600
5640
5642
5667
5686
5668
5666
5605
5606
5602
5770
5604
5604
5663
5666
5614
5614
5733
5614
5608
5644
5679
5644
5685
5645
5637
5647
5597
5639
5600
5638
5648
5593
5659
5660
5593
5595
5608
5613
5595
5658
5658
5656
5613
5594
5595
5635
5636
5636
5600
5600
5670
5651
5585
5652
5587
5587
5684
5615
5615
5657
5657
5667
5684
5684
5665
5665
5668
5603
5606
5668
5734
5672
5672
5680
5687
5686
5673
5675
5675
5732
5678
5669
5663
5670
5652
5674
5678
5605
5586
5474
5501
5690
5691
5692
5695
5695
5696
5696
5697
5698
5560
5497
5701
5579
5703
5704
5704
5706
5544
5569
5553
5510
5511
5490
5520
5521
5523
5604
5681
5632
5631
5648
5623
5620
5607
5677
5588
5729
5784
5784
5784
5783
5782
4142
5771
5778
5772
5585
5736
5736
5737
5737
5584
5650
5671
5704
5703
5706
5705
5584
5737
5545
5553
5510
5513
5515
5517
5756
5497
5698
5697
5695
5696
5707
5560
5621
5676
5623
5620
5671
5612
4142
4143
4145
5772
5799
5736
5588
5727
4807
5702
5693
5692
1690
1689
1691
1691
5728
5521
5688
5522
5690
5689
5691
5696
5627
5628
5632
5611
5583
5773
1642
5801
5802
5803
2404
2401
2402
2400
3763
5809
5810
5811
5812
5814
5809
5815
5816
5817
5818
2403
5820
5821
5822
5823
4123
5828
2396
5831
5813
4131
2404
2405
5832
5836
5834
5801
5836
1464
4012
4011
3163
471
3163
4012
4011
1485
1485
4011
3163
4011
