0
1
2
1313
2147
5
3053
3151
490
3084
2595
2594
11
14
2435
1339
2434
2430
2449
1352
20
2480
3163
23
24
1352
2539
1357
1361
3179
2447
521
3568
1369
34
35
1379
50
1549
39
3614
3626
1385
3637
2682
1438
2747
1602
48
49
2650
1423
52
53
1432
1429
2744
1442
1453
59
3634
3630
1455
2688
1388
1513
1333
1471
68
69
12
1486
2464
73
1487
1498
76
77
1497
79
1501
3309
1507
5840
1368
534
1511
2538
2186
89
90
91
92
93
94
1589
96
97
98
99
100
1529
5458
103
104
105
106
107
108
3606
3608
2722
1577
1579
1584
1531
116
117
118
1584
115
1394
2678
123
44
1608
1604
1400
128
2732
606
1535
2647
132
1613
2645
3635
137
2277
1622
142
3144
3017
692
5836
3122
501
2882
148
2257
150
2026
152
3014
153
1647
156
157
158
159
160
161
162
1672
164
3885
4744
167
168
5835
4775
171
1682
173
1685
4162
176
177
178
5847
1698
181
182
4848
184
185
1698
4280
188
4193
1714
4269
191
193
194
195
196
1728
198
199
1785
1919
202
203
204
205
206
207
208
209
210
4434
4996
213
214
215
1788
217
4415
1790
1794
221
1802
223
224
225
226
227
228
229
230
1884
232
233
234
235
1852
4186
238
239
240
241
242
243
244
245
246
247
247
1877
250
4256
4278
3920
254
255
256
257
258
259
260
261
262
263
264
265
1899
1909
268
269
270
271
272
273
274
1084
276
277
278
279
280
281
282
283
284
285
286
1966
1961
289
290
291
292
293
294
295
296
297
298
299
266
1976
302
303
4002
1991
1988
3995
3981
309
310
311
312
313
3986
2000
3987
2004
318
319
2010
321
322
323
324
2025
2030
5441
328
329
330
331
332
2059
2045
2050
3292
3286
2047
3258
2054
2056
1503
3300
2061
345
346
347
348
349
350
351
352
353
354
355
356
2078
358
3353
3351
361
362
363
364
365
366
367
368
369
370
2102
372
883
374
375
376
2117
2133
379
2119
381
382
383
2128
3063
386
387
388
3008
390
391
2146
2142
3023
3022
2151
3076
398
399
3021
2157
2249
402
405
2202
406
2167
408
409
410
411
412
413
414
2181
416
3052
2188
419
420
421
422
2922
4632
2200
426
3091
2207
3180
2208
2211
2212
433
2215
2217
439
2219
454
453
434
2228
3185
3186
2231
445
446
447
448
449
450
451
452
2244
2246
3092
2263
1644
3013
459
3190
2272
2270
2780
2781
3156
2275
2282
2280
3117
3118
3745
2285
2289
2293
476
3125
2353
2964
147
480
2862
482
2317
484
146
486
2889
2839
2320
2883
3098
2326
2328
3001
3005
2329
497
2335
500
3058
661
2344
507
1467
2351
5543
2856
5709
2357
2408
1328
13
2424
514
3126
2426
517
511
2444
1486
521
523
462
461
524
2466
2458
2460
531
2471
29
2475
2477
5840
3340
3340
2487
539
559
544
2494
2496
549
550
543
521
554
542
2547
551
551
2518
2949
545
542
2523
541
2562
558
533
2530
562
563
564
565
566
532
568
569
570
571
572
573
574
575
576
577
578
579
580
581
582
583
584
585
586
587
588
608
590
591
592
593
594
595
596
597
598
2626
2632
1603
602
1397
604
605
1537
102
608
609
2662
2660
3594
2675
1595
2672
616
127
618
619
620
5467
3768
3761
1393
625
626
627
628
629
630
631
3138
2765
3141
2771
2776
2782
2787
639
640
641
642
493
2796
70
2801
649
648
2814
2812
651
652
653
489
2834
2890
657
658
2376
660
2863
662
2879
3153
665
2900
667
668
669
670
671
672
3360
674
675
676
677
678
679
2955
3171
682
683
684
685
686
687
688
689
690
691
3086
693
694
695
696
3190
3755
699
700
701
3044
703
704
3072
3074
707
708
709
2332
3142
712
713
2440
3169
716
3175
3200
3198
3238
3234
3226
3208
3203
3236
726
3282
728
3280
3284
731
3289
3260
3387
735
736
737
738
3314
3316
3320
3319
743
536
745
3357
747
748
749
3379
751
752
753
754
755
756
757
758
759
760
761
762
763
764
765
766
767
768
769
770
771
772
773
774
775
776
777
778
779
780
781
782
783
784
785
786
787
788
789
790
791
792
793
794
795
796
797
798
799
800
801
802
803
804
805
806
807
808
809
810
811
812
813
814
815
816
817
818
819
820
821
822
823
824
825
826
827
828
829
830
831
832
833
834
835
3585
3621
838
114
840
841
2667
843
3611
2681
846
847
848
849
850
851
852
853
854
855
856
857
858
859
860
861
862
863
864
865
866
867
868
869
870
871
872
873
874
875
876
877
878
879
3818
5036
5037
3819
884
3822
886
887
888
889
890
891
892
893
894
895
896
3856
3854
3867
3866
901
902
3864
904
905
906
907
908
909
3878
4709
4712
3877
3883
4764
916
917
4710
3894
920
921
4538
4551
4030
3899
5045
4719
928
929
930
3918
932
4614
934
935
936
937
938
4701
940
941
3944
943
944
4829
946
3952
3973
949
953
3960
4870
4486
954
955
956
957
958
959
3974
961
962
965
3992
3991
966
4707
968
3999
970
4840
4006
4803
4811
4009
1716
977
978
4019
980
981
982
4035
984
4032
986
987
4553
989
990
991
4109
4108
994
995
996
997
998
999
4694
1001
1002
1003
1004
4070
4038
1007
4080
4561
1834
4113
1012
1013
1014
1015
4814
1017
1018
1019
1852
181
4179
969
4191
4181
4183
5419
4194
1718
4199
4508
5025
1032
4214
4263
5422
4225
4223
4221
4236
4269
1038
4238
4238
4639
1038
1039
4276
4261
1030
1039
4282
4285
1054
1055
1031
4289
1058
1059
1060
1061
1062
1063
1064
4023
475
1067
1068
1069
1070
1071
1072
1073
1074
1075
1076
1077
1078
1079
1080
1081
1082
1083
1759
1085
1086
1087
1088
1089
1090
1091
1092
1907
1094
1095
4378
5295
1098
1099
4394
1101
1102
1103
1104
4429
5253
1107
1108
1109
1110
4513
4515
4606
4472
3953
1116
4605
1118
1119
4540
4543
4545
4547
4531
4535
1126
4562
4567
1129
1130
4574
1132
1133
1134
1135
1136
1137
1138
1139
1140
1141
1142
1143
1144
1145
1146
1147
1148
4638
1150
1151
1152
1153
1154
1155
1156
1157
1158
1159
1160
1161
1162
1163
1164
4874
1166
5430
1168
1169
1170
4734
1172
1173
4760
1175
1176
1177
1178
1179
1180
4795
4799
1183
1184
1185
1186
1187
1188
1189
1190
1191
1192
1193
1194
1195
1196
1197
1198
1199
1200
1201
1202
1203
1204
1205
1206
1207
1208
1209
5003
5004
1212
1032
1214
1215
1216
1217
1218
1219
5067
1221
1222
1223
1224
1225
1226
1227
1228
1229
1230
1231
1232
1233
1234
1235
1236
1237
1238
1239
1240
1241
1242
1243
1244
1245
1246
1247
1248
1249
1250
1251
1252
1253
1254
1255
1256
1257
1258
1259
1260
1261
1262
1263
1264
1265
1266
1267
1268
1269
1270
1271
1272
1273
1274
1275
1276
1277
1278
1279
1280
1281
1282
1283
1284
1285
1286
1287
1288
1289
1290
1291
1292
1293
1294
1295
1296
5302
5262
1956
4380
1301
1302
1303
1304
1305
1306
1307
1311
1309
1308
1311
4
4
2148
1312
1318
1318
2149
1323
2888
641
1322
3148
2595
2595
2594
1325
1332
2436
1332
2594
2436
2400
2399
1334
1338
1338
2433
17
19
2449
1352
2449
1347
3159
21
3162
1348
2551
1350
1352
1352
1353
1352
1355
1355
82
1509
2539
531
1362
3179
531
1363
2450
2450
2450
521
1370
3569
1370
3569
136
1374
1434
129
1376
2630
1420
2630
2630
2652
130
2654
1536
2652
2683
43
2683
2683
1597
1597
614
1392
5470
56
42
1398
1396
1402
1402
1387
64
1405
1601
601
1407
1408
1409
1410
1411
1412
1413
1414
1415
621
1417
1415
1422
50
1422
1425
1425
1424
2648
1427
1430
1426
1429
1431
1431
1432
131
2653
1439
133
1435
1612
1614
2689
2689
2689
2745
1444
3632
1446
1447
1448
614
1451
614
125
125
1452
624
5515
5511
5517
1459
1459
1514
5565
5576
5745
1462
1468
1463
5480
2380
1472
68
1472
1470
2397
2396
2397
3133
1479
2437
1325
1324
1326
1485
1483
2472
72
1490
1490
75
2895
1491
1492
1493
1494
1495
1498
3302
79
1496
1502
81
3769
734
1500
2449
1367
2554
3775
1509
1510
2538
1514
88
3046
1515
1516
1517
1518
1519
1520
1521
1522
1523
1524
1525
1526
1527
1532
39
1528
38
3591
1534
2731
1539
1533
54
1421
51
1421
1541
1542
1543
1544
1545
1546
1547
1548
1549
1550
1551
1552
1553
1554
1555
1556
1557
1558
1559
1560
1561
1562
1563
1564
1565
1566
3607
109
3608
3607
1574
1574
32
1574
1578
1575
600
1369
33
115
1581
1531
115
3583
114
3583
1587
1588
1589
1590
1591
1592
1441
1580
1580
1580
1584
1580
1582
1584
1417
123
1603
2684
120
1599
1617
1596
1605
1399
1611
2644
2645
2644
132
1390
2682
1618
1619
1620
3773
138
1624
1628
2265
2267
2253
460
2347
2881
2348
1630
2343
1636
1634
1636
1637
1638
1639
1640
1641
1333
5543
153
153
153
3014
1648
1649
1650
1651
1652
1652
1654
1655
1656
1657
1658
1659
1660
1661
1662
1663
1664
1665
1666
1667
1671
1668
165
165
1673
4742
1674
1676
1676
1677
1678
1679
1683
1680
173
1683
1686
175
1686
1687
1684
1689
5782
2005
1692
1693
1694
1692
5847
179
179
1696
1700
182
183
4847
1704
1706
1706
1707
1696
251
1709
4257
1879
188
1715
1718
5420
1714
4193
1875
191
1875
1875
1723
1724
1725
1726
1727
1728
1729
1730
1731
1734
1733
4349
200
1736
1737
1736
1739
1740
1742
4401
1743
1744
1746
5309
1747
1748
1749
1750
1751
1752
1753
1754
1755
1756
1757
1758
4433
1105
4433
211
1766
1764
1765
1968
1767
1768
1769
1770
1771
1772
1771
1774
1777
1776
1777
1778
1779
1780
1781
1783
1787
1783
193
1787
1787
1788
1789
1790
1789
1792
1795
1794
4413
1796
1797
1798
1801
1800
1975
301
1803
1804
1805
1806
1807
1808
1809
1810
1811
1812
1813
1748
1815
1816
1817
1818
1819
1820
1821
1822
1823
1011
4558
4112
1828
1882
1829
4627
5835
1832
1835
1131
1835
1836
1837
1838
1839
1840
1841
1842
4147
1844
1845
1846
4137
1681
172
1681
1853
237
4196
1851
1855
1856
1857
1858
1859
1860
1861
1862
1859
1864
1865
1866
1867
1868
1869
1870
1871
1872
1876
247
1873
5844
1877
1878
1880
4259
1879
1882
1883
253
1885
1886
1887
1888
1889
1890
1889
1892
1893
1894
1895
1896
1897
1900
1106
5272
201
1898
1903
5459
1905
1906
267
1784
216
1908
1911
1912
1913
1914
1915
1916
1095
1918
1921
1920
1921
1922
1923
1924
1925
1926
1927
1928
1929
1930
1931
1932
1933
1934
5259
1936
1937
1938
1939
1940
1941
1942
1943
1944
1945
1946
1947
1948
1949
1950
1950
1952
1953
1954
1954
1956
1957
1958
1959
1960
1964
1962
1965
1964
1950
283
1952
1968
1969
1970
1971
1972
1974
5310
1978
300
1977
1978
1979
1980
1981
1982
1982
1984
1986
5449
1986
304
3994
3994
3980
1990
1996
1994
1995
5439
1997
316
316
3987
3984
2001
1999
3989
1831
1830
2007
2008
2007
2010
2011
2012
2013
2014
2015
2016
2017
2018
2019
2020
2019
2022
1999
2003
315
2028
326
1635
1635
149
2033
2033
5441
2034
2034
2036
2037
328
2039
2040
2041
2042
2043
2048
333
2044
337
3285
2051
336
3291
2049
2057
339
2053
334
3262
2060
342
3298
343
2058
2063
2064
2065
2066
2067
2068
2069
2070
2071
2072
2073
2074
2075
2076
2077
2081
2078
359
3318
2081
2083
2084
2085
2086
2087
2088
2089
2090
2091
2092
2093
2094
2095
2096
2097
2098
2099
2100
2103
2102
2103
2101
2105
373
3842
2108
2109
2110
2111
2112
2113
2114
2115
2118
378
2130
379
2116
2121
2122
2123
2124
2129
2126
2125
385
3062
2130
2131
2132
2133
2134
2135
2136
2137
2138
2138
2140
2141
395
2146
2145
3022
395
393
2151
2150
2144
2143
1315
2153
2154
3
2159
400
2156
3019
2247
2249
2164
2202
2247
2165
2166
408
2168
2169
2170
2171
2172
2173
2174
2175
2176
2177
2178
2179
2179
2181
2182
2183
2184
2189
417
2185
2188
2189
2190
2191
2192
2193
2194
2942
2079
4632
2079
2201
426
3184
427
2199
140
1623
3011
2254
2551
1349
2210
2211
2212
2210
2217
2215
2214
3767
2218
2777
2222
2778
2245
2259
435
2226
3145
434
2230
2230
3185
443
2231
2233
2234
2235
2236
2237
2238
2239
2240
2241
2243
2243
3024
2242
451
2248
3090
455
154
1646
1645
3016
2264
2256
459
459
2257
2256
2255
2258
1644
1647
1645
697
3015
431
2271
2268
463
2779
464
2274
3154
465
2273
440
2281
2278
469
3116
470
2283
2283
23
2286
155
2289
1647
2290
2291
2290
2282
2296
476
3124
2296
505
2350
2971
2298
2302
2303
2304
2305
2306
2307
3764
2309
2310
2314
2311
502
2345
2315
2315
1631
478
487
2841
2839
487
2885
2325
3097
10
2324
491
494
3002
2330
2333
3003
2338
6
2334
500
3054
2340
3103
2339
2867
2869
2382
2868
2387
2385
663
2993
2969
2996
2994
2992
5577
5494
5536
5537
5539
5490
5520
5489
5524
5474
5521
5688
5503
5475
5691
3131
2373
3132
2370
2411
3150
2374
5715
2367
3061
3061
2400
2840
507
2384
2840
1457
2356
2878
1456
3089
3088
3123
710
2395
2443
3123
15
5826
1339
5805
5818
5808
15
2441
15
5826
5826
1328
1330
1329
1330
5826
2375
3133
2437
2414
2401
5808
2398
2398
2441
2396
5564
2423
514
3129
3128
2423
2428
2428
2430
2431
2432
2433
391
1336
16
1337
11
1331
1331
2442
2443
2429
517
3172
3172
521
1486
2450
3159
2815
2521
2269
2816
2453
2457
2465
522
2456
526
2462
3743
2461
529
2519
530
2520
2470
2468
3178
553
2473
529
2474
527
2474
2477
2478
2479
1347
2484
2484
3340
3339
2485
2486
86
2563
2491
2564
2540
2493
3747
538
2492
2499
2513
2513
2514
2498
549
19
2450
2504
546
2524
2524
548
2509
554
2546
2547
2517
2545
2294
468
2515
475
2520
2948
2270
2497
2501
2500
2522
2496
2524
2523
2495
541
2495
2524
542
554
2537
2535
3774
2562
2562
2540
558
2543
2561
2543
551
2517
552
2479
533
2548
534
5840
2450
1368
2556
2529
2557
2558
2495
2530
2279
467
2540
2541
467
2565
2550
560
2569
1486
3776
567
2573
2476
2575
2576
2577
2578
2579
2580
2581
2582
2583
2297
2585
2586
2587
2588
2589
2590
2591
2592
2592
16
2595
2596
2597
2598
2599
2600
2601
2602
2603
2604
2605
2657
2607
2608
2609
2610
2611
2612
2613
2614
2615
2616
2617
2618
2619
2620
2621
2622
2623
2624
2633
2626
3604
113
2038
50
50
1372
2633
2634
2635
2636
3629
58
62
121
3628
121
2680
2646
101
2728
55
2648
2649
2650
2651
1533
1535
1537
2657
608
2657
838
2658
2658
839
2661
611
3592
611
612
612
2668
2669
2670
2671
1528
1530
117
2675
2676
2674
2679
3616
41
40
2672
2673
615
2685
2686
1609
126
2687
134
134
1613
2752
2694
5472
2752
2697
2698
2699
2700
2701
2702
2703
2704
2737
2737
2707
2708
2709
2710
2711
2712
2713
2714
2715
2716
2717
2718
2719
2035
2035
2722
33
1371
1371
2726
2727
2729
2729
52
2730
1538
1540
102
1428
2735
2739
622
3600
623
623
3761
3638
2736
63
3634
2690
1438
2747
5472
127
5472
2753
2754
2755
2756
2757
2758
2759
2760
2758
2762
480
2762
436
2768
2220
436
441
2232
634
2773
2229
442
2782
2783
2245
454
2779
2780
2781
632
3139
2766
2786
3146
425
2785
2789
2790
2791
2792
2793
2324
2328
492
2794
2799
3147
2799
2796
2805
2807
2804
2809
2813
2814
532
2813
2451
2810
2454
2811
650
2268
2272
2817
2818
2819
2820
2821
2822
2823
2792
641
2826
642
2828
2322
2830
2323
490
489
2836
2836
3758
2412
5791
656
2835
2889
2842
2843
2844
2845
2846
2847
2848
2849
486
486
2383
2383
2852
655
2837
3640
2858
2859
2860
2312
485
5483
2360
2364
5514
2868
659
2388
1458
2871
2872
2873
2874
2875
5512
5576
5510
5553
5512
2386
1467
510
2408
2408
2884
664
3152
2410
512
2891
2892
2893
2894
2895
2896
2897
2898
2899
3760
2901
2902
2903
2904
2905
2906
2907
2908
2909
2910
2911
2912
2913
2914
2914
630
2917
2918
2919
2920
2921
418
2923
2924
2925
2926
2927
2928
2929
2930
2931
2932
2933
2934
2935
2936
5575
2350
2349
1466
1465
2942
883
2944
2945
2946
2947
2950
680
3038
2951
2952
3752
2954
2955
2954
2957
2958
2959
2960
2961
2962
498
2336
3102
2965
2967
2968
5802
3056
499
2741
2973
2974
2742
2976
2977
2978
2979
2980
2981
2982
2983
2984
2985
2986
2987
2988
2989
2990
2991
3060
3086
3060
3057
3057
2997
2998
2999
3000
429
2206
3004
3010
428
3007
2205
695
3009
695
456
2288
696
3014
696
3013
3015
3190
3020
3754
698
139
139
3024
3025
3026
3027
3028
3029
3030
3032
3032
3033
3037
3035
3034
3037
3038
3039
3040
3041
3042
2143
392
3043
3047
3047
3048
3049
3050
3051
3052
397
3055
3073
9
3087
705
3074
3059
5807
2180
415
3064
3065
3066
3067
3068
3069
3070
3071
495
3006
2331
3075
394
3077
3078
3079
3080
3081
3082
496
496
2329
706
3083
3085
3121
3090
3091
3092
3096
3094
711
3193
3097
3098
389
2339
2341
1317
3103
3104
3105
3106
396
3108
3109
702
3757
3112
3045
3114
3115
3078
383
3118
3119
5819
3121
3122
3123
2127
384
1482
2440
3127
3130
1480
5826
5827
2435
2438
2438
3129
3136
326
2027
444
3142
444
432
431
2217
711
1327
714
3135
2411
518
2439
511
3155
3167
715
3158
3170
3160
3160
3161
2284
471
3164
3165
3166
3167
3168
684
2957
683
3172
2570
3174
3175
3176
3177
2956
3179
3181
473
2203
2203
3184
3186
3186
3187
3188
3189
3189
2211
2211
3193
3195
3195
3199
3196
720
3237
721
3202
3233
725
3201
3206
3224
3208
722
3211
3209
3240
3212
3213
3214
3215
3216
3217
3218
3219
3220
3221
3222
3223
3227
727
340
3742
3228
3229
3230
3231
3232
3235
729
3279
341
3239
730
3283
2055
3241
3242
3243
3244
3245
3246
3247
3248
3249
3250
3251
3252
3253
3254
3255
3256
3259
344
3287
732
3257
2062
3265
3263
3290
74
3267
3268
3269
3270
3271
3272
3273
3274
3275
3276
3277
3278
2046
338
3264
733
2052
335
1504
80
3288
3301
78
1499
2104
371
3293
3294
3295
3296
3297
3299
3299
736
3302
3302
3303
3304
111
3306
3307
3308
3309
3310
3311
2721
3197
718
3313
719
3210
3317
724
723
3321
3322
3330
723
741
3204
3326
3328
3329
2187
3331
3332
3334
5845
3335
3336
3337
3338
3339
537
2481
521
3341
536
3345
3346
536
3348
3349
3350
3318
3318
742
3315
739
3354
740
3327
2078
2081
673
3362
3363
3364
2536
3365
3367
3368
3369
3370
3371
3372
3373
3374
3375
3376
3377
3378
3379
3378
3381
3382
3383
3384
3385
3388
750
3566
3389
3390
3391
3392
3393
3394
3395
3396
3397
3398
3399
3400
3401
3402
3403
3404
3405
3406
3407
3408
3409
3410
3411
3412
3413
3414
3415
3416
3417
3418
3419
3420
3421
3422
3423
3424
3425
3426
3427
3428
3429
3430
3431
3432
3433
3434
3435
3436
3437
3438
3439
3440
3441
3442
3443
3444
3445
3446
3447
3448
3449
3450
3451
3452
3453
3454
3455
3456
3457
3458
3459
3460
3461
3462
3463
3464
3465
3466
3467
3468
3469
3470
3471
3472
3473
3474
3475
3476
3477
3478
3479
3480
3481
3482
3483
3484
3485
3486
3487
3488
3489
3490
3491
3492
3493
3494
3495
3496
3497
3498
3499
3500
3501
3502
3503
3504
3505
3506
3507
3508
3509
3510
3511
3512
3513
3514
3515
3516
3517
3518
3519
3520
3521
3522
3523
3524
3525
3526
3527
3528
3529
3530
3531
3532
3533
3534
3535
3536
3537
3538
3539
3540
3541
3542
3543
3544
3545
3546
3547
3548
3549
3550
3551
3552
3553
3554
3555
3556
3557
3558
3559
3560
3561
3562
3563
3564
3565
3566
3567
735
3571
3570
3571
3572
3573
3574
3575
3576
3577
3578
2643
3582
3586
2643
3584
3584
2659
610
3587
3588
3605
3590
3591
3593
3593
840
585
3596
842
2657
3598
3599
589
3602
1376
3590
1381
36
36
2733
2677
613
839
839
2662
839
3612
1585
2643
2681
121
844
3615
3615
2681
121
3625
119
1599
1394
2727
2694
617
127
3634
5462
1535
2732
2673
2736
129
2377
3641
3642
3643
3644
3645
3646
3647
3648
3649
3650
3651
3652
3653
3654
3655
3656
3657
3658
3659
3660
3661
3662
3663
3664
3665
3666
3667
3668
3669
3670
3671
3672
3673
3674
3675
3676
3677
3678
3679
3680
3681
3682
3683
3684
3685
3686
3687
3688
3689
3690
3691
3692
3693
3694
3695
3696
3697
3698
3699
3700
3701
3702
3703
3704
3705
3706
3707
3708
3709
3710
3711
3712
3713
3714
3715
3716
3717
3718
3719
3720
3721
3722
3723
3724
3725
3726
3727
3728
3729
3730
3731
3732
3733
3734
3735
3736
3737
3738
3739
3352
3741
3261
2469
1362
3744
3748
2544
2542
3749
3750
3751
29
3753
2276
466
3756
2158
2413
3759
3768
3601
3762
2394
1629
3765
5564
150
589
3380
3770
3771
3772
141
2489
2450
2476
3777
3778
3779
3780
3781
3782
3783
3784
3785
3786
3787
3788
3789
3790
3791
3792
3793
3794
3795
3796
3797
3798
3799
3800
3801
3802
3803
3804
3805
3806
3807
3808
3809
3810
3811
3812
3813
3814
3815
5036
3818
5036
882
882
3824
3822
3821
5043
3825
3826
885
3828
3829
3830
3831
3832
3833
3834
3835
3836
3837
3838
3839
3840
3841
3823
3819
3844
3845
3846
3847
3848
3849
3850
3851
3855
3852
899
3865
900
3860
3857
3859
4802
3862
4751
3861
897
3868
3866
3867
3868
3869
3870
3871
3872
3873
3874
3875
3876
911
911
4709
3879
3877
3884
913
3880
3884
3882
3887
3888
3889
3890
3892
4708
3891
918
2160
3896
404
2161
923
923
4563
924
3900
3904
3905
3906
3907
3908
3909
3910
3911
3912
3913
3912
3915
3916
3917
3918
3916
3920
3921
3922
3923
3924
3925
3820
3820
3817
3929
3930
3931
3932
3933
305
4700
939
3937
3938
3939
3940
3943
3941
2032
3941
3945
3946
3947
945
3949
2778
4482
3973
438
3956
3955
3956
3957
3961
3958
952
4869
953
3963
3964
3965
3966
3967
3968
3969
3970
3971
3975
3972
3974
3975
3976
962
3978
3982
3982
964
3991
3991
3988
960
960
966
3974
3985
948
2009
320
2009
3996
967
4706
3998
3998
968
3997
4005
949
4001
4004
4839
974
4008
4805
974
4009
4011
4012
4013
4014
2009
4016
4015
973
4007
4018
4804
4024
4024
4811
4025
4026
4027
4028
4031
983
4034
984
4029
4034
4035
4036
4037
989
4554
1995
4039
4042
4043
4044
4045
4049
4047
4049
4107
993
4051
4052
4494
4054
4055
4056
4057
4058
4059
4060
4061
4062
4063
4064
4065
4066
4067
4790
313
1004
4040
4072
4073
4074
4075
4076
4077
4078
4079
4080
4081
5764
1832
1826
1824
4556
4556
4555
1825
4103
4557
4103
4092
4530
4094
4095
4098
4138
4099
5798
4102
4138
4557
4103
4105
4106
4110
1009
1005
4559
4114
4111
4113
4114
4118
4116
4117
4776
4119
4120
4121
4123
4166
4122
4125
4126
4127
4130
4128
4130
4129
4131
1688
4134
4135
174
5825
4104
4141
4140
4819
4142
4143
4145
5669
4144
4129
1830
4149
4150
4151
4152
4153
4154
4155
4156
4157
4158
4159
1695
4160
4162
4163
4163
4165
4166
4167
4168
4169
1851
1852
181
1854
5843
5838
4509
4178
4000
4241
4184
1024
4180
1022
4189
4188
1027
4185
5418
4190
4242
1028
4195
4192
1045
4195
4197
5420
4182
1025
4201
1026
4187
4202
4204
5849
5024
5024
5025
5024
1881
4214
4210
4279
1049
4263
1035
4224
4222
1037
5421
1040
549
4225
4234
549
4226
1876
248
4229
4244
4244
4232
1038
2547
4264
4238
4022
4237
4023
4242
969
4637
2501
4243
4243
4244
4243
4218
4219
4217
4244
1038
4220
1036
4254
1048
4277
4261
1048
1044
4239
4238
1044
4238
4202
4202
4199
1873
4269
4219
4219
4272
1039
4219
1039
975
4010
4258
4260
972
4280
4203
1852
4285
1030
4200
4200
4286
4505
4290
4291
4292
4293
4294
4295
4296
4297
4023
4299
4300
4301
4302
4303
4304
4305
4306
4307
4308
4309
4310
4311
4312
4313
4314
4315
4316
4317
4318
4319
4320
4321
4322
4323
4324
4325
4326
4327
4328
4329
4330
4331
4332
4333
4334
4334
4427
4335
4338
1762
4337
4341
4342
4352
4344
1086
4346
4347
4348
4350
4350
1724
4352
4353
4354
4355
4356
4357
4358
4359
4360
4361
4362
4366
1899
4365
4441
4367
4368
4369
4370
4371
296
4373
4375
4375
1094
4379
1097
5294
1299
4377
4386
1096
4384
1298
5266
4387
4388
4389
4390
1902
1902
4393
285
4393
4396
4397
4398
4399
4400
1099
1967
4392
4404
4405
4406
4407
4408
4412
4410
4409
4460
4413
4414
242
4416
4417
4418
4419
4420
4421
4422
4423
4424
4425
4426
4327
4428
1078
4430
4431
4432
4325
1079
4435
4436
4437
4438
4411
4440
4442
5252
217
4443
1910
4446
4447
4448
4449
4450
4451
4452
4453
4454
4455
4456
4457
4458
4459
4460
4461
4462
4465
4464
4512
1112
4468
4617
1113
4033
3902
4033
437
3950
2767
4477
637
4478
950
2784
633
3973
4483
4484
633
1115
4487
4488
4489
4490
1117
1117
4493
4494
644
643
644
2801
4499
4503
4504
4500
4508
4508
4508
4176
4506
4507
3997
4510
4511
4514
1120
4538
4514
1114
1114
4472
1121
4522
4521
4546
4523
4544
4525
1123
4549
1124
4533
4104
4533
4532
4108
4534
4535
4536
4537
4539
4550
1125
985
4032
988
4071
1006
4041
1009
4561
4548
4552
1128
4552
4554
4554
1011
4112
4558
4113
4560
4560
1129
4113
4564
4615
4565
4566
4567
4570
1832
4112
1832
4112
4573
4574
4575
4576
4577
4578
4579
4580
4581
4582
4583
4584
4585
4586
4587
4588
4589
4590
4591
4592
4593
4594
4595
4596
4597
4598
4599
4600
4601
4602
4604
4605
4471
3903
4607
4608
4609
4610
4612
4901
4613
931
4615
4616
922
4618
4619
4620
4621
4622
4623
5323
4625
4626
1837
4628
4629
4630
4631
3819
4633
4634
4635
4636
4638
968
4637
4640
1715
4642
4647
4644
4645
1149
4727
4648
4649
4650
4651
4652
4652
4654
4655
4656
4657
4658
4659
4660
4661
4662
4663
4664
4665
4666
4667
4668
4669
4670
4671
4672
4673
4674
4675
4676
4677
4678
4679
4680
4681
4682
4683
4684
4685
4686
4687
4688
4689
4690
4691
4691
4693
4694
4695
4695
4697
4698
4699
963
963
4702
4704
4872
4705
4703
1165
4711
4709
1167
5429
3937
4713
4714
4715
4718
4717
4763
919
4720
4721
4722
4724
4724
4723
4726
4484
4728
4729
4730
4731
3881
4732
910
4735
4736
4737
4738
4739
4740
4741
915
4762
4743
4745
4746
1174
4748
4749
4750
3914
4752
4753
4754
4755
4756
4757
4758
4759
1000
4761
4696
4725
912
3853
898
4765
4768
4769
4770
4771
4772
4773
4774
4775
4773
4777
4778
4779
4780
4781
4782
4783
4784
4785
4786
4787
3100
4789
4790
4791
4792
3886
4793
914
4798
4797
5432
1171
4733
4800
4802
4767
1178
903
4806
5438
4808
4809
4810
3863
4813
4813
4814
4815
4816
4817
4818
4161
4820
4821
4822
3951
947
3959
951
4827
4830
943
3942
4831
1850
4833
4834
4835
4836
4837
4838
4839
4840
4841
4842
4843
5838
181
4844
4014
976
4849
4850
4851
4852
4853
4854
4855
4864
1851
1020
4859
4860
4861
4862
4863
4195
4017
4866
3183
4868
4824
317
2024
4872
4871
4874
3944
942
4877
4879
4873
4880
4881
4882
4883
4884
4885
4886
4887
4888
4889
4890
4891
4892
4893
4894
4895
4896
4897
4898
4899
4900
4901
4902
4903
4904
4905
4906
4907
4908
4909
4910
4911
4912
4913
4914
4915
4916
4917
4918
4919
4920
4921
4922
4923
4924
4925
4926
4927
4928
4929
4930
4931
4932
4933
4934
4935
4936
4937
4938
4939
4940
4941
4942
4943
4944
4945
4946
4947
4948
4949
4950
4951
4952
4953
4954
4955
4956
4957
4958
4959
4960
4961
4962
4963
4964
4965
4966
4967
4968
4969
4970
4971
4972
4973
4974
4975
4976
4977
4978
4979
4980
4981
4982
4983
4984
4985
4986
4987
4988
4989
4990
4991
4992
4993
4994
4995
4995
4996
4998
4999
5000
5001
4895
1192
5004
5002
5006
5015
5008
4891
5009
5011
5012
5013
5014
3919
5016
5017
5018
5019
5020
5021
5022
5023
4212
4216
5024
1032
4207
4269
5024
5031
1032
5033
5034
5035
5005
1211
5005
5039
5040
5041
5042
5012
881
1141
5038
5047
5048
5049
4254
4253
4253
5053
5054
5055
5056
5057
5058
5059
5060
5061
5062
5064
5351
5065
5063
1218
5068
5069
5070
5071
5072
5246
5074
5075
5076
5077
5078
5079
5080
5081
5082
5083
5084
5085
5086
5087
5088
5089
5090
5091
5092
5093
5094
5095
5096
5097
5098
5099
5100
5101
5102
5103
5104
5105
5106
5107
5108
5109
5110
5111
5112
5113
5114
5115
5116
5117
5118
5119
5120
5121
5122
5123
5124
5125
5126
5127
5128
5129
5130
5131
5132
5133
5134
5135
5136
5137
5138
5139
5140
5141
5142
5143
5144
5145
5146
5147
5148
5149
5150
5151
5152
5153
5154
5155
5156
5157
5158
5159
5160
5161
5162
5163
5164
5165
5166
5167
5168
5169
5170
5171
5172
5173
5174
5175
5176
5177
5178
5179
5180
5181
5182
5183
5184
5185
5186
5187
5188
5189
5190
5191
5192
5193
5194
5195
5196
5197
5198
5199
5200
5201
5202
5203
5204
5205
5206
5207
5208
5209
5210
5211
5212
5213
5214
5215
5216
5217
5218
5219
5220
5221
5222
5223
5224
5225
5226
5227
5228
5229
5230
5231
5232
5233
5234
5235
5236
5237
5238
5239
5240
5241
5242
5243
5244
5245
5246
5247
5248
5249
5250
5251
1863
5253
5254
5255
5256
5461
5258
5457
5260
5261
1297
5263
5264
5265
5267
5303
5268
5269
5270
5271
270
4381
1300
5275
5276
5277
5278
4320
5280
5281
5282
5283
5284
5285
5286
5287
5288
5289
5290
1304
4395
5293
5296
1305
5296
5297
5298
5299
5300
5301
5302
5303
5304
5305
5306
4361
5308
5309
289
5311
5312
5313
5314
5315
5316
5317
5318
4392
5320
5318
4548
5323
5324
5325
5326
5327
5328
5329
5330
5331
5332
5333
5334
5335
5336
5337
5338
5339
5340
5341
5342
5343
5344
5345
5346
5347
5348
5349
5350
5351
5352
5353
5354
5355
5356
5357
5358
5359
5360
5361
5362
5363
5364
5365
5366
5367
5368
5369
5370
5371
5372
5373
5374
5375
5376
5377
5378
5379
5380
5381
5382
5383
5384
5385
5386
5387
5388
5389
5390
5391
5392
5393
5394
5395
5396
5397
5398
5399
5400
5401
5402
5403
1983
5405
5406
5407
5408
5409
5410
5411
5412
5413
5414
1210
5416
5417
4193
1029
1717
1043
1043
4262
5424
5425
4281
189
5428
4003
5430
5431
3893
5433
5434
5435
5436
5437
5438
5439
5834
5441
4627
327
5282
5445
5446
5447
5448
1990
5450
4215
1873
4198
5454
5455
4996
5457
2730
4443
5460
5457
1607
5463
5464
1437
1437
2748
5468
5468
56
5471
2749
5473
5501
5541
2405
5830
5804
5702
5579
5571
5526
5530
5573
5495
5497
5700
5486
5533
5548
5554
5558
5699
5499
2420
5562
3763
5528
2417
5561
5477
5561
5563
2417
5757
5497
3120
2417
5527
5525
5527
5527
5492
5492
5530
5548
5485
5485
5557
5551
5554
5502
5555
5554
5507
5507
5497
5700
5556
5556
5556
5497
5497
5486
5549
5486
5547
5493
5493
2406
2405
5804
5578
5567
5566
5488
5559
5559
5763
5559
5495
5488
5528
5572
5698
5560
5572
3120
3120
2403
2418
2402
2419
5701
5578
5701
2416
5570
5570
5508
5504
2403
5555
2419
5578
5505
5506
5508
5756
5756
5633
5609
5671
5670
5672
5687
5588
5776
5765
5590
5624
5628
5631
5642
5634
5596
5597
5598
5599
5600
5658
5602
5663
5664
5605
5615
5607
5617
5581
5581
5632
5611
5595
5595
5594
5636
5617
5618
5619
5620
5621
5622
5623
5624
5625
5626
5627
5628
5626
5628
5638
5630
5592
5634
5635
5634
5637
5639
5648
5640
5636
5642
5643
5644
5645
5646
5647
5648
5612
5670
5672
5675
5588
5776
5723
5642
5656
5658
5640
5659
5655
5662
5660
5593
5601
5663
5657
5667
5668
5666
5604
5666
5673
5674
5675
5589
5676
5678
5679
5603
5632
5604
5677
5684
5685
5674
5687
5501
5540
5780
5831
5831
2396
2396
5830
5830
5804
5806
2403
3763
2401
2416
1334
5779
5567
5567
5580
5566
5571
5536
5535
5531
5524
5523
5502
5717
5718
4090
4089
4088
4086
5625
5764
4081
4569
5442
5442
2006
5786
5730
5731
5732
5615
5668
5680
5735
5651
5799
5584
5584
5583
5649
5582
5779
1334
5543
5543
5748
5749
5494
5577
5536
5535
5531
5524
2401
3763
5806
2398
2396
2396
5564
5819
5764
4081
4086
1826
4095
5797
5732
5614
5669
5735
5799
4146
4569
1830
5668
2399
2397
2397
5731
5783
2006
169
1830
5523
5475
5502
1474
5540
5831
2396
4088
4091
4092
4093
5649
4144
1333
5835
3056
3056
15
2395
2442
2389
519
5809
5810
5811
5812
5814
5814
5815
5816
5817
2391
2442
5821
2390
5822
5823
176
5824
1336
1337
5813
4122
15
5826
5832
5821
1147
1147
3061
1333
1701
4205
5840
1345
5840
1701
5844
1508
1345
5839
534
5849
