2134
2920
1308
1313
2149
3106
3053
3152
2883
3083
3097
2436
2594
2405
2398
2429
2430
390
87
1509
536
536
536
536
3163
1355
2282
26
1362
530
1511
1511
1471
1471
1562
1412
1369
3568
39
2729
1393
125
1540
1439
2690
1436
5466
116
1410
1561
735
3571
605
2651
1425
52
1386
1444
3633
1445
3630
47
2745
2751
2748
2919
2996
3293
1473
2115
2326
2490
538
74
732
1499
689
604
3301
3302
80
3306
1359
1355
87
1355
2562
467
1512
3488
1516
91
1654
3540
1522
1542
1547
1527
1556
2620
2622
55
50
1553
2711
3590
2722
2037
1564
1575
3588
2982
1573
3304
120
2673
1525
3625
2685
3627
2683
58
1454
1603
2747
1401
64
2752
2716
600
1538
1379
1533
2652
1615
2644
3606
1619
2227
440
697
432
696
2994
2993
710
661
2941
2026
2261
2029
3139
1641
3195
3195
3194
156
3514
1356
1510
3869
1666
3870
1671
164
3885
166
4836
4576
4106
4775
4055
1683
4308
5825
1692
4157
4153
4158
1881
1881
1034
4848
5420
976
4014
1881
4007
1711
4195
189
252
4211
1204
1942
234
221
1729
1774
195
1726
270
1746
5299
4372
1093
300
4392
4407
222
1765
5457
4989
292
1768
1771
4369
4367
4413
1795
1787
4447
1801
1806
1811
5313
5315
293
1822
1820
1758
4609
4977
4959
1838
4054
5451
4188
1858
1865
4949
4962
4981
4973
244
245
246
251
252
1881
1881
4277
4258
1884
5171
1886
1888
257
258
259
5291
261
262
1926
4337
1930
4442
1783
1927
1922
1862
4427
4348
5269
1933
5257
1949
5287
4671
4437
1944
1735
4351
1955
1900
1958
4405
1953
289
1952
4400
5311
1777
1980
5464
1779
1904
1909
4448
1791
4441
4363
1742
1984
5449
3980
1985
967
3992
4683
4658
1179
1007
1004
4824
2003
314
4824
952
4879
4873
321
322
247
1702
2024
2768
2000
687
3311
2111
3249
2041
342
334
2050
336
3286
2047
2057
2055
341
1503
3298
2061
2063
2944
3231
3245
2072
2068
2968
3248
353
354
355
2077
2078
2080
359
3351
361
362
363
364
365
2096
2094
3771
3739
2099
372
3307
373
2175
3104
73
2180
2182
386
2118
3115
2121
2125
3861
3914
2183
2173
3009
3008
2139
2137
2146
2144
3023
3022
2151
3076
2153
2155
3037
2157
2164
2162
638
2787
2169
2167
2306
2860
2197
2196
412
3027
3039
3913
2184
3046
3330
2189
723
722
2192
2194
2942
2769
3140
2200
2253
2287
3751
152
1640
3024
3168
433
2765
2767
437
2220
435
2776
2776
3185
2228
2237
447
3118
3080
2951
1361
3972
2777
2222
438
2248
3014
3195
3189
439
152
461
2268
2271
4483
3170
3157
3116
3124
2127
3078
2464
536
3193
470
3125
384
2971
2963
2940
2861
2308
2310
2315
2936
2343
2344
2890
2835
2839
2889
2340
493
2341
3010
3005
2329
3099
2335
2338
3058
2386
2382
2857
1466
2352
5802
1458
5800
5751
512
2414
5692
2424
646
645
3148
2432
511
517
3774
536
2453
2269
461
2816
522
2810
2492
2460
2467
2466
2500
3746
1355
2564
559
2541
2542
2561
2546
3747
2511
475
2297
2547
87
2501
2498
2295
2294
2296
3125
462
549
2498
543
3746
2281
2279
2493
3746
2529
541
26
2513
2512
540
2811
3748
1364
2480
2520
2576
2235
2291
2268
2280
2294
3332
2976
2977
2598
2596
3572
1549
2601
1491
2607
608
2608
2610
2911
2612
2616
2715
329
1648
687
687
1574
2624
1411
3603
2985
3296
1421
1420
2655
2710
41
3594
3600
117
1616
135
1417
2696
2983
618
2609
1399
2742
2740
5462
625
626
627
628
629
630
2826
2766
633
2773
636
637
637
2772
639
2892
1319
2792
3101
643
492
644
545
2812
545
2454
2272
2847
2829
2321
5715
2368
2843
2845
5514
2874
2878
2930
66
2410
2895
2974
667
3565
669
670
2908
3563
3360
741
2921
3373
3642
678
3216
463
29
2243
553
2955
24
449
2982
2043
2999
2991
693
3060
3242
2109
3094
3188
3189
3755
3064
3753
3213
3757
3051
3338
3072
3074
3218
445
3077
3085
2232
3113
3109
3134
2957
536
2578
718
719
720
3234
3240
3203
724
725
3749
3227
727
338
3284
733
3259
339
3769
3762
3386
737
3381
3314
746
3319
3319
474
2564
2541
746
470
3543
3536
3378
3673
3675
753
754
755
756
757
758
759
760
761
762
763
764
765
766
767
768
769
770
771
772
773
5110
775
776
777
778
779
780
781
782
783
784
785
786
3541
3453
789
790
791
792
793
794
795
796
797
798
799
800
801
802
803
804
805
3492
3499
3712
3494
3497
5455
812
813
814
815
816
817
818
819
820
821
3531
823
824
825
826
827
828
829
830
3727
3559
3561
1592
2671
2737
2641
3595
1596
2655
2707
2705
1541
1391
2641
846
847
3715
849
850
851
852
3847
3777
4934
3783
3793
858
4964
860
861
862
4919
4924
865
866
867
3801
4928
4915
3804
872
873
874
875
876
877
878
879
3820
3818
882
883
884
885
886
3830
5448
4669
3835
5414
892
893
894
3909
3848
900
899
160
904
902
161
3864
3871
905
4778
3873
3875
4697
3878
4709
4695
3880
3883
4762
4654
3890
4708
3891
3895
4488
922
923
924
925
3928
4719
4717
253
3918
4614
5009
3922
3924
4892
4476
3933
4825
4865
3935
1710
325
3941
5441
3943
4829
4475
3953
4828
4480
3961
4869
4485
3964
4768
4806
5424
959
4842
948
961
3976
2010
4702
4705
3984
4874
4484
968
4001
4839
4803
4767
903
4805
1715
4848
4878
4021
312
4027
4630
983
4554
4542
986
4044
1006
1995
4532
990
993
4533
4068
4067
995
4690
4057
999
4694
4747
4063
4065
1129
1009
1005
1131
4076
5322
4569
4087
1684
4135
4835
4151
4814
998
1012
4154
5451
1034
4178
4000
4240
4184
4176
4192
4242
4192
4221
4223
4279
4213
1049
4261
4260
4238
4225
5422
4237
252
4222
4009
974
4637
4225
5421
4006
4010
4217
5421
4187
4182
251
4234
4223
4507
5422
1186
4846
4864
4639
1064
4020
4009
2295
3999
4006
4294
1070
1071
1072
1073
1861
1075
1076
4374
4325
4324
4327
1081
4331
4332
1762
4334
278
4988
1969
1813
4673
4978
4444
1784
4374
4425
5273
4379
5275
1898
285
4409
4460
1103
1104
4433
1863
5436
4454
1814
1110
1111
1112
1113
4518
4475
4477
4492
1675
996
1120
1122
4049
4530
4097
1125
1126
4088
1128
1011
1130
1010
1013
4584
1134
1135
1136
1137
1138
1139
1140
5046
5010
4613
1144
1145
1146
4105
1148
1151
4855
4715
4644
4646
958
1704
4671
4939
4674
4678
4938
4748
4925
4935
4784
4872
4871
5429
4754
4726
4896
4734
5023
4740
4760
4749
4905
5013
4765
4772
3958
4800
4799
4820
4853
1852
5427
1187
1188
1189
1190
4893
4895
4887
1194
5018
4909
4914
4918
1199
4950
4942
4944
5074
5437
5071
5065
5070
1208
1209
5005
1211
4281
4213
4214
1215
4007
1217
5215
5352
5067
5355
5247
1223
1224
1225
1226
1227
1228
1229
1230
1231
1232
1233
1234
1235
1236
1237
5105
1239
1240
1241
1242
5115
5117
1245
1246
1247
1248
1249
1250
1251
1252
1253
1254
1255
1256
1257
1258
1259
1260
1261
1262
1263
1264
1265
1266
5385
5176
5174
5387
5179
1272
1273
1274
1275
1276
1277
1278
1279
1280
1281
1282
1283
1284
1285
1286
1287
1288
1289
1290
1291
5238
1293
1294
4394
1296
5302
4385
1955
5265
5277
1302
1303
1769
5296
290
1307
2134
2134
1
1309
4
4
2148
1314
2149
1318
3053
2888
664
2887
1323
3149
2595
16
2594
2595
2396
2398
5831
2437
15
3056
2390
3056
2429
2443
390
2429
1509
87
1355
87
536
745
536
536
536
1355
471
1355
1509
1355
1355
2565
2565
1359
2565
467
2462
2469
530
2462
2464
87
87
87
1511
68
68
1471
3570
105
1566
1569
109
1563
3568
3568
3568
32
1540
131
131
1538
1379
1438
45
2690
134
1607
1607
1607
2688
1397
1397
3636
1373
1398
46
2749
2748
5467
1406
601
1525
1588
1588
1407
97
1544
108
1561
1565
1610
1611
1603
1610
3569
3568
3569
3569
3571
3571
3295
1425
2648
1425
52
2648
2648
2650
2733
1378
1384
1385
1383
1436
2744
60
60
3632
1446
2635
3629
1409
2635
61
1607
5462
124
3634
1401
2746
63
5552
5569
5511
1460
2917
1459
2380
1335
5802
5820
2969
5837
2378
2995
3276
3293
3276
376
5806
2441
5806
2404
5541
5804
2325
2325
1324
2488
2491
2488
2490
3290
3265
3289
3290
1492
2986
77
1493
76
1497
3302
79
1497
81
2103
3309
734
1500
87
87
87
1359
2539
2539
2562
1459
65
1459
1518
89
1515
1518
1520
1653
1519
92
2621
3587
99
2622
2621
2728
1429
2646
1529
2728
1419
50
1420
1419
1422
1370
50
1372
1546
103
1545
98
103
1553
1555
1547
3573
3591
3591
39
104
2713
1554
1557
1650
1565
3602
1562
107
3578
2627
2038
3577
106
112
1576
3588
112
2979
2979
2979
67
1572
3304
1571
1574
3304
2672
615
2645
2683
1582
1596
1582
98
1527
1542
602
602
2676
1447
44
2682
1390
1617
2683
3637
3627
601
1406
2634
1388
1389
1388
64
1402
1402
35
1413
2736
132
2736
1536
2691
2691
1517
90
1517
3192
440
460
3191
431
431
3015
2211
2387
2387
2941
2348
661
326
2027
2030
2028
151
3139
1639
151
3056
5821
3195
3195
3195
3195
2719
329
590
5460
1655
1655
157
3514
3749
3750
2235
3749
2283
3163
2283
3162
162
1664
162
3869
165
1668
165
165
1673
4742
1672
167
4580
4834
1677
4579
4309
4055
4308
4785
4160
5824
178
1686
4819
5817
5812
5817
4156
4153
4156
177
1881
1881
1881
1881
4196
4848
4197
4197
4011
1881
1881
4269
4212
4257
4280
972
4256
251
189
4192
1718
189
4195
4210
4211
4210
4210
5249
5249
234
5249
5289
1731
1938
5288
281
1726
194
1726
1724
1907
4371
1907
1909
1906
300
4364
5319
1976
288
288
1748
1972
1800
1749
204
298
1799
1981
1981
207
1754
294
211
1761
4434
5457
1088
1763
1969
1778
1764
213
214
1770
196
1774
197
1797
1776
1779
1776
295
1781
198
5471
5250
5251
193
5250
4369
4369
1787
4368
4413
217
4368
4368
4367
4368
4446
5317
1910
299
1092
4365
4363
1903
1903
4456
224
4456
1807
1810
5314
226
1809
225
1972
1974
1823
1821
1757
1818
228
1754
230
1973
5722
5591
5661
1829
1829
4607
5784
4106
5588
5835
4571
1836
5822
2005
4960
4960
233
1839
5814
5814
4129
4131
5774
5813
171
1681
4051
4216
1036
4186
1034
1857
1855
4974
240
1860
4981
241
1862
1860
1864
243
1864
1864
1868
1869
1870
1203
1872
1879
251
1879
1879
1881
1879
4256
1048
4259
1829
1828
231
1888
1886
1885
254
1889
1890
1891
1892
4338
1894
1085
5283
1897
5253
5252
5253
5272
1106
216
1786
4443
216
1782
193
1783
200
1911
1912
1913
1914
1918
1923
1095
4426
270
270
270
1919
271
4428
4336
1925
1083
1931
1773
274
5284
272
1940
1932
4345
5270
5271
5286
276
279
1841
1841
4988
232
1941
1941
1941
1942
195
1901
1952
1898
284
284
1901
1955
1960
223
1960
4404
284
1950
1952
284
1952
1953
1902
295
1780
292
5310
4402
1099
1099
219
4366
4448
219
5319
4392
206
1887
1887
256
1989
1989
305
1986
3996
3996
3979
3994
4073
4075
4072
1994
4074
2004
2004
2004
4823
4824
4824
4824
5817
4750
4873
952
4879
4873
2011
2012
2013
2014
1064
1064
4296
4295
4849
4846
4849
4012
317
4870
2024
3139
3139
3138
2261
436
1999
2003
1999
3311
3311
2035
3312
687
3250
2111
345
3275
331
3285
333
2048
2051
1504
2051
336
3291
2050
2053
2053
2055
334
3262
2060
342
3298
343
2058
347
2065
2947
3232
3244
2071
349
2068
3247
352
2073
2074
2075
2077
353
2081
2078
359
3353
2081
2083
2084
2085
2086
2087
2088
2089
2090
2091
2095
2092
2094
3770
368
2098
3772
369
2097
372
372
3307
2102
2105
358
2107
375
2110
2177
3105
3246
3266
1488
348
2133
2179
386
2130
378
379
2132
2122
2119
3063
3062
2128
4751
415
386
2135
2131
2182
2135
2183
3364
2137
3009
2138
2137
388
2145
2142
2145
3022
395
2150
2147
2150
3076
393
1315
5
2152
3
2159
400
2156
3019
2163
2160
404
2787
405
2168
2165
408
2871
409
2171
2195
411
2173
410
414
3030
3040
2176
416
416
3913
2184
2184
2184
88
1514
1513
2187
2186
2191
3208
421
2190
3207
357
2082
2198
2079
2786
2770
3141
425
2785
3018
2265
2252
3016
1356
3751
1638
1641
1638
1640
3177
3176
433
1635
2029
2767
2767
2767
437
2220
2215
435
2217
3167
2776
2776
2776
2230
2229
448
2236
3119
3082
3081
1364
2953
72
2286
2778
2246
2777
438
2778
405
427
2247
696
3014
696
696
696
2223
439
2260
436
2219
436
2768
3195
3195
3189
2211
3189
2211
2271
2268
2271
2271
2272
715
3169
3158
3156
435
3117
3117
3124
383
3116
536
536
536
2464
3194
3194
3194
3118
709
3118
470
3125
3125
384
3125
2939
505
2964
477
2305
2302
2862
2307
482
2309
483
2935
484
2868
2342
503
2868
2300
2318
2938
2966
2841
2835
2839
487
2889
2328
491
2328
493
2339
494
2206
2330
2333
3004
2338
6
2334
2338
3054
2249
455
402
2870
661
2857
2870
1467
1467
1466
2992
2352
2992
500
2337
5703
3061
5565
5576
5577
5498
5512
5575
5489
5531
5516
5529
5551
5554
5572
5698
5561
5542
5496
2402
5574
5500
5490
5491
3057
2996
3057
2856
659
2855
3640
1462
5762
508
2876
3088
3087
3089
3084
3123
517
3122
2442
2442
519
2392
2390
145
519
519
2394
2394
2441
2373
2415
2421
1478
2441
5573
2404
5804
5792
2389
2391
2394
2394
2394
2441
5821
3136
514
2800
3128
2426
2431
2431
390
2139
497
390
2140
2443
1339
2442
1329
1330
11
2444
2444
2428
2432
2491
2491
536
2488
1511
745
2815
2815
2269
2816
2816
522
2452
2453
2458
522
2457
2457
3746
2460
2521
2467
462
2467
2467
2467
462
2489
2489
540
540
540
2493
538
538
536
2540
2563
559
2540
2538
2538
558
2543
2542
2543
2279
2545
2545
3748
544
2513
2517
2297
2517
2546
2518
1359
87
26
87
2498
2497
2498
2511
543
476
2295
476
2297
3125
3124
3125
3125
462
2270
2268
2513
2547
2511
2498
2498
2498
2512
544
3747
544
2498
2498
2501
539
539
2544
2278
2278
2279
2278
2280
469
2280
2296
476
476
538
2493
538
1355
1355
87
87
544
544
3747
2514
544
3746
469
2281
2279
2279
2281
2282
538
2492
541
538
2496
2496
2475
540
2459
2459
2471
533
474
447
474
2518
2515
2295
2518
2458
2451
2520
2516
2280
2561
3335
3335
1338
2433
581
2977
2902
2598
2597
584
1550
1494
2657
2604
2655
589
2100
2610
366
2100
370
2909
2613
2611
2597
580
2976
2596
2036
1649
596
2034
1526
100
687
687
2979
687
3570
3570
3570
100
100
1408
1408
1407
1448
1443
1441
1442
2638
1454
2735
2644
1428
2731
3295
3294
3296
605
1421
37
1421
2655
608
2655
3593
3594
840
3595
1392
2739
3600
2739
2737
2739
609
609
2707
1548
101
1614
843
117
1589
843
1452
125
1453
624
134
134
2692
2636
843
1403
1403
2751
1435
1435
1439
1416
123
1416
1416
2649
2651
2984
583
2599
2701
2701
2703
619
2704
2700
2709
2617
595
590
2609
2615
593
2614
1559
591
2610
591
3311
3310
687
3304
2979
2979
1416
1417
1426
1431
2650
2650
2632
600
1380
51
1539
2742
2740
3761
618
618
623
131
1535
617
617
1437
5466
5465
621
2693
621
2753
2754
2755
2756
2757
2758
2759
2760
2761
2303
2849
2764
633
633
633
2766
2775
2774
636
2775
637
637
637
2776
2221
2221
451
2243
4483
2784
2782
2784
636
2773
635
636
2791
640
2891
641
2789
2795
3100
2795
643
2794
2327
2796
2797
2522
554
2813
2500
2500
545
2500
2500
2816
2454
2816
2500
2454
2268
461
2451
2268
524
2822
406
2846
652
2828
8
2830
2824
2832
490
2322
2323
2885
2321
5474
2367
5689
5519
5573
2834
2838
2836
1521
93
2842
94
2848
658
2858
2853
2852
502
2384
2381
2383
2364
5713
2358
2859
2873
660
485
1629
5546
5710
5514
5568
2864
1457
2386
2361
2872
2925
2875
662
2928
5479
1333
5544
1335
5479
508
1469
2890
2410
2890
2889
2884
3153
3758
2374
516
2427
1487
2893
75
2896
3759
2898
2899
2975
2903
668
2903
2901
2905
2906
2905
582
2910
3738
672
2912
2913
2914
2915
2916
2918
3352
674
673
423
3323
2193
2922
2926
3654
2166
2929
3655
676
2932
3641
2933
2934
2070
2070
2380
2350
499
2349
2351
2079
2942
675
2946
2924
2923
463
2950
463
2464
1362
1362
3038
3038
2950
680
3038
2286
2284
2241
2951
2965
498
3102
399
2154
398
692
2994
2334
2973
2983
671
2741
592
3376
2981
2978
665
3303
367
582
3256
332
688
3255
2990
2988
3243
691
500
500
3060
2994
3086
3252
3251
330
694
3180
2254
3010
3181
2204
3007
1623
695
3091
473
3013
153
3188
3188
3188
3189
3189
3189
3755
465
3756
3754
1622
2777
2777
2245
699
3029
3066
3041
681
3171
2952
2962
2959
686
450
2243
3042
679
3065
3215
2143
392
3043
2
3048
1311
3052
3049
704
3047
397
3055
3073
706
706
705
3072
705
9
2181
3912
707
3214
3067
3219
3071
3068
2237
3336
495
3006
2331
700
394
2117
2126
2120
380
2124
3079
2331
3083
2329
3059
3074
3084
710
3091
426
3090
444
3142
2232
444
391
3103
3008
2161
403
1317
3092
679
2945
396
3045
3107
413
3111
3028
2178
702
3110
1309
383
2127
3078
709
2393
2333
3121
3122
384
384
2799
70
3130
2799
2326
5806
5804
5804
12
2440
2798
2801
632
632
2229
2229
2228
2210
152
148
441
2324
714
3135
2404
2439
2407
2407
3169
684
3169
29
683
745
745
536
536
72
2473
529
1360
2958
682
2954
2956
3178
2488
2537
2479
2575
3024
2258
553
553
1647
3093
2788
2788
711
2783
3185
3186
443
3187
3187
152
152
2231
2231
443
720
3198
720
3238
721
3202
3233
725
3201
3211
3240
723
3240
725
724
3240
3069
703
3328
3050
419
418
3329
726
3332
2234
3751
3750
3240
3224
3240
2055
3224
3227
3228
422
3230
3235
729
3235
341
3239
730
3283
3240
3112
3112
713
3229
3282
3281
2989
690
346
2064
374
2108
712
2998
2040
2039
3258
344
344
3257
339
2062
3257
3261
732
3260
3269
3267
3000
3268
3270
3271
586
356
2067
2112
2997
2987
2046
338
3282
2054
2052
335
1504
80
3288
3300
3288
3289
3292
3292
2894
2042
3296
2042
2987
734
3387
3299
736
3389
1498
2978
2982
3308
737
3384
3308
2093
3310
3310
719
718
746
719
724
3319
724
724
3322
3320
3321
3210
3352
3204
3358
2233
2235
3323
3749
2292
3751
26
2566
382
2123
381
2540
559
2563
1511
2540
2564
2540
2539
559
2293
2290
3370
3353
3351
3353
3356
362
3356
746
3358
360
360
3359
3362
3363
3361
2490
539
539
2564
577
2278
349
3274
748
2069
2605
3377
3562
3382
749
3381
751
3672
752
752
3674
750
3380
3379
3388
3391
3646
3392
3393
3394
3395
3396
3397
3398
3399
3400
3401
3402
3403
3404
3405
3406
3407
3408
3409
3410
3411
3412
3413
3414
3415
3416
3417
3418
3419
3420
3421
3422
3423
3424
3426
5109
3427
3425
774
3430
3431
3432
3433
3434
3435
3436
3437
3438
3439
3440
3441
3442
3443
3444
3445
3446
3447
3448
3449
3450
3451
3452
787
3454
3455
3456
3457
3458
3459
3460
3461
3462
3463
3464
3465
3466
3467
3468
3469
3470
3471
3472
3473
3474
3475
3476
3477
3478
3479
3480
3481
3482
3483
3484
3485
3486
3487
805
3489
3487
3493
807
3713
808
3491
3498
811
3498
3499
3496
3503
3501
3711
3504
3505
3506
3507
3508
3509
3510
3511
3512
3513
3514
3515
3516
3517
3518
3519
3520
3521
3522
3523
3524
3525
3526
3527
3528
3529
3530
803
3490
3532
3502
3535
809
3537
3538
3539
3540
3541
2076
2076
3544
3545
3546
3547
3548
3549
3550
3551
3552
3553
3554
3555
3556
3558
3728
831
3557
137
3564
832
3736
827
749
3567
1472
3762
1472
3296
2698
2729
96
2671
1543
328
3305
835
2670
2737
118
38
38
2739
2680
597
2628
2723
2628
3572
3599
3598
3599
1550
2657
2670
2655
608
589
3768
2623
1563
3305
32
33
1577
3605
1543
1592
1597
614
1391
614
1391
1605
2638
2641
2638
1394
1394
624
62
2638
1411
1605
43
1453
1601
1602
2727
616
2694
2752
1378
1381
1612
102
3605
5515
2844
657
3643
3644
3645
3646
3647
3648
3649
3650
3651
3652
3653
3374
3656
3543
3657
3658
3659
3660
3661
3662
3663
355
3665
3666
3667
3668
3669
3670
3671
3495
806
3676
848
3714
3677
3678
3679
3680
3681
3682
3683
3684
3685
3686
3687
3688
3689
3690
3691
3692
3693
3694
3695
3696
3697
3698
3699
3700
3701
3702
3703
3704
3705
3706
3707
3708
3709
3710
3445
777
3432
3500
810
3716
3717
3718
3719
3720
3721
3722
3723
3724
3725
3726
822
3533
1620
3729
3731
3732
3733
3734
3735
3726
3737
3560
833
3352
3263
2054
2465
3743
2462
551
2516
468
2291
2290
2565
2469
2960
465
3157
450
2158
5790
2907
2742
3768
69
2395
1631
2258
2380
2029
3768
738
3770
3771
3730
431
2544
87
540
3780
3781
3780
4934
3844
3786
857
3782
3785
4963
3787
3788
3789
3790
4924
3792
863
4924
3795
3796
3797
3798
3799
856
870
3803
4916
870
870
3806
3807
4931
3809
3810
3811
3812
3813
3814
3815
3816
3816
3818
3819
3820
3821
3822
3823
3824
3825
3826
3827
3828
3829
888
5447
4987
3829
3837
3834
3836
3837
3838
3839
3840
3841
3842
3843
3846
4933
3908
895
869
3802
3851
4929
3865
3855
3867
3868
3865
4802
3860
4736
1665
4751
900
3861
3856
3868
904
1667
3869
3869
3870
3871
3876
906
3872
909
4699
3879
911
4712
912
3877
3884
913
4764
915
3882
1669
163
3888
164
911
4708
3878
3892
404
3897
4488
3895
3899
3900
3901
3902
3903
3907
3905
926
3926
3911
927
3910
4716
904
3915
904
3915
5015
3919
931
5015
1884
3925
932
3921
935
4889
424
4632
3927
4489
4489
936
4827
4479
1991
963
4701
3934
1703
1712
4847
2023
325
2025
325
5443
2032
3943
943
3947
3953
3953
3953
4475
4828
4828
3942
3995
953
3962
3961
4486
4481
3965
4770
4769
956
3963
4640
3970
190
959
4482
3950
960
3972
921
3896
3931
4702
320
4703
4705
4705
3990
3950
3990
3986
948
4474
4474
4705
1166
4705
1165
4875
4704
4483
4483
968
3997
949
307
4002
4005
3955
4805
4803
903
4805
4805
1717
1715
976
5420
4879
4878
318
4804
973
4021
4804
4811
4811
3863
4628
4025
982
4629
4029
4030
4031
4553
4033
4034
4035
4036
5439
4040
4038
4070
4071
4026
981
980
4042
4531
4532
4050
4533
4531
4052
4066
995
4052
994
997
4692
4056
4060
4693
4062
4744
4062
4061
166
920
3898
962
4559
4561
4110
4560
4573
4574
4114
309
4078
4681
4684
4079
5675
5684
5730
5619
5597
5618
5607
5622
5598
5599
5626
5628
5632
5604
5670
5736
5670
5612
5737
4146
5742
5582
5629
5633
5815
4745
4547
4549
4108
4548
4570
4568
1826
4112
4776
4777
4775
4773
4810
4809
1017
4167
1019
4167
4118
311
4117
4121
4121
1019
4166
4166
4141
4136
4140
4137
4123
5717
5829
4817
4122
4115
4116
4121
4121
4121
5814
1689
4152
4149
1016
4498
4155
998
4787
908
4155
3874
907
177
1693
1694
1686
173
1688
4169
1017
1017
4154
1034
5451
4196
5025
4212
4212
4509
4178
4000
4509
4179
4189
1022
4176
1023
1028
4193
4180
1028
4241
969
4240
1045
1045
4242
1045
1027
1718
4183
4182
1037
4506
4181
1036
4848
183
4211
4211
4213
4211
4259
4258
4278
1049
1048
4260
1049
1043
4236
1040
5422
4262
4237
4238
4238
4023
1879
4210
252
1709
543
2501
2512
4225
4022
975
4024
4811
4024
4805
969
969
4637
549
2512
543
543
4225
4224
4224
5421
2501
4222
4215
1035
4215
972
972
4006
972
4009
974
974
975
4024
1036
4220
4221
4210
252
4224
4224
4235
5421
4224
5421
974
4008
1048
4276
973
4007
4220
5451
1025
4217
4218
1037
4183
4243
1024
5418
4863
4189
5426
4281
1064
4237
4022
4264
4179
3999
1023
1044
4009
4261
4227
4226
178
4159
4310
4311
4312
4313
4314
4315
4316
4317
4318
1077
269
4321
4322
4322
887
1079
4323
1078
4326
4329
4311
1071
1070
4330
1105
1760
4429
1084
4335
5259
4339
4353
262
4353
4989
278
4989
4988
278
5248
5248
5248
4432
4432
4356
4354
5312
1808
4357
229
5311
4359
1819
1790
4441
1793
218
1091
4370
4980
4676
1909
5459
1909
269
269
4374
4380
4381
4380
5264
1300
1098
5273
1098
4385
1098
4390
4388
4389
4424
1899
1899
286
1958
286
5308
202
5309
4398
1747
4392
4391
266
1812
1089
1978
4363
1975
4411
4409
1777
4412
1090
4675
4414
4416
4417
4418
4419
4420
4421
4422
4423
4424
4425
4333
4429
4427
4433
4431
1080
198
4434
4324
1944
4988
4988
4989
1777
4439
4415
242
1787
1787
200
1908
1732
1794
220
4450
5281
4452
4453
4454
4455
4457
5316
1802
4408
4461
1750
4462
4463
4464
4465
4466
4467
4468
4469
4470
4471
4541
4475
4475
4475
4480
4480
4477
4480
637
4485
3950
4483
4715
4485
4485
4477
4476
4477
4493
4490
1118
4583
4496
4496
4788
4494
4495
4053
4243
545
4506
545
545
4223
4178
4176
4506
4000
4509
3997
4512
4513
4514
4515
4520
4516
1121
168
4525
4046
4524
4050
4049
4575
4094
5718
4095
4098
5581
4526
4528
4138
4534
4535
4536
4537
4538
4539
4540
4543
4041
4545
4107
4109
4544
4104
4557
4090
4550
4551
4552
4039
989
5767
5764
5591
4084
4562
4113
4558
1824
4563
4564
4565
4566
4567
5677
5730
5765
5588
5676
4111
1834
4577
4577
4582
4135
1132
4837
5433
4099
1015
1856
239
3850
4587
4588
4589
4590
4591
4592
4593
4594
4595
4596
4597
4598
4599
4600
4601
4602
4603
4604
4605
4606
4610
1141
1142
5415
3923
4611
934
933
4615
4616
4617
4618
4619
4620
4621
4622
4623
4624
4625
4626
5784
4631
1835
4077
1835
4632
4634
4915
1143
4636
968
4727
4638
1715
189
4843
4644
1151
1152
1149
1151
3970
3971
3968
184
4655
4652
4789
4064
4653
3889
5816
1161
1002
4661
4662
4663
4664
4665
4666
1133
4667
4669
4586
4670
4672
1157
4688
4674
4940
4679
1160
4937
4677
1001
4748
4682
1161
4774
1163
4686
4936
4927
939
4698
4691
3936
940
940
4695
1164
4866
4780
965
3993
4873
1166
4872
952
1166
4874
4711
306
4711
1988
3937
960
966
4715
4718
1168
4763
919
4842
4722
4842
1167
4721
4710
4649
4715
4728
4899
4752
4731
3881
4732
910
1828
1666
1883
3917
3920
4739
3917
4743
4762
4743
4746
4774
1174
4749
4761
4745
3866
4753
5428
1169
1176
4757
5022
954
4756
1000
4059
4696
918
4696
3852
898
3864
3858
4766
901
4761
999
4771
4748
1175
4773
1179
937
3978
938
951
951
3959
951
4786
4790
909
403
1674
4779
4791
4792
3886
4793
914
4798
4796
5432
1171
4733
4799
1664
903
4767
903
1178
4119
4058
4808
4808
3863
4813
4832
1119
4812
235
5814
5813
176
172
4165
4497
1115
4486
3962
3958
950
942
3941
3944
950
4051
1183
1183
4147
4838
4134
4133
3955
1184
3948
4843
4853
4196
5025
4196
4197
1715
1716
4641
1714
3945
1152
4861
4645
4645
237
237
5419
5427
966
966
4639
4863
319
4782
4487
1180
4486
4869
4870
4871
4870
4872
4872
4874
3958
952
952
4880
4881
4882
4883
4884
4885
4886
1194
4885
1192
1192
1192
1191
4895
4893
4895
1177
4903
1173
4741
3918
4612
4907
957
5017
4651
188
5020
4910
864
4894
4908
4911
4912
1196
4913
1197
4888
1188
1193
4917
4921
4922
4923
4894
1182
4801
4797
1197
4930
4965
4680
1159
3805
3801
4797
3847
4926
1162
853
3778
4945
862
4941
865
4945
4946
4943
4947
1202
1201
4952
4961
4951
4954
4955
4956
4957
4958
868
3849
4687
1158
4920
1198
4966
5417
4967
4968
4969
4970
3798
4971
4973
4972
4975
4976
896
854
3779
4979
4675
4984
4984
5074
1205
4986
4987
232
4671
4990
1206
5068
4993
3833
4994
4995
4995
4998
4999
5000
5001
5002
5002
5004
5005
5008
5006
5009
5003
1210
5011
5012
957
5424
5007
5425
5426
979
1709
187
901
4737
4735
4278
4279
4211
4213
4211
4211
4211
1880
4213
4280
4277
4018
5036
5037
5036
5039
5040
5041
5042
5043
3817
5044
881
5047
5048
5045
4215
4215
4215
1035
1048
4006
5056
5057
5058
5059
5060
5061
5062
5064
5351
1219
5063
1218
5069
5353
1221
5073
5072
5246
1220
5075
5076
5077
5078
5079
5080
5081
5082
5083
5084
5085
5086
5087
5088
5089
5090
5091
5092
5093
5094
5095
5096
5097
5098
5099
5100
5101
5102
5103
5104
5105
5106
5107
5108
5111
1238
5363
5112
5113
5114
5115
5113
5117
5118
5119
5120
5118
5122
5123
5124
5125
5126
5127
5128
5129
5130
5131
5132
5133
5134
5135
5136
5137
5138
5139
5140
5141
5142
1256
5144
5145
5146
5147
5148
5149
5150
5151
5152
5153
5154
5155
5156
5157
5158
5159
5160
5161
5162
5163
5164
5165
5166
5167
5170
5168
5170
1267
5175
5172
1270
5388
1271
5177
5178
1243
5180
5182
5386
5181
5184
5185
5186
5187
5188
5189
5190
5191
5192
5193
5194
5195
5196
5197
5198
5199
5200
5201
5202
5203
5204
5205
5206
5207
5208
5209
5210
5211
5169
5212
5183
1269
5214
5217
5218
5219
5220
5221
5222
5223
5224
5225
5226
5227
5228
5229
5230
5231
5232
5233
5234
5235
5236
5241
303
5239
5240
5403
5242
5243
5244
5245
5216
255
5437
1840
5249
4979
242
1863
5254
4393
5256
212
1087
4997
5260
5261
5262
5278
1901
1922
1096
1097
1925
1946
4436
1947
5253
5274
5276
1301
1922
269
5278
269
4320
5280
1077
1934
1937
1943
194
1948
1733
282
5290
1304
286
285
1299
5294
1956
283
5297
1966
4361
4359
290
203
4398
4398
4400
4359
4355
1962
1099
1109
4440
1101
4410
4462
4462
1910
282
266
220
282
5629
5323
5324
5325
5326
5327
5328
5329
5330
5331
5332
5333
5334
5335
5336
5337
5338
5339
5340
5341
5342
5343
5344
5345
5346
5347
5348
5349
5350
5173
1268
5353
5354
1307
5356
5357
5358
5359
5360
5361
5362
5364
5364
5365
5366
5367
5368
5369
5370
5371
5372
5373
5374
5375
5376
5377
5378
5379
5380
5381
5382
5383
5384
5385
5128
1244
5116
5389
5390
5391
5392
5393
5394
5395
5396
5397
5398
5399
5400
5401
5402
5213
1983
5404
5406
5407
5408
5409
5410
5411
5412
5413
1292
5038
4948
3795
4194
4192
1718
1044
4239
975
4020
4018
4019
4195
4648
304
4003
4720
3893
4100
5434
5436
5444
233
4120
1996
5815
2000
1689
315
1077
5066
5446
5405
5405
3994
183
1035
4210
1037
5454
5455
4995
4995
2650
1787
2718
4996
2749
208
4459
5470
42
5466
1737
1737
42
205
5467
209
5556
5572
2403
5819
5819
5821
3061
5745
5580
5571
5533
5507
2401
2399
2416
5578
5528
5506
5508
2417
2400
3763
5763
5805
1334
5818
5699
5560
5559
5560
5805
5818
2399
5805
2391
5579
5702
5578
5578
5570
5566
5488
5570
5525
5526
5532
5487
5549
5493
5558
5486
2416
5756
2416
2399
5504
5508
5504
5508
5508
5756
5499
5756
5499
5505
5487
2420
2403
5819
5807
5821
3061
5564
2417
5508
2401
5700
5700
5567
1334
5497
3120
2417
5497
2401
5808
5808
2403
3763
2403
5807
5807
2400
5807
3061
3061
5818
2399
5808
5559
2420
2400
2400
5578
2389
5807
5807
5603
5735
4128
4128
5809
5812
4750
1689
5673
5674
5644
5638
5606
4126
4125
5770
5732
5634
5594
5614
4143
4127
5438
5669
5811
5823
5686
5811
5680
5680
5669
5772
5823
5823
5823
4126
5811
5605
5605
5678
5686
5678
5617
5596
5679
5637
5641
5656
5645
5657
5657
5668
5601
5770
4125
5770
5770
5594
5616
5733
4126
4126
5732
5770
5608
5617
5617
5616
5772
4128
5809
5812
4750
5652
5687
4126
4126
5771
5733
5606
5687
5586
5778
5778
5438
4807
4126
5438
5810
4130
4145
4130
4127
4127
4127
5652
5586
4125
4125
4130
5668
5772
5586
5731
5605
4127
4127
5556
5560
5758
2420
5806
5806
5819
5819
5819
5819
5819
5808
2391
2389
5807
5821
5821
5821
5821
5821
3061
5745
5564
5494
5571
5534
5492
5493
5672
5603
5593
5638
5646
5644
5685
5602
5673
5730
1689
4750
4750
4750
4750
5812
5811
4116
5810
5809
5809
5814
5814
5814
4128
4128
4144
5585
3056
3056
5821
3056
4128
5814
3061
5703
5564
5494
5577
5534
2389
2391
2394
2394
5806
5819
5821
2393
5684
5673
5597
5619
5585
5672
4115
4116
5809
5809
5814
5814
5730
1689
4119
2390
5806
2402
5812
5817
5817
4750
4750
5492
5554
5551
5698
5572
2402
5819
5598
5599
5593
5604
4144
5809
2996
4106
3057
692
519
145
519
9
3123
1019
4810
4118
170
1019
1019
4746
4685
4746
2392
2444
692
3087
4685
4777
4167
4167
2443
2442
4167
4167
2442
2441
5815
692
5815
4106
2996
2996
4212
1881
1509
745
1355
4212
1879
26
87
1881
1355
183
