0
1
2
3
4
5
6
1320
2828
706
10
2594
1326
2411
2435
519
1338
517
27
3334
3346
27
3341
2284
24
3334
2292
743
3745
3743
3335
27
32
33
34
35
36
37
38
39
40
41
42
43
44
45
46
47
48
49
50
51
52
53
54
55
56
57
58
59
60
61
62
63
64
65
1469
67
68
69
70
3340
1486
2114
74
75
76
77
78
79
80
81
3335
3334
3335
430
26
474
88
89
90
91
92
93
94
95
96
97
98
99
100
101
102
103
104
105
106
107
108
109
110
111
112
113
114
115
116
117
118
119
120
121
122
123
124
125
126
127
128
129
130
131
132
133
134
135
136
137
2273
3754
1624
440
1628
2352
2350
710
1633
1631
148
149
150
151
152
153
3016
155
156
157
2579
2504
160
161
162
163
164
165
166
1676
4520
5822
4749
171
1682
4308
4137
5824
1019
1017
1694
5849
4205
4847
4013
4848
184
185
5839
4281
188
189
4641
181
1703
193
194
195
196
197
198
199
200
201
202
203
204
205
206
207
208
209
210
211
212
213
214
215
216
217
218
219
220
221
222
223
224
225
226
227
228
229
230
231
232
233
234
235
236
4186
3850
239
1858
241
242
243
244
245
246
181
181
5450
3939
1711
1880
253
254
255
256
257
258
259
260
261
262
263
264
265
266
267
268
269
270
271
272
273
274
275
276
277
278
279
280
281
282
283
284
285
286
287
288
289
290
291
292
293
294
295
296
297
298
299
300
301
302
303
304
1987
306
307
305
4078
310
1179
312
1995
314
315
316
317
318
319
3992
321
322
1707
324
325
326
327
328
329
330
331
332
333
334
335
336
337
338
339
340
341
342
343
344
3250
346
2065
2067
349
350
351
352
353
354
355
356
357
358
359
360
361
362
363
364
365
366
367
368
369
370
371
372
373
374
375
376
2117
2133
2132
2119
3048
2123
2126
2128
3063
386
387
388
3003
2431
391
392
393
394
395
396
397
398
399
400
401
402
403
404
405
406
407
408
409
410
411
412
413
414
2181
416
417
418
419
420
421
422
423
424
425
426
427
2205
2207
3223
431
3145
3168
3155
434
436
437
438
439
3154
441
442
443
444
445
446
2236
3081
2238
2951
451
452
453
454
455
2250
2252
2266
459
2267
2272
2270
2780
2781
3157
3031
470
469
3117
3118
2472
27
473
447
476
3125
477
478
479
480
481
482
483
484
2862
2851
487
2321
2833
490
491
492
493
3002
3006
2331
2332
498
499
500
2343
2313
2344
2348
2939
2379
507
1468
1457
2410
1330
1478
513
514
515
516
3122
2439
2395
2483
3346
2452
462
461
2454
526
527
2477
2464
530
3744
2808
2549
3334
86
1511
1359
2564
2541
544
538
2496
2547
2545
2512
27
2534
2533
2518
2516
468
475
553
2523
2526
2528
2530
467
2562
560
561
562
2570
3348
565
566
567
568
569
570
2593
572
573
2580
2235
576
577
578
1658
580
581
582
583
584
585
586
587
588
589
590
591
592
593
594
595
596
597
598
599
600
601
602
603
604
605
606
607
608
609
610
611
612
613
614
615
616
617
618
619
620
621
622
623
624
625
626
627
628
629
630
631
632
633
634
635
636
637
638
639
640
2792
642
643
644
645
646
647
648
2807
2812
651
652
2826
2830
2837
2836
657
658
1458
660
661
662
2882
2886
665
666
667
668
669
670
671
672
673
674
675
676
677
678
679
680
1361
682
3179
2957
685
686
687
688
689
690
691
2994
693
694
695
696
3018
698
699
700
701
702
703
704
3055
3059
707
708
3079
496
711
712
713
714
3171
2482
717
718
719
720
721
722
723
724
725
726
727
3232
729
730
3246
732
733
734
735
736
737
738
739
740
741
742
3332
3368
3369
746
3370
748
749
750
751
752
753
754
755
756
757
758
759
760
761
762
763
764
765
766
767
768
769
770
771
772
773
774
775
776
777
778
779
780
781
782
783
784
785
786
787
788
789
790
791
792
793
794
795
796
797
798
799
800
801
802
803
804
805
806
807
808
809
810
811
812
813
814
815
816
817
818
819
820
821
822
823
824
825
826
827
828
829
830
831
832
833
834
835
836
837
838
839
840
841
842
843
844
845
846
847
848
849
850
851
852
853
854
855
856
857
858
859
860
861
862
863
864
865
866
867
4934
3802
3804
4792
872
873
874
875
876
877
878
879
880
881
882
883
884
885
886
887
888
889
890
891
892
893
894
895
896
3856
3854
3867
3866
3859
4736
3864
904
905
906
907
4155
4692
910
911
3879
913
914
3884
916
917
918
919
920
921
922
923
924
925
926
927
928
929
930
931
932
933
4613
935
936
937
938
3936
3937
941
942
943
944
945
946
947
948
949
950
951
952
953
954
4770
3965
957
958
959
960
961
962
3980
3981
3982
966
967
4484
3999
970
971
4007
4804
4805
4009
1716
184
978
4020
980
981
982
983
984
985
986
987
4542
4554
990
4521
4524
993
994
995
996
997
4058
4059
4696
4062
1002
1003
4072
1005
4041
1007
1008
4548
1837
4556
1688
4135
4140
1678
1016
4809
4165
4120
1020
4845
1023
969
4191
1025
4183
1029
1045
1718
1030
1031
1032
4208
4211
1035
1036
1040
1038
1039
1043
1021
4252
1044
4239
4639
1046
1047
1048
1049
1050
4275
1052
1053
5029
1055
1056
1057
4273
1059
1060
1061
1062
1063
1064
1065
4298
1067
1068
1069
1070
1071
1072
1073
1074
1075
1076
1077
1078
1079
1080
1081
1082
1083
1084
1085
1086
1087
1088
1089
1090
1091
1092
1093
1094
1095
1096
1097
1098
1099
1100
1101
1102
1103
1104
1105
1106
1107
1108
1109
1110
1111
1112
1113
1114
1115
1116
1117
4492
1119
1120
4518
4522
4104
4528
1125
1126
4088
1128
1129
1130
1131
4576
1133
1134
1135
1136
1137
1138
1139
1140
1141
1142
4635
1144
1145
1146
4658
1148
4647
1150
1151
1152
1153
1154
1155
1156
1157
1158
1159
1160
4682
1162
1163
1164
1165
1166
1167
1168
1169
1170
1171
1172
1173
4743
1174
1176
1177
4766
4772
1180
1181
1182
1183
1184
1185
1186
1187
1188
1189
1190
1191
1192
1193
1194
1195
4914
4916
1198
1199
4929
4950
4949
1203
1204
1205
1206
1207
1208
1209
1210
1211
1212
5027
5032
1215
1216
1217
1218
1219
1220
1221
1222
1223
1224
1225
1226
1227
1228
1229
1230
1231
1232
1233
1234
1235
1236
1237
1238
1239
1240
1241
1242
1243
1244
1245
1246
1247
1248
1249
1250
1251
1252
1253
1254
1255
1256
1257
1258
1259
1260
1261
1262
1263
1264
1265
1266
1267
1268
1269
1270
1271
1272
1273
1274
1275
1276
1277
1278
1279
1280
1281
1282
1283
1284
1285
1286
1287
1288
1289
1290
1291
1292
1293
1294
1295
1296
1297
1298
1299
1300
1301
1302
1303
1304
1305
1306
1307
1308
1309
1310
1311
1312
1313
1314
1315
1316
1317
1318
1321
1321
2825
641
1319
1325
1325
11
1324
14
5827
1329
1332
2436
5821
5807
2380
2443
2443
2429
2444
3334
27
3334
27
27
27
27
1357
3345
2209
24
3334
3334
1659
3334
3750
3750
3335
3751
474
529
3744
2462
529
2472
27
27
27
27
1369
1370
1371
1372
1373
1374
1375
1376
1377
1378
1379
1380
1381
1382
1383
1384
1385
1386
1387
1388
1389
1390
1391
1392
1393
1394
1395
1396
1397
1398
1399
1400
1401
1402
1403
1404
1405
1406
1407
1408
1409
1410
1411
1412
1413
1414
1415
1416
1417
1418
1419
1420
1421
1422
1423
1424
1425
1426
1427
1428
1429
1430
1431
1432
1433
1434
1435
1436
1437
1438
1439
1440
1441
1442
1443
1444
1445
1446
1447
1448
1449
1450
1451
1452
1453
1454
1455
5711
5751
5483
1459
1460
1461
5837
1462
5836
1466
2941
1467
1465
144
1470
1471
1472
1473
2402
2402
2418
5694
2369
2405
1480
1481
1482
3347
2485
744
71
1487
73
1489
1490
1491
1492
1493
1494
1495
1496
1497
1498
1499
1500
1501
1502
1503
1504
3335
3335
3335
3335
3751
1356
2566
1512
1513
1514
1515
1516
1517
1518
1519
1520
1521
1522
1523
1524
1525
1526
1527
1528
1529
1530
1531
1532
1533
1534
1535
1536
1537
1538
1539
1540
1541
1542
1543
1544
1545
1546
1547
1548
1549
1550
1551
1552
1553
1554
1555
1556
1557
1558
1559
1560
1561
1562
1563
1564
1565
1566
1567
1568
1569
1570
1571
1572
1573
1574
1575
1576
1577
1578
1579
1580
1581
1582
1583
1584
1585
1586
1587
1588
1589
1590
1591
1592
1593
1594
1595
1596
1597
1598
1599
1600
1601
1602
1603
1604
1605
1606
1607
1608
1609
1610
1611
1612
1613
1614
1615
1616
1617
1618
1619
1620
1622
2276
1622
138
3773
2277
1626
141
1632
1629
479
3764
485
1634
1635
1636
1637
1638
1639
1640
1641
2378
2378
1644
1645
1646
1647
1648
1649
1650
1651
1652
1653
1654
1655
2580
574
574
2580
1663
3775
1660
2592
1664
1664
1666
1667
1668
1669
1670
1671
1672
1673
1674
1118
1679
1675
1118
4519
1683
1680
173
4308
175
5825
4162
1686
1685
5817
4117
5815
4168
4169
177
1693
4205
4205
4205
5839
4013
977
183
4014
1704
324
5847
1707
4205
1709
1710
187
1712
247
1715
5427
190
1715
189
4204
181
182
182
1723
1724
1725
1726
1727
1728
1729
1730
1731
1732
1733
1734
1735
1736
1737
1738
1739
1740
1741
1742
1743
1744
1745
1746
1747
1748
1749
1750
1751
1752
1753
1754
1755
1756
1757
1758
1759
1760
1761
1762
1763
1764
1765
1766
1767
1768
1769
1770
1771
1772
1773
1774
1775
1776
1777
1778
1779
1780
1781
1782
1783
1784
1785
1786
1787
1788
1789
1790
1791
1792
1793
1794
1795
1796
1797
1798
1799
1800
1801
1802
1803
1804
1805
1806
1807
1808
1809
1810
1811
1812
1813
1814
1815
1816
1817
1818
1819
1820
1821
1822
1823
4082
5721
4081
1827
1828
1829
5835
5822
1830
1833
1834
1835
310
1147
1838
1839
1840
1841
5772
4145
5585
5739
4096
4147
1848
1849
1850
1851
1852
4196
1854
1856
1856
1855
238
1859
1860
1861
1862
1863
1864
1865
1866
1867
1868
1869
1870
1871
1872
182
181
182
1701
5450
250
1879
251
1881
1882
1883
1884
1885
1886
1887
1888
1889
1890
1891
1892
1893
1894
1895
1896
1897
1898
1899
1900
1901
1902
1903
1904
1905
1906
1907
1908
1909
1910
1911
1912
1913
1914
1915
1916
1917
1918
1919
1920
1921
1922
1923
1924
1925
1926
1927
1928
1929
1930
1931
1932
1933
1934
1935
1936
1937
1938
1939
1940
1941
1942
1943
1944
1945
1946
1947
1948
1949
1950
1951
1952
1953
1954
1955
1956
1957
1958
1959
1960
1961
1962
1963
1964
1965
1966
1967
1968
1969
1970
1971
1972
1973
1974
1975
1976
1977
1978
1979
1980
1981
1982
1983
1984
1985
1985
1985
1988
1992
1992
305
1986
1996
1993
989
5439
1997
1998
1999
2000
2001
2002
2003
2004
5816
4105
2007
2008
2009
2010
2011
2012
2013
2014
2015
2016
2017
2018
2019
2020
2021
2022
2023
2024
2025
2026
2027
2028
2029
2030
2031
2032
2033
2034
2035
2036
2037
2038
2039
2040
2041
2042
2043
2044
2045
2046
2047
2048
2049
2050
2051
2052
2053
2054
2055
2056
2057
2058
2059
2060
2061
2062
2064
3249
346
2063
345
2068
2069
2070
2071
2072
2073
2074
2075
2076
2077
2078
2079
2080
2081
2082
2083
2084
2085
2086
2087
2088
2089
2090
2091
2092
2093
2094
2095
2096
2097
2098
2099
2100
2101
2102
2103
2104
2105
2106
2107
2108
2109
2110
2111
2115
2112
2114
3275
2118
378
2130
379
2116
2122
3115
381
2121
2129
377
2125
385
3062
2130
2131
2132
2133
2134
2135
2136
2139
2138
3099
390
2141
2142
2143
2144
2145
2146
2147
2148
2149
2150
2151
2152
2153
2154
2155
2156
2157
2158
2159
2160
2161
2162
2163
2164
2165
2166
2167
2168
2169
2170
2171
2172
2173
2174
2175
2176
2177
2178
2179
2179
2181
2182
2183
2184
2185
2186
2187
2188
2189
2190
2191
2192
2193
2194
2195
2196
2197
2198
2199
2200
2201
2202
2203
1621
139
2204
140
430
3222
2210
2211
2212
2213
2215
3167
434
2214
2218
2219
2220
2221
2222
2223
3155
3154
2227
715
2228
2229
2230
2231
2232
2237
2234
2233
448
3336
2238
2240
2283
2241
2242
2243
2244
2245
2246
2247
2248
2249
2253
2250
458
2265
142
2255
2256
2257
2258
2259
2260
2261
2264
457
3017
141
460
2225
2271
2268
463
2779
464
465
3156
3032
2275
2274
2281
2281
469
3116
470
22
2284
1357
3163
2287
2288
2289
2291
3119
447
2291
2296
476
3124
2296
2301
2298
2300
2301
2302
2303
2304
2305
2306
2307
2308
2309
2310
2312
2861
486
2311
2315
2316
2317
2318
2322
2319
489
2831
2323
2324
2325
2326
2327
2328
2330
3005
495
2329
494
2334
2335
2336
2337
2338
2339
2340
2341
2314
146
502
2342
1630
2346
147
2353
505
2349
499
2353
5569
5707
5498
5512
5489
5509
5516
5709
5538
5491
5517
5484
5522
5474
5503
5563
2368
5540
2367
5477
2370
2372
5518
5787
5803
5820
5802
2383
503
2852
2384
2385
2879
2387
509
3084
3087
710
3084
3123
2395
3122
2394
5806
2394
2392
2390
145
5819
5808
5819
5819
2402
2409
2407
1479
512
5804
2838
1476
5831
2373
2389
2391
2403
2403
5808
2403
1643
2423
2424
2425
2426
2427
2432
517
2428
497
3121
2430
2433
1339
1337
15
1331
511
2438
519
519
2444
3123
2485
2486
3346
536
27
27
2815
523
2269
2816
2451
2456
2465
522
2459
2460
2463
2461
2478
72
2467
2466
2519
2469
3743
2468
2471
1485
2472
2476
2475
3776
533
2479
2548
27
1510
1510
86
1358
1356
1355
26
2538
2540
559
2539
3746
3748
2490
2492
2499
2513
2546
550
2511
549
3334
27
2581
3335
2506
2532
2508
2582
2510
2517
552
2515
551
2294
2280
2297
2295
2520
2948
462
2497
2501
2522
2524
542
2525
554
2495
2494
2529
2527
555
556
2489
2489
2488
2293
2293
2565
2562
2561
2279
2561
2516
2515
2518
2536
560
2550
430
3334
27
3335
2555
2559
2557
2558
2531
557
2278
2282
2565
558
2290
2292
2567
2568
2569
2483
2571
2572
2573
2574
2575
2576
2577
2578
575
446
3349
2584
578
2584
1066
2586
2587
2588
2590
2590
577
1657
579
16
2595
2596
2597
2598
2599
2600
2601
2602
2603
2604
2605
2606
2607
2608
2609
2610
2611
2612
2613
2614
2615
2616
2617
2618
2619
2620
2621
2622
2623
2624
2625
2626
2627
2628
2629
2630
2631
2632
2633
2634
2635
2636
2637
2638
2639
2640
2641
2642
2643
2644
2645
2646
2647
2648
2649
2650
2651
2652
2653
2654
2655
2656
2657
2658
2659
2660
2661
2662
2663
2664
2665
2666
2667
2668
2669
2670
2671
2672
2673
2674
2675
2676
2677
2678
2679
2680
2681
2682
2683
2684
2685
2686
2687
2688
2689
2690
2691
2692
2693
2694
2695
2696
2697
2698
2699
2700
2701
2702
2703
2704
2705
2706
2707
2708
2709
2710
2711
2712
2713
2714
2715
2716
2717
2718
2719
2720
2721
2722
2723
2724
2725
2726
2727
2728
2729
2730
2731
2732
2733
2734
2735
2736
2737
2738
2739
2740
2741
2742
2743
2744
2745
2746
2747
2748
2749
2750
2751
2752
2753
2754
2755
2756
2757
2758
2759
2760
2761
2762
2763
2764
2765
2766
2767
2768
2769
2770
2771
2772
2773
2774
2775
2776
2777
2778
2779
2780
451
2782
2783
2784
2785
2786
2787
2788
2789
2790
2791
2792
2793
2794
2795
2796
2797
2798
2799
2800
2801
2802
2803
2804
2805
2806
2807
2808
2806
2455
2811
525
2813
2814
2269
2272
2817
2818
2819
2820
2821
2822
2823
2827
2824
2826
2827
2825
2830
653
2831
2829
654
2412
2835
2375
2365
5789
2839
2840
2841
2842
2843
2844
2845
2846
2847
2848
2849
2849
2851
2853
2854
2850
2855
2376
659
2858
2859
2860
2861
2862
2357
1456
5754
2361
2345
2868
2869
2864
2871
2872
2873
2874
2875
5708
2422
1463
2937
2355
2347
504
490
2883
2885
490
2832
2887
2890
3758
2891
2892
2893
2894
2895
2896
2897
2898
2899
2900
2901
2902
2903
2904
2905
2906
2907
2908
2909
2910
2911
2912
2913
2914
2915
2916
2917
2918
2919
2920
2921
2922
2923
2924
2925
2926
2927
2928
2929
2930
2931
2932
2933
2934
2935
2936
66
2299
477
2938
2940
2942
2943
2944
2945
2946
2947
2948
2949
2950
471
28
1363
2954
2955
2956
683
2958
2959
2960
2961
2962
2963
2964
2965
2966
2967
2968
2351
143
2971
2972
2973
2974
2975
2976
2977
2978
2979
2980
2981
2982
2983
2984
2985
2986
2987
2988
2989
2990
2991
2337
2992
500
2993
692
2997
2998
2999
3000
2206
428
494
3001
3007
394
3023
3008
3009
3010
1627
3011
3013
3014
3015
3016
2266
460
3019
3755
3021
3022
3023
3024
3025
3026
3027
3028
3029
3030
450
2952
2239
3034
3035
3036
3037
3038
3039
3040
3041
3042
3043
3044
3045
3046
3047
3048
3049
3050
3051
3052
3053
3054
397
3086
3060
3054
705
3058
3056
2180
415
3064
3065
3066
3067
3068
3069
3070
3071
3073
3076
3072
3075
3076
2120
3077
380
2124
382
3080
3074
3074
496
3060
3059
3083
3085
3090
3091
3092
3093
3094
3095
3096
3097
3098
2333
3100
3101
3102
3103
3104
3105
3106
3107
3108
3109
3110
3111
3112
3113
3114
3115
3078
383
709
3082
3763
2332
3121
3121
2127
384
3126
3127
3128
3129
3130
2402
2419
2396
3134
3135
3136
3137
3138
3139
3140
3141
3142
2224
3143
435
3146
3147
3148
7
5696
2888
3153
2408
715
3170
3158
2953
3752
1357
82
3346
82
22
30
716
3166
3169
684
3170
3179
29
745
744
2445
3175
3176
3177
2470
2469
3180
3181
3182
3183
3184
3185
3186
3187
3188
3189
3190
3191
3144
3193
3194
3195
3196
3197
3198
3199
3200
3201
3202
3203
3204
3205
3206
3207
3208
3209
3210
3211
3212
3213
3214
3215
3216
3217
3218
3219
3220
3221
3222
3223
3224
3225
3226
3227
3228
3229
3230
3231
347
3233
3234
3235
3236
3237
3238
3239
3240
3241
3242
3243
2066
3244
348
3247
3248
3249
331
3251
3252
3253
3254
3255
3256
3257
3258
3259
3260
3261
3262
3263
731
3265
3741
3267
3268
3269
3270
3271
3272
3273
3274
3275
3276
3277
3278
3279
3280
3281
3282
3283
3284
3285
3286
3287
3288
3289
3290
3291
3292
3293
3294
3295
3296
3297
3298
3299
3300
3301
3302
3303
3304
3305
3306
3307
3308
3309
3310
3311
3312
3313
3314
3315
3316
3317
3318
3319
3320
3321
3322
3323
3324
3325
3326
3327
3328
3329
3330
3331
446
3331
3333
743
3337
3337
3338
1355
87
1510
27
1510
2487
1510
3350
3368
747
2235
3370
3351
3352
3353
3354
3355
3356
3357
3358
3359
3360
3361
3362
3363
3364
3774
3774
2489
2591
577
577
3371
3372
3373
3374
3375
3376
3377
3378
3379
3380
3381
3382
3383
3384
3385
3386
3387
3388
3389
3390
3391
3392
3393
3394
3395
3396
3397
3398
3399
3400
3401
3402
3403
3404
3405
3406
3407
3408
3409
3410
3411
3412
3413
3414
3415
3416
3417
3418
3419
3420
3421
3422
3423
3424
3425
3426
3427
3428
3429
3430
3431
3432
3433
3434
3435
3436
3437
3438
3439
3440
3441
3442
3443
3444
3445
3446
3447
3448
3449
3450
3451
3452
3453
3454
3455
3456
3457
3458
3459
3460
3461
3462
3463
3464
3465
3466
3467
3468
3469
3470
3471
3472
3473
3474
3475
3476
3477
3478
3479
3480
3481
3482
3483
3484
3485
3486
3487
3488
3489
3490
3491
3492
3493
3494
3495
3496
3497
3498
3499
3500
3501
3502
3503
3504
3505
3506
3507
3508
3509
3510
3511
3512
3513
3514
3515
3516
3517
3518
3519
3520
3521
3522
3523
3524
3525
3526
3527
3528
3529
3530
3531
3532
3533
3534
3535
3536
3537
3538
3539
3540
3541
3542
3543
3544
3545
3546
3547
3548
3549
3550
3551
3552
3553
3554
3555
3556
3557
3558
3559
3560
3561
3562
3563
3564
3565
3566
3567
3568
3569
3570
3571
3572
3573
3574
3575
3576
3577
3578
3579
3580
3581
3582
3583
3584
3585
3586
3587
3588
3589
3590
3591
3592
3593
3594
3595
3596
3597
3598
3599
3600
3601
3602
3603
3604
3605
3606
3607
3608
3609
3610
3611
3612
3613
3614
3615
3616
3617
3618
3619
3620
3621
3622
3623
3624
3625
3626
3627
3628
3629
3630
3631
3632
3633
3634
3635
3636
3637
3638
3639
2362
3641
3642
3643
3644
3645
3646
3647
3648
3649
3650
3651
3652
3653
3654
3655
3656
3657
3658
3659
3660
3661
3662
3663
3664
3665
3666
3667
3668
3669
3670
3671
3672
3673
3674
3675
3676
3677
3678
3679
3680
3681
3682
3683
3684
3685
3686
3687
3688
3689
3690
3691
3692
3693
3694
3695
3696
3697
3698
3699
3700
3701
3702
3703
3704
3705
3706
3707
3708
3709
3710
3711
3712
3713
3714
3715
3716
3717
3718
3719
3720
3721
3722
3723
3724
3725
3726
3727
3728
3729
3730
3731
3732
3733
3734
3735
3736
3737
3738
3739
3740
2113
3742
2462
529
2473
2544
2542
2543
2235
3749
3749
531
3753
466
3033
449
3757
2374
3759
3760
3761
3762
5808
3764
3765
1464
3767
3768
3769
3770
3771
3772
2277
2563
27
3776
3777
3778
3779
3780
3781
3782
3783
3784
3785
3786
3787
3788
3789
3790
3791
3792
3793
3794
3795
3796
3797
3798
3799
3800
3805
868
3801
871
4933
3806
3807
3808
3809
3810
3811
3812
3813
3814
3815
3816
3817
3818
3819
3820
3821
3822
3823
3824
3825
3826
3827
3828
3829
3830
3831
3832
3833
3834
3835
3836
3837
3838
3839
3840
3841
3842
3843
3844
3845
3846
3847
3849
3849
3850
3848
3855
3852
899
3865
900
3860
3857
902
4802
3862
4751
3861
897
3868
904
160
3868
3869
3870
3871
3875
3873
908
4787
3876
3877
3878
3879
3880
3881
3882
3883
3884
3885
3886
3887
3888
3889
3890
3891
3892
3893
3894
3895
3896
3897
3898
3899
3900
3901
3902
3903
3904
3905
3906
3907
3908
3909
3910
3911
3913
3913
3912
3915
3916
3917
3918
3919
3920
3921
3922
3923
3924
3925
3926
3927
3928
3929
3930
3931
3932
3933
3937
3934
940
3937
3938
3939
3940
3941
3942
3943
3944
3945
3946
3947
3948
3949
3950
3951
3952
3953
3954
3955
3956
3957
3958
3959
3960
3961
3962
3963
3964
955
3966
3967
3968
3969
3970
3971
3972
3973
3974
3975
3976
3977
3978
308
1991
308
964
3979
3984
3985
3986
3987
3988
3989
3990
3992
964
3991
1990
3995
3994
3998
4483
968
3997
4001
4002
4003
4004
4005
4008
973
4803
974
4006
4012
4640
184
4012
4015
4016
963
4021
4018
956
4806
4024
4024
4811
4025
4026
4027
4028
4029
4030
4031
4032
4033
4034
4035
4036
4037
4039
4553
4038
988
4042
4043
4044
4045
4048
4047
4523
992
4050
4051
4052
4053
4054
4055
4060
4056
4056
1000
4694
4061
4062
4063
4064
4065
4066
4067
4068
4040
4069
1006
313
1994
4074
4073
4076
4077
1002
4076
4080
5588
5676
2006
5661
5620
5723
5724
5622
5598
5599
5598
5628
5630
5632
5611
5612
5610
5581
5682
5670
4095
4094
5720
5719
4684
4685
4107
4108
4109
4110
4111
4571
1011
4114
4773
4777
1175
4773
4810
4809
4119
5809
4121
5814
4118
4116
170
5810
4130
5810
4130
4130
4136
4133
1014
1847
4129
5796
4818
4835
4132
4115
5823
5438
5438
4130
4145
5801
4149
4150
4151
4152
4154
4808
998
4153
1017
4156
4158
4167
4123
1695
1687
4163
1012
4119
1019
4169
4810
4170
4171
1703
4173
182
182
4509
4178
4000
4241
4184
1024
4180
1022
4190
4188
1027
4187
5418
4240
4242
4194
4195
4192
4639
4863
4197
1717
4198
4199
4200
4201
4202
4203
4013
5450
4170
4170
4208
4170
1881
252
4210
4214
4278
4215
4213
4221
1037
4219
4220
5421
4236
4225
4235
4264
5847
1701
4172
5452
4231
4251
4232
1042
4238
4262
4237
4022
4023
975
4637
3999
4637
4223
4243
4245
4246
4247
4248
4249
4250
4246
1046
4253
4254
4255
4257
4280
4258
4256
4261
4276
4239
4260
4237
4265
4266
4267
182
181
4271
4274
4272
1051
4249
1047
4010
972
4259
4279
4019
979
4282
4283
4284
4285
4286
4287
4288
4289
4290
4291
4292
4293
4294
4295
4296
4298
1065
4299
4300
4301
4302
4303
4304
4305
4306
4307
178
178
4310
4311
4312
4313
4314
4315
4316
4317
4318
4319
4320
4321
4322
4323
4324
4325
4326
4327
4328
4329
4330
4331
4332
4333
4334
4335
4336
4337
4338
4339
4340
4341
4342
4343
4344
4345
4346
4347
4348
4349
4350
4351
4352
4353
4354
4355
4356
4357
4358
4359
4360
4361
4362
4363
4364
4365
4366
4367
4368
4369
4370
4371
4372
4373
4374
4375
4376
4377
4378
4379
4380
4381
4382
4383
4384
4385
4386
4387
4388
4389
4390
4391
4392
4393
4394
4395
4396
4397
4398
4399
4400
4401
4402
4403
4404
4405
4406
4407
4408
4409
4410
4411
4412
4413
4414
4415
4416
4417
4418
4419
4420
4421
4422
4423
4424
4425
4426
4427
4428
4429
4430
4431
4432
4433
4434
4435
4436
4437
4438
4439
4440
4441
4442
4443
4444
4445
4446
4447
4448
4449
4450
4451
4452
4453
4454
4455
4456
4457
4458
4459
4460
4461
4462
4463
4464
4465
4466
4467
4468
4469
4470
4471
4472
4473
4474
4475
4476
4477
4478
4479
4480
4481
4482
3975
4484
4485
4486
4487
4488
4489
4490
4491
1117
4493
4494
4495
4496
4497
4498
4499
4500
4501
4502
4503
4503
4505
4177
4506
4508
3997
4510
4511
4512
4513
4514
4515
4517
4517
1114
4516
4519
4522
1121
4523
1122
4520
4530
4092
4098
4526
5633
4529
4532
1123
4534
4535
4536
4537
4538
4539
4540
4472
4542
4541
4545
4546
4543
4549
4557
4103
4550
4551
4552
4553
4554
4084
4572
4085
1824
4559
1004
4562
4558
4563
4564
4565
4566
4567
5725
4148
4571
4627
4569
4075
4574
991
4525
4577
4575
168
4579
4582
5433
4583
4584
4585
4586
4587
4588
4589
4590
4591
4592
4593
4594
4595
4596
4597
4598
4599
4600
4601
4602
4603
4604
4605
4606
4607
4608
4609
4610
4611
4612
1143
4614
4615
4616
4617
4618
4619
4620
4621
4622
4623
4624
4625
4626
1147
4628
4629
4630
4631
4632
4636
4633
4635
4791
4638
4727
1149
4640
4641
4642
4643
4644
4645
4643
4647
4648
4649
4650
4651
4652
4653
4654
4655
4656
4657
4079
309
4660
4661
4662
4663
4664
4665
4666
4667
4668
4669
4670
4671
4672
4673
4674
4675
4676
4677
4678
4679
4680
4063
1001
4681
4683
1161
4686
4687
4688
4689
4693
4690
997
940
4695
4712
912
4691
4698
4699
3935
4700
4702
4706
4704
4705
3996
4707
4708
4709
4710
4711
4712
4713
4714
4715
4716
4717
4718
4719
4720
4721
4722
4723
4724
4725
4726
4727
4728
4729
4730
4731
4732
4733
4734
4735
4736
4737
4738
4739
4740
4741
4742
915
4742
4774
4748
4744
4747
1174
4745
3914
4752
4753
4754
4755
4756
4757
4758
4759
4762
4760
4764
4763
3880
3853
898
4765
3858
4768
901
4761
999
4761
4747
4749
4771
4772
4778
4779
4780
4781
4782
4783
4784
4785
4786
4057
4788
4789
4790
4791
4792
4793
4794
4795
4796
4797
4798
4799
4800
4801
1665
4767
1178
903
4769
5438
4058
4808
4808
3863
4812
4813
4814
4815
4816
4144
5736
5828
4820
4821
4822
4823
4824
4825
4826
4827
4828
4829
4830
4831
4832
4833
167
5650
4580
4578
4134
4839
4840
4841
4842
4843
4846
4845
4846
4011
1716
4849
4850
4851
4852
4853
4854
4855
4856
4857
4858
4859
4860
4861
4862
4646
4864
4701
4866
4867
4868
4869
4870
4871
4872
4873
4874
4875
4876
4877
4878
4879
4880
4881
4882
4883
4884
4885
4886
4887
4888
4889
4890
4891
4892
4893
4894
4895
4896
4897
4898
4899
4900
4901
4902
4903
4904
4905
4906
4907
4908
4909
4910
4911
4913
4915
1197
4634
870
4917
4918
4919
4920
4921
4922
4923
4924
4925
4926
4927
3803
869
4928
4931
4932
4933
4934
4935
4936
4937
4938
4939
4940
4943
1201
4947
4944
4945
4946
4948
5416
240
1200
4951
4952
4953
4954
4955
4956
4957
4958
4959
4960
4961
4962
4963
4964
4930
4965
4967
4968
4969
4970
4971
4972
4973
1857
4975
4976
4977
4978
4979
4980
4981
4982
4983
4984
4985
4986
4987
4988
4989
4990
4991
4992
4993
4994
4995
4996
4997
4998
4999
5000
5001
5002
5003
5004
5005
5006
5007
5008
5009
5010
5011
5012
5013
5014
5015
5016
5017
5018
5019
5020
5021
5022
5023
4210
5025
4170
1033
4170
1703
5024
4207
1213
5033
5034
5035
5036
5037
5038
5039
5040
5041
5042
5043
5044
5045
5046
5047
5048
5049
4255
5050
5051
5052
5054
5055
5056
5057
5058
5059
5060
5061
5062
5063
5064
5065
5066
5067
5068
5069
5070
5071
5072
5073
5074
5075
5076
5077
5078
5079
5080
5081
5082
5083
5084
5085
5086
5087
5088
5089
5090
5091
5092
5093
5094
5095
5096
5097
5098
5099
5100
5101
5102
5103
5104
5105
5106
5107
5108
5109
5110
5111
5112
5113
5114
5115
5116
5117
5118
5119
5120
5121
5122
5123
5124
5125
5126
5127
5128
5129
5130
5131
5132
5133
5134
5135
5136
5137
5138
5139
5140
5141
5142
5143
5144
5145
5146
5147
5148
5149
5150
5151
5152
5153
5154
5155
5156
5157
5158
5159
5160
5161
5162
5163
5164
5165
5166
5167
5168
5169
5170
5171
5172
5173
5174
5175
5176
5177
5178
5179
5180
5181
5182
5183
5184
5185
5186
5187
5188
5189
5190
5191
5192
5193
5194
5195
5196
5197
5198
5199
5200
5201
5202
5203
5204
5205
5206
5207
5208
5209
5210
5211
5212
5213
5214
5215
5216
5217
5218
5219
5220
5221
5222
5223
5224
5225
5226
5227
5228
5229
5230
5231
5232
5233
5234
5235
5236
5237
5238
5239
5240
5241
5242
5243
5244
5245
5246
5247
5248
5249
5250
5251
5252
5253
5254
5255
5256
5257
5258
5259
5260
5261
5262
5263
5264
5265
5266
5267
5268
5269
5270
5271
5272
5273
5274
5275
5276
5277
5278
5279
5280
5281
5282
5283
5284
5285
5286
5287
5288
5289
5290
5291
5292
5293
5294
5295
5296
5297
5298
5299
5300
5301
5302
5303
5304
5305
5306
5307
5308
5309
5310
5311
5312
5313
5314
5315
5316
5317
5318
5319
5320
5321
4089
5323
5324
5325
5326
5327
5328
5329
5330
5331
5332
5333
5334
5335
5336
5337
5338
5339
5340
5341
5342
5343
5344
5345
5346
5347
5348
5349
5350
5351
5352
5353
5354
5355
5356
5357
5358
5359
5360
5361
5362
5363
5364
5365
5366
5367
5368
5369
5370
5371
5372
5373
5374
5375
5376
5377
5378
5379
5380
5381
5382
5383
5384
5385
5386
5387
5388
5389
5390
5391
5392
5393
5394
5395
5396
5397
5398
5399
5400
5401
5402
5403
5404
5405
5406
5407
5408
5409
5410
5411
5412
5413
5414
5415
3851
4966
4193
1718
1714
5422
5423
4263
5424
5425
5426
5427
5428
5429
5430
5431
5432
4101
5434
5435
5436
5437
5810
5439
4659
5441
5440
5443
5444
5445
5446
5447
5448
5449
3940
5451
182
5453
5454
5455
5456
5457
5458
5459
5460
5461
5462
5463
5464
5465
5466
5467
5468
5469
5470
5471
5472
5473
5557
5572
5698
2420
2420
3061
1333
5543
5494
5534
5530
5549
2401
2399
5756
5570
5525
5533
5504
5700
1334
5699
5495
5805
5567
5818
5555
5555
5556
5496
2401
2399
2401
2401
5805
5578
5566
5570
5578
5488
5571
5526
5528
5492
5492
5548
5527
5550
5485
5493
5547
2416
5499
5508
2416
5486
5486
5506
5508
5508
5499
5505
5701
5487
5487
5532
5698
5758
2420
3061
1333
5703
5564
5757
5700
5757
5507
5497
5580
5564
5559
5699
5497
5556
2417
5497
3120
5560
5560
5572
2400
1334
2400
2400
5543
5543
2399
5578
3120
5556
5572
5543
5702
5578
2400
2400
2400
5660
5666
5680
5680
4807
5812
5817
4106
5730
5602
5644
5639
5657
5614
4125
4142
5678
5634
5642
5616
5615
4127
5668
5665
5812
4126
5673
5811
5663
5664
5663
5603
4125
4125
4126
4125
4125
5674
5686
5674
5673
5679
5635
5643
5685
5600
5636
5600
5645
5658
5656
5601
5640
4142
4125
4142
5770
5642
5641
5594
5614
5614
5732
5605
5608
5617
5595
5636
5666
5680
5669
4750
4106
1691
5675
5614
5771
5614
5594
5615
5675
5652
5667
5667
5606
5668
5771
5606
4807
5669
5603
5734
4750
4127
4750
5783
1689
4127
1690
4807
5601
5603
1689
5586
5782
5812
5812
5573
5496
5562
5478
2418
2420
2420
2420
2420
2403
3763
3763
5805
5818
5807
3061
2380
2380
2380
5744
5479
5565
5576
5577
5536
5538
5529
5485
5664
5593
5631
5639
5646
5597
5607
5683
5587
5784
4106
4105
5815
5815
5817
4117
4115
4126
5606
4807
5669
5772
5772
5772
5772
5735
5672
5666
2380
5821
2380
2378
5735
5772
5544
5575
5576
5577
5489
5538
2389
2391
3763
2403
2402
2403
5706
3763
5677
5588
5597
5607
5604
5611
4115
5823
5438
4807
5772
4145
5728
5801
5438
5807
2402
2418
4117
5817
5815
5815
4105
5491
5474
5521
5561
5500
5542
2403
5646
5639
5631
5632
5672
4145
5836
5816
2996
2995
5819
3089
2394
9
2393
4119
4120
4776
4775
5809
5810
1161
4684
4746
3088
2393
2970
3057
4659
311
4166
5814
2442
2441
5809
4128
5819
5806
4659
2969
4659
4658
2969
5833
977
5450
3334
27
3334
977
1701
3335
27
5849
3334
5450
