0
1
2
3
4
5
6
2888
2887
3057
3097
2436
1325
3132
2397
5806
1336
519
1510
3345
3339
2486
2472
22
23
82
2565
1355
1361
2468
1509
1509
1574
1371
34
35
36
1420
38
39
40
41
42
43
44
45
46
47
48
49
50
1423
52
53
1432
55
56
57
58
59
60
61
62
63
64
65
144
67
68
69
1480
2536
2463
73
74
75
76
77
78
79
1501
3309
1355
82
1509
82
2538
2539
88
89
90
91
92
93
94
1589
96
97
98
99
100
101
1539
103
104
105
3578
107
108
109
110
111
112
2723
1600
115
116
117
118
119
120
121
122
123
124
125
126
127
128
2733
130
2653
132
133
134
135
136
137
2277
1622
1627
3143
2253
2352
2350
3089
2343
1631
148
1635
1637
151
152
3014
154
155
156
157
2554
1507
160
161
1666
163
164
165
166
167
4521
5832
4775
4055
1680
4308
4161
1695
4168
4153
4158
4207
5028
1851
4207
4197
4848
4847
5028
4280
1712
4195
1715
5024
5024
5250
195
1942
1731
197
198
1948
1724
1898
202
5298
1740
1738
4407
1742
208
209
1765
5457
4346
1970
214
215
1783
4367
1795
1789
1788
5289
1752
1806
1811
5313
226
227
1820
4362
1822
231
232
4960
1841
4832
4203
4187
238
239
240
4962
4414
243
244
245
246
1879
5024
4212
247
4256
4259
253
254
255
256
257
258
259
5291
261
262
263
264
265
4366
1784
268
1922
5253
271
5285
5269
1933
1935
5286
1938
4989
1947
4437
282
1734
1966
1952
285
4405
1962
288
4402
1306
4360
292
293
294
295
4371
4446
5320
4449
1975
1801
302
303
5449
4700
306
3995
3980
4078
4080
1179
312
313
314
315
316
2004
318
4016
4702
321
322
1054
4845
2025
2028
2032
328
329
330
331
332
333
334
335
3292
3286
338
339
340
341
342
343
344
345
346
347
348
349
350
351
352
353
354
355
356
357
358
359
360
361
362
363
364
365
366
367
368
369
370
2102
3307
373
374
375
376
2117
2133
2132
2119
3048
2123
2126
2128
3063
386
2135
388
389
2428
2433
2143
393
394
2145
396
397
398
2154
3021
2157
2249
2161
2163
2202
406
407
408
409
410
411
2184
3028
414
2181
416
2186
418
419
420
3206
422
423
424
2200
426
427
3002
429
84
2210
2212
2218
2215
2214
2261
2221
438
2258
2224
2228
3185
3186
2231
2237
2235
3119
3081
2240
2951
2246
3024
2255
2778
3092
2251
2262
2264
2257
3191
464
463
2780
2781
3156
2275
2282
2280
3117
470
3745
22
473
2290
2295
3125
2300
2318
479
480
481
482
483
484
485
2313
2841
2840
2321
2323
3098
2326
2328
3003
495
496
497
2965
2336
2338
2869
2344
2382
2348
2939
5833
2857
1465
2386
2889
2407
2371
513
3136
3126
516
3123
511
2393
3366
3339
2521
2270
2272
461
2471
522
2456
2462
2949
2469
532
2571
82
2537
2489
2563
538
2564
544
2530
542
2547
550
543
1510
547
548
552
551
2516
2518
680
2523
2533
556
2560
2561
559
2571
561
2586
2567
3751
565
566
567
2804
569
3166
1661
2588
2577
2580
447
2818
577
578
2504
580
581
582
583
584
585
586
587
588
589
590
591
592
593
594
595
596
597
2038
599
1578
601
602
603
604
605
606
1535
2656
609
610
611
612
2675
614
615
616
617
618
619
620
621
622
623
624
625
626
627
628
629
630
631
3138
2767
3141
2788
2775
2784
638
639
2790
641
642
2795
2794
3147
2798
647
648
649
2454
651
652
2830
2833
2837
2836
657
658
2865
660
661
662
2882
2884
665
666
667
668
669
670
671
672
673
674
675
676
677
678
679
3038
3171
3026
2954
3168
1350
2962
687
688
689
690
691
2992
693
3252
695
3189
3190
3033
3066
3035
701
3045
3051
3052
705
706
3219
3328
3079
710
3193
712
713
3134
3169
1483
3175
718
719
720
721
722
723
3210
725
743
3227
728
729
730
731
732
733
734
3296
736
3384
3381
739
740
741
3318
3750
3367
3369
746
2290
748
749
3379
751
3675
753
754
755
756
757
758
759
760
761
762
763
764
765
766
767
768
769
770
771
772
773
774
775
776
777
778
779
780
781
782
783
784
785
786
787
788
789
790
791
792
793
794
795
796
797
798
799
800
801
802
803
804
805
806
807
808
809
810
811
812
813
814
815
816
817
818
819
820
821
822
823
824
825
826
827
828
829
830
831
832
833
3610
835
836
837
838
839
840
841
842
843
844
845
846
847
848
849
850
851
852
3781
3779
4934
3783
3793
3788
859
860
861
4942
4924
4909
865
866
867
3802
869
870
871
872
873
874
875
876
877
878
879
880
881
882
883
884
885
886
887
888
889
3835
891
892
893
4792
3846
896
3852
3854
3867
3865
3859
4736
3864
3868
3869
906
907
4155
909
3878
4709
912
3880
914
915
916
917
4710
919
920
921
922
923
924
925
926
927
928
3920
3918
931
932
933
934
935
936
937
938
4698
3936
188
3944
3943
3946
4829
3948
3951
948
3957
3962
3960
4870
4486
4757
4770
4021
3966
959
4642
3985
3974
962
4017
3992
3993
3987
4707
4484
3999
4004
4840
4006
4804
4805
4009
1717
183
978
4018
980
981
4027
983
984
985
986
987
4542
989
4050
4048
4109
4108
994
995
4494
997
998
999
1000
4062
4064
1003
1004
1005
1006
1007
4630
4561
1833
4112
1684
4135
4139
1015
1016
4154
4164
1017
4265
1851
1023
3999
4189
4182
1022
5418
1045
4193
1030
1031
5451
4255
4214
4260
5422
1040
4218
4220
1043
5024
4252
1044
4239
4637
1046
4250
4276
4261
4267
4275
4284
4288
1879
1055
4505
1057
4272
4850
324
4292
4301
4296
5035
1065
1066
1067
1068
2016
1070
1071
1072
1073
1074
1075
1076
1077
4325
4324
1080
1081
1082
1083
1762
1085
4346
278
1969
1089
4673
4978
1903
1908
1094
1095
1096
1097
4386
4392
4394
1101
1102
1103
1104
1761
1899
1107
1108
1747
1110
1111
1112
4606
4472
4474
4489
4517
1118
4497
1120
4541
4545
4549
4102
1125
1126
4558
1128
1129
1130
1131
1132
1133
1134
1135
1136
1137
1138
1139
1140
1141
1142
1143
1144
1145
1146
4658
1148
4727
4856
4714
4854
4646
958
3940
1156
4940
4674
1159
4938
4682
4689
4936
1164
4874
4872
5430
1168
4726
1170
1171
4739
4741
1174
4749
1176
4758
4766
4772
4783
4801
4797
1183
4853
4858
4860
1187
1188
1189
1190
4890
4891
4893
4895
1212
1196
1197
4918
1199
1200
1201
1202
1203
4979
1205
1206
1207
1208
1209
1210
5005
5426
5051
5053
1215
5055
1217
1218
1219
1220
1221
1222
1223
1224
1225
1226
1227
1228
1229
1230
1231
1232
1233
1234
1235
1236
1237
1238
1239
1240
1241
1242
1243
1244
1245
1246
1247
1248
1249
1250
1251
1252
1253
1254
1255
1256
1257
1258
1259
1260
1261
1262
1263
1264
1265
1266
1267
1268
1269
1270
1271
1272
1273
1274
1275
1276
1277
1278
1279
1280
1281
1282
1283
1284
1285
1286
1287
1288
1289
1290
1291
1292
1293
1294
5293
1296
1297
1298
1956
1300
1301
1302
4385
1304
1305
5302
1307
1308
1309
1310
1311
1312
1313
1314
1315
1316
1317
1318
1319
2887
1320
1322
1323
2595
2595
2594
2595
2414
3131
2413
1332
3133
2380
3061
5820
2442
2441
2443
2394
1510
1510
82
1510
2486
2486
2486
2486
1485
82
2284
3161
82
521
3161
26
2566
1355
1359
2565
1362
29
2468
531
1363
1510
1510
1510
1509
1370
3568
32
1370
1373
1374
1375
1376
1377
1380
37
2631
600
1382
1383
1384
1385
1386
1387
1388
1389
1390
1391
1392
1393
1394
1395
1396
1397
1398
1399
1400
1401
1402
1403
1404
1405
1406
1407
1408
1409
1410
1411
1412
1413
1414
1415
1416
1417
1418
1419
50
1419
1422
1425
1425
2648
1427
1430
1428
1429
1430
1431
52
1433
3635
1435
1436
1437
1438
1439
1440
1441
1440
1443
1444
1445
1446
1447
1448
1449
1450
1451
1452
1453
1454
1455
2361
2880
2359
1459
1460
1461
66
1468
2969
144
2941
1466
1469
2350
1473
1471
1472
1473
5696
5697
5696
5692
5540
5694
10
10
1324
536
2483
1486
2478
1489
1488
1489
1487
1491
1492
1493
1494
1495
1496
1497
1498
1499
1502
81
3769
1503
1500
1510
1510
1509
1358
87
87
2538
1461
1513
1514
1515
1516
1517
1518
1519
1520
1521
1522
1523
1524
1525
1526
1527
1530
1529
2672
1531
1532
1534
5458
102
1536
1537
1421
51
1538
1541
1542
1543
1544
1545
1546
1545
1548
1549
1550
1549
1552
1553
1554
1555
1556
1557
1558
1559
1560
1561
1562
1563
1564
1565
1566
1567
1568
1569
1570
1572
3304
1571
1574
1579
1576
1577
33
1579
1583
1581
1582
1598
1584
1585
1584
1587
1588
1589
1590
1591
1592
1593
1594
1594
1596
1597
1598
1599
119
1601
1602
1603
1604
1605
1604
1607
1608
1609
1610
1611
1612
1613
1614
1615
1616
1617
1618
1619
1620
1624
138
140
1626
2265
1628
142
2265
1630
2346
1631
1632
146
1634
1635
1634
1637
1638
1639
1640
1641
5820
5833
1644
1645
1646
1647
1648
1649
1650
1651
1652
1652
1654
1655
2581
2504
2579
2581
3164
716
3166
3164
1664
1665
1666
1664
1668
1668
1670
1671
1672
1673
1674
1679
168
1677
1118
4520
171
171
1683
4309
175
4160
4162
1686
1685
5817
4117
5815
177
4157
4156
177
4209
4206
4206
5030
1853
4207
4196
1853
4011
247
5030
1874
5028
1711
187
4257
251
1879
1718
189
1714
1029
4192
4207
5024
4207
4207
5248
5248
1942
5248
277
1728
1939
1938
221
4351
1948
1724
4350
297
1736
297
1093
1739
206
206
1744
4408
1745
1746
1747
1745
1751
1750
5468
1800
222
1754
1755
1756
1757
230
211
1759
211
5457
1766
1763
1088
1968
1767
1768
1769
1770
1771
1772
1773
1774
1777
1776
4439
1778
1779
1780
1781
193
4369
193
5250
4369
4369
1787
1794
1789
1794
217
217
1788
4368
1798
1796
281
298
1803
1977
1799
296
4372
1805
224
1805
1808
1809
5314
1811
1812
1813
1748
1815
1109
1819
1817
5311
229
1821
1822
1823
4087
4086
4572
1827
1828
1829
1147
5832
4627
1835
1833
1835
4079
1836
1839
1839
233
232
4128
4128
4146
4132
1844
5828
171
1848
4054
1852
4202
1852
236
1855
1856
1857
1858
1859
4981
1861
1862
5252
1864
1865
1866
1867
1868
1869
1870
1871
1872
4212
5024
4212
4212
4212
4210
1880
4256
252
1882
1883
1884
1885
1886
1887
1888
1889
1890
1891
1892
1893
1894
1895
1896
1897
266
4366
266
1898
4364
1909
216
5459
267
1908
1785
1782
200
1911
1912
1913
1914
1915
1916
1917
1918
1900
5272
1920
1919
1923
1924
1925
1926
1927
1928
215
1928
1931
1936
273
1932
272
5270
276
276
1940
5271
4988
234
1944
4988
1947
4435
1943
1725
1945
284
289
4391
1950
1953
1953
1966
1960
223
1959
4404
1963
1962
289
1963
289
287
1099
1968
1969
1970
1971
1972
1973
1980
1977
1975
4449
4363
1741
1743
1981
1982
1983
1984
305
305
305
304
308
3994
3980
308
1993
1994
1995
1996
1997
1998
1998
2000
2001
1999
2002
314
5822
5822
318
2008
2007
4705
2011
2012
2013
2014
5018
4295
1063
4294
4849
4846
4849
4849
2003
2023
315
2026
2026
2028
2029
2029
2031
2031
2031
2034
2035
2036
2037
2629
2039
2040
2041
2042
2043
2044
2045
2046
2047
2048
2049
336
3291
2052
2053
2054
2055
2056
2057
2058
2059
2060
2061
2062
2063
2064
2065
2066
2067
2068
2069
2070
2071
2072
2073
2074
2075
2076
2077
2078
2079
2080
2081
2082
2083
2084
2085
2086
2087
2088
2089
2090
2091
2092
2093
2094
2095
2096
2097
2098
2099
2100
2103
372
3306
2101
2105
2106
2107
2108
2109
2110
2111
2112
2113
2114
2115
2118
378
2130
379
2116
2122
3115
381
2121
2129
377
2125
385
3062
2131
2131
0
386
2134
2135
2134
2137
2138
2139
2430
2140
2142
393
2144
2145
2142
2147
2148
2149
2150
2151
2152
2153
398
2155
2159
400
2156
3019
2164
402
2160
405
2247
2165
2166
2167
2168
2169
2170
2171
2172
2183
2174
2175
2176
2177
2178
2182
2179
2181
416
2183
2184
2187
88
2187
2188
2185
2190
2191
2192
2193
2194
2195
2196
2197
2198
2201
426
2201
427
2199
140
428
429
3011
82
2480
1640
2210
2212
2210
3767
2218
2214
3767
1637
2223
436
2221
439
2260
435
2226
3145
434
443
2230
3185
443
2231
448
2233
2236
448
2237
2283
2951
2286
2284
453
2242
2256
2259
454
2248
2248
455
2252
457
457
458
456
149
2257
149
2030
2258
2030
326
2262
2287
154
460
3017
3144
2271
2271
2780
2779
464
2274
3154
465
2273
2225
2281
2278
469
2281
470
2472
2472
22
1364
2287
2288
473
2282
3119
2291
2282
2296
476
3124
2294
2301
2298
478
2315
2302
2303
2304
2305
2306
2307
2308
2309
2310
2314
2311
502
2342
2315
2316
2317
2318
2320
2839
488
2319
487
2325
3097
2325
2324
491
2329
2330
2331
2332
2333
2335
3102
498
2334
2338
2340
3103
2339
2345
501
2382
2867
2346
2347
147
2353
505
2349
499
2971
2355
1464
2354
5752
5711
2356
2357
2876
5483
5518
5754
5714
5522
5474
5503
5563
5689
5540
5788
5541
2368
2367
2362
2363
2970
2969
5803
2384
507
2381
2855
1467
508
2387
2385
2392
3056
145
3088
2393
2393
3123
2402
2419
2402
5818
5821
5805
2420
2403
2418
5759
5759
2415
2410
3150
3758
5793
2366
2373
5780
2371
2400
2401
5758
5759
2420
5697
5837
2423
2424
515
3128
2427
517
2444
2429
2432
3122
17
1338
2398
5826
5830
1332
2407
11
5819
2394
519
2395
535
3344
3339
3365
2486
2486
2269
462
2268
461
2815
2452
2519
523
522
2465
526
530
2460
2461
2520
553
2948
3178
3178
2956
2949
72
529
527
2810
3776
2474
560
2568
2486
537
3340
3774
537
1511
86
2540
2541
2541
539
2541
2492
3746
2494
2495
540
2511
2513
2514
2498
2512
1356
1510
3751
1358
2506
2507
2508
2509
2510
2546
2547
2517
2545
2297
468
2515
475
2948
2950
2270
2500
545
2522
2525
555
2527
2528
2531
2560
2559
2532
2533
2534
561
561
561
2562
2562
558
559
2543
2561
2543
2516
2515
2518
2568
2571
2568
82
82
1510
1509
2555
2556
561
2558
2559
2571
2279
2282
558
559
467
2293
562
2573
2576
3366
568
2572
568
2574
572
2588
572
2577
3749
2235
3749
2582
2583
2584
2585
576
576
576
2589
2590
2591
1352
1351
16
2434
2596
2597
2598
2599
2600
2601
2602
2603
2604
2605
3598
2607
2608
2609
2610
2611
2612
2613
2614
2615
2616
2617
2618
2619
2620
2621
2622
2623
2624
2625
599
2628
2628
2629
2631
1372
1369
2633
2634
2635
2636
2637
2638
2639
2642
2641
3624
2643
2644
2645
2646
2647
2648
2649
2650
2651
2652
607
2654
2655
2656
2655
2658
2659
2660
2661
2662
2663
2664
2665
836
2667
2668
2669
2670
2671
2672
2673
117
2675
2676
2677
2678
2679
2680
2681
2682
2683
2684
2685
2686
2687
2688
2689
2690
2691
2692
2693
2694
2695
2696
2697
2698
2699
2700
2701
2702
2703
2704
2705
2706
2707
2708
2709
2710
2711
2712
2713
2714
2715
2716
2717
2718
2719
2721
3312
111
2725
2725
1573
2726
2727
2728
2729
1424
1424
1540
36
2732
2735
2736
2737
2738
2739
2740
2741
2742
2743
2744
2745
2746
2747
2748
2749
2750
2751
2752
2753
2754
2755
2756
2757
2758
2759
2760
2761
2762
2763
2764
2220
2765
437
3138
2770
3140
2786
2772
2229
442
637
2783
2259
2778
2243
452
451
632
3139
633
425
3146
425
638
2789
639
2791
2792
2793
2327
493
2327
2794
492
3147
2799
2796
2802
2803
2804
2805
2809
649
2808
2809
2453
2451
524
2811
650
2268
2272
2818
2818
651
2820
2821
2822
2823
2825
2828
653
2827
2832
2831
654
2319
490
489
2838
2834
2372
2365
5715
2835
655
656
2842
2843
2844
2845
2846
2847
2848
2850
2854
2851
2383
2852
2853
2856
3640
659
2858
2859
2860
2861
2862
1457
509
1456
2878
2867
2868
2869
2870
2871
2872
2873
2874
2875
1463
2937
508
1468
2879
2881
504
2885
510
2889
2883
2886
664
2890
2374
2891
2892
1490
2894
2895
2896
2897
2898
2899
2900
2901
2902
2903
2904
2905
2906
2907
2908
2909
2910
2911
2912
2913
2914
2915
2916
2917
2918
2919
2920
2921
2922
2923
2924
2925
2926
2927
2928
2929
2930
2931
2932
2933
2934
2935
2936
1469
2299
477
2938
2940
2198
424
2944
2945
2946
2947
463
2950
3038
28
681
3752
2958
682
2954
684
3176
2238
23
2241
2238
2966
2963
399
2967
2968
2968
2349
2352
2964
2972
2973
2974
2975
2976
2977
2978
2979
2980
2981
2982
2983
2984
2985
2986
2987
2988
2989
2990
2991
2337
2992
500
2352
2993
2997
694
2999
3000
3004
3001
389
3004
3005
3006
3007
3008
3009
3010
3012
3180
3013
696
3015
3015
697
3191
3020
3755
698
3023
3007
459
3024
459
3029
401
3075
3030
3032
3157
450
3037
686
3034
449
3025
3039
3040
3041
3042
2151
3043
3045
1514
3046
3048
2189
3050
3051
417
3053
3054
3055
692
692
3058
3059
3058
5802
2180
415
3067
3065
700
3753
3071
3068
445
3071
3072
3073
3074
3036
3076
2120
3077
380
2124
382
3080
3083
3084
3085
2994
706
3088
3089
3090
3091
3092
3093
3094
3095
3096
391
391
3099
2341
3100
3102
2141
3104
3105
3106
3107
3108
3109
3110
3111
3112
3113
3114
3115
3116
383
709
3082
3763
3121
3122
3123
2127
384
70
1482
3127
3130
1481
5696
5695
1475
1326
2439
645
2800
2027
2027
444
711
3194
432
2213
3767
3095
10
3149
3149
5541
3153
2408
510
3155
3167
715
3158
3170
2484
2482
3339
1485
2473
716
3173
717
433
433
3168
2957
683
3344
2570
2578
573
3177
3765
2956
2956
3180
3181
2203
3182
3184
3139
151
1641
3187
152
3190
2211
431
3194
3195
3188
3196
3197
3198
3199
3200
3201
3202
3209
3204
3205
3206
3207
3208
3209
723
3211
3069
3213
3221
3215
3216
3217
726
2960
430
3329
472
1357
3224
3224
3226
3227
3228
3229
3230
3231
3232
3233
3234
3235
3236
3237
3238
3239
3240
3241
3242
3243
3244
3245
3246
3247
3248
3249
3250
3251
3252
3253
3254
3255
3256
3257
3258
3259
3260
3261
3262
3263
3264
3265
3266
3267
3268
3269
3270
3271
3272
3273
3274
3275
3276
3277
3278
3279
3280
3281
3282
3283
3284
1504
80
3287
3288
3289
3290
2104
371
3293
3294
3294
3296
3297
3298
3299
3300
3301
3302
3303
3304
3305
3308
737
3383
738
3310
3311
3312
3313
3314
3315
3316
3320
741
3317
3320
3321
3322
3323
3324
3325
3326
3327
446
3332
3330
27
3749
1357
3751
3751
3337
3338
3047
2487
2491
536
1509
3347
3366
745
3350
3368
474
447
3370
3352
3352
3351
3354
3355
3356
3357
3358
3359
3360
3361
3362
3363
3364
561
2557
2557
569
2591
577
3371
3372
3373
3374
3375
3376
3377
3382
749
3378
751
3382
3385
752
3674
3386
750
3566
3389
3390
3391
3392
3393
3394
3395
3396
3397
3398
3399
3400
3401
3402
3403
3404
3405
3406
3407
3408
3409
3410
3411
3412
3413
3414
3415
3416
3417
3418
3419
3420
3421
3422
3423
3424
3425
3426
3427
3428
3429
3430
3431
3432
3433
3434
3435
3436
3437
3438
3439
3440
3441
3442
3443
3444
3445
3446
3447
3448
3449
3450
3451
3452
3453
3454
3455
3456
3457
3458
3459
3460
3461
3462
3463
3464
3465
3466
3467
3468
3469
3470
3471
3472
3473
3474
3475
3476
3477
3478
3479
3480
3481
3482
3483
3484
3485
3486
3487
3488
3489
3490
3491
3492
3493
3494
3495
3496
3497
3498
3499
3500
3501
3502
3503
3504
3505
3506
3507
3508
3509
3510
3511
3512
3513
3514
3515
3516
3517
3518
3519
3520
3521
3522
3523
3524
3525
3526
3527
3528
3529
3530
3531
3532
3533
3534
3535
3536
3537
3538
3539
3540
3541
3542
3543
3544
3545
3546
3547
3548
3549
3550
3551
3552
3553
3554
3555
3556
3557
3558
3559
3560
3561
3562
3563
3564
3565
3566
3567
3568
735
3570
3295
3572
3573
3576
834
3609
3577
598
3579
3580
3581
3582
3583
3584
3585
3586
3587
3588
3589
3590
1532
3592
3593
3594
3595
3596
3580
3598
3599
3600
3601
3602
3603
3604
3605
3606
3607
3607
2677
613
3611
3612
3613
3614
3615
3616
3617
3618
3619
3620
3621
3622
845
3619
3625
3626
3627
3628
3629
3630
3631
3632
3633
3634
2734
129
3637
3638
3608
2364
3641
3642
3643
3644
3645
3646
3647
3648
3649
3650
3651
3652
3653
3654
3655
3656
3657
3658
3659
3660
3661
3662
3663
3664
3665
3666
3667
3668
3669
3670
3671
3672
3673
3674
3675
3676
3677
3678
3679
3680
3681
3682
3683
3684
3685
3686
3687
3688
3689
3690
3691
3692
3693
3694
3695
3696
3697
3698
3699
3700
3701
3702
3703
3704
3705
3706
3707
3708
3709
3710
3711
3712
3713
3714
3715
3716
3717
3718
3719
3720
3721
3722
3723
3724
3725
3726
3727
3728
3729
3730
3731
3732
3733
3734
3735
3736
3737
3738
3739
3740
3741
3742
2470
3743
3744
3748
2544
2542
2292
474
2566
3179
2961
2276
466
2239
3044
2370
3759
3760
3761
3762
3763
3764
1636
66
1637
3768
3380
3770
3771
3772
1628
2557
1510
3776
3780
3777
233
4959
855
3786
857
3782
3785
4963
3785
3788
860
3787
3794
3791
3794
4924
5417
3796
3797
3798
3799
856
3801
3802
3803
3804
3805
3806
3807
3808
3809
3810
3811
3812
3813
3814
3815
3817
3817
881
3819
880
3821
3822
3823
3824
3825
3826
3827
3828
3829
3830
3831
3832
3833
3834
3835
3836
3837
3838
3839
3840
3841
3842
3843
3845
4933
894
3844
3848
3848
3850
3851
3855
3854
899
3865
3855
3860
3857
902
4802
897
3856
3861
3853
3868
904
160
3868
3869
3869
3871
3872
3873
3874
3875
3876
3879
911
3879
912
3877
3884
913
4764
3885
3886
3887
3888
3889
3890
3892
4708
3891
918
2162
3896
3897
403
3899
3900
3901
3902
3903
3904
3871
3906
3907
3908
3909
3910
3911
904
3913
3912
3915
3916
3916
3918
3919
253
3921
3922
3923
3924
3925
3926
3927
3928
3929
3930
3931
3932
3933
3935
939
939
3934
247
247
247
3941
3941
3943
3941
3947
327
5443
945
3945
3950
3951
3952
3950
3956
3954
4828
307
3961
3958
952
4869
953
3965
5021
955
956
3963
4012
3970
4640
959
3973
4482
960
3972
3976
3977
3978
3983
963
964
3991
4015
3986
3985
3986
316
3984
3989
3990
2009
320
4015
3996
967
4706
3998
4483
968
3998
4005
3957
4001
971
4839
4008
973
4803
974
4006
4197
190
4848
4196
319
4016
4017
4007
4007
4018
4806
4024
4022
4811
4025
4026
4027
4028
4029
4030
4031
4032
4033
4034
4035
4036
4037
4038
4553
4040
4041
4042
4043
4044
4045
992
4046
4524
4109
993
4051
4052
4053
4051
4055
4056
4057
4058
4059
4060
4065
4062
4061
1003
4065
4066
4067
4068
4069
4070
4071
4072
4073
4074
4075
4077
4660
1002
4076
1008
4148
5776
169
5655
5590
5764
4081
5722
5721
5626
5766
5629
5630
5664
5666
5672
5682
5611
5583
5773
5743
5797
4088
5795
4684
4685
1005
4110
1005
4110
1834
1010
4111
4114
4776
4777
4775
4773
4810
4809
4169
4166
4167
4166
4118
311
4117
4121
5809
4119
5814
5814
174
1012
4136
4819
4123
5796
4137
4818
4124
4115
4116
5809
5810
5809
5814
5440
4149
4150
4151
4152
4155
998
4155
908
4153
3874
907
1693
176
1692
173
172
1687
1019
4169
1017
1017
4171
4265
1854
4171
4206
4206
4000
4509
3997
969
4189
4184
4180
4179
4190
1024
4188
1025
4191
4242
4242
4194
4194
1028
4639
1045
237
1027
4198
4198
4200
4201
4199
4267
183
1702
1032
1032
4254
4208
4211
4278
1034
4279
1049
4263
1035
4221
1037
4217
1036
5422
4236
4225
4235
4264
5030
4207
5024
5031
4230
4251
4232
4233
4264
1044
4238
4023
4237
975
4637
3999
3999
4223
4243
4245
4246
4247
4219
4248
1039
4251
1046
1039
4220
4275
1048
4277
4261
1048
4276
4276
4239
4260
4237
4267
1050
1030
4212
5024
4271
4274
4272
1051
4249
1047
4010
4010
4258
4261
972
4019
4285
4266
1053
4286
4287
5453
1057
4289
4293
4290
1062
4300
5425
5033
3966
4297
4298
4299
4302
4301
4302
4303
4304
4303
4226
323
178
4785
4310
4311
4312
4313
4314
1921
4316
4317
4318
4319
4374
4321
4324
4322
4324
1079
4326
4327
4328
4329
4330
4331
4332
4333
1760
1760
4336
4337
4338
5259
4340
4341
4342
4353
1087
4346
4438
4347
4347
1724
1723
1726
4353
4432
4354
4355
5312
4357
4358
4359
290
4359
4362
4365
1978
4448
4363
1091
4370
4980
4676
1907
1906
1910
4374
4375
1094
4377
4378
5294
1299
4381
4386
4383
4382
1298
4386
4387
4388
4389
4390
4364
300
286
4394
4393
4396
4399
203
5305
4397
4403
4401
5319
1812
1089
1802
301
1802
4412
4410
4409
4460
1090
1090
4413
4416
4417
4418
4419
4420
4421
4422
4423
4424
4425
4426
4427
4428
4433
4430
4431
4432
4434
1079
1943
1943
1941
4989
4411
4440
4441
4441
1787
1787
1735
1910
282
220
1092
4450
4451
4452
4453
4454
4453
1807
4456
222
4459
4460
4461
4462
4463
4464
4465
4466
4467
4468
1113
4033
4470
985
3953
947
4473
4476
4480
4487
4479
4481
4485
4482
3975
961
4475
1115
4488
4488
936
4491
4491
1117
4490
2797
2797
643
644
2801
4495
4500
4501
4502
4504
4504
1031
4178
4177
4507
3997
4511
4511
4512
4513
4514
4515
4517
1114
4472
1121
1121
4522
4546
1122
4545
4523
4530
4090
4098
4138
5633
4533
1124
4547
4534
4535
4536
4537
4538
4539
4540
985
985
4542
4071
4041
988
4548
4562
1127
4550
4551
4552
4032
4554
1826
4570
4555
4556
4559
4560
4561
4113
4563
4564
4565
4566
4567
4569
1830
1010
1837
1832
4573
4574
4047
991
4577
1013
4525
4580
4582
5433
4583
4584
4585
4586
4587
4588
4589
4590
4591
4592
4593
4594
4595
4596
4597
4598
4599
4600
4601
4602
4604
4605
4471
925
4607
4608
4609
4610
4611
4612
4613
4614
4615
4616
4617
4618
4619
4620
4621
4622
4623
4624
4625
4626
1147
4628
4629
982
4631
3927
4633
4634
4635
4636
968
4727
4638
4641
5427
1150
4644
4861
4643
1149
1151
3968
3971
1704
184
4653
4656
4654
4652
4656
4657
4079
309
4655
4661
4662
4663
4664
4665
4666
4667
4668
4669
4670
4671
4672
1157
1157
4673
4940
4679
4678
4937
4680
4063
1001
4681
4683
1161
4688
4686
4939
1163
4691
4697
4692
4690
4694
4695
4696
4697
4698
4699
4701
4865
1166
4704
4872
1166
4703
1165
4711
4709
1167
5429
4712
3988
966
4713
4716
4717
4718
4719
4722
4722
4842
4724
5431
4723
4648
4715
4728
4729
4730
4731
3881
4733
910
1883
161
4735
3917
929
4738
930
4742
4743
4744
4774
4774
4744
4747
1174
4745
900
4752
4905
4754
4755
4740
1172
954
4759
4760
4761
4762
4725
4764
3853
898
4765
3858
4768
901
4761
999
4771
4748
1175
4773
1179
4778
4779
4780
4781
4782
938
4784
4785
4786
4787
3101
4789
4790
4791
871
4793
4794
4795
4796
895
4798
4799
4800
1182
1665
4767
1178
903
4769
4119
4058
4808
4809
3863
1119
4499
4498
4815
235
5813
4129
5824
1849
4820
646
3990
4823
4825
951
4831
4830
943
3942
3933
4054
4833
4834
4147
4836
4838
4134
3955
1184
946
4843
4855
1854
1851
4173
4196
5420
4851
1186
4859
3949
1152
944
4645
1153
4171
1052
4291
1061
4862
5441
4639
4863
4865
4866
4867
4868
4824
317
2024
325
4871
325
3944
942
4877
4879
4873
4880
4881
4882
4883
4884
4885
4886
4895
4887
4891
4891
4891
4892
1192
4890
1192
4896
1177
4898
4900
4900
4901
1195
5013
5017
4904
188
5020
4908
4909
1191
4911
4912
4913
4914
4915
4916
1193
4918
4894
4917
4921
4922
4923
1191
4927
4925
4935
4928
4929
4930
4931
4932
3805
868
3847
853
4926
1162
3778
854
4941
4942
4943
4944
4945
4945
4947
4948
4949
4950
4951
4961
4953
4954
4955
4956
4957
4958
3849
896
4687
1158
4920
4964
4965
4966
4967
4967
4969
4970
4971
4972
4973
4974
4975
4976
4977
854
3779
4979
4675
4982
4983
4984
4985
4986
4987
4671
1156
4990
4991
4992
4993
4994
4994
4995
4995
4998
4999
5000
5001
5003
5009
5002
1210
5006
5007
5008
5009
5010
5011
5012
3967
957
5015
5425
5426
5425
1712
1710
5022
5023
4737
5025
4216
1033
5050
5027
5024
5032
1214
5052
5034
5054
1216
5038
5036
5038
5039
5040
5041
5042
5043
5044
5045
5046
5047
5048
5049
1051
1051
4273
1058
4305
1068
5056
5057
5058
5059
5060
5061
5062
5063
5064
5065
5066
5067
5068
5069
5070
5071
5072
5073
5074
5075
5076
5077
5078
5079
5080
5081
5082
5083
5084
5085
5086
5087
5088
5089
5090
5091
5092
5093
5094
5095
5096
5097
5098
5099
5100
5101
5102
5103
5104
5105
5106
5107
5108
5109
5110
5111
5112
5113
5114
5115
5116
5117
5118
5119
5120
5121
5122
5123
5124
5125
5126
5127
5128
5129
5130
5131
5132
5133
5134
5135
5136
5137
5138
5139
5140
5141
5142
5143
5144
5145
5146
5147
5148
5149
5150
5151
5152
5153
5154
5155
5156
5157
5158
5159
5160
5161
5162
5163
5164
5165
5166
5167
5168
5169
5170
5171
5172
5173
5174
5175
5176
5177
5178
5179
5180
5181
5182
5183
5184
5185
5186
5187
5188
5189
5190
5191
5192
5193
5194
5195
5196
5197
5198
5199
5200
5201
5202
5203
5204
5205
5206
5207
5208
5209
5210
5211
5212
5213
5214
5215
5216
5217
5218
5219
5220
5221
5222
5223
5224
5225
5226
5227
5228
5229
5230
5231
5232
5233
5234
5235
5236
5237
5238
5239
5240
5241
5242
5243
5244
5245
5246
5247
5249
5437
1204
1204
4442
1106
5254
5292
5256
212
4344
212
5261
5300
5262
5263
5264
5265
5266
5267
5268
279
1946
1945
1106
5273
5274
5275
5276
5277
5278
4374
5280
5281
5282
5283
1939
4347
1948
199
5287
5287
5290
5291
4395
4394
5296
5295
5297
5299
1305
5299
5307
5307
5302
5303
5303
5304
1306
4361
5308
5309
1980
4400
5312
5313
5314
5315
4457
4445
4447
1976
1092
5288
1825
5323
5324
5325
5326
5327
5328
5329
5330
5331
5332
5333
5334
5335
5336
5337
5338
5339
5340
5341
5342
5343
5344
5345
5346
5347
5348
5349
5350
5351
5352
5353
5354
5355
5356
5357
5358
5359
5360
5361
5362
5363
5364
5365
5366
5367
5368
5369
5370
5371
5372
5373
5374
5375
5376
5377
5378
5379
5380
5381
5382
5383
5384
5385
5386
5387
5388
5389
5390
5391
5392
5393
5394
5395
5396
5397
5398
5399
5400
5401
5402
5403
5404
5405
5406
5407
5408
5409
5410
5411
5412
5413
5414
5415
5416
5417
1028
4193
5419
5423
4263
4260
4020
979
4281
4864
4651
4003
970
4721
5432
4099
5434
5435
5436
1840
4120
5439
4659
2033
5834
2032
5282
5445
5446
5447
5448
1989
1702
1036
4207
4200
5454
5455
4346
4996
5458
1786
5460
5456
5462
1755
5464
5465
5466
5467
5469
5469
5470
5471
5472
5473
5573
5562
5478
5478
5698
1642
1642
5707
5481
5482
5520
5547
5508
5701
5579
5494
5489
5538
5528
5507
5543
5559
5495
2417
5479
2416
5555
5555
5554
5496
5756
5756
5499
5508
2416
5576
5569
5498
5576
5510
5552
5509
5577
5516
5513
5538
5489
5529
5524
5551
5492
5570
5570
5499
5578
5492
5532
5526
5499
5505
5570
5571
5566
5577
5488
5534
5542
5478
5698
1335
5800
1643
5545
5504
5506
5508
5506
5486
5545
5480
5558
5559
5497
5556
5700
5497
5763
5572
5572
5562
1333
5744
5543
1333
5706
5706
5702
5580
5560
5556
5562
5704
5479
5564
1334
5745
1333
5665
5680
4145
4130
4130
5812
4106
1691
5653
5677
5618
5648
5615
4126
4125
4142
5605
5596
5641
5608
4143
4127
5438
5734
5812
5823
5652
5811
5603
5603
5668
5669
4125
5811
4126
4125
5811
5686
5687
5602
5673
5685
5678
5644
5607
5645
5634
5600
5623
5656
5594
5657
5659
4142
4125
4142
5770
5616
5616
5614
4125
5614
5732
5605
5732
5635
5617
5595
5735
4145
4130
4750
4106
5784
5683
5614
4126
5614
5614
5733
5675
5587
5606
5606
4143
4807
4126
4126
5810
4145
5772
5438
4750
4127
4750
5783
5783
4127
1690
5438
5667
5669
1689
5652
5782
4127
5812
5573
5496
5561
5477
5697
5697
5697
5697
5697
5478
5758
3120
2401
2399
3061
2380
2379
5836
5836
5800
1643
5762
5481
5546
5482
5513
5517
5521
5603
5663
5631
5648
5623
5618
5661
5676
5588
2006
5801
4105
4105
4105
5817
5812
5811
5823
5810
4130
4130
4128
4128
4128
4128
4144
5585
5735
2379
2380
5836
5836
4144
4128
506
2422
5751
5710
5482
5483
2399
2401
5758
5758
5697
5697
2379
3120
5589
5777
5590
5655
5672
5666
4115
4116
5810
5809
4128
4128
2006
5801
4119
3061
5697
5696
5812
5817
5815
5822
4105
5517
5474
5522
5563
5500
5477
5697
5622
5627
5631
5664
5773
5809
2969
5822
2995
143
2402
2391
2403
3056
5808
1019
4810
4118
170
4121
4121
1161
4683
4746
2389
2403
143
2996
309
311
4167
4123
5806
2404
4166
4166
2418
2418
4079
2351
4659
4658
2351
2969
4207
4207
1510
2486
1510
4207
4210
1355
1510
4212
82
1702
