1309
2920
1310
3
4
5
6
3149
2887
3087
10
1325
1327
14
2436
1339
16
2430
5845
5845
82
21
3163
23
3222
5845
2290
3332
2953
2469
1357
1357
32
1371
34
35
36
1420
38
39
2679
41
42
2692
1390
45
46
1602
1409
49
50
51
52
53
54
55
56
1443
58
1448
3632
3630
1454
3634
64
2919
5800
67
68
69
3147
537
3774
73
74
75
76
77
3301
79
1501
3309
27
3331
1357
3331
2538
2538
65
89
90
91
92
93
94
1589
96
97
98
99
100
101
1535
103
104
105
106
107
108
109
110
3305
112
113
1600
1582
116
2686
1593
1597
1599
121
2643
123
1616
1609
1607
127
128
129
1384
1386
1615
1436
1438
135
136
137
2277
139
142
3144
3017
2993
2969
145
2347
147
1639
2030
433
151
1641
3188
696
153
156
157
3329
2208
3869
1664
162
163
164
165
166
4580
991
5835
4775
171
1681
1683
4160
1694
177
4156
178
5838
4174
1702
1703
976
4012
1704
4174
4019
188
4192
1715
1702
1702
193
1725
1942
196
197
198
1948
200
201
202
203
204
205
206
207
208
209
210
211
212
213
214
215
216
217
218
219
1794
221
222
223
224
225
226
227
228
229
230
1829
232
4960
234
1850
4254
4185
5416
4974
4947
241
242
4972
244
245
246
247
4269
182
182
4280
4259
1828
254
255
256
257
258
259
260
261
262
263
264
265
266
267
268
269
270
271
272
273
274
275
276
277
4989
1946
4436
281
282
283
284
285
286
287
288
289
290
291
292
293
294
295
296
297
298
299
300
301
302
303
307
3980
1985
4876
4706
309
310
4777
4074
313
947
314
3951
4474
4879
4878
4705
321
322
4229
324
2003
2027
316
2038
329
330
331
332
2059
2045
2050
3292
3286
2047
3258
340
341
1503
3300
2061
345
2065
3232
348
349
350
351
352
353
354
355
356
357
2080
3353
360
361
362
363
364
365
366
367
368
369
370
2102
3307
373
374
375
376
378
386
0
379
3048
381
2120
2129
2180
2135
387
388
2138
390
391
392
393
394
395
396
397
398
399
400
401
402
2161
2163
2202
406
407
408
409
410
411
412
413
414
416
2184
88
423
2188
3205
3224
2192
2194
3927
3146
3095
427
2206
3180
3329
2210
2212
3176
3167
2215
2768
2765
2219
2260
2224
2229
442
443
2231
3071
2233
3082
382
449
450
2779
2780
2244
2242
455
2263
1645
3015
3026
431
461
462
463
464
465
466
3118
3116
3078
709
1364
21
2289
2291
3124
2127
477
478
479
480
481
482
483
484
485
502
2885
2839
2320
2883
491
2327
493
3003
495
496
497
498
2337
500
2881
2344
507
2941
2349
5704
2857
1463
1457
2408
1331
2409
2424
3137
3129
2426
2432
2440
2444
3340
82
2452
2521
524
2454
526
527
528
529
530
531
542
2494
3331
2487
2487
2538
2541
558
550
539
2499
2547
2545
2512
1357
2523
2496
552
551
468
2296
2520
545
2496
2523
2490
2282
2562
541
2490
2557
3347
3332
2583
2582
542
2572
2591
570
571
2576
2578
574
2236
576
470
2281
579
580
581
582
583
584
585
586
587
588
2656
590
591
592
593
594
595
596
597
598
599
1578
601
1446
603
604
3295
2654
2653
608
609
3613
611
612
2675
614
615
2727
2694
618
619
620
621
622
623
1450
625
626
627
628
629
630
631
632
2766
2770
2769
2774
2776
2785
639
640
641
642
643
2797
2799
4497
2528
647
554
2812
651
652
2828
2322
2834
2890
657
658
2376
660
2388
662
1465
3152
665
666
667
668
669
670
671
672
673
3325
422
676
677
678
2946
680
681
3038
3178
2954
3220
686
687
3256
689
690
691
3086
2998
3252
3181
3187
3189
698
699
700
701
702
3050
3052
705
706
707
708
380
710
444
712
713
3127
3170
22
717
718
719
3238
721
722
3209
3203
3236
3328
3227
3229
3280
3284
731
732
3260
734
735
736
737
3381
739
740
3317
3319
2235
2487
87
746
2291
748
749
750
751
752
753
754
755
756
757
758
759
760
761
762
763
764
765
766
767
768
769
770
771
772
773
774
775
776
777
778
779
780
781
782
783
784
785
786
787
788
789
790
791
792
793
794
795
796
797
798
799
800
801
802
803
804
805
806
807
808
809
810
811
812
813
814
815
816
817
818
819
820
821
822
823
824
825
826
827
828
829
830
831
832
833
3610
835
836
3618
838
1585
840
841
842
1411
3615
122
846
847
848
849
850
851
852
3781
854
4934
3783
3793
858
4964
3785
861
3795
4919
1191
4945
3798
867
3802
4929
4916
3804
872
873
874
875
876
877
878
879
880
3818
882
883
884
885
886
887
888
889
890
891
892
893
4792
895
3850
3914
3855
3868
904
3860
1665
3862
3871
905
4779
907
908
3876
3891
4709
4695
3877
914
4764
916
917
4710
4763
3898
404
922
923
924
3903
926
927
4731
1883
3919
5015
5008
5006
3921
4889
2788
3931
3933
4698
3936
3939
2025
2025
4714
5443
3949
2767
3950
3956
4480
3958
4869
637
5021
3858
4806
3963
3971
4642
454
3975
962
4015
1166
4705
960
3944
3998
4000
4004
4840
4008
4767
3863
4811
1717
4847
4784
4021
4044
981
4027
983
984
4033
986
4036
985
4554
4532
990
993
4533
994
995
4053
4692
4155
4056
4060
1001
1002
1003
1004
4110
4071
4574
1008
1009
1010
1011
1012
4581
4140
4833
4812
4154
4165
1017
1852
1702
4177
4178
4184
4182
4506
5418
4190
4193
4248
1038
4216
5451
4214
4261
5423
1043
1037
1036
4262
191
4218
1044
975
4241
4218
4217
972
4276
4250
4220
4203
4267
1054
4299
4247
1056
4305
4850
2020
4292
4301
4296
1064
4024
2296
1067
4008
2017
1070
1071
1072
1073
1074
1075
1076
1077
1078
1079
1080
1081
1082
1083
1084
1085
1086
278
1088
1089
1090
1091
1092
1093
1094
1095
1096
1097
1098
1099
4394
1101
1102
1103
1104
1105
1106
1107
1108
1109
1110
1111
1112
4468
4471
633
4476
1117
1118
4499
1120
1121
992
4092
4528
1125
1126
1824
1128
1129
1130
1131
4578
1133
1134
1135
1136
1137
1138
1139
1140
1141
1142
4611
1144
1145
1146
1836
4635
3999
4856
4484
4647
4646
4649
4651
1156
1157
1158
1159
1160
4683
1162
4936
4780
4872
4871
5430
4752
4726
4898
1171
4737
4738
1174
1175
4897
1177
3853
1179
4825
1181
1182
4821
4853
4857
4860
1187
1188
4883
1190
4890
5003
4893
5002
1195
4908
4912
4918
4923
4965
5417
4943
1203
1204
1205
1206
1207
1208
1209
1210
5005
1212
5025
5034
1215
4021
1217
1218
1219
1220
1221
1222
1223
1224
1225
1226
1227
1228
1229
1230
1231
1232
1233
1234
1235
1236
1237
1238
1239
1240
1241
1242
1243
1244
1245
1246
1247
1248
1249
1250
1251
1252
1253
1254
1255
1256
1257
1258
1259
1260
1261
1262
1263
1264
1265
1266
1267
1268
1269
1270
1271
1272
1273
1274
1275
1276
1277
1278
1279
1280
1281
1282
1283
1284
1285
1286
1287
1288
1289
1290
1291
1292
1293
1294
1295
1296
1297
1298
1299
1300
1301
1302
1303
1304
1305
1306
1307
1309
1309
1
1308
1312
1313
1314
1315
1316
1317
1318
1323
7
1320
516
3148
1325
1325
1324
10
2436
14
13
11
2436
2400
5578
1333
1338
1338
2433
17
5845
5845
5845
5845
1507
1357
21
21
3163
430
1350
3331
3334
430
3331
1359
2292
27
1359
2290
3744
3744
1362
529
28
27
27
27
1357
1370
3568
32
1369
1373
1374
1375
1376
1377
1380
1379
2632
600
1383
1383
1383
1382
42
43
2691
1387
2683
1393
1392
1449
624
1395
1396
1397
1398
1399
1400
1400
64
1403
1404
1404
1406
1407
1408
47
1587
1411
1412
1413
1414
1415
1416
1417
1418
1419
1420
1421
1419
1423
1424
1425
1426
1426
1428
1429
1430
1430
1432
1433
1433
1437
1436
1437
45
1435
1442
1440
2745
59
1445
3631
2635
1444
60
1451
125
1608
1453
2687
58
1452
2358
2361
2362
1460
2917
1460
5707
5750
5744
66
1469
1468
1462
5833
1470
1471
1472
1473
2396
2396
2397
3133
3150
5827
1327
1481
1480
2472
2485
2472
2489
1487
1488
1489
1490
1491
1492
1493
1494
1495
1497
1497
1498
1497
1502
81
3769
734
1500
27
27
1357
27
1359
1355
2538
1460
65
1461
1515
1516
1517
1518
1519
1520
1521
1522
1523
1524
1525
1526
1527
1528
1529
1530
1531
1532
1536
1533
607
2652
606
1538
1539
1540
1541
1542
1543
1544
1545
1546
1547
609
1549
1550
1549
3591
1553
1554
1555
1556
1557
1558
1559
1560
1561
1562
1563
1564
1565
1566
1567
1568
1569
1570
1572
1572
1573
1574
1579
1576
1577
33
1579
1580
1580
1582
1580
1581
114
1581
1544
1588
1411
1591
2685
1591
57
1595
1598
120
1594
1583
615
119
1601
123
1603
1606
1604
3627
124
1605
126
1610
1611
1439
1613
1612
133
1387
44
1618
1619
1620
1626
138
140
1628
2266
2265
2250
3018
1632
2348
1631
1632
1629
1635
2028
1635
148
1638
151
1638
1641
1333
5704
3014
696
3014
153
1648
1649
1650
1651
1652
1653
1654
1655
1656
1657
1658
2234
1660
1661
1662
1660
1667
1667
162
1667
1668
1669
1670
1671
1672
1673
1674
1676
4579
167
1675
168
1683
171
1680
1683
1686
4160
1686
1687
1684
4750
4127
5801
4156
4156
4158
1694
5838
5838
5838
4174
4847
1703
183
4014
184
180
4226
1705
4175
1711
979
4280
251
247
1718
189
1714
1029
4192
1700
1702
1700
1700
1726
1723
195
5248
1727
1728
1729
1730
1731
1734
199
4350
1735
1736
1737
1738
1739
1740
1741
1742
1743
1744
1745
1746
1747
1748
1749
1750
1751
1752
1753
1754
1755
1756
1757
1758
1759
1760
1761
1762
1763
1764
1765
1766
1767
1768
1769
1770
1771
1772
1773
1774
1775
1776
1777
1778
1779
1780
1781
1782
1783
1782
1785
1787
1787
1788
1792
1790
1791
1793
1793
217
1795
1796
1797
1798
1799
1800
1801
1802
1803
1804
1805
1806
1807
1808
1809
1810
1811
1812
1813
1814
1815
1816
1817
1818
1819
1820
1821
1822
1823
1824
1824
1826
1829
1827
1829
4627
5835
1832
1833
1834
1835
1836
1837
1839
1839
1840
1841
5814
5814
4128
4122
4099
5824
1681
1848
1848
1032
4202
237
1851
240
240
4949
4948
1859
1860
1861
1862
1863
1865
4972
1864
1867
1868
1869
1870
1871
1872
1700
247
1700
1700
182
5844
251
4256
1879
1827
1827
231
1885
1886
1887
1888
1889
1889
1891
1892
1893
1894
1895
1896
1897
1898
1899
1900
1901
1902
1904
5459
1905
1906
1907
1908
1909
1910
1911
1912
1913
1914
1915
1916
1917
1918
1919
1920
1921
1922
1923
1924
1925
1926
1927
1928
1929
1930
1931
1932
1933
1934
1935
1936
1937
1938
1939
1940
1944
234
1944
4988
1947
4435
1947
194
1945
1950
1951
1952
1953
1955
1955
1956
1957
1958
1959
1960
1961
1962
1963
1964
1965
1966
1967
1968
1969
1970
1971
1972
1973
1974
1975
1976
1977
1978
1979
1980
1981
1982
1983
1984
1989
3994
1991
5449
3996
4707
964
967
1993
1994
989
1996
1997
3990
3990
3989
947
4823
4823
4474
5801
1831
4879
4879
4879
4873
2011
2012
2013
2014
1063
4296
1063
2018
2022
2019
1059
4849
2004
317
2003
2027
2027
2026
2026
326
2001
1998
3986
2034
2035
2036
2037
598
2039
2040
2041
2042
2039
2048
333
2044
337
3285
2051
336
3291
2049
2053
339
2055
334
3262
2060
342
3298
343
2058
2066
2063
347
3244
2067
2068
2069
2070
2071
2072
2073
2074
2075
2076
2077
2082
357
359
360
2082
2083
2084
2085
2086
2087
2088
2089
2090
2091
2092
2093
2094
2095
2096
2097
2098
2099
2100
2103
372
2103
2101
2105
358
2107
2111
2108
2110
3249
2112
2113
2114
2115
2118
2133
386
379
2118
3115
1311
3048
2122
2117
2116
377
3062
378
386
2135
2134
386
2134
2135
2136
2137
2138
2137
2140
2141
2142
2143
2144
2145
2146
2147
2148
2149
2150
2151
2152
2153
2154
2155
2156
2157
392
2159
2164
402
2160
405
2247
2165
2166
2167
2168
2169
2170
2171
2172
2173
2174
2175
2176
3104
2178
2182
2182
416
2183
2184
2184
3330
1513
3323
2922
2187
2191
3206
3225
2190
420
2195
2196
2197
2198
2199
3146
2201
2202
2200
2207
2204
429
3012
3331
726
1640
152
1637
2210
433
3168
2215
433
433
2768
2768
2220
436
436
2216
3143
3145
3155
2230
2229
2230
443
2228
3081
3336
448
3080
382
2238
2239
2240
2241
452
2780
452
453
2243
2247
2248
2249
3016
1645
3013
3016
2264
2255
2256
2255
2260
2259
2261
3138
1645
1644
3013
3191
3190
3192
2268
2815
2270
2271
2272
2274
3154
2275
2273
2225
3078
3118
3078
3078
709
3163
3163
23
471
155
155
1647
3119
3082
3119
3119
3117
3124
383
3117
2298
2299
2300
2301
2302
2303
2304
2305
2306
2307
2308
2309
2310
2314
2861
502
2345
2315
2316
2317
2318
487
2841
2320
2323
2885
2324
2325
2324
2327
2328
2329
494
2331
2332
3099
2334
2335
2334
500
2338
2339
2340
2341
2867
2881
2382
2868
504
2882
2940
2352
2351
2970
2992
499
5546
5568
5482
5514
5483
5754
5755
2356
5714
5789
2363
2366
5788
5503
5475
5691
5790
2373
2368
3131
2369
2370
2365
2838
2380
2380
3061
2840
507
488
2840
2878
2880
1467
509
2389
2390
145
2392
2395
519
2395
15
5826
1339
2399
2400
5805
2441
2394
2398
2398
2396
2407
511
13
2407
5826
2372
3133
2437
2413
2399
2401
5806
2398
5819
2398
5544
2425
514
3136
515
2423
390
2428
390
2431
2431
2140
2434
1336
16
1337
1326
2438
12
2443
2443
2429
2444
2485
2485
82
537
27
27
2453
523
2453
524
2455
2456
2457
2458
2459
2460
2461
2462
2537
72
2467
2466
2519
2466
2466
2471
2471
2473
1363
2495
542
2492
541
3774
3774
21
1509
1509
2487
1509
1355
1358
2538
558
2540
558
558
3748
2544
559
3746
544
2546
2546
2545
2513
2547
3332
27
3332
27
2522
2522
2496
2582
2523
2517
552
2515
551
3117
2281
2294
2296
2521
462
2521
2498
543
2497
2500
540
2522
545
2493
2490
2493
2522
2496
2523
2563
2491
2563
2282
2282
2562
2282
2561
2279
2561
468
2515
2518
2488
2494
3774
430
3331
27
1357
2493
2493
559
2589
2493
538
2278
2282
558
558
2291
2291
3774
2560
3366
71
2531
2533
2555
2495
2569
562
2575
2570
446
2233
2235
2297
468
469
2297
2573
568
2588
2279
2281
467
2592
2592
2595
2595
2596
2597
2598
2599
2600
2601
2602
2603
2604
2605
2657
2607
2608
2609
2610
2611
2612
2613
2614
2615
2616
2617
2618
2619
2620
2621
2622
2623
2624
2624
2626
2627
2628
2629
2632
1372
1369
2625
2634
2637
48
3629
1441
2638
2640
2641
2640
121
2644
2645
2646
2647
2648
2649
3571
2651
1385
131
130
2657
608
2657
2658
2659
2660
2661
3611
2663
2664
2665
2666
2667
2669
2708
2670
2671
2673
2673
117
2675
3625
117
2678
2679
2680
2678
2683
3637
2682
1447
602
2688
5462
63
134
2690
134
2696
616
2696
2726
2697
2698
2699
2700
2701
2702
2703
2704
2705
2706
2707
2708
2709
2710
2711
2712
2713
2714
2715
2716
2717
2718
2719
328
2720
2722
2724
2725
1573
1418
123
2728
2729
2731
5458
2732
2733
3635
2735
3638
2737
2738
2739
2740
2741
2742
56
2743
2746
3633
2691
2748
46
2695
2751
2752
2753
2754
2755
2756
2757
2758
2759
2760
2761
2762
2763
2764
632
632
2766
632
441
441
2770
2773
2229
2229
2774
442
2259
2219
2780
2780
2779
2783
2783
2782
634
634
2786
2771
2789
639
2791
2792
2793
2795
2795
2794
643
2796
492
2798
644
2532
2534
2805
2524
2524
554
542
2524
2810
2811
525
2524
554
2815
524
2804
2818
648
2820
2821
2822
2823
2825
1321
653
2827
8
490
2829
490
2886
2319
2375
2836
2374
2412
2367
656
2835
2889
2842
2843
2844
2845
2846
2847
2848
653
2854
2313
2321
489
654
655
2837
3640
2858
2859
2860
2861
2862
1456
1456
2364
2361
2870
2870
2387
2864
2871
2872
2873
2874
2875
5751
5708
2876
2877
2354
663
1466
2884
3153
510
664
2888
3151
2410
3758
2427
513
2893
2894
2895
2896
2897
2898
2899
2900
2901
2902
2903
2904
2905
2906
2907
2908
2909
2910
2911
2912
2913
2914
2915
2916
2918
3740
674
3364
2190
2194
422
2193
2925
2926
2927
2928
2929
2930
2931
2932
2933
2934
2935
2936
2422
505
2353
2350
144
2198
3927
2947
2944
2923
3230
2270
2520
2950
2951
2952
2953
2954
3038
2956
2956
2958
2960
3220
685
2962
2963
2964
2965
2966
2967
2968
5803
2995
2336
2972
2973
2974
2975
2976
2977
2978
2979
2980
2981
2982
2983
2984
3294
2986
688
2988
2989
2990
2991
500
2994
2994
2996
3057
2999
694
3255
3000
3004
3001
389
3008
3002
3006
428
695
3009
3181
456
2288
696
3188
3189
3189
3015
3190
3019
3020
3021
3022
3023
3025
3038
3025
3027
3028
3029
3030
3031
3032
3033
3034
3035
3036
3037
3038
3039
3040
3041
3042
3043
3044
3045
1514
1514
2
2189
419
3049
417
3053
3054
3055
3056
3057
3058
3059
3060
5807
378
2179
3064
3065
3066
3067
3051
3069
3070
704
3072
3073
3074
3075
3076
2116
2120
2119
2121
2123
2124
3083
3084
3085
3086
3087
3088
3089
3090
3091
3092
3193
3093
711
3194
3097
3098
2139
3100
3100
3102
3103
2945
346
3106
3107
3108
3109
3110
3111
3112
3113
3114
1311
3077
3077
3079
3080
5808
497
3122
2432
2126
2125
3130
70
3126
645
3130
2396
5827
2435
1482
3134
2800
4498
3139
3139
2232
3140
444
2213
431
2217
3141
2326
3128
714
2411
3135
518
2439
3155
3169
715
3157
3171
1507
1345
84
3163
471
3162
3165
3166
684
2958
2957
683
3179
1485
2472
520
3175
2958
3176
2471
2470
3181
473
425
3182
3184
3185
3186
3187
3187
152
152
2211
2211
3194
3195
3188
3196
3197
3198
3199
3200
3202
3202
3203
3204
722
722
3208
3209
3209
3209
3240
3212
3213
3214
3216
3217
2921
3218
3219
3221
3218
726
3328
340
3227
340
3742
727
727
3228
3230
728
3233
729
3279
3236
3239
730
3283
3240
3242
3251
3243
3245
3281
3246
3247
3248
2064
3250
2109
330
3253
3254
2043
332
3259
344
3287
732
3257
2062
3263
3264
3265
3266
3267
3268
3269
3270
3271
3272
3273
3274
3275
3276
3277
3278
2046
338
3282
733
2052
3284
1504
80
3288
3288
3289
3290
2104
371
3293
3296
735
3296
3297
3299
3299
3300
3301
3302
3303
3304
3305
3306
3307
3383
3309
3310
3311
3312
3313
3314
3315
3316
3210
3317
724
3210
3322
3324
3321
723
3320
3204
3326
445
2234
3323
2234
2234
446
3332
3332
3338
3338
3046
1509
2540
1509
1357
1509
2487
1509
1355
2487
2292
2236
474
3318
3318
742
3354
739
3356
3357
3327
3359
3360
3361
3356
746
3364
2491
2491
2563
2538
2565
2291
3371
3372
3373
3374
3375
3376
3377
3382
3379
3378
751
3382
3385
3384
3385
3386
3387
3388
3389
3390
3391
3392
3393
3394
3395
3396
3397
3398
3399
3400
3401
3402
3403
3404
3405
3406
3407
3408
3409
3410
3411
3412
3413
3414
3415
3416
3417
3418
3419
3420
3421
3422
3423
3424
3425
3426
3427
3428
3429
3430
3431
3432
3433
3434
3435
3436
3437
3438
3439
3440
3441
3442
3443
3444
3445
3446
3447
3448
3449
3450
3451
3452
3453
3454
3455
3456
3457
3458
3459
3460
3461
3462
3463
3464
3465
3466
3467
3468
3469
3470
3471
3472
3473
3474
3475
3476
3477
3478
3479
3480
3481
3482
3483
3484
3485
3486
3487
3488
3489
3490
3491
3492
3493
3494
3495
3496
3497
3498
3499
3500
3501
3502
3503
3504
3505
3506
3507
3508
3509
3510
3511
3512
3513
3514
3515
3516
3517
3518
3519
3520
3521
3522
3523
3524
3525
3526
3527
3528
3529
3530
3531
3532
3533
3534
3535
3536
3537
3538
3539
3540
3541
3542
3543
3544
3545
3546
3547
3548
3549
3550
3551
3552
3553
3554
3555
3556
3557
3558
3559
3560
3561
3562
3563
3564
3565
3566
3567
3568
735
3570
3295
3572
3573
3574
3575
2677
3577
3578
3579
3597
3581
3617
3583
3584
3585
3620
3587
3588
3589
3590
3591
3592
3593
3594
3595
3596
3597
2657
3599
3600
3601
3602
3603
3604
3605
3606
3607
3608
2677
2675
3614
3614
3615
3616
40
3626
3619
845
3624
3622
3622
2681
122
2642
2636
3626
2684
1455
1602
3629
2694
617
2751
127
1434
3636
3637
2743
3639
2377
3641
3642
3643
3644
3645
3646
3647
3648
3649
3650
3651
3652
3653
3654
3655
3656
3657
3658
3659
3660
3661
3662
3663
3664
3665
3666
3667
3668
3669
3670
3671
3672
3673
3674
3675
3676
3677
3678
3679
3680
3681
3682
3683
3684
3685
3686
3687
3688
3689
3690
3691
3692
3693
3694
3695
3696
3697
3698
3699
3700
3701
3702
3703
3704
3705
3706
3707
3708
3709
3710
3711
3712
3713
3714
3715
3716
3717
3718
3719
3720
3721
3722
3723
3724
3725
3726
3727
3728
3729
3730
3731
3732
3733
3734
3735
3736
3737
3738
3739
3352
3741
3261
3743
3744
1360
2542
2542
2561
2236
447
2292
1362
3753
3754
3755
3756
3757
1478
3759
3760
3761
3762
2393
3764
459
5480
150
3768
3769
3770
3771
3772
2265
2540
27
2495
3780
3777
3779
4959
855
3786
857
3782
859
4963
3788
3788
3789
3790
3794
3791
863
4924
864
3797
4946
865
3799
856
3803
869
4928
870
3801
3806
3807
3808
3809
3810
3811
3812
3813
3814
3815
3816
3817
3818
3819
880
3821
3822
3823
3824
3825
3826
3827
3828
3829
3830
3831
3832
3833
3834
3835
3836
3837
3838
3839
3840
3841
3842
3843
4933
4933
3846
3844
3851
3848
5416
3851
3866
900
3865
3868
3912
3867
899
4802
160
3063
415
385
4751
3868
904
3868
3869
3869
3870
3871
3873
3873
3874
3872
906
3879
911
4712
912
3878
3884
3881
3880
915
3886
3887
3888
3889
3890
918
4708
3894
4725
2160
3895
2163
403
3899
3900
3901
3903
922
3904
3905
3906
3907
3908
3909
3910
928
3913
3915
3913
3915
1884
253
5015
1884
1882
932
5006
3922
3925
932
3928
3927
3928
3930
638
921
3929
4487
4700
4701
4701
305
3940
5849
5849
2023
2025
315
2023
4862
966
2033
5443
4861
437
3953
2221
2765
943
3948
3942
4830
953
3962
3961
4485
637
955
4770
4769
3965
3964
3970
3968
4640
959
451
454
3975
2781
3896
920
3976
4702
3991
4704
1166
2007
3950
438
3950
948
4482
3953
3953
4705
1166
318
4874
942
4874
4000
3998
4000
4000
949
307
4002
971
4839
4805
4803
903
4811
4805
1716
190
4014
4848
2008
4782
978
4804
973
4806
1178
3125
3125
384
4026
4042
4027
4025
4029
4030
4031
4029
924
4034
4035
4036
4037
4039
4553
4040
4041
4045
4043
987
4625
4050
990
4050
993
4531
4051
4052
995
4051
4055
4057
4787
4057
4059
4060
4061
4062
4063
4064
4065
4066
4067
4068
4069
4070
1005
4072
4075
4074
4573
4076
4077
4078
4079
4080
4568
4568
4569
4087
4084
4087
4087
4086
4085
4089
4085
4090
5795
5717
5610
5582
5769
4094
5768
5671
4097
4098
4089
4092
5822
4105
4108
4547
4107
1009
4111
4112
1011
4111
4115
311
170
4776
4810
4809
4169
1693
4168
1693
5811
4116
5812
4121
4121
4119
4166
4166
1688
4135
4135
4819
176
4530
4161
1846
4160
5605
5614
5809
5810
5809
5809
1830
1016
4151
4815
4814
908
998
4155
3874
4153
4158
4159
1694
1692
178
1687
172
1012
4157
4157
4153
4154
1851
1852
1702
1851
1700
1700
4176
4177
4176
4176
4183
4180
1026
4506
1022
4181
4188
1025
4191
4179
1023
4189
4190
1028
1023
4190
5420
1027
4201
4198
4219
4508
4199
1039
4847
977
5024
5024
5451
5024
1879
4278
1879
1049
4258
4260
4279
5421
1040
4221
5422
5423
4238
4236
4262
4238
5452
1719
4269
4229
4243
4243
2585
4218
4238
1044
4238
3125
4023
4024
4241
4000
4241
4234
4222
4223
4243
1037
4217
4217
4217
4243
4218
4220
1036
4220
972
4007
4010
4277
4276
4276
1044
4276
4023
1039
4250
4248
1700
4269
4217
4217
4221
4220
4217
4220
974
4008
1048
4261
4007
4018
1047
1852
1050
4250
4249
4248
4287
4252
1053
4290
1062
4288
4296
1064
4296
475
476
1065
1057
1067
1057
1065
4009
4304
4306
4306
4308
4309
4310
4311
4312
4313
4314
4315
4316
4317
4318
4319
4320
4321
4322
4323
4324
4325
4326
4327
4328
4329
4330
4331
4332
4333
4334
4335
4336
4337
4338
4339
4340
4341
4342
4343
1087
4345
4346
4347
1087
4350
4351
1724
4352
4353
4354
4355
4356
4357
4358
4359
4360
4361
4362
4363
4364
4365
4366
4367
4368
4369
4370
4371
4372
4373
4374
4374
4376
4377
4378
4379
4380
4381
4382
4383
4384
4385
4386
4387
4388
4389
4390
1902
4392
4393
4394
4395
4396
4397
4398
4399
4400
4401
4402
4403
4404
4405
4406
4407
4408
4409
4410
4411
4412
4413
4414
4415
4416
4417
4418
4419
4420
4421
4422
4423
4424
4425
4426
4427
4428
4429
4430
4431
4432
4433
4434
1943
1943
1943
278
4439
4440
4441
4442
1788
1788
4445
4446
4447
4448
4449
4450
4451
4452
4453
4454
4455
4456
4457
4458
4459
4460
4461
4462
4463
4464
4465
4466
4467
4468
4469
3902
925
4470
2767
2767
633
636
2775
2772
4477
2775
637
438
2781
3998
2784
2784
635
2785
635
4490
4491
4492
4493
4496
4494
4496
4495
4497
996
4251
4245
4501
4244
4244
1038
4506
4507
4508
4000
4502
4511
4512
4513
4514
4515
4516
4517
4518
4519
4521
4048
1122
4046
4049
4047
4138
4092
4102
4138
4093
4529
1124
1123
4534
4535
4536
4537
4538
4539
4540
4472
985
4543
4109
4544
4546
4549
4548
5322
4550
4551
4552
4032
4554
1824
4556
1824
1824
4559
4560
4561
4562
4563
4564
1890
4566
4567
4572
1832
4570
4571
4572
4114
1131
4577
4575
4581
1013
4575
1132
4582
4582
1678
1858
4585
3850
4587
4588
4589
4590
4591
4592
4593
4594
4595
4596
4597
4598
4599
4600
4601
4602
4603
4604
4606
4617
4607
4608
4609
4610
933
4614
3923
5007
4615
4616
4617
4618
4619
4620
4621
4622
4623
4624
4625
4626
1837
4628
4631
4630
4631
3927
4634
4915
1143
4633
3999
968
4241
4641
5427
1150
4638
4727
4646
4637
968
3969
958
4648
185
4652
4653
4654
4655
4656
4657
4658
4659
4660
4661
4662
4663
4664
4665
4666
4667
4668
4669
4670
4671
4672
4673
4674
4675
4676
4677
4678
4679
4680
4681
4682
309
309
4684
4686
4687
4688
4689
4691
4697
909
4691
4693
940
4694
4699
1164
4778
963
4017
4871
1166
4871
4873
4872
325
4711
306
1167
5429
3937
3975
4715
4484
1168
4728
4754
4718
4722
4720
4842
4724
5431
4723
1154
968
4729
4899
1170
1148
910
4733
3893
161
1664
161
3920
4735
929
3916
4742
4762
4744
4745
4746
4747
4748
4749
5817
2181
4752
5428
4753
4896
1172
5023
4757
4740
1000
4761
4696
1169
912
3856
3852
897
3854
898
3857
4771
4056
4773
4774
4775
4773
1179
3978
962
937
1180
951
4827
938
4785
4786
3875
3101
4789
4790
4636
871
4793
4794
4795
4796
4797
4798
4799
4800
4801
160
3864
4765
2128
4766
4119
998
998
998
2128
4816
4832
4813
1183
4820
4123
5813
1695
1849
1018
1119
4473
4475
950
3959
4479
3942
3943
3944
1116
4054
4834
4836
5798
4837
4838
4134
4841
1184
4852
4843
4855
181
4170
4846
4011
5420
4849
1186
4859
1152
1152
1151
4645
1153
1851
236
4291
1061
4715
4713
4242
4863
4866
4868
2787
3932
4475
1115
317
2024
4870
2024
325
325
3960
3960
952
4880
4881
4880
1190
4884
4885
4886
4895
4888
4891
4891
5009
4889
1192
4890
5003
4759
1177
4741
930
3918
931
4902
5013
4906
1155
3938
941
4889
4910
1191
4892
935
3924
4911
934
4913
4888
1188
4894
4917
4882
4921
1189
4894
4925
4926
4927
1197
1200
4914
4931
4932
3805
868
3847
853
4937
4938
4939
4940
4942
5417
1201
4941
862
3792
1201
4950
4947
4966
4951
4952
4953
4954
4955
4956
4957
4958
3849
896
4961
4962
4920
1198
1196
4909
4922
1199
4969
4970
4944
1202
4971
1202
4975
4976
4977
4978
4979
4980
4981
4982
4983
4984
4985
4986
4987
4988
4989
4990
4991
4992
4993
4994
4995
4996
4997
4998
4999
5000
5001
5003
5003
5002
5005
4609
4609
5008
5009
5010
5004
5012
954
5014
231
5016
5019
3966
1878
5020
3859
902
4736
1034
4213
5024
5025
5024
181
5024
5031
5025
5035
5055
956
5036
5037
5038
5039
5040
5041
5042
5043
5044
5045
5046
5047
5048
5049
4220
5451
5451
5054
1068
973
5056
5057
5058
5059
5060
5061
5062
5063
5064
5065
5066
5067
5068
5069
5070
5071
5072
5073
5074
5075
5076
5077
5078
5079
5080
5081
5082
5083
5084
5085
5086
5087
5088
5089
5090
5091
5092
5093
5094
5095
5096
5097
5098
5099
5100
5101
5102
5103
5104
5105
5106
5107
5108
5109
5110
5111
5112
5113
5114
5115
5116
5117
5118
5119
5120
5121
5122
5123
5124
5125
5126
5127
5128
5129
5130
5131
5132
5133
5134
5135
5136
5137
5138
5139
5140
5141
5142
5143
5144
5145
5146
5147
5148
5149
5150
5151
5152
5153
5154
5155
5156
5157
5158
5159
5160
5161
5162
5163
5164
5165
5166
5167
5168
5169
5170
5171
5172
5173
5174
5175
5176
5177
5178
5179
5180
5181
5182
5183
5184
5185
5186
5187
5188
5189
5190
5191
5192
5193
5194
5195
5196
5197
5198
5199
5200
5201
5202
5203
5204
5205
5206
5207
5208
5209
5210
5211
5212
5213
5214
5215
5216
5217
5218
5219
5220
5221
5222
5223
5224
5225
5226
5227
5228
5229
5230
5231
5232
5233
5234
5235
5236
5237
5238
5239
5240
5241
5242
5243
5244
5245
5246
5247
5248
5249
5250
5251
5252
5253
5254
5255
5256
5257
5258
5259
5260
5261
5262
5263
5264
5265
5266
5267
5268
5269
5285
5271
5272
5273
5274
5275
5276
5277
5278
5279
5280
5281
5282
5283
5284
4347
5286
5287
5288
5289
5290
5291
5292
5293
5294
5295
5296
5297
5298
5299
5301
5307
5302
5303
5304
5305
290
5307
5308
5309
5310
5311
5312
5313
5314
5315
5316
5317
5318
5319
5320
5289
4089
5323
5324
5325
5326
5327
5328
5329
5330
5331
5332
5333
5334
5335
5336
5337
5338
5339
5340
5341
5342
5343
5344
5345
5346
5347
5348
5349
5350
5351
5352
5353
5354
5355
5356
5357
5358
5359
5360
5361
5362
5363
5364
5365
5366
5367
5368
5369
5370
5371
5372
5373
5374
5375
5376
5377
5378
5379
5380
5381
5382
5383
5384
5385
5386
5387
5388
5389
5390
5391
5392
5393
5394
5395
5396
5397
5398
5399
5400
5401
5402
5403
5404
5405
5406
5407
5408
5409
5410
5411
5412
5413
5414
5415
1200
864
4191
4193
5419
4263
4260
4261
956
4020
979
4864
4650
4003
970
4721
919
4101
5434
5435
5436
5437
4120
5439
5832
3984
1830
315
5444
5445
5446
5447
5448
3994
977
1035
1700
4219
5454
5455
4997
5457
5458
5459
5460
5461
1401
5463
5464
5465
5466
5467
5468
5469
1396
5471
5472
5473
5502
5563
2419
2402
2402
5543
5565
5498
5511
5515
5521
5554
5497
5504
5525
5535
5539
5524
5547
5558
5570
5560
5562
3763
5577
5508
5501
5561
5496
5501
5757
5508
5507
5497
2417
5489
5512
5489
5536
5490
5513
5520
5538
5491
5519
5521
5529
5523
5573
5557
5485
5532
5532
5486
5487
5551
5551
5550
5486
5549
5527
5492
5526
5492
5531
5530
5477
2404
2402
5567
5543
5575
5510
5549
5493
5558
5493
5556
5512
5498
5495
5572
5559
5495
5559
3120
2403
2420
2420
5542
5579
5580
5570
5578
5576
5576
5505
5528
2403
5555
5542
5494
5571
5488
5701
5578
5578
5632
5604
4145
4130
4130
5652
5729
5726
5725
5723
5625
5629
5640
5595
5678
5679
5619
5622
5598
5643
5656
5673
5667
5663
5731
5613
5662
5605
5664
5611
5664
5604
5617
5608
5613
5635
5678
5621
5607
5621
5655
5590
5620
5625
5722
5624
5624
5626
5591
5599
5639
5631
5628
5596
5679
5596
5644
5647
5646
5600
5635
5634
5644
5685
5597
5597
5623
5623
5666
4130
4130
5730
5727
5725
5724
5636
5641
5600
5600
5658
5724
5589
5601
5660
5657
5665
5594
5606
5438
5603
5666
4807
5652
5687
5587
5654
5654
5686
5602
5438
5593
5666
5654
5683
5684
5687
5652
5500
5475
5476
2405
5830
5830
5830
5804
5804
5806
2403
3763
2417
5508
5578
1334
5745
5745
5703
5479
5569
5552
5482
5514
5515
5484
5522
5474
5611
5633
5592
5720
5721
5767
5764
5765
5765
4083
4148
169
2005
2005
1689
1690
5605
5614
5606
5438
5809
4130
4130
5814
5814
4128
5670
5612
1333
1334
5703
1333
4128
5814
5568
5546
5482
5514
5483
5714
2416
2401
5819
5806
5830
5804
5479
3763
4081
4081
4084
4082
5612
5611
5605
5614
5810
5809
5814
5809
4083
5442
5606
5578
2396
5831
1690
1689
2005
5801
169
5715
5503
5688
5691
5475
2406
5804
5766
5794
5719
5718
5671
5809
1335
5834
5821
5802
15
2391
2442
5807
2393
4169
4120
4115
4117
4167
1019
5816
4659
5817
5818
519
5802
2390
4658
311
1693
1693
1336
5826
4167
176
15
5826
4658
2378
5832
1147
2378
1642
1703
4204
3331
27
3331
1703
1875
3332
27
182
3331
977
