386
673
1310
1313
2148
3108
1318
518
2883
3059
3097
16
2595
15
2442
2395
2429
517
1350
24
1350
1350
2238
2238
2959
24
3751
1349
450
3171
1350
1350
68
32
3603
1412
1378
3569
1528
2728
2679
1394
3635
134
43
1435
2748
1602
1409
1414
3569
2650
2648
2697
1425
54
1385
1443
2689
1448
3632
3630
1454
127
2747
2919
2993
1473
1472
3275
10
1364
1361
1488
3265
75
3278
2699
78
79
1501
3309
1350
24
1350
24
1358
1355
1513
89
90
91
92
93
1522
1589
1543
97
1524
1526
1561
2646
1421
1546
1557
1568
3590
1562
1566
3605
1570
3305
1575
1579
120
2672
1406
2686
1593
120
2682
2641
121
1417
1387
1607
124
127
128
36
1535
1540
1537
606
1612
2644
3607
137
2277
138
1627
2267
2253
2337
2352
3085
147
2299
1640
1635
150
3186
3189
153
1645
155
156
157
24
2241
1666
1828
4607
1668
4794
3886
1673
4821
4575
4683
4749
4785
4309
178
176
177
1017
4154
4156
4651
4306
4846
185
4012
3969
4650
4306
5426
1706
1153
1150
1708
324
1204
234
234
1730
1939
1771
195
5248
4392
1818
1746
4373
4445
1975
4407
4408
1749
4343
5457
4348
1766
1767
1928
5251
1091
217
220
1786
5287
298
1809
1810
5312
4410
1755
4457
1807
4462
5006
4977
4960
1839
171
5420
1029
240
1865
4949
1158
1090
4973
4986
1869
4991
1699
1708
4651
1155
187
1711
5015
5171
255
1888
257
258
259
1912
1911
1897
1895
4340
1930
4363
1785
1926
1099
4442
4336
5285
5269
273
1935
1949
276
4671
1943
4988
1733
199
1951
4392
1960
5308
289
207
4403
4362
1820
1778
1743
4461
4432
267
4445
1906
1903
4363
1975
1744
1984
3957
3996
4002
3942
4704
4061
1002
4772
4628
4075
3951
2001
3985
4823
4826
4782
4879
321
322
4306
2020
2003
1639
3987
2626
2034
2108
3249
2039
2059
2045
336
3292
3286
2047
3258
2053
2056
1503
343
2061
2064
346
347
3244
349
2068
2968
3248
353
354
355
356
3353
2083
3358
3318
2088
3356
363
3825
3826
366
367
368
369
370
2102
3307
3823
2175
3105
2112
2129
415
2133
2120
2121
3080
2127
3863
897
416
2174
2138
389
497
390
2156
2142
3023
3019
3043
3076
2153
2152
3021
3075
2249
2162
2163
2202
2169
407
2168
2860
880
2198
3906
413
414
900
904
417
418
419
3205
3224
422
2194
5036
425
426
427
2207
429
24
2211
2213
433
434
3145
3139
2768
2223
326
2227
3140
2228
2231
3142
2234
3332
3749
2236
449
2239
2243
3025
2256
2242
3092
457
2262
2264
3177
3018
2271
2950
3038
2779
2275
2275
2282
2296
3124
470
2240
2238
2289
3750
4024
4811
2964
2966
2301
2304
2308
2310
2316
2936
3764
2312
2890
2834
2839
2889
3103
2324
2339
3001
3005
2331
2332
3102
2335
3054
147
507
659
505
2971
692
2358
5820
5708
2409
14
2406
3137
2801
3130
714
3121
1331
3122
1364
1350
2948
680
2271
2268
2470
2521
2469
3752
3178
3171
522
2462
24
3163
3163
22
2564
2541
550
538
2499
2518
551
2547
1350
2523
2475
4023
2516
468
4022
2956
2512
2496
545
2461
2562
558
2461
2463
3743
28
1349
2508
566
2458
568
3365
449
2959
572
3175
3331
574
576
3370
2590
3220
2618
581
582
2619
39
38
586
1495
588
589
2717
591
592
2713
2709
1555
2623
2621
2627
113
1578
2633
1446
1373
2984
3294
102
1538
3599
96
3615
3622
2681
2675
3627
3637
2727
2694
2703
619
1649
621
622
2738
1450
625
626
627
628
629
630
631
3185
2783
3141
2785
2769
2773
2787
639
2892
1320
642
3100
2795
2326
2797
2454
648
2454
2816
651
2847
2830
2320
5523
5475
657
2845
5516
2874
2879
2930
144
2408
665
666
667
668
669
670
671
672
3351
3320
675
676
677
678
679
2954
3157
682
2957
684
2961
686
687
3255
2997
2991
3254
3058
3241
3251
695
696
3015
3755
699
700
701
3757
703
3336
3055
705
707
708
3078
496
711
3114
3109
12
715
2238
3166
3200
3198
3238
3234
3240
3209
725
3236
3222
3227
3229
338
335
3264
732
3261
734
3296
736
3384
3381
718
3357
3210
724
430
3163
20
746
3349
748
749
750
3673
3675
753
754
755
756
757
758
759
760
761
762
763
764
765
766
767
768
769
770
771
772
773
774
775
776
777
778
779
780
781
782
783
784
785
786
787
788
789
790
791
792
793
794
795
796
797
798
799
800
801
802
803
804
805
3492
807
808
809
810
811
812
813
814
815
816
817
818
819
820
821
822
823
824
825
826
827
828
829
830
831
832
833
613
3575
837
3623
3626
3626
1391
841
842
1411
40
2643
846
847
3715
849
850
851
852
3781
3777
868
3800
857
858
3788
4970
861
4945
3793
3791
865
866
1871
3802
1200
4916
3804
3807
4932
4657
3806
4589
877
878
879
5036
1211
1211
3824
5042
3822
5048
3830
888
3832
3835
891
3841
4993
4792
3846
3850
898
3858
4802
3867
5022
4735
4767
160
5049
4778
3873
3875
4697
3878
4709
4712
3877
4732
4764
3887
3890
918
919
3895
3897
922
923
924
925
3818
927
4791
3916
4901
4611
4890
3921
3924
4910
4488
3931
3933
4865
4700
1155
315
2032
4714
3946
944
437
438
3948
2772
4825
3961
636
4756
3964
3966
4903
4649
3971
454
3975
3978
4016
1166
318
960
325
4483
3998
4004
4840
4018
4021
4008
4006
4640
185
4784
5425
4028
4653
4655
4034
5439
4553
4625
4042
4040
1993
5433
4581
1123
4530
4068
4067
995
4691
4787
4059
4694
166
4065
4789
4114
4562
4110
4631
4660
4085
4659
4148
4162
174
4124
4815
4499
998
173
4154
4858
324
3997
3998
1045
4189
4509
189
4639
4864
4180
4177
1853
1851
1880
4258
1049
4262
1040
1036
1044
324
1038
4239
975
4638
1037
4220
4277
1048
4199
1039
4291
1053
1707
1055
4506
4502
1058
1059
1060
4292
4301
2017
4296
975
4023
4511
1068
1069
4430
4330
1072
1073
1859
4315
5281
1756
4433
4996
4427
4329
4331
1924
1935
4335
4348
4988
4352
4354
4676
4978
1909
1735
1756
1915
4398
4398
1747
300
1957
292
1101
4418
4416
1759
4441
1821
4453
1818
1779
1111
1112
1113
4518
633
4487
1117
4579
4053
1120
4524
993
5631
5682
1125
1126
5620
1128
1010
5334
310
4134
4585
4661
1135
1136
1137
1138
1139
1140
5036
5003
4613
5056
1145
1146
4681
4635
4484
4843
961
4644
4643
1154
5428
4668
4939
1157
4678
4938
4062
1163
853
4868
4871
4870
5430
1168
1169
4729
1171
4738
4741
4743
1174
4755
4896
4769
999
4831
4801
4797
1849
4853
4849
1186
4881
1188
1189
1190
4924
4893
4919
4886
4902
4909
4914
1198
1199
1201
4942
4944
5445
5437
1205
5065
5070
1208
5001
4895
5011
4907
1851
5030
5040
1216
1217
5215
5352
5067
5355
5247
1223
1224
1225
1226
1227
1228
1229
1230
1231
1232
1233
1234
1235
1236
1237
1238
1239
1240
1241
5369
5115
5117
5371
5120
1247
5124
1249
1250
1251
1252
1253
1254
1255
1256
1257
1258
1259
1260
1261
1262
1263
1264
1265
1266
5385
5176
5174
5387
5179
5180
1273
1274
1275
1276
1277
1278
1279
1280
1281
1282
1283
1284
1285
1286
1287
1288
1289
1290
1291
1292
1293
1294
1957
1959
4360
290
1965
1961
1971
4388
4450
1770
5309
4362
5390
2136
387
2920
2136
3106
2148
3106
3106
4
1313
2149
2888
664
2886
3149
3135
2595
2434
2595
2595
1337
15
2435
2436
1336
3057
9
3057
517
2444
517
517
24
24
24
24
1350
1350
1350
2238
2238
24
2241
24
2241
24
24
85
3334
1349
85
1356
681
681
3171
2952
450
1350
1350
1350
1350
3568
3568
32
3568
110
1377
3639
1570
1569
2632
2630
1372
600
2653
2653
607
1535
2734
2692
2690
43
2692
125
1393
1607
624
1397
1397
136
603
35
2749
1403
1388
5472
1404
1601
601
1404
1407
47
1410
1411
34
1412
1560
1416
1610
1417
1415
3571
3569
50
3571
2650
2650
2650
52
52
2730
1430
2651
2651
2648
129
2733
133
2654
1436
1439
132
2745
1442
2745
59
1445
3631
61
1444
3632
1607
2687
1607
1453
2687
58
1452
5576
5565
5536
2917
3740
1460
2996
5802
692
143
2349
2969
2970
2352
69
1473
69
3276
5806
5819
5806
5804
2404
2441
2595
2325
1325
2286
23
2286
28
1489
74
1489
1487
1492
3297
77
1493
76
1496
1497
1498
1499
1502
81
3769
734
1500
1350
1350
1350
1350
5848
5848
1355
1460
65
1461
1515
1516
1517
1518
92
1520
1519
2875
1523
97
1525
1561
1523
101
2646
2645
2672
1529
51
1423
1538
1539
51
1420
1419
37
1544
1541
1589
1587
1542
98
1545
96
1532
1532
1532
39
1556
1553
103
3587
597
1560
1558
3603
108
1563
3588
106
1562
105
109
3589
1568
109
1471
1471
1571
68
33
1579
1578
1371
1371
615
1599
2673
615
1599
120
1599
1587
1588
1411
1591
2685
1592
57
2684
1599
2684
120
1599
2683
120
1601
1601
2633
44
1617
44
1402
1607
1607
1611
35
132
1614
2647
606
43
1387
1618
1619
1620
1624
2277
1624
3773
1628
1628
142
2265
479
1631
2299
2317
1632
148
148
1637
1637
1641
1641
152
3187
692
692
1644
1645
1644
1647
1651
596
1648
2620
1652
1652
1654
1655
3223
3222
3223
2209
2962
2241
2962
2959
1829
1827
1829
4608
4793
1670
4793
165
165
3885
1671
4836
4578
1183
4834
4576
4785
4785
4309
4785
1692
1693
1694
178
4160
4774
4775
4682
4153
4153
4153
4153
324
324
324
4306
1704
185
184
1704
4648
4306
4306
4306
4306
1713
188
187
247
1699
5427
4856
4640
5427
4864
324
324
324
324
5249
5249
234
5249
1937
1939
1937
276
1938
5248
195
5248
1726
4445
4446
4445
4445
4445
301
1976
4407
1802
293
1963
1818
1756
5468
1749
205
1804
1752
294
4461
1744
294
4462
1762
1084
1762
5257
1765
210
4352
1088
210
1764
1770
210
1931
1773
1931
1727
295
1779
1776
1969
198
1772
196
5250
5250
5250
5248
4980
4980
5251
1788
1794
1788
1788
1786
1786
4367
5288
281
282
5320
4371
4449
1977
1093
1907
226
1809
226
1811
225
5313
5314
1813
4356
1756
1980
1818
1758
1758
230
4456
294
1758
302
5675
5685
5783
4609
4609
1142
4684
4683
5815
309
4658
4076
4078
309
4977
4977
233
1839
1019
1019
4121
4166
5813
4167
4055
171
4055
976
1027
1716
1185
1857
1857
4974
4949
242
4675
241
1863
4415
1867
243
1864
4985
1872
246
1868
1203
5445
1707
1708
324
1707
4651
1707
1874
187
248
231
1884
5007
254
1886
1885
254
1889
1890
1891
1892
1896
1897
264
5283
265
266
4366
266
4392
4364
216
216
216
1909
1785
4350
1785
1734
1894
4342
1911
1894
268
5268
1914
268
1899
1899
1898
1902
1925
271
4334
1085
1923
274
1928
274
273
272
5269
1932
272
5270
5271
5286
1940
5271
232
1841
4988
232
195
1943
1944
1942
195
1099
1099
4392
1099
1967
1967
1965
1089
1812
1089
1089
4401
1967
4401
4401
4401
1965
5319
1088
4352
1968
1980
207
1742
1742
299
1978
1903
4448
4407
206
4458
1887
1887
256
3994
967
3994
3957
4707
4875
4706
4707
312
4074
4073
1997
4028
948
3951
3986
3951
3990
3990
947
1161
1161
4878
1180
4878
4879
2011
2012
2013
2011
1069
1069
2017
1069
1060
1060
2021
2019
2004
2004
2002
1638
151
1638
1638
2026
3984
3987
3984
2037
328
2034
3578
2626
331
2111
3250
2041
2040
3285
333
2048
337
1504
2051
3292
3291
2049
2057
339
2053
334
3262
2060
342
2060
343
2058
2063
346
2065
2066
2066
352
2072
2071
3247
2072
2073
2074
2075
2076
2077
742
3353
2085
742
3353
2085
3362
3358
2083
2091
363
2090
3826
2091
2092
2093
2094
2095
2096
2097
2098
2099
2100
2103
372
3306
2101
364
2107
3823
375
2110
375
3105
348
3741
73
2067
2180
3914
2180
2116
377
2119
379
2124
380
2128
2125
384
3864
3862
2179
2182
2133
2181
2173
412
3361
2139
389
3099
2431
2137
395
2146
2145
3022
2159
393
2151
2150
2144
2143
5
5
2152
1315
400
3036
2157
3021
2164
402
2160
405
2247
2168
2166
2168
2871
409
3926
3927
2195
3904
3928
2177
2176
3104
2175
3866
900
3865
3913
3905
905
2185
2186
3330
2188
2189
2191
3206
421
2190
420
3818
2081
3818
359
2199
2200
2201
2202
2199
140
1624
429
3011
24
24
2210
2211
2210
431
2214
2215
2216
2217
2218
2261
2768
436
439
2027
2226
141
3143
2227
2232
2232
2231
444
3140
2235
446
3749
447
2236
449
2239
2239
449
2244
452
3026
2244
2242
2248
2248
455
2252
457
457
458
2250
2257
459
3765
2030
2255
326
151
1646
1646
154
2266
3017
460
463
463
3038
2780
2779
2273
2274
2275
2273
2277
469
2278
2296
3117
2282
2238
2238
2238
2239
1646
2287
2289
2290
2291
3749
2293
476
4024
3125
476
2300
477
2963
2300
2305
2306
481
2307
482
2309
483
2935
484
1629
485
2384
1630
2318
351
2315
2967
656
2836
2835
2841
2889
491
3098
2325
2328
2340
494
3002
495
2329
2333
6
1317
2335
6
3053
2340
3103
2249
2346
147
2857
2388
2348
2941
2938
2336
2353
499
2334
2336
3061
5821
5567
5566
5570
5494
5488
5543
5527
5486
5527
5549
5559
5560
5572
2420
5698
2402
5560
5806
5478
5562
5492
5493
692
692
3086
2837
1458
655
2365
5837
5800
1465
2355
3084
706
710
3083
3122
3123
3121
519
519
2395
3088
3087
3089
2395
3123
2394
2394
2441
2437
1329
2396
1479
2441
5495
2398
15
2405
2392
145
2395
5819
3123
5819
2996
645
646
2799
3130
515
497
2432
2432
497
3121
2432
2428
519
2443
519
2594
1332
2594
2395
2395
2395
3122
23
23
1350
1364
1350
1350
2270
2948
2270
2268
2270
553
553
2520
2467
2468
29
3179
1362
3752
2949
3178
2949
683
3179
683
2956
2240
2951
2465
2452
2457
526
531
3744
2238
23
23
3163
23
2285
2285
1510
87
1511
559
1359
3747
3748
2490
2493
2514
2517
2517
2545
2546
552
24
1350
24
1350
2525
2811
2526
2506
2528
2515
4023
2297
551
476
2280
2295
4024
680
680
2950
2513
549
2498
2497
540
2500
2501
2492
2461
2459
2811
527
545
2464
2464
2464
26
2566
26
2562
2561
2279
2543
468
2295
4022
1360
2462
1360
24
24
1350
1350
2531
2495
2478
561
2459
2463
2279
467
1359
558
2293
3751
1360
2461
1361
1364
2456
522
2573
2456
573
2577
2577
3175
2209
3332
1657
2584
578
475
1066
572
2588
2588
2591
577
3369
2960
685
1338
2433
2600
580
2598
583
2616
1494
3583
587
3593
3593
1605
3600
2608
2718
2610
2611
2612
2613
2614
2615
2617
2710
595
2619
2622
99
1565
107
2624
2634
113
113
2723
599
1370
1370
3568
2634
49
2637
48
3629
1441
2638
2639
62
2640
121
2647
2644
55
54
605
2985
3295
2649
102
1540
102
1605
3599
1605
40
844
40
3626
3614
3586
3622
3586
837
837
2671
2668
3575
3574
2645
135
2686
2675
2676
2686
2680
41
3628
2678
3637
1613
2683
1447
602
2688
1401
63
1439
1439
1612
2696
616
2696
1418
604
2697
2986
2700
2701
2703
2703
2704
2705
2706
2707
2708
609
1547
1650
2719
104
1554
2714
49
329
2035
2036
2629
2629
2628
1579
1571
1571
1418
123
1429
53
2648
1425
1379
36
1379
2731
1534
2737
2738
2739
619
619
2742
2652
1536
2746
3633
45
1437
2748
2695
617
2752
2753
2754
2755
2756
2757
2758
2759
2760
2761
408
480
2764
632
2783
632
3139
634
3141
2786
2771
2770
2770
2773
441
2259
2777
2780
682
2243
2229
2230
2774
2786
3146
425
2785
2791
640
2891
641
2793
493
2341
493
493
2327
2324
492
2794
2527
556
2804
2455
2455
2454
522
2451
2269
2815
461
2453
524
463
2271
576
2818
2818
2820
2821
2846
2823
2828
2832
2830
2827
2323
487
2319
487
2885
2839
5555
5500
5563
5551
5495
2375
5688
2370
1521
2843
2844
94
2848
658
2858
2830
502
2861
2840
488
488
5484
5491
5483
2859
2873
660
2862
2308
5498
5552
5489
5575
1457
2361
1467
5710
2872
2925
2875
662
2875
1333
5802
1335
5803
1335
1466
2350
2410
2407
3758
510
510
3153
2371
5691
2426
513
2893
2894
2895
2896
2897
2898
2899
2900
2901
2902
2903
2904
2905
2906
2907
2908
2909
2910
2911
2912
2913
2914
2915
2916
2918
741
3325
3352
2921
423
2923
2924
2926
3654
2927
2928
2929
3374
2931
2932
2933
2934
2070
350
2995
477
2964
2939
2349
882
5037
2944
2945
2946
2947
2955
2954
2955
2239
3031
2952
684
2958
2954
2957
2958
2959
2959
2961
449
2965
2965
2155
399
2154
398
2992
2337
498
2741
618
2974
2738
2976
2977
2978
67
3293
2981
2982
2701
688
3256
2987
2999
2990
2988
3253
691
2338
2338
3054
500
500
694
3242
3252
694
3001
3001
3003
3004
428
3007
428
3008
3009
3010
2254
456
3013
3014
3015
3016
3016
697
698
3754
698
139
139
3026
682
3176
3027
3028
3029
3030
3031
3031
3031
3037
3035
3034
3037
682
3039
3040
3041
3042
392
2158
3044
3048
2123
2122
3049
3050
3051
704
2150
397
397
3060
3060
3055
3055
3054
3086
900
900
3064
3065
3066
3067
3068
3069
3328
2237
3073
3076
3072
3036
394
2126
383
3077
3082
3080
3082
3072
3074
496
3058
705
3074
3085
3090
3091
388
3093
3094
3095
3096
2140
2140
2333
402
403
3
2141
2945
346
3107
3045
712
413
3111
3028
2178
702
3110
2132
3117
3124
3118
3119
3123
2332
2332
3121
3125
4811
1481
1480
70
3147
2326
2441
5806
2441
1325
1326
492
644
151
3186
3141
3141
711
3144
3192
432
3146
2325
3134
2440
5806
2439
511
1330
3154
3155
3156
3032
3158
1350
1663
1350
2238
2238
1660
3166
570
3167
3168
3169
3169
3170
23
2286
717
717
3176
3177
2956
683
3180
3181
2203
3182
3184
443
443
3188
3195
696
3190
3190
3191
3193
3193
3194
3199
3196
720
730
721
3233
3235
3236
3202
722
3226
3208
3211
3236
725
3240
3212
3213
3214
3215
3216
3217
3218
3219
685
726
2960
2960
340
3224
2055
2054
3225
727
3230
3231
3232
3235
3280
3279
341
3284
3284
335
2055
713
3112
3114
3244
3281
731
2989
690
3105
2064
374
2109
3243
693
330
2043
3257
344
3259
3260
3261
2062
3260
733
3265
3263
3269
3267
3277
3268
3271
3272
3273
3274
345
2115
2998
3000
2046
338
3282
3742
2049
335
1504
80
3287
3288
3289
3290
2104
371
376
332
3296
2042
689
3298
3299
3300
3301
3302
3303
1471
3305
3308
737
3383
738
3310
3311
2629
3197
718
3313
719
3203
724
3203
3209
3322
3207
3321
723
3317
3204
3204
3329
3223
3323
2209
430
2209
24
430
448
3081
382
23
3163
23
1350
23
3163
2285
5848
22
2504
2580
564
3319
3317
3319
3354
739
746
3357
3326
3351
3318
2082
3363
3363
2196
2464
2464
1486
535
3350
747
3371
3372
3373
2069
3375
3376
3377
3382
749
3378
751
3672
3385
752
3674
3386
3387
3388
3389
3390
3391
3392
3393
3394
3395
3396
3397
3398
3399
3400
3401
3402
3403
3404
3405
3406
3407
3408
3409
3410
3411
3412
3413
3414
3415
3416
3417
3418
3419
3420
3421
3422
3423
3424
3425
3426
3427
3428
3429
3430
3431
3432
3433
3434
3435
3436
3437
3438
3439
3440
3441
3442
3443
3444
3445
3446
3447
3448
3449
3450
3451
3452
3453
3454
3455
3456
3457
3458
3459
3460
3461
3462
3463
3464
3465
3466
3467
3468
3469
3470
3471
3472
3473
3474
3475
3476
3477
3478
3479
3480
3481
3482
3483
3484
3485
3486
3487
3488
3489
3490
3491
3492
3493
3494
3495
3496
3497
3498
3499
3500
3501
3502
3503
3504
3505
3506
3507
3508
3509
3510
3511
3512
3513
3514
3515
3516
3517
3518
3519
3520
3521
3522
3523
3524
3525
3526
3527
3528
3529
3530
3531
3532
3533
3534
3535
3536
3537
3538
3539
3540
3541
3542
3543
3544
3545
3546
3547
3548
3549
3550
3551
3552
3553
3554
3555
3556
3557
3558
3559
3560
3561
3562
3563
3564
3565
3566
3567
3570
735
3762
3294
2698
2729
3609
3610
2677
106
3604
3617
3582
845
3619
115
115
3621
3622
1527
112
1577
112
39
40
1392
41
1596
1605
3579
1605
1449
3600
3601
1565
1569
1576
1578
1381
3606
3606
2677
2675
3614
3616
40
3616
40
3626
3624
122
2642
2681
2681
2678
2643
2642
48
1392
1390
1455
1602
3629
2694
617
2751
127
2733
3607
1613
1533
3607
5492
3641
3642
3643
3644
3645
3646
3647
3648
3649
3650
3651
3652
3653
3374
3655
3656
3657
3658
3659
3660
3661
3662
3663
3664
3665
3666
3667
3668
3669
3670
3671
3495
806
3676
848
3714
3677
3678
3679
3680
3681
3682
3683
3684
3685
3686
3687
3688
3689
3690
3691
3692
3693
3694
3695
3696
3697
3698
3699
3700
3701
3702
3703
3704
3705
3706
3707
3708
3709
3710
3711
3712
3713
3714
3715
3716
3717
3718
3719
3720
3721
3722
3723
3724
3725
3726
3727
3728
3729
3730
3731
3732
3733
3734
3735
3736
3737
3738
3739
3317
3266
339
3179
3752
2951
2544
2542
2543
743
3333
3334
3171
3753
2273
466
3756
401
5696
3759
622
3768
2042
3123
2317
3765
2996
3767
3768
3380
3770
3771
3772
1626
2491
1350
2456
855
3781
3780
3849
4934
3782
3783
4969
860
3786
861
3788
861
3790
3791
4946
857
3791
3791
3796
3797
3798
3799
867
3803
869
4928
870
3801
3808
873
4931
3808
3807
3811
3812
3813
3814
3815
1211
1211
1211
1211
1211
5043
884
3824
5012
886
886
3828
5047
3831
3830
5446
3832
3829
3830
887
3834
3837
3840
3838
4990
893
3821
3824
3845
4933
894
3844
5416
3851
1858
4948
3860
898
3860
3867
899
902
901
4737
4736
4765
3853
903
4765
1665
3867
1665
1665
162
1141
3870
3876
906
3872
3876
4699
911
911
4709
3879
3878
913
913
3880
3884
3883
164
1669
3890
164
918
4710
3893
4763
3895
3896
404
2162
3899
3900
3901
3902
3903
5044
5049
5044
3817
3910
3908
4791
3911
3865
3868
3865
3870
931
3918
4612
4614
3919
935
3925
3924
935
1191
5036
5036
5036
3930
4867
921
3929
936
3981
3982
963
1989
1155
1155
1155
2000
315
2000
2023
4862
966
4862
944
4861
2219
2221
2222
2220
3947
3949
3947
943
950
1116
3959
3962
4476
3967
4757
3963
957
4758
4648
4650
958
958
2246
2245
2246
451
3976
3976
3978
4705
2010
1166
4705
318
4482
2778
3952
3985
3973
3950
3950
4878
4873
4782
4874
3941
4872
2781
2781
4483
464
4839
3956
4005
971
4841
973
4018
973
4008
4007
3970
3970
3969
3968
4782
4781
4781
4020
4020
5424
956
974
974
4805
4027
4027
4652
982
984
4030
4037
4554
4032
987
4036
4045
4044
4072
313
1004
4069
981
4656
4026
4043
1124
4582
4531
4527
4102
994
4066
995
4052
4786
997
4692
4056
4060
4693
1674
1673
166
4789
1674
3977
920
962
1129
4113
1009
4573
1007
4629
4574
4064
4064
4061
4063
1002
5817
4750
4685
5586
5678
5673
1689
5679
5635
5594
5634
5656
5667
5734
4130
4130
4145
5669
5814
5809
4128
5680
5645
5658
4682
4682
5322
4091
4549
4555
1147
5834
1830
1833
4773
1179
1175
4771
4809
4808
4810
4169
4169
4168
4776
4777
4775
1019
1019
4810
1019
1019
4161
175
4819
5824
4167
5665
176
5813
176
4776
4777
1019
4120
1019
1019
4685
4498
4152
4813
4497
998
998
4787
4155
4154
908
3874
4157
4168
177
4308
1683
1686
1017
1017
4154
4154
1185
4196
324
1185
324
324
2272
2272
464
3999
4241
4240
1023
4000
969
1028
1718
4191
4195
3999
3999
4639
4639
4863
1149
4646
190
4641
1022
4184
4183
4178
4185
4187
185
4651
4845
181
1853
4845
191
251
181
4256
4256
4258
4259
5423
4235
5421
1035
4263
4238
4264
4262
4237
1707
1707
1708
1707
649
4243
4232
1046
4237
4239
975
4009
4009
4009
968
3998
968
4236
4225
4222
4223
1037
4221
4217
4220
4223
4218
5451
4213
4202
4280
4280
4277
4257
4276
4010
975
4276
975
4202
4202
4199
324
1708
4249
4219
4272
1047
4217
1039
4010
972
4257
1048
979
5425
4202
4858
4284
1030
4200
1026
1057
4505
4293
1061
1062
4300
2018
323
1063
4298
4023
1065
4302
1067
4510
4304
4304
1068
4307
4307
4159
907
4314
4332
4310
4313
4665
270
1862
201
5276
5280
1974
4318
4324
4325
4994
1079
4323
4429
4326
890
1083
4333
4430
1083
1760
1084
1760
275
4337
1935
275
1929
4341
1929
4989
4348
4989
4988
1943
5248
5248
5249
215
215
1768
1768
1970
224
1806
1808
229
4357
228
4448
4363
1904
1791
4980
1091
4978
4978
4445
267
1735
1980
1980
1756
5309
4398
5309
1964
5309
4397
202
4400
290
4399
4390
4396
1302
4424
300
1976
4396
1960
4396
1769
1819
1745
4400
1819
1976
5319
1976
1813
4355
1801
1975
1801
1775
4440
1775
1777
4370
4673
4368
1082
4416
4417
4331
4420
4424
4389
4423
1917
1918
1927
1105
4336
1761
271
4428
1772
5461
5456
4988
4988
4988
4989
1776
1778
1789
1789
4369
193
1734
1734
1733
5459
267
4423
1109
4453
1103
4452
4418
5315
1102
1801
1753
1777
1777
4409
4463
4464
4465
4466
4467
4468
4469
4470
4471
985
2765
2767
2782
635
2772
2788
635
2769
2773
2777
451
3975
2776
4481
2788
638
4487
4493
4491
1679
1678
4496
4496
3101
4494
4494
4053
4246
2454
648
2454
2454
4177
2272
461
524
464
651
651
4512
4513
4514
4515
4519
4516
4522
4523
4046
4050
4049
4531
4533
4577
5663
5659
5670
5664
5667
5581
4097
5630
4534
4535
4536
4537
4538
4539
4540
4546
4038
4544
4547
4108
4109
5626
5625
5648
4550
4551
4552
989
1996
5683
5729
5619
5662
1011
4111
4572
5765
4563
4035
1130
4566
4616
4106
5815
4105
5816
4106
1131
4080
4135
1013
1014
4133
1013
4165
1845
4817
4151
1856
239
4584
4587
1107
1076
4590
4591
4592
4593
4594
4595
4596
4597
4598
4599
3836
4601
4602
4603
4604
4605
4606
5010
5415
5009
5003
934
4611
934
3923
986
4626
4617
4618
5057
4620
4621
4622
4623
4624
874
3809
4684
4630
4630
4655
4077
5037
4634
4915
1143
4633
4484
4484
4638
959
1150
4642
4727
4715
4643
4647
4484
4650
1154
5428
4650
916
3889
3888
4654
917
917
4063
4063
1003
4418
4453
4663
4419
4328
4666
4669
889
4987
1133
4667
4672
1157
4939
1157
4940
4679
1160
4937
4677
166
4062
4062
4062
1001
4936
4688
853
4936
4698
4698
4697
939
3936
3934
4695
1164
4866
4780
3991
978
4873
4873
4871
952
4872
325
1167
306
1167
5429
1987
3972
3974
3975
4716
4731
4718
4719
4720
4721
4722
4723
4724
4725
4726
3975
4731
1148
4728
4636
3881
4732
910
253
1883
3920
930
3917
4741
4900
3885
915
4742
4748
4747
4744
4744
4743
4774
3855
4730
4752
4754
1170
1173
4740
4759
4898
4762
4760
4696
4763
912
4766
4768
1178
4770
955
5021
4760
999
4761
4747
1174
4771
4772
937
4779
937
4783
4783
4831
938
907
4790
909
403
163
4779
4636
871
4795
1181
4800
3909
895
4798
4796
4799
1182
161
4804
4806
4803
3965
4810
4058
4058
4808
4805
4832
4054
996
235
1850
1019
4166
4168
1680
1682
4495
3953
1115
1116
4827
4489
3943
327
2025
4489
4051
4816
4820
4166
4163
1687
1684
4852
1184
4854
4842
4855
324
4846
324
3968
4012
2022
4850
4849
4854
1152
4714
4645
4645
1185
4851
4860
4860
4713
4713
1149
4646
978
4868
3183
3932
4486
4869
4870
2003
952
2024
2023
2025
1180
4826
3960
4880
1188
4882
4883
4884
4886
4886
1193
4918
1191
4894
4890
4910
1193
4924
1193
4898
4896
4899
4900
4901
4612
1176
4897
4905
1176
4905
4905
4910
864
3794
4910
4911
4912
4909
4913
1197
4920
4918
863
4963
4921
4922
4923
3794
4927
4925
4935
4930
4950
4965
4680
1159
3805
868
3847
3847
4926
4689
853
3778
4945
862
4941
865
4945
4946
4943
4943
1202
1201
4952
4961
4951
4953
4954
4955
4956
1075
3848
896
4686
4674
3786
1198
5417
5417
4967
4968
1870
245
3798
4971
4973
4972
3839
892
4586
854
3779
4979
4674
1203
4984
5074
4985
4986
1866
232
4671
4992
1206
5068
1207
3833
1156
4438
4438
4884
4999
4998
1187
4887
4893
4886
1211
4891
3922
1192
1192
4895
4886
5011
1177
4902
933
4902
4904
1195
4906
941
1172
4739
929
181
252
4845
4171
4845
324
4844
4228
4857
1054
5034
1064
1211
1211
1211
5000
5040
5039
1209
5012
5036
5036
5036
5041
1215
881
4202
4203
4265
5053
5054
5055
872
3810
5058
5059
4321
5061
5062
5064
5351
1219
5063
1218
5069
5353
1221
5071
5072
5246
1220
5075
5076
5077
5078
5079
5080
5081
5082
5083
5084
5085
5086
5087
5088
5089
5090
5091
5092
5093
5094
5095
5096
5097
5098
5099
5100
5101
5102
5103
5104
5105
5106
5107
5108
5109
5110
5111
5112
5114
5368
1242
5113
1241
5119
5370
1245
5118
5122
5123
1247
5125
5127
5127
5126
5129
5130
5131
5132
5133
5134
5135
5136
5137
5138
5139
5140
5141
5142
5143
5144
5145
5146
5147
5148
5149
5150
5151
5152
5153
5154
5155
5156
5157
5158
5159
5160
5161
5162
5163
5164
5165
5166
5167
5168
5169
5170
1267
5175
5172
1270
5388
1271
5121
5177
1243
1246
5182
5386
5181
5184
5185
5186
5187
5188
5189
5190
5191
5192
5193
5194
5195
5196
5197
5198
5199
5200
5201
5202
5203
5204
5205
5206
5207
5208
5209
5210
5211
5212
5213
5183
1269
5214
5217
5218
5219
5220
5221
5222
5223
5224
5225
5226
5227
5228
5229
5230
5231
5232
5233
5234
5235
5236
5237
5238
5239
5240
5241
5242
5243
5244
5245
5216
255
5437
1840
5249
4979
218
4442
4396
4396
1957
5258
5285
5258
4358
4358
4360
5307
1967
1967
4399
4397
4338
279
1946
1945
1899
1746
288
1745
1967
4402
4422
1974
293
227
1757
1934
1940
4436
195
1949
5286
5287
4342
1770
4396
1957
5309
4398
287
1962
5309
1961
4358
4358
291
4397
4397
4400
4362
4358
1769
1961
1742
1817
1970
1970
4440
4410
1102
282
5287
1978
267
5287
5646
5323
5324
5325
5326
5327
5328
5329
5330
5331
5332
5333
875
5335
5336
5337
5338
5339
5340
5341
5342
5343
5344
5345
5346
5347
5348
5349
5350
5173
1268
5354
5389
1307
5356
5357
5358
5359
5360
5361
5362
5363
5364
5365
5366
5367
5368
5369
5370
5371
5372
5373
5374
5375
5376
5377
5378
5379
5380
5381
5382
5383
5384
1248
5128
1244
5116
5178
1272
5391
5392
5393
5394
5395
5396
5397
5398
5399
5400
5401
5402
5403
1983
5404
5406
5407
5408
5409
5410
5411
5412
5413
5414
1211
4947
3795
4863
4864
4641
4260
4261
4261
5018
1212
5020
4856
4753
4001
970
5431
5432
4131
5434
5436
1821
233
4810
980
4681
3988
4685
3987
1757
5066
5446
5447
5405
967
1155
4214
324
1026
5454
5455
4344
4346
1422
193
2036
1086
1400
4461
4461
5466
5470
5467
1796
1796
42
1731
5467
4461
3120
2403
2403
2403
2393
3056
3056
3061
5779
5499
5507
2401
2391
5818
5818
2399
5701
5508
2401
5805
5807
2393
5808
145
2400
2389
3763
5808
3763
3763
145
2389
2391
2391
145
2400
2400
2416
2399
5756
5578
5499
2416
5508
5504
5508
5508
5757
5497
2417
2417
5818
5818
5818
5818
2417
2401
2417
2391
5805
2399
2399
2399
2416
2416
5508
2403
2403
2393
2390
3056
5821
2400
5805
5805
5805
2401
2401
2400
2400
5808
5808
5805
3763
2391
2393
2393
2393
2393
2403
2390
2390
2390
2390
5821
5821
2389
5818
2393
3763
2403
5807
5807
5818
2392
2390
2390
4807
5438
4121
4121
4119
170
4746
4685
5817
4127
5605
5614
4126
4116
4115
4115
5811
4142
5614
5811
5823
4117
4119
5810
170
311
5812
4118
5438
5438
5438
5438
4118
4118
311
4115
4118
4127
5812
4127
4127
4142
4125
5770
1690
5608
4142
5614
5608
4143
4126
4143
5733
4115
4115
5811
5811
4126
4125
5823
5811
4116
5811
5811
5811
4125
4125
4125
5809
4121
4121
4746
1161
4745
5817
4116
4116
5823
5823
5823
5817
5817
5823
4126
5823
5810
4116
4116
4120
4119
5810
4119
170
4117
4745
4745
4745
4115
4117
4119
4126
5810
4745
4117
5812
170
170
5763
5572
2403
2403
5806
5806
5806
5806
2403
2403
2393
2393
145
2392
9
3057
3057
3057
2996
3056
5821
3061
1334
5579
5570
5487
5507
5497
5438
4807
5606
5613
5617
5605
1690
4750
5817
4685
4685
1161
1161
1161
4746
170
4118
311
4120
4120
1019
1019
1019
1019
4121
4121
4121
5809
3057
3057
2996
692
4121
4121
5821
3061
5567
5579
5570
5487
2392
145
2393
2403
5806
5819
2996
3123
4750
5817
5605
5731
4130
4807
4776
311
4120
1019
1019
1019
4685
4685
4120
9
5806
5806
170
4746
1161
1161
1161
5486
5699
5559
2403
5572
5806
5819
5595
5616
5606
5778
5809
1019
692
4681
2994
2994
2395
710
2395
706
3122
4810
4809
4773
1175
4169
4169
1001
1001
4748
3084
3123
2992
3086
4063
1179
4169
4168
519
519
4169
1019
519
2394
4681
2992
4681
4683
2993
2993
324
4651
24
1350
24
185
1707
24
1350
4651
24
4651
