0
1
1310
1312
4
3108
1316
2888
2887
706
10
1332
2438
1479
2437
2441
1338
2429
1348
1348
1509
2284
3163
2283
23
84
2293
1358
3745
3743
1509
1509
1574
32
105
1414
1578
1370
38
1529
1391
125
129
1439
2690
1437
5466
1406
1407
1561
3569
1422
1425
1427
2730
1428
1383
1445
3633
3630
616
1602
2745
2750
2748
65
5803
67
1471
3276
3134
2489
3774
1488
3263
1499
76
77
3288
79
80
81
1358
3162
1509
1507
2538
2565
65
89
90
91
92
93
94
1541
1542
1527
3587
2621
99
101
37
1556
2713
1563
3578
2623
1565
1577
3589
3305
1576
2628
120
1582
1525
48
2685
2684
2683
1454
121
1603
2747
1400
64
2752
2716
3606
2734
36
1536
1385
133
1614
109
137
2273
139
3773
2224
2267
2337
2351
710
501
2940
3765
459
3176
2028
1637
3189
3190
3015
156
157
27
1347
160
1666
162
163
164
165
166
4580
4525
5440
4775
171
172
173
1685
4160
4167
4156
178
5020
5020
1879
1709
4211
247
5017
5020
4019
5426
5418
1717
1709
1709
1726
1941
1941
196
1931
198
194
1724
1898
202
203
1737
205
1802
1744
1753
1749
210
1079
4996
213
214
1929
1782
1786
217
220
1787
221
1752
223
224
225
226
227
228
229
230
231
4670
4960
232
235
4213
5451
238
239
240
4962
1090
243
244
245
246
1710
1710
5020
1212
4280
4257
1884
254
255
256
257
258
259
260
261
262
263
4338
1896
4363
1908
268
269
1106
4428
1086
1936
1934
4339
276
277
4989
1946
4347
4447
1733
287
1099
285
286
1962
1972
4402
290
291
292
1756
294
295
1736
297
204
1903
1978
1799
1981
303
4002
1989
306
3954
967
4078
310
4777
4074
4072
3984
5441
966
314
4872
4016
4874
321
322
5018
188
2032
2255
4861
3312
2718
2040
3250
2042
333
334
335
336
337
338
339
340
341
342
343
344
2067
2065
3232
3245
349
350
2968
352
353
354
355
356
357
358
359
357
361
362
363
364
365
366
367
368
369
370
371
372
373
374
375
2114
2117
2133
2121
2121
381
2123
377
2129
3062
386
387
388
389
2431
2140
392
393
394
395
396
397
2153
2155
400
401
402
2161
404
2202
2822
2166
2168
409
410
411
412
413
414
2181
416
88
2922
2185
3207
3206
2192
2194
3927
2199
3094
427
2204
3011
27
3767
2214
2958
3167
3167
439
438
454
453
3154
3185
3139
151
3186
445
3749
3119
448
2239
450
2781
2780
452
451
455
2266
697
3192
3025
3145
2816
2815
2270
2272
3157
466
470
469
3117
3118
2473
2284
2287
2290
3124
3124
2964
2966
2299
2303
481
482
483
484
146
2851
2841
2840
2321
2323
491
2799
493
3002
495
496
497
3102
2334
2338
2385
2382
659
2941
2353
5802
2360
1464
5481
510
2407
2415
513
514
3128
516
3123
3153
2393
537
1509
522
2452
2454
525
2456
527
528
2461
2457
2462
2496
2494
3162
2491
2491
2540
2564
2541
2514
2490
2499
2546
2545
2511
1509
2500
540
2517
551
2516
2515
2467
2497
540
2500
538
467
558
2494
538
557
2536
1358
544
2498
2496
2533
2564
3164
159
2586
2575
446
3749
2587
2282
468
1659
580
581
582
583
584
585
586
587
588
589
590
2610
592
593
594
2618
2036
597
2629
3305
1371
2624
1409
3603
2649
3295
1538
1379
608
1547
40
611
612
1590
1616
1613
1417
2726
618
619
2712
1399
622
623
5462
625
626
627
628
2759
2761
2764
436
437
3141
638
2784
633
3183
2913
2790
641
642
2795
2801
3126
3137
2523
2807
2523
650
2819
652
2826
489
2837
2836
657
658
5513
660
2878
662
1465
2884
665
666
667
668
669
670
671
672
673
3325
2923
676
677
678
679
2948
3752
3038
3178
2954
2960
2962
687
3256
2987
690
3254
500
2998
3252
695
152
2213
698
699
700
701
702
703
3052
705
3059
707
708
3079
3085
3195
3114
713
3135
3170
3339
3174
718
719
720
721
722
723
724
3211
3331
3227
3229
729
730
3281
3257
3742
734
3296
736
737
738
739
740
741
742
3751
86
87
746
2291
748
749
750
751
752
753
754
755
756
757
758
759
760
761
762
763
764
765
766
767
768
769
770
771
772
773
774
775
776
777
778
779
780
781
782
783
784
785
786
787
788
789
790
791
792
793
794
795
796
797
798
799
800
801
802
803
804
805
806
807
808
809
810
811
812
813
814
815
816
817
818
819
820
821
822
823
824
825
826
827
828
829
830
831
832
833
1590
841
3581
122
838
1596
840
841
842
1587
2679
121
846
847
848
849
850
851
852
3781
3779
4934
3783
3793
858
4964
860
861
3795
4924
4910
865
866
867
3802
4929
4916
3804
872
873
874
875
876
877
878
879
3817
881
882
883
884
885
886
887
888
889
890
891
892
893
4792
895
3850
3914
3855
160
3912
3860
4802
3862
904
905
906
907
908
909
3881
911
912
913
914
915
916
917
918
919
3898
921
4514
4539
3901
3903
926
927
4731
4735
3918
4614
932
933
3924
3925
3930
3978
3932
4701
3936
5018
5443
3945
4644
3949
4852
3952
960
4839
4486
4870
317
1115
5021
3858
4806
3963
3968
4640
3974
4483
962
4017
4875
1165
4715
943
3999
4509
4720
4842
4008
4803
3863
4024
4197
1712
978
4021
1997
981
982
983
984
4033
986
987
4542
989
4532
4047
993
4533
994
4496
4495
997
998
999
1000
4062
4064
4654
4560
4110
4071
4574
1008
4548
1837
4556
1012
1013
1014
1015
1016
4154
1018
4169
4213
1712
4183
4179
4180
4217
4507
4185
4184
4188
4221
4243
4278
4278
4256
4260
4263
4236
4222
5422
4264
1710
4223
4264
4237
4190
4223
5421
4010
4261
4221
5421
4254
1047
5426
4225
4243
4252
4263
4849
1707
4290
4300
3963
956
4023
2297
4302
4006
1063
1070
1071
1072
1073
1859
1075
1076
1077
4323
4324
1080
1081
1082
1083
1762
1925
4346
4989
1088
1089
4676
1204
4371
4446
1094
1917
1096
5295
1098
5319
1100
1101
4410
1103
1104
4429
4366
1107
1108
1109
1110
1111
1112
4468
4471
947
936
4604
1118
4498
1120
1121
4524
4527
4528
1125
1126
4557
4552
4113
1130
1131
4578
1133
1134
1135
1136
1137
1138
1139
1140
1141
1142
4613
1144
1145
1146
4658
4635
4637
1715
4727
4646
4195
4648
1195
4668
4940
1157
1159
4938
4682
4689
4936
1164
942
2025
5431
4730
4753
4899
1171
4737
4741
1174
1175
4897
4756
3853
1179
4783
1181
1182
1183
4855
5024
4859
1187
1188
1189
1190
4890
5003
4893
5002
957
4908
4914
4918
1199
4950
5417
1202
1203
5249
1205
1206
1207
1208
1209
1210
5005
5424
4278
4257
1215
973
1217
1218
1219
1220
1221
1222
1223
1224
1225
1226
1227
1228
1229
1230
1231
1232
1233
1234
1235
1236
1237
1238
1239
1240
1241
1242
1243
1244
1245
1246
1247
1248
1249
1250
1251
1252
1253
1254
1255
1256
1257
1258
1259
1260
1261
1262
1263
1264
1265
1266
1267
1268
1269
1270
1271
1272
1273
1274
1275
1276
1277
1278
1279
1280
1281
1282
1283
1284
1285
1286
1287
1288
1289
1290
1291
1292
1293
1294
1295
1296
5302
5262
1956
1300
1301
1302
1303
1304
5298
5306
1307
0
0
1310
0
1314
1312
1314
5
1313
1313
1318
7
2887
1321
1322
7
11
11
1331
1326
1329
3133
2409
1330
14
5821
2390
5802
1339
1339
17
2443
1348
1348
84
1348
22
22
2284
3163
1510
2285
2284
84
1347
5846
1507
2566
2566
1358
26
2565
529
3744
3743
529
2473
1348
1348
1348
1509
3568
3568
32
3568
105
3603
1567
109
105
1371
1369
1371
1371
2732
1383
1383
2732
2733
1438
45
2691
134
1607
1607
1607
2688
603
1397
136
34
1398
5467
5472
2748
5467
2625
2633
1525
1406
1588
116
97
1587
108
1561
108
1611
1611
2633
1610
1370
1370
1372
1422
1422
1425
2650
54
1432
54
1426
1432
52
1424
3607
3607
1436
1386
1436
133
2744
3632
3632
617
61
3629
2727
47
2637
2694
124
1401
1402
3634
127
3633
3634
5576
5569
5512
1460
1460
1460
2380
5746
5802
2969
144
66
5836
2970
1473
67
1470
3293
5793
5759
5692
2373
2371
5781
12
1482
2440
2487
2487
537
3774
3265
74
3290
1489
1491
1492
1493
1494
1495
1497
1497
1496
78
1500
1501
1502
1503
1504
1348
1348
1509
82
26
26
2539
1459
65
1461
1515
1516
1517
1518
1519
1520
1521
1522
1526
1527
1526
99
597
1528
101
2672
1582
1532
1421
1419
1379
1538
1539
2632
1420
1380
98
1546
1541
1524
103
1556
103
1545
1552
1550
1549
3591
1553
2714
1556
1553
1557
108
1561
1565
3602
1564
106
3577
107
1562
3589
3588
3589
3589
3304
3304
1572
68
2725
2723
1579
32
1573
2683
615
135
2683
615
120
615
1524
1523
1544
602
1446
602
1447
44
2682
1390
1617
2683
2692
2684
2633
601
2634
1388
1616
1388
64
1402
1402
1413
49
3638
1439
3638
2652
2691
2691
1618
1619
1620
138
1622
138
2277
141
2225
1628
141
2346
504
2938
1630
2343
3177
3177
3177
3177
1634
1635
1637
148
5802
5802
3190
3190
3190
3189
620
2719
2711
1649
1652
1653
1654
1655
3332
3333
446
743
1661
3164
1661
159
1667
160
1666
1667
1668
1669
1670
1671
1672
1673
1674
1676
4579
167
1678
168
1680
1681
1682
1683
1684
175
1686
1687
1688
5817
5812
4105
177
4168
1694
1692
5020
5020
5020
5020
1712
1710
1879
1712
188
5020
1212
1212
5020
4281
979
4280
4281
5426
1027
5419
4197
1027
4188
1710
1709
1710
1710
195
195
1941
1942
1727
1728
5284
1730
1731
1948
1948
4351
4350
1738
205
1738
297
1736
4408
4406
4458
222
1748
1746
1747
1814
1751
1110
1751
1803
1749
1755
5464
302
1757
1758
4433
1761
4433
211
1763
1764
1765
1766
1767
1768
1769
1770
1771
1772
1928
1774
1775
1776
1777
1778
1779
1780
1781
1785
193
1785
1724
193
193
1783
1788
1794
1788
1788
1787
1787
4367
1796
1797
1798
1803
204
1804
298
1740
1740
1805
1806
1807
1808
1809
1810
1811
1812
1813
1814
1815
1816
1817
1818
1819
1820
1821
1822
1823
4086
4085
4568
1827
1827
1827
5835
5834
1830
1833
1834
1835
4658
1147
4977
4977
1839
232
4144
4144
5651
4818
4099
4817
1849
4820
1850
4211
4216
4211
252
1855
1856
1857
1858
242
4981
1860
1863
4415
1867
1865
1866
1867
1868
1869
1870
1871
1872
1710
1710
1710
1710
5020
5426
187
4280
187
1828
1828
231
1885
1886
1887
1888
1889
1890
1891
1892
1895
1894
1895
264
1893
4364
4363
266
4391
300
267
1909
1906
4373
1910
200
1784
1735
1911
1912
1913
1914
1915
1916
1917
1918
1900
1900
1920
201
1923
1924
271
1926
1927
1930
265
5283
274
1935
1932
275
5259
272
1940
1938
273
5269
4988
1841
4988
4988
4436
280
1943
1725
1947
289
289
4403
1951
1953
1953
1966
1957
1958
1959
1960
1963
1962
5310
1963
289
287
4401
1968
1969
1970
293
1973
302
1980
5320
1801
4372
4449
1744
1741
4459
1982
1983
1984
304
5449
1986
304
307
4828
1990
307
1993
1994
1995
1996
312
3987
3987
966
3988
316
316
3986
4105
5440
4872
4872
4874
4872
2011
2012
2013
2014
4296
4296
3967
1063
1708
323
324
4175
2000
2000
2033
149
2030
2257
2257
2256
4862
4862
4862
2035
3312
329
2035
2629
2041
3250
3275
69
2039
2044
2045
2046
2047
2048
2049
2050
2051
2052
2055
340
2055
2056
2057
2058
2059
2060
2061
2062
2066
2063
347
3244
3244
2068
2069
2070
3247
2072
2073
2074
2075
2076
2077
2079
2079
358
2079
357
2083
2084
2085
2105
2087
2088
2089
2090
2091
2092
2093
2094
2095
2096
2097
2098
2099
2100
2101
2102
2103
2104
2105
2106
2107
2108
2109
2110
3249
3246
3246
73
348
2118
378
2130
2121
2116
2121
2121
381
2121
2129
377
377
2129
3062
2131
2131
0
386
2134
2135
2136
2137
2138
2139
390
2141
2142
2143
2144
2145
2146
2147
2148
2149
2150
2151
1315
5
2152
1315
2156
2157
2158
2159
2164
402
2160
405
2247
2169
406
2165
409
2846
2170
2171
2172
2173
2174
2175
2176
2177
2178
2182
2179
416
2182
2183
2184
2187
1512
3330
2922
2187
2191
3205
421
2190
420
2195
2196
2197
2198
2201
426
3184
427
2199
1624
2205
140
1625
1357
5845
2218
3767
2218
2214
3168
684
3167
3168
3176
2777
2222
2778
2245
2259
3155
2227
434
3155
3186
3185
3139
3186
443
2233
2234
2292
2236
2237
2240
2239
2286
2238
2243
2779
452
2243
451
2247
2248
2249
460
3018
3018
460
2265
3024
3025
3026
2256
2244
2256
2259
697
697
3191
3143
3144
435
2269
2815
2269
2268
461
465
3156
2275
2276
2274
3116
2281
3117
3116
3118
3163
3163
2283
471
3016
2264
3013
3119
3119
2291
2291
3117
3124
3117
469
477
2939
2963
2300
2306
408
2304
2305
2871
2307
2308
2309
2310
2342
2314
502
2867
478
2316
2298
2967
2320
2839
488
2319
487
2324
2325
2326
492
2328
2330
2330
2331
2329
494
2335
1317
2335
2334
6
2339
2340
2341
2868
2881
2857
2388
2882
663
2940
499
2349
2352
2337
2336
5479
5744
5575
5576
5571
5576
5571
5575
5518
5484
5713
5714
5715
5688
5689
5690
2368
5790
2367
5476
2370
2372
2362
2365
2996
2996
2996
2384
2865
2384
2855
2937
1462
508
2876
3088
3087
145
3088
2393
2394
3123
5806
5804
5806
2389
2390
5805
2403
2403
2402
2402
2418
512
2410
1477
2890
2405
2838
3150
3132
1478
2389
2401
2420
2418
2403
2418
2380
2423
2424
2425
3148
2427
2432
517
2428
497
3122
2430
2433
15
1337
2396
511
2408
2439
5819
2394
519
2395
1509
1509
1509
537
1348
1348
2455
522
2451
525
2455
2458
2458
2458
2459
2459
528
2460
528
2463
522
2457
2452
2466
526
530
2465
3340
2473
2492
2496
2492
2494
2494
3774
2284
1511
86
2491
1511
1359
87
2538
2541
559
559
2541
3747
3748
539
3746
544
2513
2546
550
2511
2513
82
1348
82
1509
2500
2500
2499
2498
2500
2546
2546
2517
2545
468
468
2515
2297
2452
2521
523
2498
2498
2497
2500
2499
2500
2497
3746
2490
2493
2500
540
2500
539
2488
539
2562
467
2562
2562
2561
2561
2543
551
2517
2515
3774
2494
3774
3162
3162
1348
1509
3746
2493
2490
3748
2493
538
2279
467
558
2541
2290
2290
3774
2494
2535
3340
2492
542
2559
2492
562
562
2576
2567
3751
3749
3751
2517
551
2297
2517
2573
568
2587
2543
2278
558
1351
1353
2436
2595
2596
2597
2598
2599
2600
2601
2602
2603
2604
2605
2655
2607
2608
2609
2610
2611
2612
2613
2614
2615
2616
595
2618
2619
1649
2621
2620
2036
1526
1526
2722
2722
111
2629
1371
3568
3568
100
100
1407
1408
1405
1448
59
2638
58
2639
2641
2736
1614
2644
1533
2650
605
3571
2648
1540
1379
1540
2655
2656
2655
3626
40
2660
1596
3626
2663
2664
2663
842
2667
1548
609
841
1543
2672
1612
3625
2685
1411
843
3628
1391
1452
2680
134
134
43
2635
48
1403
1403
2751
1435
1437
1439
1416
1418
1416
1416
2697
2698
2699
2700
2701
2702
2703
2704
2705
2706
2703
2709
2710
1555
2615
590
593
2715
2715
1559
2609
591
2717
3312
3311
3305
1573
1573
1573
128
128
2646
2729
1423
50
1378
1381
1378
1539
1535
2737
2738
2739
2740
2741
2742
1384
1384
617
2694
1437
5466
5465
1416
2696
621
2753
2754
2755
2756
2757
2754
625
2758
626
2167
2762
407
2219
2220
2221
2223
2770
2230
2786
635
2783
2783
633
632
2242
2246
2271
463
464
2765
2768
2767
425
2200
2203
638
2793
639
2791
2792
2912
2796
2795
2798
644
2800
645
3136
646
2524
554
2532
2522
2522
2523
2496
2522
2810
2811
2812
2524
554
2453
524
2804
2817
648
2820
2820
2822
2823
2827
2825
631
2915
2828
2322
2830
2319
490
489
2412
2834
2375
2377
5789
2835
655
656
2842
2843
2844
2845
2846
2847
2848
2763
2849
480
2383
2383
2854
2856
3640
5712
2858
2859
2860
2861
485
5498
5552
5511
5569
509
1457
2385
5752
2860
2872
2873
2874
2875
5480
5744
3766
506
5480
1467
1466
2885
510
2889
2883
2886
664
2890
3758
2891
2892
1487
2894
2895
2896
2897
2898
2899
2900
2901
2902
2903
2904
2905
2906
2907
2908
2909
2910
2911
2760
629
630
2916
2927
2917
2918
2919
2920
2193
423
422
2921
2925
2926
2821
2928
2929
2930
2931
2932
2933
2934
2935
2936
2378
2939
2971
505
2350
2942
4632
2947
2944
675
3231
462
2520
2270
1364
28
1360
680
2950
2949
2956
2955
2241
24
2959
449
399
2965
2155
399
2154
398
2993
2992
498
2972
2973
2974
2975
2976
2977
2978
2979
2980
2981
2982
2983
2985
3294
2984
688
2990
2988
3253
2991
2334
500
2338
2994
2994
2999
694
3255
2997
2206
2206
3001
429
3005
3006
3007
3008
3009
3012
142
2254
2211
152
2211
431
431
2213
3019
3020
3021
3022
3023
3025
2780
682
3027
3028
3029
3030
3031
2952
3033
3034
3035
3036
3037
463
3039
3040
3041
3042
3043
3044
3045
2
3047
1310
3049
3050
3051
3052
3053
3054
3055
3086
3060
3054
705
3058
3056
2180
415
3064
3065
3066
3067
3068
3069
3070
3071
3072
3073
3074
3075
3076
2120
3077
380
2124
382
3080
3074
3083
496
3060
706
3084
710
3090
3091
3092
153
3094
3093
3014
3097
3098
3099
3100
3100
3
3103
3104
346
3106
3107
3108
3109
3110
3111
3112
3113
713
0
709
2126
709
3082
3763
2332
3122
3123
2126
2125
714
3135
714
3126
3127
2419
5692
2397
518
3152
3136
3137
2260
2261
443
3142
3188
2216
435
2215
3095
70
3149
3151
5691
3152
3153
510
715
3169
3158
681
3171
22
22
1509
3163
2472
716
3172
3165
684
2954
2957
683
3179
2487
536
2570
2578
2955
3176
2471
2468
456
2288
405
2163
3184
3138
2026
1638
1641
1640
2210
3767
3145
3187
3187
1641
3196
3197
3198
3199
3200
3201
3202
3203
3204
3208
3206
723
3208
3209
3210
3209
3212
3213
3214
3215
2188
2924
726
685
3223
3221
2208
3333
3224
3225
3226
3227
3225
727
3228
3230
728
3233
3234
3235
3236
3237
3238
3239
3226
3242
3251
3241
728
3229
3245
3247
3248
2064
345
2109
330
3243
693
2043
332
3257
3258
3259
3261
3261
3262
733
3282
3260
3264
3267
3268
3269
3270
3271
3272
3273
3274
2115
376
3000
3278
3279
3280
727
3227
3283
3284
3285
3286
2061
343
3287
3289
3291
3292
3293
3296
735
3762
3297
3298
3299
3300
3301
3302
3303
2979
687
3306
3307
3308
3309
3310
3310
3311
3313
3314
3315
3316
3317
3318
3319
3320
3322
3324
3321
3320
741
3326
3327
2234
3332
3323
743
3750
3335
1357
1355
3337
3338
3338
87
2563
86
1509
1509
86
1509
26
1511
474
2292
2565
3351
3352
3353
3354
3355
3356
3357
3358
357
2082
3361
3362
3363
3364
2488
2488
2488
2563
2562
2282
3371
3372
3373
3374
3375
3376
3377
3378
3379
3380
3381
3382
3383
3384
3385
3386
3387
3388
3389
3390
3391
3392
3393
3394
3395
3396
3397
3398
3399
3400
3401
3402
3403
3404
3405
3406
3407
3408
3409
3410
3411
3412
3413
3414
3415
3416
3417
3418
3419
3420
3421
3422
3423
3424
3425
3426
3427
3428
3429
3430
3431
3432
3433
3434
3435
3436
3437
3438
3439
3440
3441
3442
3443
3444
3445
3446
3447
3448
3449
3450
3451
3452
3453
3454
3455
3456
3457
3458
3459
3460
3461
3462
3463
3464
3465
3466
3467
3468
3469
3470
3471
3472
3473
3474
3475
3476
3477
3478
3479
3480
3481
3482
3483
3484
3485
3486
3487
3488
3489
3490
3491
3492
3493
3494
3495
3496
3497
3498
3499
3500
3501
3502
3503
3504
3505
3506
3507
3508
3509
3510
3511
3512
3513
3514
3515
3516
3517
3518
3519
3520
3521
3522
3523
3524
3525
3526
3527
3528
3529
3530
3531
3532
3533
3534
3535
3536
3537
3538
3539
3540
3541
3542
3543
3544
3545
3546
3547
3548
3549
3550
3551
3552
3553
3554
3555
3556
3557
3558
3559
3560
3561
3562
3563
3564
3565
3566
3567
3570
735
3570
735
3572
3573
843
834
843
2037
2629
3582
2706
3618
3624
615
3584
3621
2681
1553
3590
112
3604
584
3592
3593
3594
3595
3596
2706
2655
3599
3600
3768
2622
1566
599
1575
1577
3605
3605
843
1590
3626
3626
2679
1597
2679
614
3624
2643
2639
2678
2678
2678
121
2639
1410
1608
43
1452
1601
123
123
2727
2693
2752
36
3606
1612
2653
109
2364
3641
3642
3643
3644
3645
3646
3647
3648
3649
3650
3651
3652
3653
3654
3655
3656
3657
3658
3659
3660
3661
3662
3663
3664
3665
3666
3667
3668
3669
3670
3671
3672
3673
3674
3675
3676
3677
3678
3679
3680
3681
3682
3683
3684
3685
3686
3687
3688
3689
3690
3691
3692
3693
3694
3695
3696
3697
3698
3699
3700
3701
3702
3703
3704
3705
3706
3707
3708
3709
3710
3711
3712
3713
3714
3715
3716
3717
3718
3719
3720
3721
3722
3723
3724
3725
3726
3727
3728
3729
3730
3731
3732
3733
3734
3735
3736
3737
3738
3739
3352
731
3742
526
2462
2464
2544
2542
2542
2292
474
474
1362
2961
2276
3755
3756
3757
2374
3759
3760
3761
1472
3763
3764
3176
2380
433
3768
3769
3770
3771
3772
440
2564
1348
2492
3780
3777
233
4959
855
3786
857
3784
3785
4963
3787
3788
3789
3790
3794
3791
863
4924
864
3796
3797
3798
3799
3800
3803
869
4928
870
3801
3806
3807
3808
3809
3810
3811
3812
3813
3814
3815
3816
3817
3818
3819
3816
3821
3822
3823
3824
3825
3826
3827
3828
3829
3830
3831
3832
3833
3834
3835
3836
3837
3838
3839
3840
3841
3842
3843
3845
4933
3846
3844
3851
3848
238
5416
3866
900
3865
3866
3914
4802
899
4736
4802
3063
3063
385
4751
904
904
160
904
3869
3870
3871
3872
3873
3874
3875
3876
3877
3878
3879
3880
913
3882
3882
3884
3885
3886
3887
3888
3889
3890
3891
3892
3893
3894
2162
3896
404
403
3900
4538
923
3899
922
3904
3905
3906
3907
3908
3909
3910
3911
3913
3913
2181
3915
3919
3916
931
5015
1883
3921
3922
3923
3921
932
3926
880
3928
3931
921
3976
937
3929
305
4700
939
1987
1212
1212
1212
3946
3947
3946
5443
4854
4861
4854
4852
1152
4482
4482
3973
3952
4841
4841
946
3955
4824
4869
317
4824
1115
955
4770
4769
3965
3964
4014
1704
4011
3970
3975
3975
961
4483
3976
3977
3978
4707
3996
967
4875
1165
3974
3974
3988
4713
961
960
948
4874
4875
4704
4830
3956
4876
4000
3997
4000
4178
971
949
4004
4722
4840
4805
4803
4805
4024
974
4212
4848
247
1881
4015
978
4017
4804
973
4021
4804
3124
476
384
4025
4026
4027
4028
4030
4563
4031
4029
924
4034
4615
4036
4037
4038
4553
4069
4041
4042
4043
987
4045
4050
990
4050
993
4531
4051
4052
4494
4832
4055
4056
4057
4058
4059
4060
4065
166
4061
1003
4065
4066
4788
4068
4070
4559
1005
1004
4073
1007
4573
4077
4660
1002
4078
4080
5725
5724
4148
5723
5625
4082
4081
5766
5591
5719
5794
5795
5633
5581
5610
5682
5769
5797
5768
5583
4097
4098
4089
4090
5816
5815
4108
4547
4107
1009
4111
4571
1011
4114
4118
311
170
4776
4120
4810
1019
4123
4166
4123
5811
5823
5812
4130
4130
5438
4128
4128
4133
4134
4135
4136
5828
4530
1845
1846
4819
5811
4126
4130
4807
4145
4128
5801
4149
4150
4151
4152
4153
4154
4155
4156
4153
4158
4159
1695
5824
178
4163
4164
4165
4121
1019
4157
1017
252
4213
1712
252
1710
1710
4177
4506
4176
1022
1026
4182
1026
4183
4183
1025
4187
4220
4181
1022
4179
4180
4191
1024
4189
4191
1034
237
4218
4221
4218
4243
1036
1036
1712
5020
251
251
4278
1880
1711
4256
1711
4258
1048
4260
1049
1040
4225
4224
5423
1043
549
2512
4236
2547
5426
1710
1710
5425
545
545
543
4222
2547
4264
552
475
2518
4023
4179
1023
1023
543
2501
545
545
4223
4224
4224
5421
545
4223
1035
4279
1035
972
972
4276
4277
1044
4239
4238
1044
552
1036
1036
4221
1710
1709
4224
4224
4235
5422
4224
5421
975
4006
1048
4261
4007
4018
1036
4216
1039
4217
4218
4218
4274
1038
4285
4282
4293
4286
3966
5424
3963
552
475
4238
4286
4302
4289
4239
4009
4276
2016
2015
4308
4309
4310
4311
4312
4313
4314
4315
4316
4317
4318
4319
5279
4321
4322
4323
887
4322
4326
4327
4328
4329
4330
4331
4332
4333
1105
4334
4427
1760
1085
1762
4337
4341
4342
4343
4438
4996
4995
278
4438
1723
1723
1725
4343
4353
4354
4355
4356
4357
4358
4359
4360
4361
4362
4448
1978
1903
4448
5251
4370
5250
1091
297
1739
4446
4374
4375
4376
4379
4378
5294
1299
4381
4382
4383
4384
1298
4386
4388
5254
4389
4387
300
1976
4393
4394
4395
4396
4397
4398
4399
4400
206
1742
301
4404
4405
1799
1801
1752
4409
4410
4411
4412
4367
4370
4368
4416
4417
4418
4419
4420
4421
4422
4423
4424
4425
4426
4327
4428
1078
4430
4431
4432
4325
1079
1943
1943
1943
4989
4439
4440
1791
218
1783
216
282
4445
282
5459
296
4450
4451
4452
4453
4454
4455
4456
4457
1749
1753
4412
4412
1102
4463
4464
4465
4466
4466
1112
4467
3902
925
4470
3950
3951
3953
4478
4485
4488
4827
4475
4475
3972
3998
3998
4473
4474
4488
4867
936
4491
4603
1117
4490
2797
2801
643
646
3137
4497
4244
2523
4251
2523
2523
4243
4506
4507
4243
4178
4502
4510
4512
4513
4514
4512
4517
4605
1114
4519
4521
4523
1122
4046
4049
991
4138
4104
4102
4526
5796
4529
1124
1123
4534
4535
4536
4537
4538
4539
4540
4472
985
4543
4107
4544
4546
4549
1127
5322
4550
4551
258
4032
4554
1826
4572
1825
4555
4561
1129
4562
4558
4551
1128
4565
4566
4567
4083
5442
1832
4627
4569
4573
4574
4577
4575
4577
4578
4576
1132
4581
4582
4583
4584
4585
4586
4587
4588
4589
4590
4591
4592
4593
4594
4595
4596
4597
4598
4599
4600
4601
4602
4469
1113
4606
4617
4607
4608
4609
4610
3923
4611
934
933
4567
4616
4515
4618
4619
4620
4621
4622
4623
4624
4625
4626
5835
4028
4631
982
4631
3820
4634
4915
1143
4633
969
3999
4240
1716
1714
190
4639
1149
4863
1045
4638
185
3969
4651
4907
4652
4653
4654
4652
4656
4657
309
4683
4655
4661
4662
4663
4664
4665
4666
4667
4668
4669
4670
4671
4672
4978
4940
4676
4978
4677
4678
4937
4680
4063
4062
4063
4681
1161
4939
4688
4939
1163
4691
4697
909
4690
4694
4695
4696
4697
4698
4699
3980
4865
325
3944
3944
325
942
3942
4708
4709
4710
4711
4712
961
4715
4484
4717
4728
1168
4719
959
3971
4642
4726
4649
1169
5428
968
4731
4900
1170
1148
3883
4733
4734
1883
1665
4735
3917
4735
4738
930
4742
4743
4744
4746
4774
4747
4747
4749
5817
415
4755
1176
4752
4896
1172
5022
4757
4740
4760
4761
4762
4763
4764
3856
3852
897
3854
898
3857
4771
4772
4771
4748
1175
4773
1179
4778
4779
4780
4784
4781
938
4868
4785
4786
4787
3101
4789
4790
4636
871
4793
4794
4795
4796
4797
4798
4799
4800
4801
160
3864
4765
3861
4766
5438
4808
4809
4809
2128
4812
1119
4814
4815
4816
4129
4132
4161
4820
4821
4822
3951
3990
4827
4870
3933
3948
3949
945
3933
4832
4833
4834
5798
4836
4837
4838
1184
4843
4853
1150
4856
1712
1879
247
1881
4196
4845
4851
1851
1152
4645
4643
4864
189
4211
5025
4283
4291
4647
1151
4194
4193
4865
4866
3897
4868
4823
2004
2003
2025
2023
3941
3943
4829
4871
4871
2024
4880
4881
4880
4883
4884
4886
5011
4895
4887
4891
1192
5009
4889
1192
4890
5003
1173
1177
4741
4900
4901
4612
4903
5013
5014
4902
5016
5018
4892
4908
1191
4892
935
3924
1196
4913
1197
4888
1188
4894
4917
4882
4921
1189
1191
4927
4925
4935
4930
1200
4965
4931
4932
3805
868
3847
853
4937
1162
3778
854
4941
5417
4943
4944
862
3792
4947
4948
4949
4966
4951
4952
4953
4954
4955
4956
4957
4958
3849
896
4687
4674
4920
1198
1196
4909
4967
4968
4969
4970
4971
4972
4973
4974
4975
4976
4586
4979
5437
1204
4673
4982
1205
4984
4985
4986
4987
4671
1156
4990
4991
4992
4993
4994
4994
4995
4995
4998
4999
5000
5001
5002
5003
5002
5005
5006
5007
5008
5009
5010
5011
5012
954
3967
5007
957
5018
3966
5425
5425
3859
902
4735
251
4259
1880
4278
251
1709
1711
187
4278
979
4019
4021
5036
5037
5038
5039
5040
5041
5042
5043
5044
5045
5046
5047
5048
5049
1035
1035
1035
4258
4277
4006
5056
5057
5058
5059
5060
5061
5062
5063
5064
5065
5066
5067
5068
5069
5070
5071
5072
5073
5074
5075
5076
5077
5078
5079
5080
5081
5082
5083
5084
5085
5086
5087
5088
5089
5090
5091
5092
5093
5094
5095
5096
5097
5098
5099
5100
5101
5102
5103
5104
5105
5106
5107
5108
5109
5110
5111
5112
5113
5114
5115
5116
5117
5118
5119
5120
5121
5122
5123
5124
5125
5126
5127
5128
5129
5130
5131
5132
5133
5134
5135
5136
5137
5138
5139
5140
5141
5142
5143
5144
5145
5146
5147
5148
5149
5150
5151
5152
5153
5154
5155
5156
5157
5158
5159
5160
5161
5162
5163
5164
5165
5166
5167
5168
5169
5170
5171
5172
5173
5174
5175
5176
5177
5178
5179
5180
5181
5182
5183
5184
5185
5186
5187
5188
5189
5190
5191
5192
5193
5194
5195
5196
5197
5198
5199
5200
5201
5202
5203
5204
5205
5206
5207
5208
5209
5210
5211
5212
5213
5214
5215
5216
5217
5218
5219
5220
5221
5222
5223
5224
5225
5226
5227
5228
5229
5230
5231
5232
5233
5234
5235
5236
5237
5238
5239
5240
5241
5242
5243
5244
5245
5246
5247
234
234
5249
1204
218
4442
5255
5292
5256
5461
4346
5457
5260
5300
1297
5263
1953
5265
5267
5303
5268
5270
5285
279
1899
5273
5274
5275
5276
5277
5263
5279
5280
5281
5282
4340
1933
1087
1949
5286
5287
5289
5290
5291
5292
1100
5296
1305
5297
5299
203
5299
5301
5307
1306
5304
5305
4399
290
5307
5308
5309
1980
5311
5312
5313
5314
1102
5316
5317
5318
301
296
5321
4103
5323
5324
5325
5326
5327
5328
5329
5330
5331
5332
5333
5334
5335
5336
5337
5338
5339
5340
5341
5342
5343
5344
5345
5346
5347
5348
5349
5350
5351
5352
5353
5354
5355
5356
5357
5358
5359
5360
5361
5362
5363
5364
5365
5366
5367
5368
5369
5370
5371
5372
5373
5374
5375
5376
5377
5378
5379
5380
5381
5382
5383
5384
5385
5386
5387
5388
5389
5390
5391
5392
5393
5394
5395
5396
5397
5398
5399
5400
5401
5402
5403
5404
5405
5406
5407
5408
5409
5410
5411
5412
5413
5414
5415
5416
4909
4181
4185
4186
1043
4262
4262
956
4020
979
1029
4905
970
4721
958
5432
4101
5434
5435
5436
1838
5810
5439
5822
4714
1831
944
5444
5445
5446
5447
5448
3957
5020
4279
1710
4218
5454
5455
4996
4996
50
216
2719
5457
5472
5464
5473
1396
1395
5466
5469
5469
1397
5471
621
1750
5573
5501
5542
5698
5758
3061
3061
5703
5494
5528
5491
5493
5508
2399
2416
5570
5528
5492
5532
5507
2400
5559
5555
2417
5567
5818
5496
5555
5554
5496
5508
2399
5508
5757
5508
5579
5580
5570
5579
5570
5494
5528
5570
5539
5520
5531
5487
5485
5485
5551
5550
2416
5756
5504
2399
5548
5547
5492
5504
5504
5701
5499
5578
5505
5505
5487
5561
5478
5698
3061
3061
1333
5564
5507
5486
5507
5486
5549
5564
5543
5556
5495
5558
5556
5497
5559
5763
5562
5572
5562
2400
3061
2400
5807
5745
1333
2399
5578
5560
5554
5561
1333
1334
5578
2400
2400
5807
5632
5604
5735
5772
4145
4127
1691
5784
5587
5607
5622
5627
5658
5614
5732
5678
5679
5643
5600
5595
5615
5586
5668
5663
4127
4143
5675
4142
5664
5611
5664
5666
5770
4142
5614
5608
4142
5684
5602
5685
5684
5619
5644
5597
5618
5647
5645
5639
5598
5638
5640
5660
5631
5608
5605
5608
5617
5642
5600
5642
5608
5613
5635
5678
5635
5596
5637
5637
5672
5735
4145
4750
1691
5729
5683
5613
5614
5616
5594
5657
5683
5675
5667
5601
5606
5668
5733
5606
4807
5680
5680
5669
1689
5782
1689
5587
5730
5605
5686
5778
5660
5666
5730
5673
5674
1690
1690
5474
5501
5563
5541
5477
5697
5697
5697
5697
5758
5758
3120
2417
5818
5807
5821
5821
5802
5802
2380
1333
5543
5564
5494
5571
5517
5519
5521
5611
5632
5630
5626
5624
5620
5621
5662
5654
5729
2005
4105
4105
4106
4750
4127
4125
4126
4807
5669
4145
5772
4144
4144
4144
5585
5670
5682
5821
5821
5802
5802
5651
4144
1333
5543
5565
5494
5571
5517
5818
2401
2420
5758
5759
5759
2380
3120
5589
5654
5625
5590
5682
5609
4125
4126
4807
4145
4144
4144
5726
2005
5438
5807
5697
5541
4127
4750
4106
4105
4105
5519
5474
5522
5574
5503
5476
5759
5624
5626
5630
5581
5670
4145
5802
5822
692
692
5806
2391
5819
9
5808
4121
4119
4115
4117
4166
5809
4685
4683
4745
2392
5819
2993
3057
4659
4116
176
4123
2398
5804
5814
5813
2402
2404
4659
2995
4659
5832
2995
5803
1710
5020
3162
1348
3162
1710
5426
82
1348
5020
3162
5020
