2132
1308
3048
1315
4
5
6
1323
1320
9
1481
2438
3134
2409
13
2406
14
15
3165
3165
3165
2286
28
2951
2240
3165
537
22
681
683
3165
3165
1574
1371
34
35
36
1420
38
39
40
41
42
43
44
45
46
47
48
49
50
1423
52
53
1432
55
56
57
58
59
60
61
62
63
64
65
5836
67
68
69
3130
2575
29
73
74
75
76
77
78
79
80
81
3163
2283
3163
2283
1486
3774
88
89
90
91
92
93
94
95
96
97
98
99
100
101
1539
103
104
105
106
107
108
109
110
3305
1575
2723
114
115
116
117
118
119
120
121
122
123
124
125
126
127
128
129
130
131
132
133
134
135
136
137
1626
2205
3011
460
3012
2352
2351
5805
2343
147
2026
2260
1635
2783
3187
3193
1647
3093
156
157
3160
3164
3867
1666
161
163
164
165
166
167
991
4148
4117
4163
1018
4165
4139
4141
5828
4167
175
4849
4849
4851
3970
4640
959
958
4849
1034
1702
1153
4843
4851
4851
4369
1725
195
1797
196
198
4351
1784
201
4398
5298
1800
1736
206
4402
208
4458
1765
211
4346
4440
214
1772
1788
4368
4415
1790
1793
1798
1802
1805
4456
5314
5316
1814
228
229
230
1884
232
233
234
1183
4291
189
238
239
240
241
242
243
244
1869
246
4011
4851
4849
4849
1032
1852
253
254
255
256
257
258
259
260
261
262
263
1896
1929
1899
1904
268
269
270
271
5270
1937
5284
1934
5287
5289
278
1949
4435
4445
1735
1956
284
4394
286
283
288
1965
5306
4400
4439
1972
294
1776
5320
4371
1977
299
4364
1976
1980
303
1986
4700
3937
3994
963
4659
1836
4116
312
313
2004
2023
2002
4870
4877
4781
319
321
322
4849
4850
4871
2768
315
328
329
330
331
332
333
2045
2050
336
337
338
339
340
341
342
343
344
345
346
347
348
349
350
351
352
353
354
355
356
2078
2080
3353
3351
2084
362
363
364
365
366
367
368
369
370
371
372
2106
374
375
376
2125
2117
2119
380
381
382
469
4024
2128
2133
387
2141
2139
17
3097
392
393
3006
2145
396
3055
2989
2154
2159
2158
2161
403
404
2163
2927
2916
2303
2168
410
411
2184
413
414
415
2181
417
418
419
3207
3206
422
423
2942
2785
2200
2202
3002
3004
23
152
1640
1636
432
2212
633
4475
3950
2219
2267
2773
2774
2228
3140
2234
3335
2566
2236
3033
3032
3972
2242
2777
4482
2249
3181
473
2287
2255
3015
464
2780
2243
3975
2274
2276
559
2545
2516
2562
2953
2286
3184
1511
2547
2518
477
478
479
2849
2862
2305
483
484
1633
2854
2885
2839
2319
2886
2324
645
2797
2333
2331
710
517
2965
499
500
2869
2852
2382
504
505
1642
2857
2879
2866
3153
2439
512
513
2424
2426
516
519
3135
5819
2575
3165
2270
463
464
461
553
2453
2465
3179
680
683
2455
2456
2286
2464
2464
72
528
2494
542
528
2811
545
540
554
3165
2814
2475
2501
2499
2514
2512
2955
2814
2811
650
2459
539
538
2456
2573
2586
2575
716
2802
2803
2810
2817
2573
3166
570
2588
2577
2579
3348
2818
2589
2583
1353
580
581
582
583
584
585
586
587
588
589
590
591
592
593
594
595
596
597
2629
111
600
601
602
603
604
605
606
1535
608
1548
610
611
612
613
614
615
616
617
618
619
620
621
622
623
624
625
2761
627
628
629
2760
2827
2784
4481
2771
4476
4477
4480
4487
639
640
641
2792
2801
4822
514
514
2812
2819
2812
2816
651
652
2830
2831
2834
2890
657
658
2376
660
661
662
663
2888
665
666
667
668
669
670
671
672
673
674
675
676
677
678
679
682
715
3024
684
433
2241
3756
687
688
689
690
691
692
693
694
3090
3195
3014
3020
699
3035
701
702
703
704
3059
3087
3219
3221
3118
145
3141
712
713
2426
434
3174
3175
718
719
720
721
3211
3210
724
725
2551
3227
728
729
3284
731
732
733
734
735
736
737
738
739
740
3317
742
20
2569
563
746
3369
748
749
750
751
752
753
754
755
756
757
758
759
760
761
762
763
764
765
766
767
768
769
770
771
772
773
774
775
776
777
778
779
780
781
782
783
784
785
786
787
788
789
790
791
792
793
794
795
796
797
798
799
800
801
802
803
804
805
806
807
808
809
810
811
812
813
814
815
816
817
818
819
820
821
822
823
824
825
826
827
828
829
830
831
832
833
834
835
836
837
838
839
840
841
842
843
844
845
846
847
848
849
850
851
852
853
854
3781
856
857
858
859
860
861
862
863
864
865
866
867
4934
869
870
871
872
873
874
875
876
877
878
879
3820
3818
882
883
884
885
886
887
888
889
890
891
892
893
894
895
896
3864
4766
3867
3914
901
3859
4805
3866
905
3873
907
4156
3875
3881
3879
4696
3880
3886
4762
916
917
3892
3893
3898
921
922
923
924
925
926
4798
928
929
930
931
932
933
934
4892
4489
3931
3933
4691
4693
184
4872
3944
327
3942
4829
1115
3990
3995
950
4825
3958
3962
3967
3965
979
5020
4721
4722
3984
4713
3977
4017
3993
4016
3987
4703
4715
4727
4003
4005
4258
972
4239
4262
4642
3970
4784
251
1997
981
4630
983
984
4542
986
987
4041
1995
990
4047
993
4533
4055
4053
4814
4057
4154
999
4059
1001
1002
1003
1004
4110
4071
1007
4080
1009
4570
1011
4134
1013
1014
1015
4151
4120
4837
5809
4291
4851
969
968
1045
1028
1023
4864
4643
4864
1024
4183
4186
4291
237
1039
1039
1038
4507
1025
1037
4851
4201
4224
4235
4643
4507
1025
4215
1036
4181
1025
1061
4300
1185
1056
4183
4302
1050
4850
1059
4855
4301
2016
5033
4299
2585
1067
4305
4306
1070
1071
1072
1073
1074
1075
1076
1077
1078
1079
1080
1081
1082
1083
1084
1085
4344
4347
295
1089
1090
1091
4449
1906
1094
1095
1096
1097
1098
1952
1100
1101
4462
1103
1104
1105
5253
5436
4454
1747
1750
1111
1112
1113
4518
953
1116
4492
1679
1016
1120
4522
992
1123
1124
1125
1126
1127
1128
1129
1130
1131
1132
1133
1134
1135
1136
1137
1138
1139
1140
1141
1142
1143
1144
1145
1146
4627
1148
1151
1184
4714
4854
1152
5431
4648
1156
1157
1158
1159
1160
1161
1162
1163
4780
4702
4879
4711
4718
4725
4730
4733
1172
4898
1174
1175
4753
4902
4804
4777
4827
1181
4801
4834
4841
1186
4860
1187
1188
1189
1190
1191
4895
1193
1194
185
4909
1197
1198
1199
1200
1201
1202
1203
1204
1205
1206
1207
1208
1209
5005
1211
1700
4291
1052
1215
5034
1217
1218
1219
1220
1221
1222
1223
1224
1225
1226
1227
1228
1229
1230
1231
1232
1233
1234
1235
1236
1237
1238
1239
1240
1241
1242
1243
1244
1245
1246
1247
1248
1249
1250
1251
1252
1253
1254
1255
1256
1257
1258
1259
1260
1261
1262
1263
1264
1265
1266
1267
1268
1269
1270
1271
1272
1273
1274
1275
1276
1277
1278
1279
1280
1281
1282
1283
1284
1285
1286
1287
1288
1289
1290
1291
1292
1293
1294
1295
1296
1297
4384
4380
1300
1301
1302
1303
1304
1305
5302
1307
3115
2132
2
3115
1312
1312
1314
1315
1313
3
1318
1319
1320
1321
1322
1323
12
12
2440
1482
1330
2409
2407
511
1330
1333
1334
1335
5827
3133
2435
2396
3165
3165
3165
3165
2286
3165
2286
2951
1364
2240
2240
3164
3165
3164
3164
1483
1483
22
1485
2489
3171
3171
683
3171
681
3165
3165
3165
3165
1370
3568
32
1370
1373
1374
1375
1376
1377
1380
37
2631
1381
1382
1383
1384
1385
1386
1387
1388
1389
1390
1391
1392
1393
1394
1395
1396
1397
1398
1399
1400
1401
1402
1403
1404
1405
1406
1407
1408
1409
1410
1411
1412
1413
1414
1415
1416
1417
1418
1419
50
1419
1422
1425
1424
2648
1427
1430
1428
1429
1431
1431
1432
1433
1434
1435
1436
1437
1438
1439
1440
1441
1442
1443
1444
1445
1446
1447
1448
1449
1450
1451
1452
1453
1454
1455
2358
2356
2362
1459
1459
1461
5746
2355
5800
1469
1466
1467
1464
2969
1470
1471
1472
1473
2373
5781
2373
1478
1478
3150
3130
3130
3130
3745
3174
1360
3744
1487
1488
1489
1487
1491
1492
1493
1494
1495
1497
1497
1498
1499
1500
1501
1502
1503
1504
3165
2283
3163
2283
1485
2472
2537
1514
1513
3046
1515
1516
1517
1518
1519
1520
1521
1522
1523
1524
1525
1526
1527
1528
1529
1530
1531
1532
1534
5458
102
1536
1537
1421
51
1538
1541
1542
1543
1587
1545
1546
1547
1548
1549
1550
1551
1552
1553
1554
1555
1556
1557
1558
1559
1560
1561
1562
1563
1564
1565
1566
1567
1568
1569
1570
1571
1572
1571
1574
1579
1579
1577
1578
1579
1580
1581
1582
1583
1584
1585
1586
1587
1588
1589
1590
1591
1592
1593
1594
1595
1596
1597
1598
1599
1600
1601
1602
1603
1604
1605
1606
1607
1608
1609
1610
1611
1612
1613
1614
1615
1616
1617
1618
1619
1620
140
1624
2207
1627
2254
142
3012
2254
1629
1630
1631
1632
146
2028
326
2029
2028
151
3139
151
3186
1335
5744
3096
3193
3096
3093
1648
1649
1650
1651
1652
1653
1654
1655
1351
159
158
3159
3166
3166
3166
570
1665
1665
1666
160
1671
1669
1670
1671
1672
1673
1674
1676
4579
1677
1675
168
4164
4820
4165
4163
4133
4139
1688
4165
4133
5652
5731
5653
5824
4123
4160
5825
4849
4849
4849
4849
4640
3970
4640
4640
3971
4849
4849
2022
4849
1853
1851
5025
1853
183
4856
4856
1150
4856
1153
4849
4851
4849
4849
1726
1726
195
1726
1731
196
1730
5318
1796
200
1734
200
200
296
1740
1739
4372
1804
1742
4401
207
1744
1746
5309
202
1746
1749
209
1752
1799
1753
1754
1755
1973
1757
1758
1759
1760
1761
1762
1968
1766
1969
1778
1767
1768
1769
1770
1774
1774
1728
5471
1775
1110
1777
1775
1781
1781
1781
1787
1787
1786
1782
1787
4367
217
218
1790
1789
1789
1795
1795
4413
1738
205
297
1801
298
1975
301
1804
5320
228
1807
228
228
226
5315
4457
1811
1810
1748
1815
1748
1109
1816
5311
1819
227
1818
1815
1824
1825
1826
1883
1883
1828
4569
5442
4568
1837
1834
1833
1147
4571
1838
1839
1838
1841
5748
5748
4100
1846
1846
4835
4816
4821
4816
190
1029
4641
4859
1855
1856
1857
1858
1859
1860
1861
1862
1863
1864
1865
1866
1867
1868
1869
1870
1871
1872
4849
4851
4849
4849
4849
4849
4196
1852
4196
253
4735
253
1885
1886
1887
1888
1889
1890
1891
1892
1897
1894
1893
265
4341
1898
1106
5272
1901
1898
1905
220
4448
1092
1903
1909
4443
267
1911
1911
1913
1914
1915
268
1917
1918
1921
1920
1921
1922
1923
1924
1925
1926
1927
1728
1772
1928
1727
273
1939
1933
1936
5269
5288
5288
277
276
1941
1942
1941
1941
194
1947
194
4351
1948
1953
1953
284
1955
1955
1955
4380
1957
4357
1959
1960
1961
287
1964
1961
1953
1956
1967
1778
295
292
288
1972
1974
5310
1975
300
299
1978
207
4402
1981
1982
1983
1984
305
1991
3934
1985
3980
3980
4701
308
1993
1994
1995
1996
312
317
317
2003
2004
317
4870
4869
5726
5726
2008
4782
4016
2008
2011
2012
2013
2014
1707
1705
323
324
1059
1059
1059
4850
4870
4870
2024
3139
632
3138
2261
436
315
315
315
2034
2035
2036
2037
2629
2039
2040
2041
2042
2043
2044
2045
2044
2047
2048
2051
336
3291
2049
2053
2054
2055
2056
2057
2058
2059
2060
2061
2062
2063
2064
2065
2066
2067
2068
2069
2070
352
2072
2073
2074
2075
2076
2077
2081
2081
359
3351
2081
2085
2084
2085
2083
2087
2088
2089
2090
2091
2092
2093
2094
2095
2096
2097
2098
2099
2100
2101
2102
2103
2104
2086
358
2105
2108
2109
2110
2111
2112
2113
2114
2115
2116
2117
2116
2119
2120
2121
2121
382
2124
384
3117
2296
384
2125
2118
2130
379
378
0
2131
2136
2140
2137
2431
2434
3098
2144
2143
3076
394
2142
2147
2148
2149
2150
2151
2153
2988
398
2152
2146
2157
392
395
2162
403
2162
404
2160
407
2916
407
408
2165
2170
2171
2172
2173
2174
2175
2176
2177
2178
2180
2180
415
2133
386
416
2185
2186
2187
2188
2189
2190
3205
2192
2193
2194
357
2082
2198
2079
2203
2786
2199
405
3182
2206
428
3001
429
2284
23
1638
3187
1638
152
1637
3767
2212
1637
1634
2767
633
4473
2221
2220
3144
2267
2213
3143
2773
2773
2774
2232
2773
3749
3332
3751
2292
2233
450
3031
2952
2239
454
2246
2245
2778
3973
2164
2247
402
2288
473
473
2288
3180
439
2259
2258
2223
2222
2220
2766
2289
473
155
2252
154
697
2781
2271
2780
451
2781
2277
2225
2273
138
1628
2543
2542
551
2561
558
2951
2951
2286
2952
473
3181
3094
2539
2565
1359
2540
2517
552
2515
2546
2298
2299
2300
2301
2304
480
2861
2305
2302
2307
2308
2309
2310
2314
2311
2853
2342
2315
2316
2317
2318
2323
487
2320
490
2883
2799
2326
2799
2799
2327
2332
2329
496
3122
497
2334
3102
498
2337
2338
3100
2339
3101
2345
501
503
2867
2346
2347
2348
2349
2350
143
499
2353
5709
5545
5482
5711
5483
5754
5755
5752
5714
5789
5787
2366
5788
2368
5791
2371
2374
2371
2370
2371
3758
2374
2363
2838
2380
2378
5802
488
507
2321
2840
2386
2878
2387
509
2399
2390
2401
2389
3763
2402
5808
5780
1476
5694
5756
2400
5757
5695
5697
5694
5692
5781
2408
3153
2415
2408
3150
2372
2415
2415
512
5701
5497
5694
5694
5477
5692
5706
2427
513
2423
2426
2427
2443
2442
1339
2429
2444
1337
2595
1479
1329
1479
3134
3135
3127
5793
2404
2398
2394
3174
3174
3165
2575
3165
3165
2271
463
2271
464
2268
2520
2948
462
523
553
2470
3178
2468
3179
680
2949
680
2956
2956
2954
680
1361
3752
522
2451
2458
2457
3743
2462
2286
3174
3174
2464
2473
2472
2472
72
541
2463
541
3774
2474
2495
528
527
2475
2522
2500
2496
2524
2523
3165
3165
716
3165
2809
2813
2802
2805
649
2497
2501
2497
540
2513
550
2511
549
2950
3038
463
2813
2814
2813
2813
2811
2811
650
527
2459
527
2813
2811
650
2463
2463
2463
2488
2488
2489
2490
3746
3747
3746
544
2498
543
2461
2456
2576
2240
2283
3165
3163
2572
527
2573
2572
527
2459
2544
2564
3774
538
2563
2487
2576
2586
2576
2575
2587
2817
2587
2458
572
2588
572
2577
521
2581
3345
2506
2508
2582
2510
576
2818
576
2555
2589
2557
1661
1660
11
1325
2596
2597
2598
2599
2600
2601
2602
2603
2604
2605
2655
2607
2608
2609
2610
2611
2612
2613
2614
2615
2616
2617
2618
2619
2620
2621
2622
2623
2624
2625
599
2628
2628
2629
2631
1372
1372
2633
2634
2635
2636
2637
2638
2639
2640
2641
2642
2643
2644
2645
2646
2647
2648
2649
2650
2651
2652
607
2654
2655
2656
2655
2658
2659
2660
2661
2662
2663
2664
2665
2666
2667
2668
2669
2670
2671
2672
2673
2674
2675
2676
3609
2678
2679
2680
2681
2682
2683
2684
2685
2686
2687
2688
2689
2690
2691
2692
2693
2694
2695
2696
2697
2698
2699
2700
2701
2702
2703
2704
2705
2706
2707
2708
2709
2710
2711
2712
2713
2714
2715
2716
2717
2718
2719
2721
3312
111
2725
1573
1573
2726
2727
2728
2729
2730
2730
1540
2733
2734
2735
2736
2737
2738
2739
2740
2741
2742
2743
2744
2745
2746
2747
2748
2749
2750
2751
2752
2753
2754
2755
2756
2757
2759
2759
629
2758
2764
631
2915
2784
637
4485
2784
2772
2769
635
4476
636
636
4477
2775
438
3952
451
2243
3975
637
2776
4480
635
2771
2788
4478
2789
2790
2791
2792
2793
2801
2797
646
2801
514
2800
514
514
2817
2819
2817
2810
2810
2812
2810
2810
2269
2453
461
2451
2454
2271
464
2818
651
651
2820
2761
2822
2823
2825
2828
2824
642
1321
8
2829
2832
8
2322
2375
656
2890
2412
2372
2841
2835
2889
2842
2843
2844
2845
2846
2847
409
653
653
2850
489
2833
654
655
2837
2857
2858
2859
2871
2312
485
1456
2863
1458
2361
2868
2870
661
2864
2306
482
2873
2874
2875
5709
5708
2880
1463
2354
2881
2882
664
3151
2884
2888
7
7
510
2410
2891
2892
2893
2894
2895
2896
2897
2898
2899
2900
2901
2902
2903
2904
2905
2906
2907
2908
2909
2910
2911
2912
2913
2912
2914
630
2917
2918
2919
2920
2921
2922
2923
2924
2925
2926
2761
2928
2929
2930
2931
2932
2933
2934
2935
2936
506
2938
2939
2940
2941
2078
2942
2944
2945
2946
2947
2780
2955
452
3157
3157
3158
3176
3025
2958
3168
3026
449
2238
2962
3033
2966
2964
399
2967
2967
3247
2970
143
2971
2972
2973
2974
2975
2976
2977
2978
2979
2980
2981
2982
2983
2984
2985
2986
2987
2990
690
2990
2991
2337
2992
2994
2993
2996
2997
2998
2999
3000
3003
494
3099
389
2330
495
3005
2138
388
3009
3180
3010
3194
3194
3188
153
1645
696
3022
139
3019
3023
3007
2245
2244
2256
3027
3028
3075
3030
2275
465
466
3021
3037
400
698
452
3039
3040
3041
3042
2151
3043
3045
3046
3047
381
3049
3050
3051
3052
3053
3054
705
3056
3057
3058
706
3060
3061
2129
385
3067
707
700
3753
3068
708
3328
445
3074
3072
3083
2157
3073
3116
3116
3079
3082
3081
3119
3084
3088
3089
3086
9
2392
2391
2248
427
3103
3095
426
3146
711
10
2325
2432
643
403
2155
2340
3104
3105
3106
3107
3108
3109
3110
3111
3112
3113
3114
2122
2278
2280
2282
2290
5560
3123
2395
2393
2294
2295
2426
3129
2426
2423
645
3150
3150
1477
3126
3128
2423
2424
2782
2782
2769
634
3140
2211
2211
2210
2771
3130
2426
1323
1478
3149
3151
3152
2226
435
2227
3156
3155
3165
3165
3174
2951
2953
717
3175
717
2217
2218
2215
3167
3169
2578
2578
573
573
459
2257
2954
2957
695
3091
3183
4867
2201
2776
442
443
2231
3188
3188
3189
3189
711
3142
444
3196
3197
3198
3199
3200
3201
3202
3203
3204
3208
722
723
3209
3209
3210
3211
3214
3213
3218
3215
3216
3217
2960
2961
24
3222
1350
2285
3226
3224
3226
340
3228
3229
3230
3231
3232
3233
3234
3235
3236
3237
730
3239
3240
3241
3242
3243
3244
3245
3246
3248
3248
3249
3250
3251
3252
3253
3254
3255
3256
3257
3258
3259
3260
3261
3262
3263
3264
3265
3266
3267
3268
3269
3270
3271
3272
3273
3274
3275
3276
3277
3278
3279
338
3281
3742
2052
335
3285
3286
3287
3288
3289
3290
3291
3292
3293
3294
3295
3296
3297
3298
3299
3300
3301
3302
3303
3304
3305
3306
3307
3308
3309
3310
3311
3312
3313
3314
3315
3316
3317
3317
3319
3317
3321
3322
3323
3320
741
3326
3327
3331
5845
3330
21
82
1347
2284
1348
2237
3337
3338
2473
72
3174
3165
3174
2569
3173
3173
2569
3347
3350
3368
3318
3318
742
3354
3355
3356
3357
3358
360
360
3361
3362
3363
3364
2477
562
562
562
569
2591
3371
3372
3373
3374
3375
3376
3377
3378
3379
3380
3381
3382
3383
3384
3385
3386
3387
3388
3389
3390
3391
3392
3393
3394
3395
3396
3397
3398
3399
3400
3401
3402
3403
3404
3405
3406
3407
3408
3409
3410
3411
3412
3413
3414
3415
3416
3417
3418
3419
3420
3421
3422
3423
3424
3425
3426
3427
3428
3429
3430
3431
3432
3433
3434
3435
3436
3437
3438
3439
3440
3441
3442
3443
3444
3445
3446
3447
3448
3449
3450
3451
3452
3453
3454
3455
3456
3457
3458
3459
3460
3461
3462
3463
3464
3465
3466
3467
3468
3469
3470
3471
3472
3473
3474
3475
3476
3477
3478
3479
3480
3481
3482
3483
3484
3485
3486
3487
3488
3489
3490
3491
3492
3493
3494
3495
3496
3497
3498
3499
3500
3501
3502
3503
3504
3505
3506
3507
3508
3509
3510
3511
3512
3513
3514
3515
3516
3517
3518
3519
3520
3521
3522
3523
3524
3525
3526
3527
3528
3529
3530
3531
3532
3533
3534
3535
3536
3537
3538
3539
3540
3541
3542
3543
3544
3545
3546
3547
3548
3549
3550
3551
3552
3553
3554
3555
3556
3557
3558
3559
3560
3561
3562
3563
3564
3565
3566
3567
3568
3569
3570
3295
3572
3573
3574
3575
3576
3577
3578
3579
3580
3581
3582
3583
3584
3585
3586
3587
3588
3589
3590
3591
3592
3593
3594
3595
3596
3597
3598
3599
3600
3601
3602
3603
113
3605
3606
3607
3608
3609
3610
3611
3612
3613
3614
3615
3616
3617
3618
3619
3620
3621
3622
3623
3624
3625
3626
3627
3628
3629
3630
3631
3632
3633
3634
3635
3636
3637
3638
3608
2365
3641
3642
3643
3644
3645
3646
3647
3648
3649
3650
3651
3652
3653
3654
3655
3656
3657
3658
3659
3660
3661
3662
3663
3664
3665
3666
3667
3668
3669
3670
3671
3672
3673
3674
3675
3676
3677
3678
3679
3680
3681
3682
3683
3684
3685
3686
3687
3688
3689
3690
3691
3692
3693
3694
3695
3696
3697
3698
3699
3700
3701
3702
3703
3704
3705
3706
3707
3708
3709
3710
3711
3712
3713
3714
3715
3716
3717
3718
3719
3720
3721
3722
3723
3724
3725
3726
3727
3728
3729
3730
3731
3732
3733
3734
3735
3736
3737
3738
3739
3352
3741
3742
3178
3179
3752
2492
2492
2493
1355
1509
3339
3170
686
1622
3754
3755
3044
512
3759
3760
3761
3762
5560
3764
149
5706
148
3768
3769
3770
3771
3772
142
2477
3165
2458
3777
3778
3779
3777
3781
3782
3783
3784
3785
3786
3787
3788
3789
3790
3791
3792
3793
3794
3795
3796
3797
3798
3799
3800
3801
3802
3803
3804
3805
3806
3807
3808
3809
3810
3811
3812
3813
3814
3815
3816
3816
3818
3819
3820
3824
3822
3842
3824
3825
3826
3827
3828
3829
3830
3831
3832
3833
3834
3835
3836
3837
3838
3839
3840
3841
2107
373
3847
3845
3846
3847
3848
4959
3850
5416
3853
4765
898
3865
897
3859
4768
3859
3867
3863
3861
4024
4805
3865
3914
3867
3865
3868
3870
904
3874
907
4156
908
3872
3879
3877
912
912
913
3884
913
4764
915
3886
3887
3888
3889
3890
3878
911
910
3891
3895
3895
3897
403
3899
3900
3901
3902
3903
3904
3905
3906
3907
3909
4796
3910
927
3914
3912
3914
3913
3916
3917
3918
3919
3920
3921
3922
3923
3924
4889
424
2943
3927
3930
3930
921
3929
4831
3936
939
939
940
3968
184
3968
325
4874
2025
4872
3943
2032
3943
943
3947
4474
4823
3951
4475
4830
4828
4830
3994
950
4825
3959
3958
950
3966
3963
956
5425
957
4720
4721
4720
4720
960
3985
3988
3974
3896
920
3976
4017
4865
963
4015
4017
2001
3989
314
1998
3987
4823
4824
4016
2007
4016
3979
3996
965
4483
961
4484
3998
4002
1992
304
4001
3957
4276
1048
4010
1044
4260
4642
4642
959
959
978
4781
4866
4257
4259
187
4019
4238
4264
4237
4028
4025
982
4628
4029
4030
4031
4032
4033
4034
4035
4036
4037
4040
4038
4069
1006
4026
4043
4044
4045
4050
990
4050
993
4531
4813
4051
4499
4813
1680
4058
998
4808
4059
4056
4061
4062
4063
1002
4065
4066
3898
4068
4070
4559
1005
4072
4073
4074
4075
4079
4076
309
4658
310
5765
4082
4081
4084
4085
4086
4087
4088
4089
4090
4091
4090
4090
4098
4097
5768
4101
4102
4099
4100
4101
4102
4103
4090
5785
5784
4108
4547
4107
1009
4111
4112
4113
4114
5811
5823
5812
4118
5810
5810
4130
4817
4131
4818
4125
4143
1690
5737
5740
5585
5748
5748
4135
1013
4135
1014
4818
4138
4140
4140
1845
5732
5733
5650
5585
5741
5741
5776
4150
4150
4151
4149
4169
1017
1017
4168
1019
1692
178
4137
1847
1685
1018
1018
4838
4129
5814
4166
5809
4859
4291
4851
4859
4849
4849
3998
4000
3998
4638
4240
4194
4189
4241
4242
4192
4864
4193
4195
4638
4638
1045
4646
4863
4643
4643
4641
1150
4184
1024
4183
1022
5418
5418
3970
4849
4859
4859
4186
4859
4196
237
4196
4202
4202
1039
4187
4201
4508
1026
1025
4219
4243
4244
4218
4223
4849
4849
4851
4846
4504
4508
4500
1031
4222
4224
4222
4236
4234
1043
4638
968
4647
4508
4508
4507
4507
4507
1026
1026
1025
4507
4507
1025
4185
1025
4216
4213
1036
5451
5422
5422
1040
5421
4225
5418
4290
4181
4849
4851
4198
4198
4287
4199
1026
1025
4263
4279
5451
4220
4214
4211
4290
4291
4292
4181
4180
4180
4302
4183
1062
4292
1062
4301
4844
4845
4295
4230
4297
4233
4301
4301
1067
4270
4303
4275
2019
2019
1684
1686
4310
4311
4312
4313
4314
4315
4316
4317
4318
4319
4320
4321
4322
4323
4324
4325
4326
4327
4328
4329
4330
4331
4332
4333
4334
4335
4336
4340
264
275
5283
4353
1765
4353
4347
4346
1087
4435
280
1785
1785
1724
4432
1780
225
4355
1101
1808
229
4362
290
4359
291
4363
266
4365
4441
4367
4368
4369
4370
1092
4449
1906
4320
4320
1094
4377
4378
4379
1300
4381
4386
1096
4382
4384
4386
4387
4388
4389
4390
1902
4391
4395
4394
5292
4396
4399
203
5305
4397
1099
1967
4403
4404
4405
4407
5319
4408
4461
1102
4461
4461
4414
4414
242
4416
4417
4418
4419
4420
4421
4422
4423
4424
4425
4426
4427
4428
4429
4430
4431
1780
4433
4434
4437
1943
1943
278
4411
4440
4442
5252
217
217
1907
1907
1910
4448
4449
4450
4451
1108
4453
1107
4453
1822
230
4408
4459
4461
5473
294
4463
4464
4465
4466
4467
4468
4469
4470
4471
4541
4485
4486
4481
4476
4477
4476
4479
4477
4480
948
961
4715
4480
953
4478
4487
1116
4490
4491
1118
4493
4497
4822
4497
4822
4152
4814
4510
4506
4510
4506
4506
4506
4509
4178
4176
3998
4511
4511
4512
4513
4514
4515
4519
4516
1121
4520
4521
4048
4524
4046
4049
4047
4526
4527
4528
4529
4530
4531
4532
4533
4534
4535
4536
4537
4538
4539
4540
4543
988
4546
4109
4544
4545
4547
4548
5322
4550
4551
4552
4039
989
4555
4556
4557
4558
4559
4560
4561
4562
4563
4564
4565
4566
4567
4568
4081
4570
4570
4572
4573
4574
4575
4575
4577
4578
4576
4580
4581
4582
4583
4584
4585
4586
4587
4588
4589
4590
4591
4592
4593
4594
4595
4596
4597
4598
4599
4600
4601
4602
4603
4604
1114
4606
4607
4608
4609
4610
4611
4612
4613
4614
4615
4616
4617
4618
4619
4620
4621
4622
4623
4624
4625
4626
1832
4629
4629
1008
4631
2943
4633
4634
4635
4636
4727
1151
4647
4842
4843
4840
4644
4861
4854
4644
1151
5431
5431
4649
4649
4652
4653
4654
4655
4656
4657
5834
5822
4077
4661
4662
4663
4664
4665
4666
4667
4668
4669
4670
4671
4672
4673
4674
4675
4676
4677
4678
4679
4680
4683
4682
4684
5815
5815
4686
4687
4688
4689
4692
909
4787
997
4060
4694
1000
3876
4697
906
4865
4698
318
2007
4705
4878
3991
4702
4709
4712
4708
306
4695
966
966
4714
4719
4716
919
5432
4004
970
971
4710
1167
918
4723
4715
4728
4729
1168
4731
3883
914
4732
4735
902
4737
4738
4739
4740
4741
4742
4743
4744
5817
4745
4747
4748
4749
5783
3862
4754
1169
4763
4752
4759
4757
4903
4896
4760
4761
4762
3894
4696
4767
1178
4803
4769
4806
4770
4773
4772
4773
4774
170
4776
311
3978
4790
937
4783
1180
4827
938
4308
4785
4155
403
4789
4068
4791
4792
1670
4794
4793
4799
1182
1171
4800
4795
4801
1665
4006
4007
4009
4021
5778
4809
4810
4120
4024
4815
4815
1016
4833
1183
1844
4835
1845
1183
4836
4152
4869
4869
4479
4825
1116
4707
3944
1165
1116
4816
4833
4834
1846
1132
4578
4578
3954
3955
3948
4840
4841
4851
4851
1186
4640
4642
1186
1186
4860
3945
3949
944
4852
4853
4859
4860
1061
4855
4862
2033
4643
1152
1164
4868
4867
3932
3961
3961
952
4873
3960
1166
1166
4704
4826
4826
951
4880
4881
4882
4883
4884
4885
4886
4887
4888
4890
4890
1192
1191
4893
4894
4895
4755
1176
1170
4899
4900
4901
1155
4904
4648
4650
3969
1704
4910
864
4910
4908
4912
4913
4914
4915
4916
4917
4918
4919
4920
4921
4922
4923
4924
4925
4926
4927
4928
4929
4930
4931
4932
3845
855
4797
4936
4937
4938
4939
4940
4941
4942
4943
4944
4945
4946
4947
4947
4949
4950
4951
4952
4953
4954
4955
4956
4957
4958
3780
4960
4961
4962
4963
4964
4965
4966
4967
4968
4969
4970
4971
4972
4973
4974
3839
4976
4977
4978
4979
4980
4981
4982
4983
4984
4985
4986
4987
4988
4989
4990
4991
4992
4993
4994
4995
4996
5456
4998
4999
5000
5001
5002
5002
5004
5005
5006
5007
5008
5003
1210
5011
5012
1195
3939
5015
4205
977
1713
184
1702
5021
5022
5023
4197
237
4859
4291
4859
4851
4859
4858
4291
5030
5032
5033
5036
5037
5036
5039
5040
5041
5042
5043
3817
5045
881
5047
5048
162
1025
4290
4290
4284
5052
5054
5056
5057
5058
5059
5060
5061
5062
5063
5064
5065
5066
5067
5068
5069
5070
5071
5072
5073
5074
5075
5076
5077
5078
5079
5080
5081
5082
5083
5084
5085
5086
5087
5088
5089
5090
5091
5092
5093
5094
5095
5096
5097
5098
5099
5100
5101
5102
5103
5104
5105
5106
5107
5108
5109
5110
5111
5112
5113
5114
5115
5116
5117
5118
5119
5120
5121
5122
5123
5124
5125
5126
5127
5128
5129
5130
5131
5132
5133
5134
5135
5136
5137
5138
5139
5140
5141
5142
5143
5144
5145
5146
5147
5148
5149
5150
5151
5152
5153
5154
5155
5156
5157
5158
5159
5160
5161
5162
5163
5164
5165
5166
5167
5168
5169
5170
5171
5172
5173
5174
5175
5176
5177
5178
5179
5180
5181
5182
5183
5184
5185
5186
5187
5188
5189
5190
5191
5192
5193
5194
5195
5196
5197
5198
5199
5200
5201
5202
5203
5204
5205
5206
5207
5208
5209
5210
5211
5212
5213
5214
5215
5216
5217
5218
5219
5220
5221
5222
5223
5224
5225
5226
5227
5228
5229
5230
5231
5232
5233
5234
5235
5236
5237
5238
5239
5240
5241
5242
5243
5244
5245
5246
5247
5248
5249
5251
1091
1863
5253
5254
5255
5256
5257
5285
5257
5260
5300
5262
5260
5264
5265
5266
5267
5268
5271
279
5286
5272
5273
5274
5275
5276
5277
5263
5279
5280
5281
5282
1930
1730
1946
1733
282
4447
281
1912
260
5292
1100
4379
5295
5296
5296
1305
5297
5300
4361
5302
5303
5303
5305
5306
4361
5308
5299
5310
4400
1101
4410
1102
5316
1758
4373
5317
4392
4449
281
5322
5323
5324
5325
5326
5327
5328
5329
5330
5331
5332
5333
5334
5335
5336
5337
5338
5339
5340
5341
5342
5343
5344
5345
5346
5347
5348
5349
5350
5351
5352
5353
5354
5355
5356
5357
5358
5359
5360
5361
5362
5363
5364
5365
5366
5367
5368
5369
5370
5371
5372
5373
5374
5375
5376
5377
5378
5379
5380
5381
5382
5383
5384
5385
5386
5387
5388
5389
5390
5391
5392
5393
5394
5395
5396
5397
5398
5399
5400
5401
5402
5403
5404
5405
5406
5407
5408
5409
5410
5411
5412
5413
5414
5038
4948
5417
4863
4864
1150
4217
4221
4221
1710
1881
5024
1153
1154
1988
5429
5430
4734
5433
5434
5435
5444
5437
4807
5439
2006
2031
4083
2025
5282
5445
5446
5447
5448
308
3968
4187
4849
4183
5454
5455
212
5456
2731
4443
5460
5461
5462
5463
5463
5465
5466
5467
5468
5468
5470
5469
5472
5473
5474
5690
2369
5691
5476
5703
5479
5575
5510
5515
5519
5485
5533
5487
5488
5489
5490
5491
5492
5551
5494
5555
5501
5559
5498
5505
5689
5475
5500
5791
5506
5487
5532
5549
5506
5509
5510
5511
5512
5513
5513
5515
5516
5517
5517
5519
5520
5521
5688
5573
5521
5525
5526
5527
5488
5529
5550
5539
5532
5533
5534
5537
5536
5537
5538
5539
2369
5691
5476
5543
5479
5575
5510
5547
5550
5493
5550
5551
5510
5575
5555
5501
5495
5557
5559
5495
5562
5690
5561
5690
5564
5565
5566
5580
5575
5575
5570
5571
5562
5502
5690
5575
5576
5577
5578
5579
5580
5610
5768
5798
5583
5583
5674
5683
5654
5662
5590
5591
5719
5632
5594
5595
5596
5597
5598
5627
5645
5601
5602
5666
5609
5678
5667
5621
5617
5609
5609
5609
5582
5613
5613
5615
5616
5617
5618
5619
5620
5621
5622
5623
5624
5625
5629
5626
5592
5720
5592
5630
5632
5719
5637
5596
5637
5643
5599
5627
5660
5616
5594
5643
5644
5645
5646
5598
5627
5768
5742
5583
5675
5654
5589
5723
5657
5657
5601
5660
5664
5621
5661
5664
5611
5665
5612
5667
5668
5672
5649
5743
5671
5602
5674
5675
5662
5662
5678
5679
5670
5611
5743
5662
5684
5685
5674
5602
2368
5791
5790
2371
5792
5692
5692
5692
5692
5692
5477
5572
5497
5499
5702
1333
5744
5744
5744
5704
5480
5481
5510
5514
5513
5517
5519
5688
4095
4094
4090
5795
5794
5766
5722
5723
5655
5589
5725
5588
5726
5653
5652
5686
5732
5615
5680
5583
5583
5583
5748
5748
5748
4100
5798
5768
5744
1333
5744
5744
4100
5748
5545
5481
5482
5514
5483
5517
5701
5497
5477
5694
5692
5692
5706
5560
5764
5765
4085
4084
5768
4095
5732
5615
5584
5583
5748
5741
5765
5776
5778
5779
2373
2373
5686
5652
5653
5726
5726
5715
2368
5788
2369
5791
2371
5692
4089
4090
4090
4098
4100
5741
2378
5786
5802
2995
5694
2417
5695
5807
5763
4145
5438
5811
4127
5774
5799
4106
4106
4750
2399
5697
2970
5821
5440
4126
4817
4818
1474
3132
1842
4818
5694
1476
1831
5820
169
1830
2378
5800
4849
4849
2286
3165
2286
4849
4849
2284
3165
4849
2286
3970
