3115
1459
3046
3
4
5
6
1320
1321
3060
2594
1329
1331
5476
2403
5808
519
3123
1350
159
23
1350
2284
2241
2959
1350
1356
2208
2951
1361
2285
2285
1371
1577
1414
2716
3607
1379
38
39
2681
2680
42
1388
124
2748
5467
1408
843
2624
37
102
1432
53
1537
2647
5470
1590
1441
1591
1447
2636
2639
2745
1403
3330
144
1471
68
2042
2440
1485
2473
2114
1487
75
76
77
1497
79
1501
3309
1352
24
1352
24
2487
1355
2185
89
90
91
92
93
94
1543
1548
1524
1546
1527
1525
2645
607
1555
1553
1566
1564
2622
1561
1567
1377
111
3588
3604
3614
1583
1588
3576
3610
3626
1605
2640
3619
47
1401
1453
2688
2751
1406
136
1383
42
133
1436
2690
1613
1375
137
139
3022
1621
2225
1626
2352
505
3083
1629
1631
1637
1636
2218
2026
2210
696
697
3013
156
157
2592
1663
3867
161
162
1674
1669
3885
4744
1675
1679
5653
4749
171
172
173
174
175
4167
4157
178
1702
1702
1851
4014
4196
4011
3968
181
4214
5024
4192
1714
1854
1854
1091
1726
5248
1797
1731
5471
4349
4369
201
1746
5309
1804
1739
4392
1099
1742
4408
1775
5259
5285
4412
4410
1774
1090
1090
242
4415
4413
5317
301
228
230
4462
1758
288
1818
1819
1757
231
1838
3780
5437
4813
4202
4187
3851
1855
4948
4952
1860
4972
1866
4970
1869
5026
1854
4847
1703
4213
4216
253
1885
5247
1984
257
258
259
4354
214
295
1088
215
198
1106
217
4342
269
270
4338
5271
1938
1729
1933
282
281
1943
199
194
1910
1784
1954
1901
229
1811
1953
1965
1950
4397
4400
4461
1963
5463
1110
1905
1903
4365
1790
1899
4364
1967
5238
4002
1989
306
4828
3994
4684
1836
4772
4075
4069
948
316
3984
3990
4873
4873
4872
321
322
1706
4846
315
2029
5441
2034
2719
3252
2040
3256
2059
2045
2050
3292
3286
2047
3258
2054
2056
1503
3300
2061
3250
3105
2063
2067
349
350
351
352
353
354
355
356
2081
2080
3353
3351
2084
3355
3363
2089
2091
366
367
368
369
370
2102
3307
2106
3112
2110
3276
3077
2116
2121
3080
3338
3336
3116
3124
2125
2130
2136
2138
3001
3121
390
2143
393
2144
395
2148
2150
398
399
2159
2158
2249
2161
2163
2202
406
407
408
409
411
673
2183
3111
2176
3062
2179
2189
2924
3216
2191
3225
3230
2193
2079
2200
3096
3091
3023
2204
2960
2213
3145
2215
3155
2216
2260
2219
2777
2255
2273
2228
3185
3186
3188
3070
3329
3749
2233
3037
2239
2243
682
459
2245
3092
2253
2266
2265
3177
2267
2268
2949
2955
2779
466
3755
2539
2543
2279
2293
2286
2241
154
3751
2517
2297
2300
478
2317
480
481
482
483
484
485
486
2320
488
489
2832
3098
3147
2328
3005
3076
3072
2329
498
2336
2338
2347
2344
2867
147
2939
2969
2868
1465
2385
2885
512
2374
2892
2423
3148
1322
710
3153
3089
1485
2285
2465
553
2269
2451
3743
2456
2461
3745
2469
1360
2474
2463
24
1483
1483
1484
2489
2488
2493
2537
2495
2497
3746
2522
1352
548
2556
2498
3747
2544
2511
3178
542
2531
555
2535
2540
2491
2569
3366
2569
3173
2552
2558
565
2573
2586
3368
1662
571
2577
3175
1658
2580
2588
3370
2590
579
580
581
582
583
584
585
586
587
588
589
2615
591
592
593
594
595
1651
3587
3577
599
3605
1406
2676
1398
604
605
130
131
608
609
3586
2665
2667
834
1449
2684
2637
3631
618
619
1650
1415
622
623
1455
625
626
627
628
629
630
631
3138
2765
3140
635
636
2782
2787
639
2790
2792
642
2795
2796
3126
3136
2804
2817
2813
2810
2818
652
2826
2830
2856
2835
657
658
2864
660
2387
662
2941
2886
665
666
667
668
669
670
671
672
2918
3322
2944
676
677
678
3040
2954
2952
2958
3171
3169
2961
3037
687
688
689
690
691
500
693
694
3180
152
3192
3019
3029
3036
3041
3045
3213
3051
3055
3058
3067
3214
3119
3074
3195
712
3114
3151
3157
3160
3166
3200
3198
3238
3234
3226
3208
3203
3236
3220
3282
3244
3280
3284
3741
3289
3260
3387
735
736
3384
3381
3314
3316
3320
3319
3333
1484
3345
3357
3349
748
3536
3379
3673
3675
753
754
755
756
757
3397
3678
3401
3681
762
763
764
765
3414
3684
3418
3427
3424
3422
3691
3429
5110
5112
3449
3431
3433
3439
3437
5371
5369
3442
3448
5131
5130
787
788
789
3457
3699
3698
793
794
795
796
3472
3702
3477
3704
3480
3706
803
3708
3710
3492
3499
3712
3494
3497
5455
812
813
814
815
816
817
3517
3519
3524
821
822
823
824
825
826
827
828
829
830
831
832
833
3575
2670
3580
3582
2660
2662
840
841
3597
1543
3621
3617
846
847
3715
5357
5359
5361
5366
3847
3778
3845
3783
3793
858
4964
3785
3790
3795
4919
4910
4945
3798
3800
3805
3803
4634
4636
872
873
874
875
876
877
878
879
4632
3818
882
883
884
885
886
4994
3829
4667
4322
3834
4976
3841
3910
3909
3849
3861
4766
3854
3856
4770
3859
4811
3866
905
906
907
4155
909
3877
4709
912
3880
3882
4764
4654
917
4708
3891
920
921
922
923
924
925
3907
5432
4717
929
930
931
932
933
934
3925
936
937
1180
4700
3937
5452
3943
5443
4861
3945
4852
3950
4482
3955
3962
952
4824
4486
3967
3965
4019
5426
3971
959
3973
3975
962
4703
4874
4704
3988
942
4483
3997
4004
4840
4261
4010
4023
4238
5420
4011
318
4259
1997
981
4630
983
984
4472
986
987
4543
4038
4047
4525
4524
4049
994
995
996
4693
998
4059
4696
4747
4078
4064
4559
4109
4545
4114
4080
4108
4570
4558
4165
4578
4135
4583
4149
4154
4821
4169
4282
4857
4176
4000
4189
4180
4506
4188
4240
4193
4198
2814
4253
5050
5451
4221
4217
2523
2528
4248
4223
1854
547
4222
4234
4637
2534
4274
5423
5421
4288
4287
4284
4288
5031
566
648
4510
4272
4850
2021
4292
4301
4296
5035
4298
2584
4511
4304
1069
1927
4425
4312
1070
1074
1075
1076
5279
1760
4996
1925
4328
1917
263
1934
265
1946
1947
1776
5315
1158
4674
1793
4444
4320
5291
5298
5299
5298
1952
4359
4461
5464
4452
4455
4337
5253
5282
5436
1745
1750
1111
1112
1113
1114
4473
1116
1117
4492
4498
1120
4518
4522
4533
4532
1125
1126
4549
1128
4561
1130
4111
4580
4586
1134
1135
4593
4595
4664
4598
4601
1141
1142
1143
1144
1145
1146
4627
1148
4727
5427
4715
4644
4646
5431
3969
4988
4688
4687
1159
1160
4774
4926
4927
4866
325
2024
5430
4754
4723
4755
4732
1172
1173
4743
1174
5428
4903
4803
999
951
4795
4799
4815
4855
4858
4860
1187
1188
1189
1190
4890
1192
1193
1194
3939
4911
4913
1198
1199
4930
4966
4943
1871
4978
4985
4991
4993
1208
1209
1210
1211
1879
4266
5053
1215
5055
1217
5067
5065
5074
5070
5446
1223
1224
1225
5081
5374
1228
5086
5373
1231
1232
5098
5377
5102
5379
5381
5105
5107
5383
5117
5115
5179
5387
5120
5180
5124
5385
1249
1250
5202
5137
5139
5199
1255
1256
1257
1258
5197
5155
5158
5206
5204
5163
5166
5210
5171
5352
5215
5174
5176
5390
1273
1274
1275
1276
1277
1278
5395
5393
5399
5397
5401
5219
5225
5243
5410
5227
5408
5231
5235
5414
5245
5240
4359
5263
5304
4386
283
283
4380
4394
4384
5313
5299
4399
5355
2
1311
1514
3048
1312
1313
1314
1315
1316
1317
1318
641
1321
2825
641
1319
1332
1332
1328
1332
1479
5793
1477
13
2397
2996
3057
5820
2395
2393
2395
2395
1350
1350
159
1350
1350
1350
1350
23
23
24
2241
1353
159
2592
1353
27
3335
85
27
1355
28
28
1360
1364
2286
1350
1350
1350
2285
2632
1372
33
1380
1374
1412
603
1373
34
36
2733
36
3606
42
1396
1383
42
42
1402
2749
1402
1402
1394
1394
624
3628
1399
1399
1395
35
1610
127
127
1403
127
1407
1407
1588
1410
1410
1411
1587
1589
1413
2634
49
1601
1417
1404
123
1538
1379
1540
1538
1539
5458
51
1428
1426
2735
55
1427
1431
54
1397
1433
1437
5470
5465
45
1435
1593
1593
57
1590
2686
602
2676
2674
2685
624
1452
1450
1454
58
2638
62
509
2386
2863
88
1513
88
1469
1465
2969
2350
2940
1466
144
2350
1472
68
3762
1472
3120
3120
3120
5562
5689
5572
11
1326
2438
22
1348
22
2472
1490
73
75
2893
1491
1492
1493
1494
1495
1498
1497
1498
1496
1502
81
3769
734
1500
1350
1350
1352
1350
1357
1345
86
88
2187
2186
1515
1516
1517
1518
1519
1520
1521
1522
3587
98
2624
1523
1556
1530
1529
2672
1531
1532
2652
1536
2653
1385
606
2732
1535
2734
1542
1545
96
1541
1547
103
1547
609
1549
1550
1551
1552
1553
1554
1555
1553
1556
1559
1525
1558
100
1565
1562
107
3602
108
1569
105
3603
1569
1571
1572
1573
1574
112
3590
3589
3605
112
1594
1584
1599
614
119
3611
119
1544
97
1543
3576
3576
3576
613
1451
1597
1608
1392
614
1604
3616
1407
1408
1406
126
1609
126
5462
125
2687
128
2633
1439
134
1612
1436
1400
1607
1618
1619
1620
139
3022
139
139
3773
138
1621
3773
3764
147
479
3764
1629
150
1634
150
150
148
148
2212
1640
2969
2969
3015
3015
3015
696
1557
1648
104
597
1652
1653
1654
1655
579
579
1658
1657
1662
1660
1662
571
1664
4802
1666
1667
1672
163
1671
1673
1673
4742
166
1118
1679
1678
4493
1118
1680
1681
1682
1683
1684
1685
1686
1687
1688
4117
4127
1689
1692
4168
1694
1695
1702
1702
1702
4846
183
1702
1853
183
3968
4846
4844
324
4846
1034
4211
4213
1034
4206
1029
1718
1717
5419
4193
1702
1854
1702
1702
5250
5251
5248
5250
221
1731
221
281
1798
1785
200
193
1782
1092
296
4371
1905
4372
4392
4391
1099
5319
1962
1962
1746
1962
1802
4458
1752
1975
4406
1973
302
289
293
1754
275
4340
4339
1935
1777
1777
1776
1777
4439
4409
1101
292
196
5471
196
5471
1110
1110
1750
1110
1781
1781
1751
4367
4370
4367
4369
1090
4370
1090
4413
242
4413
4414
4414
4414
4414
297
205
4373
1978
299
4366
1976
4449
4448
1822
1822
1822
1822
5316
294
1758
4457
4462
1962
1961
1748
1816
227
1109
1817
1971
1821
288
1825
4103
1824
1827
1828
1829
4083
5777
4568
1010
4112
1833
1147
4571
233
233
3779
1840
1843
4131
1842
1845
4140
1847
1848
1849
1850
1852
4202
1852
236
1858
238
240
5416
1861
241
1861
1862
1859
239
4974
239
1865
1870
245
4969
867
1868
1702
1854
1702
1702
1703
1041
5025
4216
5025
1882
1883
1884
1887
255
1983
256
1889
1890
1891
1892
4432
1969
4353
1772
1780
1900
1106
5272
1901
1898
1794
4368
1795
1794
4443
1787
4368
216
1766
1968
4354
1764
1770
1765
1304
5290
1919
1920
1921
1922
1893
1895
1896
1897
262
196
1774
1728
1731
273
277
5284
1936
276
5288
4447
5288
5287
1942
5249
1942
234
4351
1948
1725
1724
4351
1950
1950
1901
1953
1953
1953
1966
1807
1820
1805
4456
1950
1964
1951
1950
1950
1954
1952
1777
1110
4412
1964
1965
1965
1965
4366
266
219
4441
1099
1967
4401
5404
5404
303
1985
5449
1985
304
3995
3995
1990
307
313
4072
4040
313
4074
3986
3986
3984
948
3989
2001
3951
5783
5587
1166
4873
1166
4871
2011
2012
2013
2014
2015
4294
2017
2018
1059
2022
1059
4849
1998
1999
2000
1635
2028
1635
1634
149
3987
5441
3987
2036
2036
1649
596
2037
2043
330
2039
332
3255
2048
333
2044
337
3285
2051
336
3291
2049
2057
339
2053
334
3262
2060
342
3298
343
2058
2064
3249
346
2063
345
2068
2069
2070
2071
2072
2073
2074
2075
2076
2077
3351
2081
359
3351
3351
2085
362
3358
2083
2088
3362
361
2087
363
2092
2093
2094
2095
2096
2097
2098
2099
2100
2103
372
3306
2101
2086
358
2105
2109
3251
374
2108
2115
2112
376
3275
380
2120
2119
2124
3079
382
2123
3337
3081
383
3078
3117
2127
2126
379
2132
2122
2118
0
2131
1
3099
389
2333
2432
2137
2142
393
2144
2145
2142
2147
2148
2149
2150
2147
2152
2153
2154
2155
2146
2156
392
2159
2164
402
2160
405
2247
2165
2166
2167
2168
2169
2172
3361
3364
2135
2170
2178
413
2175
3109
378
2117
2180
2133
386
2182
2188
2189
418
3217
419
2192
421
3228
422
2190
2082
3360
357
2078
2201
3095
3094
427
2199
3023
3023
2205
2205
24
2960
2212
2213
3767
432
2215
3167
434
2214
2218
439
2223
2222
2259
2258
2227
440
2224
3154
443
2230
3186
3187
443
2234
3328
446
2235
445
2962
3756
449
2962
2244
3025
3026
453
2242
2248
3090
455
2265
2266
2266
1628
1625
2257
459
3765
2257
2255
149
2030
697
3017
3018
3773
460
141
463
2270
680
2780
2271
3754
2275
3755
3020
2276
2562
558
2561
467
2565
2238
2238
2241
2240
3017
458
3013
474
2292
3750
2566
2516
2515
468
551
2301
2298
2300
2315
2302
2303
2304
2305
2306
2307
2308
2309
2310
2314
2312
2313
146
2315
2316
2317
2318
2319
2320
2321
2831
490
2325
3097
10
2324
491
495
3006
3073
2331
2330
2334
2335
2336
2334
2338
2340
3103
2339
2343
1630
503
501
147
2348
1631
2353
505
2349
499
2971
2937
66
1463
2880
1457
2880
1457
2879
2359
2360
1456
2360
5714
5521
5523
5555
5474
5496
5715
5560
2367
2838
2865
2376
2970
2351
2970
2381
2868
2383
2384
663
1467
2882
2385
706
3086
3084
3059
3089
145
710
3763
3763
5808
3087
3057
3088
3763
5805
3763
3763
3763
2890
2889
2369
2890
3763
2365
5563
5698
2370
9
2392
3763
3763
3120
3120
5833
2427
513
2426
516
2891
3121
3122
3122
2332
2332
517
2429
2393
2394
5808
1330
2408
511
5808
3123
3123
710
1347
1347
2285
1485
1350
159
523
2467
462
2453
2452
526
2466
2457
2460
2462
529
3744
2464
3745
530
2469
2470
1362
531
29
2470
3163
471
528
2459
528
2463
72
1486
1350
20
20
1483
20
1345
20
537
2487
537
2489
2487
2494
538
3774
541
2492
540
2499
2493
540
2500
1353
1350
1353
1352
2572
2572
2555
565
2508
544
2497
544
3747
2545
2542
550
2546
3178
3178
2949
2496
2496
542
532
2529
532
2526
2530
2535
557
2572
2559
2533
1486
1486
1486
1511
87
1511
2563
2564
559
539
3748
2514
2511
1486
2478
1486
24
24
1350
2285
2557
561
3367
569
2560
3365
2541
2538
86
2491
26
1356
563
2569
563
3173
562
2573
562
562
2578
2575
573
3174
1659
574
2579
2583
2589
578
2583
2576
2586
572
2591
577
3369
2593
2593
5826
1337
2596
2597
2598
2599
2600
2601
2602
2603
2604
2605
2655
2607
2608
590
2610
2611
2612
2613
2614
593
2616
2617
2618
2619
2621
1527
99
2620
2624
2625
598
3578
2627
2038
36
1378
1378
601
2633
3625
843
48
118
118
2639
2639
2639
3624
1614
135
2644
132
1425
2649
1419
2651
1382
1386
1384
2657
608
2657
2659
3585
611
2658
610
2666
2663
836
3580
842
2669
2669
2670
2668
2682
2683
3574
834
3576
3574
2643
2678
121
122
124
1389
1607
3609
3576
2689
63
1442
2747
2747
2747
2727
61
2727
123
2697
2698
2699
2700
2701
2702
2703
2704
2705
2706
2707
2708
2709
2710
2713
2711
2713
2714
2715
2633
2712
2718
620
2034
2035
2722
2723
2724
2725
123
47
2646
2729
1534
1534
3635
3608
1434
2736
2744
2737
2738
2739
2740
2741
2742
56
56
1443
59
46
5467
5472
616
3631
2693
2753
2754
2755
2756
2757
2758
2759
2760
2761
2762
2763
2764
436
2768
2220
2261
2770
2232
634
2772
441
442
2776
2783
453
2777
3038
682
2243
632
3139
2766
2786
3141
425
2785
2793
639
2789
642
2793
2327
493
2799
2794
645
70
3129
2798
568
2804
2587
568
2475
2813
2474
2475
522
2458
2455
527
2811
462
2269
2587
576
2817
2820
2821
2822
2823
2827
2824
2826
2827
2825
2828
653
2829
2829
654
2377
655
2412
3640
2363
2840
2855
2839
2842
2843
2844
2845
2846
2847
2848
2849
2850
2851
2852
2853
2854
2857
659
2870
2858
2859
2860
2861
2862
509
2388
2864
2386
2869
661
2881
2388
2871
2872
2873
2874
2875
1468
66
1467
1465
508
504
2940
2323
2883
487
490
8
2887
2841
2836
2791
640
2893
3293
2895
2896
2897
2898
2899
2900
2901
2902
2903
2904
2905
2906
2907
2908
2909
2910
2911
2912
2913
2914
2915
2916
2919
674
3321
2917
2923
2921
2947
675
2925
2926
2927
2928
2929
2930
2931
2932
2933
2934
2935
2936
1469
2298
477
2299
2938
2078
2079
346
3104
2945
2065
2956
2956
2954
2239
450
2951
2957
2954
683
3170
684
686
2961
686
3037
2963
2964
2965
2966
2967
2968
2349
2352
2964
2972
2973
2974
2975
2976
2977
2978
2979
2980
2981
2982
2983
2984
2985
2986
2987
2988
2989
2990
2991
2337
2992
500
2992
2994
2997
2998
2999
3000
428
3007
3002
2206
394
3076
394
429
3010
3012
140
1627
3190
3189
3191
3191
460
2267
395
3019
2159
395
2145
3026
2958
3176
3028
3757
401
3027
3033
3033
698
3021
3034
400
3021
2958
3030
414
699
3039
2151
3043
396
417
3052
3047
3050
3215
703
3049
3053
3053
397
3060
3058
3054
3055
3058
2996
377
2129
3066
3064
3075
700
3069
3212
708
3068
3055
3076
3055
2157
2144
709
3118
3082
448
2237
2236
705
705
3074
3058
3060
3059
3083
3009
3181
388
153
153
3194
3014
16
391
2329
2341
3100
3102
2141
2177
375
3106
3107
3108
3110
3113
702
713
3107
3114
381
470
2281
2291
447
5805
496
3085
3085
469
2296
714
3135
3149
3128
3134
3120
5572
2420
2439
3152
515
2425
326
2027
2231
444
3195
2226
3143
435
3142
12
1323
7
5572
2888
2884
510
465
3156
2275
3031
3157
159
159
2285
2238
2283
1661
3164
570
715
3169
3158
681
681
1347
716
3165
717
3168
433
3179
3752
2254
2251
2203
3182
2289
151
1639
1638
1641
2211
431
3144
3144
3188
3188
3187
3199
3196
720
3237
721
3202
3233
725
3201
3206
3224
3205
722
3211
3209
3240
3065
701
707
3042
679
2946
3219
3753
685
3218
2960
3222
3227
727
340
3742
3229
3245
3232
347
2066
3235
729
3279
341
3239
730
3283
2055
3241
3241
3243
348
3246
348
3247
3248
2111
331
3242
694
3253
3254
3255
3256
3259
344
3287
732
3257
2062
74
3266
3290
1488
3267
3268
3269
3270
3271
3272
3273
3274
2041
69
3277
3278
2046
338
731
733
2052
335
1504
80
3288
3301
78
1499
2104
371
1473
3294
3295
3296
3297
3299
3299
736
3301
3302
3303
3304
3305
3308
737
3383
738
3310
3311
2721
3197
718
3313
719
3210
3317
724
723
2194
420
423
3207
3324
3204
3326
3221
726
2922
3223
3331
2209
2209
3334
3071
704
3052
20
1484
20
2285
521
1483
3159
1368
2445
2581
575
3348
3318
741
742
3315
739
3354
740
3327
360
3740
673
3356
746
2920
1486
2570
71
535
3350
747
3371
3372
3373
3374
3375
3376
3377
3382
749
3378
751
3672
3385
752
3674
3386
750
3388
3389
3390
3391
3392
3393
3398
3395
3394
759
3677
3402
3399
761
3680
3403
3404
3405
3406
3407
3408
3409
3410
3411
3415
3412
767
3683
3419
3416
769
3686
3423
3420
772
3690
773
3426
5109
775
3425
774
3434
776
3430
779
3695
3438
3435
781
5370
782
3443
3440
784
3693
3446
3444
3447
3450
785
786
5129
3451
3452
3453
3454
3458
3455
791
3697
792
3460
3461
3462
3463
3464
3465
3466
3467
3468
3469
3470
3473
798
3701
3471
3478
3475
800
3703
3481
802
3705
3479
3486
3483
3485
3707
3487
3488
3709
3490
3493
807
3713
808
3491
3498
811
5454
778
3496
3503
3502
3711
3504
3505
3506
3507
3508
3509
3510
3511
3512
3513
3514
3515
3474
790
3516
797
3520
3521
3522
3482
799
3525
801
3476
3527
3529
3530
3531
3532
3533
3534
3535
809
3537
3538
3539
3540
3541
3542
3543
3544
3545
3546
3547
3548
3549
3550
3551
3552
3553
3554
3555
3556
3557
3558
3559
3560
3561
3562
3563
3564
3565
3566
3567
3568
3569
3570
3571
3572
3573
2671
835
3574
2623
3577
2706
2706
3579
2706
3583
3584
3581
837
1556
1563
1568
1563
3591
2664
3592
612
3595
3596
2706
3598
3599
3600
3601
1526
1560
106
109
1570
110
1376
3574
834
3613
844
3620
3615
3622
40
2706
3582
2639
3618
845
3623
3617
2639
95
41
126
2641
1409
2635
1446
1444
1448
2746
1433
136
43
2743
1376
2865
3641
3642
3643
3644
3645
3646
3647
3648
3649
3650
3651
3652
3653
3654
3655
3656
3657
3658
3659
3660
3661
3662
3663
3664
3665
3666
3667
3668
3669
3670
3671
3495
806
3676
848
3714
3679
849
5356
3682
850
5358
3685
851
5360
3687
5362
3428
3688
3692
852
5365
3694
5367
3696
5368
3400
758
760
3396
3413
766
3417
768
3689
770
3421
771
3441
783
3445
777
3432
3500
810
3716
3717
3718
3719
819
3528
3722
3723
3724
3725
3726
3727
3728
3729
3730
3731
3732
3733
3734
3735
3736
3737
3738
3739
3325
2113
3261
3744
1363
1364
538
2490
539
3332
743
3335
2953
3035
3020
698
698
3044
2375
3759
3760
3761
3762
2391
3764
2218
1469
2217
3768
3380
3770
3771
3772
1622
537
1350
2477
3781
853
3777
855
3844
3786
857
3782
859
4963
3788
3788
3787
858
3794
3791
863
4924
864
3797
4946
865
3796
856
3804
3801
870
4633
871
3806
3807
3808
3809
3810
3811
3812
3813
3814
3815
3816
3820
3818
3819
4632
3821
3822
3823
3824
2090
3826
3827
3828
889
3833
3832
4669
4668
887
4324
3835
3830
3839
4975
3838
892
2107
373
3846
894
3908
895
3802
868
3848
869
3853
4765
898
3852
897
3858
4768
901
3857
384
2128
3125
3863
3855
900
899
3865
3868
3870
904
3872
3873
3874
3875
3876
3879
911
3879
912
3877
3884
913
4764
915
3885
3888
4789
3889
3890
911
4709
3878
3892
2162
3896
3897
3898
3899
3900
3901
3902
3903
2174
412
3904
410
3911
927
928
4716
3914
3912
4751
3913
3916
3917
3918
3919
3920
3921
3922
3923
3921
3925
2198
2942
424
3929
3930
3931
938
4831
1987
305
3934
1985
184
1700
184
2032
3943
2032
2025
944
4862
3946
3949
4854
438
3952
2778
2221
946
4841
3948
3954
3961
3958
4869
4486
953
4020
3963
4018
4281
957
3970
3970
4012
959
2246
454
3972
451
3976
3977
3978
1165
3996
4707
4704
4704
3985
4482
3985
3988
960
948
3951
1166
4872
1166
4876
4830
4875
464
2781
3998
2272
4005
949
4001
971
4839
4239
4276
975
4237
1044
976
1716
4011
4848
1166
4879
4702
1048
4258
4257
972
2518
552
475
4025
4026
4027
4628
4029
4030
4031
985
4033
4034
4035
4036
4037
4041
988
4071
4546
4042
4043
980
4045
4048
991
4523
992
4046
4051
4052
4053
4054
4055
4060
997
4056
1000
4694
4063
4744
1001
1002
4061
4066
4067
4068
4071
1005
4545
4070
1004
4573
4560
4079
4076
4683
4658
310
5764
5767
5724
4085
5794
4088
4086
4091
4092
4093
4104
4527
4138
4102
4097
4099
4101
4528
1846
4100
5433
1124
4527
1123
1691
4750
4049
993
4524
4107
1011
4556
4562
4113
4773
1179
1175
4771
4810
4809
4121
4123
4166
4122
4776
4777
5812
5809
4128
4130
4129
4131
4134
4838
1013
4136
4124
4529
4139
1014
4141
4776
311
4128
4130
4128
4129
5677
513
4583
4150
2424
4154
998
998
4153
1017
4158
4159
4160
4161
4162
4164
4820
1018
4121
1019
4169
1017
4283
4282
4857
4283
1702
1185
2816
2454
461
4509
1022
4184
4183
4177
4179
1024
4185
4181
4191
1023
969
4190
4194
1028
4242
1045
237
4186
1026
4182
4201
4507
1025
4199
183
4847
5027
1033
4255
5027
1032
5451
1032
4220
1036
4217
4220
1038
554
4247
4219
4218
545
2522
4223
545
181
1702
4173
4172
2506
2507
2509
2510
2501
4222
2501
549
2512
4236
969
3997
3999
2524
2524
2525
2527
556
1046
4252
4249
2532
649
4275
4250
1030
1035
4279
5422
4215
1040
4235
4225
4224
543
4199
1053
4198
1702
1854
4233
1042
1055
4270
4503
4200
1043
4263
4215
5421
1049
4278
1053
4284
1053
4288
4502
4502
1057
648
4293
4290
1062
4300
4295
5033
1064
2582
1066
4297
4302
1067
4510
4299
1065
4303
2020
4307
4308
4309
4333
4426
4331
4310
1083
4315
4316
4317
4318
1301
5277
4321
1079
4433
4995
211
4427
4334
4428
4326
1918
4425
1916
1914
5283
5283
264
1930
265
1932
274
1779
295
1779
1947
5285
280
1947
1947
193
193
193
1779
1781
1102
1102
4460
1820
4362
291
4400
291
5311
4442
1899
218
5252
4675
4675
4673
1158
220
1905
1904
5277
5277
5279
5299
203
1966
283
5299
4378
5298
4383
4382
4378
286
1960
5278
5255
1898
1898
224
229
224
1810
202
5309
4398
202
1099
1952
4391
4457
226
300
4364
1976
5473
4461
5473
5473
4981
4962
1860
4424
4421
1103
4416
4423
1302
1303
4450
4388
261
1912
4338
1085
4337
5268
1923
1781
1084
5456
1725
1725
195
4437
5473
4461
5252
1863
1090
4368
1909
267
1908
1795
1789
4451
5275
1107
4454
5282
1108
230
1758
4407
1744
5473
4459
5464
4463
4464
4465
4466
4467
4468
4469
4470
4471
4472
437
3953
2767
4476
4477
4478
4479
4481
4485
2778
451
3975
633
4475
4487
4488
4489
4491
4491
1117
4490
4494
644
4496
2801
646
4499
648
2802
2819
2813
2813
2814
525
2812
650
2272
2819
651
4512
4513
4514
4515
4517
4517
1114
4516
4519
4520
1121
4521
1122
168
4531
4533
1124
4531
4526
4050
990
993
4534
4535
4536
4537
4538
4539
4540
1114
4541
4518
4524
4522
1121
4533
4547
1123
4550
4551
4552
4542
4039
4557
4555
5322
1127
4110
4559
1009
4548
4563
4564
4565
4566
4567
4082
5765
1826
4572
4087
1129
4114
4576
4579
4575
1132
1676
1676
4577
4581
4493
3850
4584
896
4587
4588
4589
4590
4591
4313
1072
4592
1073
4597
4672
1138
4596
890
1081
4600
4603
4604
4605
4606
4607
4608
4609
4610
4611
4612
4613
4614
4615
4616
4617
4618
4619
4620
4621
4622
4623
4624
4625
4626
1832
4629
4631
1008
1835
2942
4635
1143
4635
4731
968
4484
4638
190
1715
4641
4647
1151
4643
1149
4727
958
3971
4649
3969
4655
4653
1003
4660
4656
4657
5834
5816
4077
4662
5435
1134
1104
4430
4431
4670
4671
1133
4977
1841
4416
4674
4686
1158
1157
4677
4678
4679
4680
4682
4748
1161
4685
4746
4689
1162
1163
4925
3936
939
4690
940
4695
4695
4696
4698
4865
4699
308
3979
4872
4872
325
4871
4874
3944
4709
4709
4711
5429
4712
3974
4713
961
919
1168
3894
3893
4722
4720
4642
1167
4721
4710
4724
961
4730
4729
4752
4728
913
3883
3881
4735
902
4737
4738
4739
4740
4741
915
4762
4743
1175
4749
1174
1174
1174
170
385
1169
4726
4725
1176
4756
954
5013
4759
4762
4760
4762
918
912
903
1178
4805
4769
4804
955
4760
999
4761
4749
4749
4771
4772
4778
4779
4868
4878
4879
4826
4878
4785
4786
4057
4788
4065
4790
4731
4791
165
4793
3886
4798
4796
4734
4733
914
4800
3860
974
4008
4024
973
5810
4058
4808
4808
476
4814
1119
4152
4151
4812
4132
4817
4819
4816
1183
514
947
4474
3959
3960
4825
4829
3947
943
4827
4832
1015
1677
4835
4834
4836
4837
1184
4843
4853
1150
4856
1185
4858
1185
4848
4197
4851
1186
4859
1152
4645
4861
1153
4864
1052
1052
4291
1061
4714
966
4639
4195
965
319
4867
4781
1115
4824
2002
2023
317
2025
3941
3941
952
952
4870
4880
4881
4882
4883
4884
4885
4886
4887
4888
4889
4890
4891
4889
4893
4893
4895
4897
4902
4898
4899
4900
4901
1155
4907
185
4650
1704
1877
4892
4908
1191
935
3924
934
4912
4613
4915
4917
4918
1193
4920
4921
4922
4923
4894
4801
1181
1182
4916
4928
1197
4931
4932
4792
4933
4797
4935
4794
4937
4936
4939
4942
5417
1201
4941
862
3792
4950
1200
4947
4965
4951
4952
4953
4954
4955
4956
4957
4958
4934
4959
4938
4961
4920
4964
4914
1196
4967
4968
3784
860
4944
1202
4971
4949
3789
861
4960
1157
4940
1157
4962
3799
4973
4982
243
1867
4585
234
1941
3840
246
4990
893
1156
4989
4438
4344
4998
4999
5000
5001
5002
5003
5004
5005
5006
5007
5008
5009
5010
5011
5012
5014
5020
5015
188
247
1710
191
4210
3964
5021
5023
4208
4254
5027
5051
1020
1854
5032
1214
5052
5034
5054
1216
5036
5037
5036
5039
5040
5041
5042
5043
880
5045
3817
5047
5048
5049
4267
1050
4273
1058
4305
1068
5056
5057
5058
5059
5060
4666
5061
5066
5063
1206
5445
1220
4992
5068
1207
4984
4986
5071
1203
5075
5076
5077
5078
5082
5079
1227
5375
5083
5087
5084
1230
5372
5088
5089
5090
5091
5092
5093
5094
5095
5099
5096
1234
5376
5103
5100
1236
5378
5108
1237
5104
1240
5382
5111
1238
5363
1235
5116
5113
1243
5388
1244
5121
5118
1246
5177
5125
5122
1248
5384
5128
5126
5386
5127
1241
1247
5132
5133
5134
5135
5140
1251
5136
1254
5200
5141
5142
5143
5141
5145
5146
5147
5148
5149
5150
5151
5153
5196
5152
1259
5159
5156
1262
5207
5161
5203
5160
1263
5167
5164
1266
5209
5169
5212
5168
254
5173
5351
1269
5172
1268
5178
5389
1271
1272
5183
5181
5214
5184
5185
5186
5187
5188
5189
5190
5191
5192
5193
5194
5195
5198
1279
5394
1280
5201
5392
1274
5205
1281
5398
1282
5208
5396
5211
1283
5400
5213
5403
5216
1218
5246
5217
5218
1135
5220
5221
5222
5223
5226
1286
5409
1287
5224
5230
5412
1289
5229
5234
5406
1284
5233
5239
1292
5413
1293
5237
5062
1137
5242
1140
5073
1222
1204
4979
4676
4676
1863
5253
4404
224
5301
1936
279
272
5262
5302
5267
1298
1954
5264
1097
203
4343
5286
1949
1733
5272
5297
1299
5296
5265
5276
4385
5277
5279
1301
5280
1931
1730
1945
1734
1735
1910
4445
292
4356
224
4359
1966
5299
1966
1966
5309
287
1306
290
4399
4398
4398
4398
4397
4360
5314
287
1951
1747
4460
4460
294
294
294
1907
4446
1902
1791
4445
4527
5323
5324
5325
5326
5327
5328
5329
5330
5331
5332
5333
5334
5335
5336
5337
5338
5339
5340
5341
5342
5343
5344
5345
5346
5347
5348
5349
5349
5064
1219
5069
5353
1221
5080
1226
5085
1229
5097
1233
5101
5364
5380
5106
1239
5123
5114
1242
5119
1245
5138
1253
1252
5144
5154
1260
5157
1261
5162
1264
5165
1265
5170
1267
5182
1270
5175
5354
1307
5391
5350
1291
5236
1290
5232
1288
5228
1285
5402
1294
5411
5241
5405
5448
5407
5434
1139
4594
1136
5244
4599
4602
3837
5415
4929
4909
4191
5418
1027
4218
1037
4224
1711
1880
252
189
1154
4003
970
4721
910
4582
4663
4319
1077
854
4119
1996
5784
966
5725
327
1094
1872
244
3831
888
307
1703
1039
1702
4201
3436
780
4344
1086
1534
4368
1648
272
3634
302
1981
5465
5466
621
1800
204
1396
5468
2750
208
5524
5554
5699
5763
3120
5803
5836
506
5750
5752
5712
5492
2416
2400
5779
5565
5509
5516
5570
5506
5821
5757
5493
5818
5744
2390
5551
5558
5550
5485
5807
5807
2400
2399
5807
5479
5480
5569
5479
5553
5751
5482
5576
5514
5753
5513
5511
5539
5517
5531
5537
1334
5779
1334
2400
5534
5525
5536
5578
5701
5567
5566
5543
5494
5571
5489
5699
5763
3120
5802
5836
2379
2422
5701
5499
2416
5487
5532
5707
5746
5486
5507
5508
5547
5508
2401
2401
5559
5497
5559
2380
2380
5821
3056
5800
5800
3061
3061
5497
5530
5559
2378
1335
5745
5821
5821
3056
4098
5743
5650
5773
4144
4127
5812
5673
5684
5622
5626
5718
5663
4126
5811
4125
5636
5638
5593
5615
5668
5605
5669
5682
4125
4116
5678
4115
5582
4095
5610
5671
5823
5823
5823
4126
4115
5643
5635
5645
5644
5647
5600
5599
5624
5630
5631
5633
5592
5581
5681
5611
5797
5614
5811
4143
5614
5660
5660
5667
4126
4143
5613
5595
5594
5642
5658
5659
5649
5737
5773
4127
5675
5673
5619
4126
4126
5606
5667
5668
5685
5685
5603
5666
5734
5680
4807
4807
5810
5585
5651
5735
1690
5770
1690
5602
5586
4125
4142
5772
5604
5649
5782
5605
5732
5770
5605
5524
5523
5495
5699
3120
3120
3120
3120
3120
3120
5497
2401
5818
2390
3056
5803
5820
5820
5820
5833
5837
1462
2877
2354
2356
2357
5754
5518
4095
4098
4094
5796
5719
5629
5591
5620
5621
5662
5683
5730
5730
5730
5812
4127
4118
4116
5810
4145
4144
4146
4146
4147
4147
5739
5583
4096
5820
2996
2969
2969
5741
1843
66
2937
1463
2876
2361
2359
9
2389
3120
3120
3120
3120
5833
5805
5767
5723
5720
5766
4096
4097
4118
4116
4130
4144
4147
4146
5662
5677
5810
3056
3120
3120
4127
5812
5783
5783
5730
2358
5521
5484
5495
5523
5560
3120
5795
4093
4138
4102
5798
4146
2969
5726
2993
143
3763
3084
3763
3086
145
5809
4120
4773
4775
5814
5809
4745
5815
4775
3087
2391
143
692
4105
1179
176
4122
5808
3763
5813
5828
3763
3763
5801
2351
169
5442
2351
144
1702
4847
1350
1350
1350
1702
1702
1349
1350
4847
24
4847
