1309
1
2
3
4
5
6
7
8
9
10
1330
2438
3150
3132
2402
1337
2442
2484
2482
520
1485
1486
2472
1348
2482
2565
1509
531
2471
520
520
32
1371
34
35
1378
2630
38
2729
2679
1394
1434
2691
1387
1437
46
47
1411
49
3569
1419
1425
1431
2730
1428
1383
1443
2689
1448
3632
2637
1454
3634
2749
65
5836
67
68
69
3127
560
528
73
74
75
76
2699
78
79
80
81
1509
2481
520
1484
2563
2538
88
89
90
91
92
93
94
95
96
97
98
99
100
2646
1538
103
104
105
106
107
108
109
1570
111
112
113
1600
115
116
117
118
1597
2684
121
2643
123
1402
1609
1607
127
128
3607
2653
2734
2736
130
1439
1614
3639
137
2277
139
140
3143
2253
2993
2969
145
2343
147
2028
2258
1636
151
1638
153
1645
155
156
157
3346
1507
160
161
162
163
164
165
166
4580
991
5728
170
171
4163
1684
1845
4819
4123
177
178
1712
1881
1851
4848
4197
4012
185
1881
4280
5426
4192
1715
1851
1851
193
194
195
196
197
198
199
200
201
202
203
204
205
206
207
208
209
210
211
212
213
214
215
216
217
218
219
220
221
222
223
224
225
226
227
228
229
230
231
232
233
234
4820
4253
4187
238
239
240
241
242
243
244
245
246
1709
1851
1712
5020
4257
4259
253
254
255
256
257
258
259
260
261
262
263
264
265
266
267
268
269
270
271
272
273
274
275
276
277
278
279
280
281
282
283
284
285
286
287
288
289
290
291
292
293
294
295
296
297
298
299
300
301
302
303
304
305
306
307
308
309
310
311
312
313
314
315
316
317
318
319
320
321
322
4295
1713
325
326
327
328
329
2040
331
2042
333
334
335
336
337
338
339
340
341
342
343
344
345
346
347
348
349
350
351
352
353
354
355
356
357
358
359
360
361
362
363
364
365
366
367
368
369
370
371
372
373
374
375
376
2117
2133
2132
2119
3048
2123
2126
2128
3063
386
387
388
389
2428
391
2143
2150
3006
2145
2148
3055
398
399
2159
401
402
403
404
405
406
407
408
409
410
411
412
413
414
2181
416
2186
418
419
420
421
422
423
424
425
426
427
428
429
3335
152
2212
3177
2215
2217
436
437
438
439
2227
2229
442
443
2231
445
2235
3119
3081
2239
2953
451
2243
453
454
455
456
2262
2264
2256
3191
2272
2268
2271
464
3156
2275
2278
2294
3117
3116
2464
1485
473
2290
2295
3125
477
478
479
480
481
482
483
484
1633
2313
2841
2840
2321
2323
491
2796
2795
494
495
496
497
498
499
500
2869
2344
2382
2882
505
2380
2857
1462
1457
2889
2407
3758
513
2424
515
516
517
3153
2394
3365
520
2451
2269
461
4176
522
2810
527
526
523
530
2809
2476
2481
2536
2537
2488
3746
3748
2497
2492
2522
549
2511
543
520
4231
2507
552
2546
2515
2518
462
4243
2525
4244
2529
2561
2542
2574
2556
568
562
1509
2509
4232
2805
2804
2558
717
1663
576
572
2580
3349
2818
2590
2584
1658
580
581
582
583
584
585
586
587
588
589
590
591
592
593
594
595
596
597
598
599
1578
601
602
603
2649
3295
1535
1540
608
609
610
611
612
613
1605
2673
2727
2694
618
619
620
621
622
623
1450
625
626
627
628
629
630
631
632
633
634
635
2775
637
638
639
640
641
642
643
4497
3136
4822
4501
648
4503
4506
4511
652
653
2833
2377
2836
657
658
1458
660
2388
662
1467
664
665
666
667
668
669
670
671
672
673
674
675
676
677
678
679
463
3179
3025
2956
2958
2552
449
687
3256
2987
690
691
692
2998
3252
695
696
3015
3755
699
700
701
702
703
3052
705
706
707
3070
3079
710
3142
712
713
714
3169
563
573
718
719
720
721
722
723
724
725
3332
727
728
729
730
731
732
733
734
3570
736
737
738
739
740
741
742
3750
3366
3368
746
3370
748
749
750
751
752
753
754
755
756
757
758
759
760
761
762
763
764
765
766
767
768
769
770
771
772
773
774
775
776
777
778
779
780
781
782
783
784
785
786
787
788
789
790
791
792
793
794
795
796
797
798
799
800
801
802
803
804
805
806
807
808
809
810
811
812
813
814
815
816
817
818
819
820
821
822
823
824
825
826
827
828
829
830
831
832
833
834
835
836
837
838
839
840
841
842
843
3615
3623
846
847
848
849
850
851
852
853
854
855
856
857
858
859
860
861
862
863
864
865
866
867
868
869
870
871
872
873
874
875
876
877
878
879
880
881
882
883
884
885
886
887
888
889
890
891
892
893
894
895
896
3856
3854
3867
3866
3859
4736
3864
904
905
906
907
908
909
910
911
912
913
914
915
916
917
918
919
920
921
922
923
924
925
926
927
928
929
930
931
932
933
934
935
936
937
938
939
940
1212
942
943
944
945
946
947
948
949
3962
3960
952
953
954
4770
4806
3966
958
4642
960
961
962
963
964
965
966
967
968
969
970
971
4006
4803
4805
4009
1717
4848
978
4018
980
981
982
983
984
985
986
987
4041
989
4532
990
993
4533
994
995
996
997
998
999
1000
1001
1002
1003
1004
4110
4071
1007
1008
4548
4571
4556
4133
4581
5433
1677
4815
1017
4838
1019
5051
1851
4179
4241
4184
4182
4183
4188
4194
4193
4286
1031
4216
5451
4214
4263
5422
1040
4218
4221
1043
1854
1042
1044
4239
1045
4247
4271
4276
4261
4286
4270
4284
4288
5033
1055
1056
1057
4272
4850
1719
4292
4301
4296
4020
1065
4298
1067
4304
2017
1070
1071
1072
1073
1074
1075
1076
1077
1078
1079
1080
1081
1082
1083
1084
1085
1086
1087
1088
1089
1090
1091
1092
1093
1094
1095
1096
1097
1098
1099
1100
1101
1102
1103
1104
1105
1106
1107
1108
1109
1110
1111
1112
1113
4518
1115
1116
1117
1118
4812
1120
4522
992
4527
4528
1125
1126
4557
1128
1129
1130
1131
4578
1133
1134
1135
1136
1137
1138
1139
1140
1141
1142
1143
1144
1145
1146
1147
1148
1149
4856
1151
1152
4863
1154
1155
1156
1157
1158
1159
1160
1161
1162
1163
1164
1165
1166
1167
1168
1169
1170
1171
1172
1173
1174
1175
1176
1177
4766
1179
4826
1181
1182
4836
1184
4858
4860
1187
1188
1189
1190
1191
1192
1193
1194
5014
1196
1197
1198
1199
1200
1201
1202
1203
1204
1205
1206
1207
1208
1209
1210
1211
5425
5053
5054
1215
5055
1217
1218
1219
1220
1221
1222
1223
1224
1225
1226
1227
1228
1229
1230
1231
1232
1233
1234
1235
1236
1237
1238
1239
1240
1241
1242
1243
1244
1245
1246
1247
1248
1249
1250
1251
1252
1253
1254
1255
1256
1257
1258
1259
1260
1261
1262
1263
1264
1265
1266
1267
1268
1269
1270
1271
1272
1273
1274
1275
1276
1277
1278
1279
1280
1281
1282
1283
1284
1285
1286
1287
1288
1289
1290
1291
1292
1293
1294
1295
1296
1297
1298
1299
1300
1301
1302
1303
1304
1305
1306
1307
1308
1309
1310
1308
1312
1313
1314
1315
1316
1317
1318
1319
1320
1321
1322
1323
11
1332
1331
1327
2413
3150
512
2407
2414
3061
2400
2380
2398
2398
1339
2441
2481
2481
3341
2484
1485
1483
1483
2472
71
27
22
2446
3172
82
3345
1359
26
1509
87
2539
3743
2469
530
2462
529
3339
3339
3339
520
1370
3568
32
1370
1373
1374
1375
110
1377
2632
2630
1372
600
131
1386
131
2734
3635
1388
2747
1388
43
1393
1391
1449
624
1395
1395
1433
1398
1399
1403
1400
64
1403
1404
1405
1406
1407
1410
1408
1587
1411
1412
1413
1414
1415
1416
1417
1418
50
50
1420
50
1419
1422
2650
1432
1432
54
1427
52
52
1424
136
129
1436
1384
56
1435
133
2745
1442
2745
59
1446
61
2635
1444
60
1609
125
126
1453
2687
58
1452
2357
2356
2358
1459
1460
1461
5705
5707
2378
66
1465
1468
1464
5833
1473
1471
1470
1473
5476
5477
5540
2369
2369
5691
1482
1481
3134
2550
535
2479
2549
1487
1488
1489
1490
1491
1492
1493
1494
1495
1496
1497
1498
1499
1500
1501
1502
1503
1504
3339
2485
3339
1510
1511
86
2540
1512
1513
1514
1515
1516
1517
1518
1519
1520
1521
1522
1523
1524
1525
1526
1527
1529
2728
101
1531
39
1539
1539
1538
102
5458
37
1421
1379
1541
1542
1543
1544
1545
1546
1547
1548
1549
1550
1551
1552
1553
1554
1555
1556
1557
1558
1559
1560
1561
1562
1563
1564
1565
1566
1568
1568
1569
109
1571
1572
1573
1574
1575
1576
1577
33
1579
1580
1581
2672
1583
1584
1585
1586
1544
1588
1589
1590
2685
1592
1593
1596
1595
3627
614
1598
2682
119
1601
1602
1603
124
1604
1617
124
126
126
1610
1611
1615
1612
132
3638
1388
1389
1618
1619
1620
1621
1622
1623
3773
1628
1628
1627
2265
1629
1630
1631
1632
146
149
2029
149
1635
1639
2026
1638
1641
2380
2380
1644
1644
1644
1647
1648
1649
1650
1651
1652
1653
1654
1655
2581
2579
574
2581
3164
3165
570
1368
1664
1664
1666
1667
1668
1669
1670
1671
1672
1673
1674
1676
4579
167
1678
168
173
1681
1687
1683
174
1847
1685
1688
4136
4750
1690
1689
1693
4167
1694
176
1881
1881
1881
5020
976
4848
4196
976
4012
5020
5020
1054
1881
1711
187
4257
251
1710
1718
189
1714
1029
4192
1879
1851
1879
1879
1723
1724
1725
1726
1727
1728
1729
1730
1731
1732
1733
1734
1735
1736
1737
1738
1739
1740
1741
1742
1743
1744
1745
1746
1747
1748
1749
1750
1751
1752
1753
1754
1755
1756
1757
1758
1759
1760
1761
1762
1763
1764
1765
1766
1767
1768
1769
1770
1771
1772
1773
1774
1775
1776
1777
1778
1779
1780
1781
1782
1783
1784
1785
1786
1787
1788
1789
1790
1791
1792
1793
1794
1795
1796
1797
1798
1799
1800
1801
1802
1803
1804
1805
1806
1807
1808
1809
1810
1811
1812
1813
1814
1815
1816
1817
1818
1819
1820
1821
1822
1823
4086
4088
4087
1827
1828
1829
5777
169
4083
1833
1834
1835
1836
4627
1838
1839
1840
1841
5583
5650
5742
4100
4099
4100
172
4164
1850
1852
4202
1852
1033
1855
1856
1857
1858
1859
1860
1861
1862
1863
1864
1865
1866
1867
1868
1869
1870
1871
1872
1712
1851
1712
1712
1712
1710
251
4256
1880
1882
1883
1884
1885
1886
1887
1888
1889
1890
1891
1892
1893
1894
1895
1896
1897
1898
1899
1900
1901
1902
1903
1904
1905
1906
1907
1908
1909
1910
1911
1912
1913
1914
1915
1916
1917
1918
1919
1920
1921
1922
1923
1924
1925
1926
1927
1928
1929
1930
1931
1932
1933
1934
1935
1936
1937
1938
1939
1940
1941
1942
1943
1944
1945
1946
1947
1948
1949
1950
1951
1952
1953
1954
1955
1956
1957
1958
1959
1960
1961
1962
1963
1964
1965
1966
1967
1968
1969
1970
1971
1972
1973
1974
1975
1976
1977
1978
1979
1980
1981
1982
1983
1984
1985
1986
1987
1988
1989
1990
1991
1992
1993
1994
1995
1996
1997
1998
1999
2000
2001
2002
2003
2004
5784
5729
2007
2008
2009
2010
2011
2012
2013
2014
1063
4296
1063
2016
2021
191
1059
4014
2023
2024
2025
2026
2027
326
2030
2260
2031
2032
2033
2034
2035
2036
2037
2038
2041
331
2041
69
2039
2044
2045
2046
2047
2048
2049
2050
2051
2052
2053
2054
2055
2056
2057
2058
2059
2060
2061
2062
2063
2064
2065
2066
2067
2068
2069
2070
2071
2072
2073
2074
2075
2076
2077
2078
2079
2080
2081
2082
2083
2084
2085
2086
2087
2088
2089
2090
2091
2092
2093
2094
2095
2096
2097
2098
2099
2100
2101
2102
2103
2104
2105
2106
2107
2108
2109
2110
2111
2112
2113
2114
2115
2118
378
2130
379
2116
2122
3115
381
2121
2129
377
2125
385
3062
2131
2131
0
386
2134
2135
2136
2137
2138
2139
2140
2141
2144
393
3076
394
2142
2149
2148
3053
397
2147
2152
2153
2154
2155
2146
2156
392
395
2160
2161
2162
2163
2164
2165
2166
2167
2168
2169
2170
2171
2172
2173
2174
2175
2176
2177
2178
2182
2179
416
2182
2183
2184
2185
88
2187
2188
2189
2190
2191
2192
2193
2194
2195
2196
2197
2198
2199
2200
2201
2202
2203
2204
2205
2206
2207
27
27
1640
152
148
2210
2218
433
2214
150
3765
2219
2220
2221
2222
2223
2216
2226
3145
434
2230
442
2230
443
2228
448
2233
2236
448
3336
3163
2951
471
2283
2242
2243
2244
2245
2246
2247
2248
2249
2252
457
457
458
2254
2259
453
2255
2260
2259
2260
2261
1646
2263
154
3018
3017
3192
2272
2272
2268
464
2272
2274
3154
465
2273
440
469
2280
2296
3117
2281
2473
2472
2472
3745
2287
2288
2289
470
3118
2291
2282
2296
476
3124
2294
2298
2299
2300
2301
2302
2303
2304
2305
2306
2307
2308
2309
2310
2314
2311
502
2342
2315
2316
2317
2318
2320
2839
488
2319
487
2324
2325
2326
2794
2328
2329
2330
2331
2332
2333
2334
2335
2336
2337
2338
2339
2340
2341
2345
501
503
2867
2347
2881
504
2349
2350
143
2992
2353
5569
5544
5552
5482
5513
5711
5712
5710
5517
5519
5518
5714
5522
5474
5500
5475
5689
5475
5688
5574
2368
2367
2362
2363
5802
5802
5802
2384
507
2381
2855
2386
2880
2385
509
2389
2390
2391
2392
2393
5819
2395
5759
5697
2420
2399
5807
2401
5698
2403
5698
5478
5542
512
2410
1478
2890
5541
2366
2371
2373
2371
2416
2417
5698
5698
5572
5478
5744
2423
2424
2423
2426
2427
517
519
2429
2431
2432
17
1338
5830
5827
5760
511
2408
518
2403
5819
2394
2444
535
3344
520
3365
2484
2484
2816
2453
461
4178
2454
522
2452
2455
527
2458
2456
2457
2459
2460
523
2452
2521
2519
2467
2520
2521
2478
2463
2475
2813
532
2474
2474
557
1485
2483
535
2535
536
2487
537
2491
539
2490
3747
2564
540
2499
2493
2496
2500
543
549
2498
2501
2512
3341
2484
3346
3339
2510
547
2506
566
4230
2547
2547
552
2513
475
2297
2518
475
462
2268
2269
545
545
2523
554
2524
2528
4244
542
2495
2526
556
2527
4245
541
2530
2494
558
2562
2541
2543
551
2516
2545
2517
552
552
557
3776
2560
1484
1484
3339
520
2508
548
2555
565
2533
2559
468
2279
559
2544
467
2293
2560
2571
2573
2568
2572
2802
568
567
2586
2587
2588
2576
3348
575
3348
2585
2582
1066
4297
2587
2817
576
2583
578
2589
2592
1657
14
2436
2596
2597
2598
2599
2600
2601
2602
2603
2604
2605
2606
2607
2608
2609
2610
2611
2612
2613
2614
2615
2616
2617
2618
2619
2620
2621
2622
2623
2624
2625
2626
2627
2628
2629
1372
1369
1369
2633
2634
48
2636
1409
1441
2639
2640
62
2640
2643
2647
2644
55
2735
2650
605
3571
2648
2734
2732
607
2655
2656
2657
2658
2659
2660
2661
2662
2663
2664
2665
2666
2667
2668
2669
2670
2671
2645
1613
2674
2675
2676
2677
2680
41
3628
2678
43
2692
44
1447
2686
2688
5462
63
45
45
1438
2693
616
2695
2696
2651
2697
604
2700
2701
2702
2703
2704
2705
2706
2707
2708
2709
2710
2711
2712
2713
2714
2715
2716
2717
2718
2719
2720
2721
2722
2723
2724
2725
2726
1602
1429
1429
1423
51
1379
36
2733
1533
1536
2737
2738
2739
2740
2741
2742
1385
1385
2746
3633
2748
5465
46
2750
617
2752
2753
2754
2755
2756
2757
2758
2759
2760
2761
2762
2763
2764
2765
2766
2767
2768
2773
441
2771
636
2774
2776
637
2776
2777
2778
2781
2779
2781
2782
2783
2784
2785
2786
2787
2788
2789
2790
2791
2792
2793
2797
643
2801
4494
646
2800
3137
4498
2803
2803
648
647
2807
4503
2806
649
525
2812
4177
650
2814
461
461
2819
651
2819
2820
2821
2822
2823
2824
2825
2826
2827
2828
2831
2830
2322
2832
489
2838
2834
2372
2365
5715
2835
655
656
2842
2843
2844
2845
2846
2847
2848
2849
2850
486
2383
2852
2853
2856
3640
659
2858
2859
2860
2312
485
2359
1456
2360
2361
2868
2870
661
2864
2871
2872
2873
2874
2875
5709
5544
2355
3766
2354
2387
663
2885
2884
2885
2883
2887
2888
2890
2374
2891
2892
2893
2894
2895
2896
2897
2898
2899
2900
2901
2902
2903
2904
2905
2906
2907
2908
2909
2910
2911
2912
2913
2914
2915
2916
2917
2918
2919
2920
2921
2922
2923
2924
2925
2926
2927
2928
2929
2930
2931
2932
2933
2934
2935
2936
506
2940
2939
2941
1466
2942
2943
2944
2945
2946
2947
2268
2270
463
1360
3752
29
2955
3038
680
2954
682
2284
21
23
2239
2963
2964
2965
2966
2967
2968
2970
2995
2971
2972
2973
2974
2975
2976
2977
2978
2979
2980
2981
2982
2983
2985
3294
2984
688
2988
2989
2990
2991
2992
2993
2994
692
692
2999
694
3255
2997
3001
3002
3003
3004
3005
495
3005
3008
3009
3010
3011
3012
696
3014
696
3013
3016
3190
3022
3020
3021
3023
3007
2244
452
3024
3027
3028
3029
3030
3032
3157
3031
3037
686
3036
3756
2780
3039
3040
3041
3042
2151
3043
396
1514
3046
2
3049
3050
3051
417
3053
3054
705
3057
3057
3058
3059
3060
5821
2180
415
3064
3065
3066
3067
3068
3069
445
704
3072
3072
3074
3075
3073
2120
3077
380
2124
382
3080
3083
3084
3085
3086
3087
3088
3089
3090
3091
3092
3096
3094
711
3193
3097
3098
3099
3100
3101
3102
3103
3104
3105
3106
3107
3108
3109
3110
3111
3112
3113
3114
1311
3078
383
709
3082
3120
3121
3122
3123
2127
384
3128
714
3128
515
3126
5541
5540
5781
3135
3152
2425
514
3138
3139
2232
3141
444
432
431
3767
3146
3130
3148
3149
5790
3151
3152
510
3155
3167
715
3158
3170
3173
3173
2570
2472
72
3174
2578
3175
3168
3176
684
2957
683
2567
2569
2575
2577
3026
459
2948
553
3180
3181
3182
3183
3184
3185
3186
3187
3188
3189
3189
3190
2211
3194
3195
3195
3196
3197
3198
3199
3200
3201
3202
3203
3204
3205
3206
3207
3208
3209
3210
3211
3212
3213
3214
3215
3216
3217
726
3220
3333
3328
3334
743
3224
3225
3226
3227
3228
3229
3230
3231
3232
3233
3234
3235
3236
3237
3238
3239
3240
3242
3251
3243
3244
3245
3246
3247
3248
3249
3250
2109
330
3253
3254
2043
332
3257
3258
3259
3260
3261
3262
3263
3264
3265
3266
3267
3268
3269
3270
3271
3272
3273
3274
3275
3276
3000
689
3279
3280
3281
3282
3283
3284
3285
3286
3287
3288
3289
3290
3291
3292
3293
3296
735
3762
2986
3298
3299
3300
3301
3302
3303
3304
3305
3306
3307
3308
3309
3310
3311
3312
3313
3314
3315
3316
3317
3318
3319
3320
3321
3322
3323
3324
3325
3326
3327
2234
446
3330
3750
3749
3751
1356
1356
3337
3338
3047
3340
3774
3344
520
744
3365
3347
745
3367
3350
747
3369
3351
3352
3353
3354
3355
3356
3357
3358
3359
3360
3361
3362
3363
3364
2560
561
2557
569
2591
577
3371
3372
3373
3374
3375
3376
3377
3378
3379
3380
3381
3382
3383
3384
3385
3386
3387
3388
3389
3390
3391
3392
3393
3394
3395
3396
3397
3398
3399
3400
3401
3402
3403
3404
3405
3406
3407
3408
3409
3410
3411
3412
3413
3414
3415
3416
3417
3418
3419
3420
3421
3422
3423
3424
3425
3426
3427
3428
3429
3430
3431
3432
3433
3434
3435
3436
3437
3438
3439
3440
3441
3442
3443
3444
3445
3446
3447
3448
3449
3450
3451
3452
3453
3454
3455
3456
3457
3458
3459
3460
3461
3462
3463
3464
3465
3466
3467
3468
3469
3470
3471
3472
3473
3474
3475
3476
3477
3478
3479
3480
3481
3482
3483
3484
3485
3486
3487
3488
3489
3490
3491
3492
3493
3494
3495
3496
3497
3498
3499
3500
3501
3502
3503
3504
3505
3506
3507
3508
3509
3510
3511
3512
3513
3514
3515
3516
3517
3518
3519
3520
3521
3522
3523
3524
3525
3526
3527
3528
3529
3530
3531
3532
3533
3534
3535
3536
3537
3538
3539
3540
3541
3542
3543
3544
3545
3546
3547
3548
3549
3550
3551
3552
3553
3554
3555
3556
3557
3558
3559
3560
3561
3562
3563
3564
3565
3566
3567
3568
3568
3570
735
1493
3573
3574
3575
3576
3577
3578
3579
3580
3581
3582
3583
3584
3585
3586
3587
3588
3589
3590
3573
3592
3593
3594
3595
3596
3597
3598
3599
3600
3601
3602
3603
3604
1577
3605
3606
3607
3609
3610
3612
3614
3613
3616
40
3626
3617
3618
3619
3621
3622
2681
122
2642
3625
1392
1617
1455
47
3629
3630
3631
2751
127
2733
3607
134
2652
3607
2364
3641
3642
3643
3644
3645
3646
3647
3648
3649
3650
3651
3652
3653
3654
3655
3656
3657
3658
3659
3660
3661
3662
3663
3664
3665
3666
3667
3668
3669
3670
3671
3672
3673
3674
3675
3676
3677
3678
3679
3680
3681
3682
3683
3684
3685
3686
3687
3688
3689
3690
3691
3692
3693
3694
3695
3696
3697
3698
3699
3700
3701
3702
3703
3704
3705
3706
3707
3708
3709
3710
3711
3712
3713
3714
3715
3716
3717
3718
3719
3720
3721
3722
3723
3724
3725
3726
3727
3728
3729
3730
3731
3732
3733
3734
3735
3736
3737
3738
3739
3740
3741
3742
2465
2466
2461
544
2514
550
447
474
2566
2470
2960
2276
466
3033
3044
2370
3759
3760
3761
1472
3763
3764
2257
5744
1637
3768
3769
3770
3771
3772
141
538
3339
2808
3777
3778
3779
3780
3781
3782
3783
3784
3785
3786
3787
3788
3789
3790
3791
3792
3793
3794
3795
3796
3797
3798
3799
3800
3801
3802
3803
3804
3805
3806
3807
3808
3809
3810
3811
3812
3813
3814
3815
3816
3817
3818
3819
3820
3821
3822
3823
3824
3825
3826
3827
3828
3829
3830
3831
3832
3833
3834
3835
3836
3837
3838
3839
3840
3841
3842
3843
3844
3845
3846
3847
3848
3849
3850
3851
3855
3852
899
3865
900
3860
3857
902
4802
3862
4751
3861
897
3868
904
160
3868
3869
3870
3871
3872
3873
3874
3875
3876
3877
3878
3879
3880
3881
3882
3883
3884
3885
3886
3887
3888
3889
3890
3891
3892
3893
3894
3895
3896
3897
3898
3899
3900
3901
3902
3903
3904
3905
3906
3907
3908
3909
3910
3911
3913
3913
3912
3915
3916
3917
3918
3919
3920
3921
3922
3923
3924
3925
3926
3927
3928
3929
3930
3931
3932
3933
3934
3935
3936
3937
5017
1212
5017
3941
3942
3943
3944
3945
3946
3947
3948
3949
3950
3951
3952
3953
3954
3955
3956
3957
3961
3958
952
3961
953
3965
3964
955
956
3963
3970
3968
4640
959
3972
3973
3974
3975
3976
3977
3978
3979
3980
3981
3982
3983
3984
3985
3986
3987
3988
3989
3990
3991
3992
3993
3994
3995
3996
3997
3998
3999
4000
4001
4002
4003
4004
4005
4008
4008
4803
974
4009
1716
190
4848
1716
4015
4016
4017
973
4007
4021
4804
4024
4022
4811
4025
4026
4027
4028
4029
4030
4031
4032
4033
4034
4035
4036
4037
4040
4038
4069
1006
4042
4043
4044
4045
4050
990
4050
993
4531
4051
4052
4053
4054
4055
4056
4057
4058
4059
4060
4061
4062
4063
4064
4065
4066
4067
4068
4070
4559
1005
4072
4073
4074
4075
4076
4077
4078
4079
4080
5724
5723
5654
5722
5766
4084
4082
4085
5794
5719
4089
4090
5718
5797
5769
5582
4095
4094
4096
5649
4097
4098
4091
4092
4105
4106
4108
4547
4108
1009
4111
4570
4113
4114
4115
4116
4117
4118
4119
4120
4121
4129
4128
4147
4125
4126
4127
5772
5585
4130
5651
5584
1014
4135
4582
4140
1844
4530
1846
1846
4835
4142
4143
5735
5680
5585
5651
5653
4149
4150
4833
1016
4153
4154
4155
4156
4157
4158
4159
5824
5829
4160
1012
4165
4134
5814
4166
4168
4169
4171
5051
4857
1020
1881
4173
4178
4176
4509
1023
4184
4180
4182
1022
4189
4181
4185
1025
1024
4190
4240
1028
1028
1028
1045
4194
237
1027
4198
4182
4200
4201
4199
4267
4848
1712
5025
5025
5451
5025
252
4278
4211
4279
1049
5423
1035
4221
1037
4217
5421
5421
4234
4225
4235
4236
1712
1712
1879
5033
4230
4231
4232
4233
4264
4262
4238
4023
4237
975
4242
969
4242
4223
4243
4244
4245
1038
4219
4248
4217
4251
4252
1039
4220
4250
4277
4277
4261
1048
4239
4239
1044
1044
4238
4267
1050
4286
1879
1851
4271
4274
4272
4270
4249
4270
975
4010
4258
4260
972
4019
4285
4282
1053
4286
4286
4287
4288
4289
4293
4290
1062
4300
1064
5035
3966
4297
4298
4299
4300
4301
4302
4303
4304
4303
323
4307
4162
4309
4310
4311
4312
4313
4314
4315
4316
4317
4318
4319
4320
4321
4322
4323
4324
4325
4326
4327
4328
4329
4330
4331
4332
4333
4334
4335
4336
4337
4338
4339
4340
4341
4342
4343
4344
4345
4346
4347
4348
4349
4350
4351
4352
4353
4354
4355
4356
4357
4358
4359
4360
4361
4362
4363
4364
4365
4366
4367
4368
4369
4370
4371
4372
4373
4374
4375
4376
4377
4378
4379
4380
4381
4382
4383
4384
4385
4386
4387
4388
4389
4390
4391
4392
4393
4394
4395
4396
4397
4398
4399
4400
4401
4402
4403
4404
4405
4406
4407
4408
4409
4410
4411
4412
4413
4414
4415
4416
4417
4418
4419
4420
4421
4422
4423
4424
4425
4426
4427
4428
4429
4430
4431
4432
4433
4434
4435
4436
4437
4438
4439
4440
4441
4442
4443
4444
4445
4446
4447
4448
4449
4450
4451
4452
4453
4454
4455
4456
4457
4458
4459
4460
4461
4462
4463
4464
4465
4466
4467
4468
4469
4470
4471
4541
4473
4474
4475
4477
4480
4478
950
4481
4481
4482
4483
4484
4485
4486
4487
4488
4489
4490
4491
4492
4493
4494
4499
4496
1119
4814
4813
4500
4501
4502
4503
4504
4505
4177
4506
4508
4000
4510
4511
4512
4513
4514
4515
4519
4517
1121
4520
4521
4048
4524
4046
4049
4047
4138
4104
4102
4526
4093
4529
1124
1123
4534
4535
4536
4537
4538
4539
4540
4543
988
4546
4107
4109
4545
4549
1127
5322
4550
4551
4552
4039
4554
1824
1826
1825
4555
4561
4560
4562
4558
4563
4564
4565
4566
4567
5765
5725
4572
1832
4568
4573
4574
4577
4575
4581
4577
4576
1132
4582
5433
4583
4584
4585
4586
4587
4588
4589
4590
4591
4592
4593
4594
4595
4596
4597
4598
4599
4600
4601
4602
4603
4604
4605
4606
4607
4608
4609
4610
4611
4612
4613
4614
4615
4616
4617
4618
4619
4620
4621
4622
4623
4624
4625
4626
1830
4628
4629
4630
4631
4632
4633
4634
4635
4636
4637
4638
4639
4641
5427
1150
4643
4644
4645
4646
4647
4648
4649
4650
4651
4652
4653
4654
4655
4656
4657
4658
4659
4660
4661
4662
4663
4664
4665
4666
4667
4668
4669
4670
4671
4672
4673
4674
4675
4676
4677
4678
4679
4680
4681
4682
4683
4684
4685
4686
4687
4688
4689
4690
4691
4692
4693
4694
4695
4696
4697
4698
4699
4700
4701
4702
4703
4704
4705
4706
4707
4708
4709
4710
4711
4712
4713
4714
4715
4716
4717
4718
4719
4720
4721
4842
4723
4724
4725
4726
4727
4728
4729
4730
4731
4732
4733
4734
1883
161
4735
4738
4739
4740
4741
4742
4743
4744
4745
4746
4747
4748
4749
4750
3914
4752
4753
4754
4755
4756
4757
4758
4759
4760
4761
4762
4763
4764
3853
898
4765
3858
4768
901
4771
4772
4773
4774
4775
4776
4777
4778
4779
4780
4781
4782
4783
4784
4785
4786
4787
4788
4789
4790
4791
4792
4793
4794
4795
4796
4797
4798
4799
4800
4801
1665
4767
1178
903
4769
4807
4808
4809
4810
3863
1183
4816
4815
4834
4821
5583
5798
4818
1018
4837
1016
4823
4824
3959
951
4825
4828
4829
4830
4831
4832
4834
4836
5798
1132
4578
1013
4839
4840
4841
4843
4855
5024
1851
4206
1716
5420
4851
1186
4859
4852
4853
4854
4855
1153
4283
1052
4291
1061
4861
4862
4863
4863
4865
4866
4867
4868
4869
4870
4871
4872
4873
4874
4875
4876
4877
4878
4879
4880
4881
4882
4883
4884
4885
4886
4887
4888
4889
4890
4891
4892
4893
4894
4895
4896
4897
4898
4899
4900
4901
4902
4903
4904
4905
4907
5016
4908
4909
4910
4911
4912
4913
4914
4915
4916
4917
4918
4919
4920
4921
4922
4923
4924
4925
4926
4927
4928
4929
4930
4931
4932
4933
4934
4935
4936
4937
4938
4939
4940
4941
4942
4943
4944
4945
4946
4947
4948
4949
4950
4951
4952
4953
4954
4955
4956
4957
4958
4959
4960
4961
4962
4963
4964
4965
4966
4967
4968
4969
4970
4971
4972
4973
4974
4975
4976
4977
4978
4979
4980
4981
4982
4983
4984
4985
4986
4987
4988
4989
4990
4991
4992
4993
4994
4995
4996
4997
4998
4999
5000
5001
5002
5003
5004
5005
5006
5007
5008
5009
5010
5011
5012
5013
957
5015
5018
1212
5424
1710
5426
5022
5023
4737
1034
4213
5025
5451
1214
1851
1214
5034
5053
1216
5055
1216
5036
5037
5038
5039
5040
5041
5042
5043
5044
5045
5046
5047
5048
5049
4275
1051
4273
1058
4305
1068
5056
5057
5058
5059
5060
5061
5062
5063
5064
5065
5066
5067
5068
5069
5070
5071
5072
5073
5074
5075
5076
5077
5078
5079
5080
5081
5082
5083
5084
5085
5086
5087
5088
5089
5090
5091
5092
5093
5094
5095
5096
5097
5098
5099
5100
5101
5102
5103
5104
5105
5106
5107
5108
5109
5110
5111
5112
5113
5114
5115
5116
5117
5118
5119
5120
5121
5122
5123
5124
5125
5126
5127
5128
5129
5130
5131
5132
5133
5134
5135
5136
5137
5138
5139
5140
5141
5142
5143
5144
5145
5146
5147
5148
5149
5150
5151
5152
5153
5154
5155
5156
5157
5158
5159
5160
5161
5162
5163
5164
5165
5166
5167
5168
5169
5170
5171
5172
5173
5174
5175
5176
5177
5178
5179
5180
5181
5182
5183
5184
5185
5186
5187
5188
5189
5190
5191
5192
5193
5194
5195
5196
5197
5198
5199
5200
5201
5202
5203
5204
5205
5206
5207
5208
5209
5210
5211
5212
5213
5214
5215
5216
5217
5218
5219
5220
5221
5222
5223
5224
5225
5226
5227
5228
5229
5230
5231
5232
5233
5234
5235
5236
5237
5238
5239
5240
5241
5242
5243
5244
5245
5246
5247
5248
5249
5250
5251
5252
5253
5254
5255
5256
5257
5258
5259
5260
5261
5262
5263
5264
5265
5266
5267
5268
5269
5270
5271
5272
5273
5274
5275
5276
5277
5278
5279
5280
5281
5282
5283
5284
5285
5286
5287
5288
5289
5290
5291
5292
5293
5294
5295
5296
5297
5298
5299
5300
5301
5302
5303
5304
5305
5306
5307
5308
5309
5310
5311
5312
5313
5314
5315
5316
5317
5318
5319
5320
5321
4103
5323
5324
5325
5326
5327
5328
5329
5330
5331
5332
5333
5334
5335
5336
5337
5338
5339
5340
5341
5342
5343
5344
5345
5346
5347
5348
5349
5350
5351
5352
5353
5354
5355
5356
5357
5358
5359
5360
5361
5362
5363
5364
5365
5366
5367
5368
5369
5370
5371
5372
5373
5374
5375
5376
5377
5378
5379
5380
5381
5382
5383
5384
5385
5386
5387
5388
5389
5390
5391
5392
5393
5394
5395
5396
5397
5398
5399
5400
5401
5402
5403
5404
5405
5406
5407
5408
5409
5410
5411
5412
5413
5414
5415
5416
5417
4191
5418
5419
4235
1043
4262
4020
979
4281
4864
5428
5429
5430
5431
5432
4101
5434
5435
5436
5437
5438
5439
5440
5441
5726
5443
5444
5445
5446
5447
5448
5449
5020
1036
1712
5453
5454
5455
5456
5457
51
5459
5460
5461
1401
5463
5464
5466
5470
5467
5468
5469
1396
5471
5472
5473
5573
5496
5561
5562
5562
1333
5703
5565
5510
5516
5491
5551
5507
5505
5528
5488
5535
5531
5532
5549
5579
5495
5555
5497
5494
5701
5502
5555
5557
5502
5508
5499
5504
5507
5508
5577
5576
5536
5571
5489
5511
5537
5534
5539
5520
5531
5538
5524
5524
5485
5530
5487
5487
5506
5505
5548
5548
5492
5506
5486
5525
5525
5528
5526
5492
5492
5563
5561
5562
1333
5745
5703
5576
5486
5547
5549
5547
5493
5576
5564
5556
5495
5556
5554
5558
5559
5560
5562
5572
5555
5702
5543
5702
1334
5543
5543
5578
5570
5560
5557
5496
5543
5566
5571
5578
5779
5779
5581
5612
5671
5670
5672
5586
5652
5652
5662
5618
5624
5628
5593
5594
5595
5635
5643
5647
5638
5642
5601
5674
5603
5604
5605
5606
5684
5608
5609
5609
5611
5612
5613
5614
5615
5613
5617
5619
5685
5597
5619
5623
5645
5598
5622
5627
5648
5599
5626
5631
5631
5632
5630
5595
5635
5641
5636
5640
5640
5659
5616
5594
5634
5596
5637
5645
5600
5639
5682
5670
5672
5673
5652
5683
5607
5657
5657
5656
5658
5660
5607
5684
5663
5664
5665
5666
5667
5668
5669
5672
5682
5680
5687
5686
5673
5675
5675
5678
5678
5680
5681
5612
5673
5602
5679
5686
5586
5523
5502
5501
5563
5563
5561
5561
5561
5561
5562
5572
5699
5700
5756
1334
3061
1333
2380
1335
5703
5479
5575
5498
5509
5513
5490
5491
5521
5610
5581
5633
5592
5629
5591
5625
5621
5662
5677
5587
5730
5784
5783
5652
5731
5732
5733
5734
5680
5672
5670
5670
5670
5670
5671
5671
5582
2380
3061
1335
2380
5649
5583
5479
5569
5552
5509
5513
5517
2416
5757
5572
5698
5542
5542
5704
5763
5723
5589
5591
5625
5582
5716
5770
5771
5680
5672
5650
5584
5654
5653
5778
2400
5476
5540
5782
5652
5783
5784
5729
5519
5474
5521
5501
5500
5574
5698
5720
5592
5633
5717
5649
5670
2380
5801
2996
2996
5758
5805
2420
2390
5808
4130
5810
5811
5812
4144
4145
5815
5816
5817
5818
2403
5803
3056
5822
5823
5828
4132
2418
5696
5799
5738
5478
5477
5832
5803
5834
5835
5803
2378
4170
1712
2481
1483
2481
1881
1709
1358
3339
1712
1484
5020
