2132
1
3048
3
4
5
6
3149
2832
2390
1325
11
1326
2413
1329
5831
2436
15
31
3159
3161
1347
3163
3162
1350
2450
26
82
2953
3179
3161
3161
33
1578
34
35
2733
1538
38
39
40
41
42
43
44
45
46
47
48
49
1420
1539
1432
1429
54
55
1436
57
58
59
60
61
62
63
64
1513
506
1471
1574
69
70
2570
2464
2114
1487
75
76
77
78
79
80
81
82
1345
20
1505
2487
1511
2186
89
90
91
92
93
94
95
96
97
98
99
100
2645
1535
103
104
105
106
107
108
1570
110
2722
3589
1576
114
115
116
117
118
119
120
121
3623
123
124
125
126
127
128
3636
2744
1386
132
1615
134
135
1375
137
138
139
1627
2267
2253
2995
1469
5805
2343
504
1634
2257
3765
2028
2210
696
3016
1644
156
157
2504
3160
4802
4735
1666
1674
1669
1673
166
4579
4521
5835
4117
171
1682
173
1845
4819
5814
4168
178
4846
4846
1185
4847
976
3970
3969
4846
1711
191
4864
4641
1185
1185
1785
1948
1725
196
1728
198
1733
1908
201
203
5298
1800
1737
4403
4402
1979
4459
1763
211
212
5312
4354
1772
4444
217
4415
1790
1793
221
4406
223
1806
1810
1811
1745
1820
4362
1822
1884
1841
3779
1942
1849
1052
4186
3850
4585
1858
241
242
1865
244
245
246
4845
1702
4204
977
252
1034
3916
254
255
256
257
258
259
1304
1913
4342
1894
1896
1929
1899
1904
268
269
270
271
1936
1939
1931
1934
1938
1730
1087
5271
1946
281
4447
283
1950
285
1959
283
1962
1965
1306
290
4440
1815
1758
1775
4449
4371
299
4365
4364
1976
1974
303
304
1991
306
307
3981
309
310
4116
4074
4072
316
2032
5441
1999
1166
2007
4704
321
322
324
2022
3941
2255
3946
328
2036
330
331
332
2059
2045
335
336
337
338
3258
3742
2056
342
343
2061
3250
3105
2063
2112
349
350
351
352
353
354
355
356
360
358
359
3352
2084
362
363
2089
2091
366
367
368
369
370
2104
2103
373
374
375
3276
2126
2117
2119
380
381
382
3117
3125
3861
2179
2183
388
389
2430
2434
2143
2150
3006
2145
2148
3055
398
399
2159
2158
402
403
404
2202
406
2167
2306
409
2171
3361
3915
3111
414
4751
3866
417
2188
419
2191
3225
3231
2922
357
2200
3094
3091
428
429
3334
431
432
3177
2216
3145
439
438
454
453
440
442
632
151
3188
445
446
447
448
449
450
451
452
2244
2246
455
456
2264
3017
459
460
3997
2271
2779
4483
465
466
467
2516
2280
470
1364
1347
473
474
2518
2295
2939
478
1631
480
481
482
483
484
1633
2313
2885
2839
2321
2886
491
492
493
494
2331
3085
2432
498
2352
2994
2869
2344
2382
2882
2350
5544
2856
1463
1456
2408
511
512
4150
4152
3136
2423
519
2439
5819
2570
3161
2453
2268
3997
4178
2465
2455
2456
531
553
29
2802
2573
1346
520
535
3340
541
2494
2496
533
2806
2501
2499
2523
3161
2803
2802
549
2514
2545
552
2948
4246
2805
4501
2571
558
559
2573
2573
2586
563
564
2508
566
2804
2817
2557
3166
1661
2588
573
2580
575
2818
2591
2583
1657
580
581
582
583
584
585
586
587
588
589
590
591
592
593
594
595
596
597
3578
2626
1381
601
602
603
604
605
606
2653
608
1548
610
611
612
613
614
615
616
617
618
619
620
621
622
623
624
625
626
627
628
629
630
2826
436
3953
3141
2772
637
4475
638
639
4493
1322
642
4496
4495
2800
4498
2803
2819
2803
4506
651
652
2830
2833
2834
2890
657
658
3640
660
2388
662
1467
3152
665
666
667
668
669
670
671
672
673
674
675
676
677
678
679
3038
681
3025
2957
2958
2960
686
3305
688
689
690
691
2996
693
694
695
3189
3191
698
699
3035
701
3045
703
704
3059
3087
3219
3221
709
145
3194
712
713
714
715
716
717
718
719
720
3234
3226
3208
3203
3236
3223
3281
3244
729
730
3741
3289
3263
734
3569
736
737
738
739
740
3320
3319
3335
520
745
746
747
748
749
750
751
752
753
754
755
756
757
758
759
760
761
762
763
764
765
766
767
768
769
770
771
772
773
774
775
776
777
778
779
780
781
782
783
784
785
786
787
788
789
790
791
792
793
794
795
796
797
798
799
800
801
802
803
804
805
806
807
808
809
810
811
812
813
814
815
816
817
818
819
820
821
822
823
824
825
826
827
828
829
830
831
832
833
834
835
2666
3581
838
839
840
841
842
843
844
3618
846
847
848
849
850
851
852
4936
4940
3781
3797
3792
858
859
860
861
4942
3794
4909
4944
4973
867
4934
3802
3804
4792
872
873
874
875
876
877
878
879
4632
881
882
883
3822
3827
3826
887
888
4668
890
891
892
893
3846
4797
4960
3853
3858
3860
3852
5022
4737
4805
3867
1667
906
907
908
909
3881
3879
4696
3884
3886
4743
916
917
3892
3893
920
3931
922
923
924
3902
926
4798
3911
3917
4900
4901
3921
4611
4915
3924
3933
937
938
4701
940
5849
3942
943
944
945
3948
948
3988
3957
3961
952
317
4824
954
955
956
5018
4721
4720
4713
4715
962
963
4706
3992
4862
967
4727
4638
5429
4005
972
973
4009
975
190
4014
978
4281
1997
981
982
983
984
985
986
987
4041
1995
4050
4048
4109
4108
994
995
4832
997
998
4772
1000
1001
1002
1003
4560
1005
4071
4574
1008
1009
1010
1011
4133
4581
5433
1675
4815
4169
4838
4121
1052
1185
1023
4637
4191
4181
4183
1029
4863
189
4285
4289
236
4283
4208
4215
4220
4218
4252
4267
4224
1185
4289
1043
1044
4646
1056
1050
4258
4279
1053
4285
4291
4293
4845
1055
4289
4302
1058
4850
2021
1061
1062
2016
4295
1065
1066
1067
1068
4306
1070
4331
1072
1073
1074
1075
1076
1077
1078
4434
1080
1081
4425
1083
1084
1085
5258
4348
1969
1089
1090
1091
4448
1906
4376
1917
4378
5295
4383
1952
5293
1101
5315
4420
4418
1105
5253
4451
1107
202
1110
1111
1112
4606
4472
3990
4825
4516
4520
4813
1120
4543
4545
4549
4526
1125
1126
4558
1128
1129
1130
1131
4575
4670
1134
1135
1136
1137
1138
1139
1140
1141
1142
4633
1144
1145
1146
1836
4731
4647
4843
4861
4854
4645
4724
4650
4989
1157
1158
1159
1160
1161
1162
1163
1164
4875
4872
4711
4718
4725
4730
4733
4740
4898
4749
4775
4753
4897
1178
4777
3960
1181
4801
4821
4841
4851
1186
1187
1188
1189
1190
4892
1192
1193
1194
4906
4914
4916
1198
1199
4929
4950
4949
1203
4980
1205
1206
1207
1208
1209
1210
1211
188
4283
5032
1215
1216
1217
1218
1219
1220
1221
1222
1223
1224
1225
1226
1227
1228
1229
1230
1231
1232
1233
1234
1235
1236
1237
1238
1239
1240
1241
1242
1243
1244
1245
1246
1247
1248
1249
1250
1251
1252
1253
1254
1255
1256
1257
1258
1259
1260
1261
1262
1263
1264
1265
1266
1267
1268
1269
1270
1271
1272
1273
1274
1275
1276
1277
1278
1279
1280
1281
1282
1283
1284
1285
1286
1287
1288
1289
1290
1291
1292
1293
1294
1295
1296
5302
5262
1299
4380
5274
4389
5262
5308
1305
5302
1307
1311
0
2
3115
1312
1313
1312
1315
1316
1317
1318
1323
7
1319
516
3148
11
11
1331
1324
1328
2414
1330
1331
1328
5564
5578
5479
2435
2437
1337
5826
1345
2447
2450
2447
1348
20
1344
1348
22
534
23
2450
3159
1351
2503
1509
1355
82
1509
1359
1361
3752
29
1361
28
2447
31
2447
3161
2632
2632
1578
1380
1373
1374
1375
1376
1377
36
1540
1378
3606
1383
1383
2743
130
42
1389
1388
1616
1390
1391
1392
1393
1394
1395
1396
1397
1398
1399
1401
1401
1402
1403
1404
1405
1406
1407
1408
1409
1410
1411
1412
1413
1414
1415
1416
1417
1418
1421
37
1538
51
51
2731
1423
1428
1426
1428
1429
1427
1427
54
1397
1433
1435
1436
1437
1438
1612
1440
1441
1442
1443
1444
1445
1446
1447
1448
1393
1450
1451
1452
1452
1454
1455
2358
2357
2364
1461
1459
1514
5708
5709
5707
2937
1465
508
2877
5837
1472
68
1472
1470
1476
5693
1476
1477
1478
3132
1327
1480
12
1483
3172
1485
1486
1490
73
75
2893
1491
1492
1493
1494
1495
1496
1497
1498
1496
1500
1501
1502
1503
1504
31
31
2554
31
2485
2486
86
1514
88
3046
1515
1516
1517
1518
1519
1520
1521
1522
1523
1524
1525
1526
1527
1530
101
2672
115
1528
1537
1533
607
606
1537
1540
102
2732
1541
1542
1543
1544
1545
1546
1547
1548
1549
1550
1551
1552
1553
1554
1555
1556
1557
1558
1559
1560
1561
1562
1563
1564
1565
1566
1567
1567
1569
1570
1573
1573
2723
32
1577
112
3605
600
1575
1583
1581
1582
1583
1584
1585
1584
1587
1588
1589
1590
1591
1592
1593
1594
1595
1596
1597
1598
1599
1600
1601
1602
1603
1604
1605
1606
1607
1451
1609
1610
1611
1612
1613
1614
1615
1616
1617
1618
1619
1620
1624
1622
1623
1626
1628
1628
142
2265
1630
2346
2348
1629
146
1636
1636
3765
1636
1635
1635
2210
148
5544
5544
3013
3013
154
3014
1648
1649
1650
1651
1652
1653
1654
1655
2579
158
1659
2579
570
3164
570
1661
161
4736
161
161
1671
163
1671
1672
166
166
1674
168
168
1676
1679
4520
1683
1680
1687
1683
174
1847
1685
1688
4136
5783
5586
2005
176
4167
1692
176
4846
4846
4846
4846
4014
4847
183
4011
3968
4846
4846
324
4846
4210
1881
1880
5024
181
5427
5427
190
1715
189
1703
1185
4846
1703
1724
4350
194
1724
1731
196
1727
221
1731
282
1733
1732
1735
296
1740
1736
4372
1804
207
4401
207
1741
5309
5299
4398
5309
1749
209
1749
1799
4458
1757
1754
1972
227
230
1759
1760
1761
1762
1766
213
1765
1766
1768
4356
214
1767
1774
198
1771
1774
1777
1775
4411
292
1779
1779
1781
1784
216
1784
1784
1788
1786
4443
218
1790
218
218
1795
1795
1795
1796
1797
1798
1801
298
1975
301
5320
299
1808
223
1805
1808
1809
226
224
4404
1809
1746
1746
1747
5311
1109
5311
4362
1816
1822
1748
1824
1824
1826
1882
1882
1828
4627
5835
4571
1833
1834
1835
1836
1837
1840
1840
5437
234
5584
5651
5649
4096
4096
5798
1681
172
1848
4196
237
4196
4858
4584
4584
1856
238
1859
1860
1861
1862
1859
1866
239
4987
1866
1868
1869
1870
1871
1872
1703
1702
1703
1703
4204
1700
5024
4211
4207
253
3920
3919
1885
1886
1887
1888
1889
1890
1891
1892
1897
4342
1895
265
4341
1898
1106
1900
1901
1902
1905
220
1791
1905
1903
1908
5459
1910
1912
1770
260
1911
1914
1916
261
1915
1921
1920
1921
1922
1923
1924
1925
1926
1927
1771
215
1773
197
1932
5284
274
1932
1936
1937
1938
277
1937
195
195
1947
1943
1949
279
1945
199
5286
1953
1953
284
1954
1954
1954
1956
1957
285
1957
1957
1954
1966
1964
1954
1953
283
1950
292
1969
4440
288
288
1963
1963
1978
300
299
1978
1980
5310
302
1982
1983
1984
1986
1992
1987
1988
1990
1990
308
1989
1994
4073
313
1993
4074
2033
2031
2033
3987
2000
315
1998
1831
1831
4702
4705
4702
4704
2011
2012
2013
2014
2018
323
2018
4306
1059
2019
1059
1059
315
315
3943
149
2030
149
149
2257
327
327
327
2037
2034
2036
2037
2038
2039
2040
2041
2042
2043
2048
333
2044
2047
3285
2051
2050
3291
2052
2057
3261
2053
334
3262
2060
2059
2060
343
2058
2064
3249
346
2067
345
2068
2069
2070
2071
2072
2073
2074
2075
2076
2077
2081
2078
2080
3351
3352
2083
362
2085
2086
2088
3362
361
2087
363
2092
2093
2094
2095
2096
2097
2098
2099
2100
1501
2101
81
2104
2105
2106
2107
2108
2109
2110
2111
2115
2112
376
3275
2120
377
2116
2119
3077
2121
2122
2123
2124
2127
383
3124
384
2125
378
2130
379
2180
2131
2182
2134
2137
2138
2139
2433
2141
2144
393
3076
394
2142
2149
4
3053
397
2147
2152
2153
2154
2155
2146
2156
392
395
2164
2161
2162
405
2247
2168
2165
408
2871
409
2170
411
3364
2184
2174
2175
2176
2177
2178
3914
3062
900
3912
416
904
2185
417
2185
2188
2189
2192
421
3230
2921
2194
2196
3359
2195
2082
2199
426
3184
2202
2199
140
2205
2207
3011
1508
2551
2212
2210
2212
2213
2217
2214
435
2217
2217
2777
2222
2778
2245
2259
2226
141
2226
2224
3185
2783
3139
3188
3185
2233
2234
2235
2236
2237
2238
2239
2240
2238
2242
2243
2244
2242
2246
2247
2248
2249
458
2252
458
2266
2250
2256
2256
459
2256
453
2255
2258
154
2262
3017
2265
3018
2267
464
464
2271
2781
3998
2273
2274
2275
2276
2277
2279
2561
468
2278
2282
2283
2283
3162
2286
2262
2288
155
2290
2291
2292
2293
2297
475
2294
2515
2299
2938
2300
2298
2302
2302
2861
2305
2306
2307
2308
2309
2310
2314
2311
502
2342
2315
2316
2317
2318
487
487
2320
2323
2883
2324
2325
2326
2327
2328
2332
2329
496
3121
497
2334
2335
2336
2992
2338
2339
2340
2341
2345
501
503
2867
2881
2387
2882
2351
144
5820
143
2349
5482
5481
5514
5483
5713
5754
5755
5711
5787
5789
2363
2366
2367
2368
2370
2371
2374
2371
2370
2373
2374
2370
2365
2838
5744
5744
5745
488
507
2381
2840
2386
1457
2385
2863
2399
5807
2401
5818
3763
2402
5808
2406
3131
2406
5508
5578
5497
5695
5697
5694
5694
5780
2407
2408
2409
2410
3132
2372
2413
1477
2415
5508
5497
5694
5694
5696
5694
5545
514
4149
514
2425
513
2443
2442
17
2428
2444
1338
16
2437
14
2411
511
511
2438
2404
5804
2441
2394
3172
3172
3161
2570
2447
2447
461
2269
2272
4000
2816
522
523
2451
2458
2457
2462
3743
2461
529
2521
2519
462
2470
2468
2949
2520
2473
3745
527
2811
2572
2459
2478
2567
1347
1484
1484
71
1484
3339
3339
537
2489
3774
2494
2488
2559
2492
557
567
2526
2500
2497
540
2522
545
2505
546
564
3161
2803
2803
2802
566
2803
2498
543
2513
544
2515
551
2517
2518
2270
2270
2268
2525
4244
2534
647
2805
647
4503
567
2571
2572
647
2802
4501
2568
2568
3365
2538
2539
2540
2541
3748
2542
3748
550
2546
2547
2567
2573
2569
21
1345
31
20
2572
2572
2573
2555
2572
2571
2543
2562
2491
539
2565
2566
2569
2573
2576
563
568
2804
2587
568
572
2588
2577
2578
2581
2580
2581
2585
565
2582
2585
576
576
576
2558
2589
569
1353
1353
1332
2594
2596
2597
2598
2599
2600
2601
2602
2603
2604
2605
3598
2607
2608
2609
2610
2611
2612
2613
2614
2615
2616
2617
2618
2619
2620
2621
2622
2623
2624
2625
3578
3604
3604
2038
1379
1378
1380
2633
2634
2635
2636
2637
2638
2639
2640
2641
2642
2643
2644
2645
2646
2647
2648
2649
2650
2651
2652
131
2654
2606
2656
2606
2658
2659
2660
2661
2662
2663
2664
2663
2666
2667
2668
2669
2670
2671
2672
2673
2674
2675
2676
2674
2678
2679
2680
2681
2682
2683
2684
2685
2686
2687
2688
2689
2690
2691
2692
2693
2694
2695
2696
2697
2698
2699
2700
2701
2702
2703
2704
2705
2706
2707
2708
2709
2710
2711
2712
2713
2714
2715
2716
2719
329
5460
2035
2035
2626
1576
1576
2723
2726
2727
2728
2729
2731
1534
2734
129
3635
2735
2736
2737
2738
2739
2740
2741
2742
1436
2744
2745
2746
2747
2748
2749
2750
2751
2752
2753
2754
2755
2756
2757
2758
2759
2760
2761
2303
2763
2762
2219
2220
2221
2223
2774
2229
2769
2775
2776
2782
4485
2766
2245
454
2779
452
451
2765
2768
4473
2786
3146
425
2788
2789
4490
2892
2792
2793
2797
2795
644
4494
2801
2799
646
4497
648
648
2819
2803
2803
2803
2802
2803
2454
525
2454
650
4507
2272
3997
2818
651
651
2820
2821
2822
2823
2825
2828
653
2824
2829
2831
654
2322
2832
489
2375
656
2836
2412
2367
2841
2835
2841
2842
2843
2844
2845
2846
2847
2848
2850
2854
486
2383
2852
2853
655
2837
2856
2858
2859
2860
2312
485
2360
1458
2364
2359
2868
2870
661
2865
2871
2872
2873
2874
2875
5710
5709
2361
2354
5752
2387
663
2884
3153
510
664
2888
3151
2889
2890
2427
4583
2893
2894
2895
2896
2897
2898
2899
2900
2901
2902
2903
2904
2905
2906
2907
2908
2909
2910
2911
2912
2913
2914
2915
407
2917
2918
2919
2920
2924
418
2947
3217
2925
2926
2166
2928
2929
2930
2931
2932
2933
2934
2935
2936
2355
2940
505
2941
1466
2079
2942
2945
3104
2946
2065
463
2950
2780
2951
2952
2953
2955
3025
2955
2954
3176
2241
24
2961
2962
2963
2964
2965
2966
2967
2968
2379
5803
2971
2972
2973
2974
2975
2976
2977
2978
3304
2980
2981
2982
2983
2984
2985
2986
2987
2988
2989
2990
2991
2993
2996
692
5802
5821
2997
2998
2999
3000
3001
3002
3003
3004
2330
495
3007
3008
3009
3010
2254
3012
3015
696
3190
697
697
3191
3019
3020
3021
3022
3023
3024
3025
3026
3028
3757
401
3030
3031
3032
3033
3034
686
400
3037
3025
3039
3040
3041
3042
2151
3043
396
3047
3047
381
3049
3050
3051
3052
3054
3058
705
5821
3056
3060
706
3086
5543
2129
3862
3064
3065
3066
3753
3068
3069
3070
3071
3074
3072
3083
2157
3073
3078
3116
3079
3080
3081
3082
3084
2392
3089
3057
9
2389
2391
3090
3091
3092
1647
3094
3096
153
2595
3098
3099
3100
3101
3102
3103
3104
375
3106
3107
3108
3110
3113
702
3112
3107
3114
2122
2281
469
3118
3119
5572
3123
2395
2393
2296
476
3126
3127
3129
2800
3130
1476
3132
1479
2440
518
3137
4814
2260
2261
2228
444
3195
3143
3144
3145
3146
3147
3128
714
3150
3152
3152
3153
3154
3155
3156
3157
3158
3161
3160
716
22
471
3164
3165
3166
3167
3176
3167
3169
3170
3173
3173
3174
3175
3177
3177
2949
683
3180
3181
2203
3183
3184
3138
2026
1638
3187
152
2211
431
3192
3014
3188
3187
3196
3197
3198
3199
721
3202
3233
725
3201
3206
3224
3205
722
3211
3209
3240
3212
3213
3218
3215
3216
3217
3220
685
3222
726
2209
3333
3227
727
340
3282
728
3245
3232
347
2066
3235
729
3279
341
3237
3238
3239
2055
3241
3242
3243
348
3246
2113
3247
3248
2111
331
3251
3252
3253
3254
3255
3256
3259
344
3287
3265
3260
2062
74
3266
1489
1488
3267
3268
3269
3270
3271
3272
3273
3274
2041
69
3277
3278
2046
3280
731
3264
3283
3284
3285
80
3288
3288
78
1499
3291
3292
3293
3294
3571
3296
3297
3298
3299
3300
3301
3302
3303
1572
2722
3306
3307
3308
3309
3310
3312
2721
3313
3314
3315
3316
3210
3317
724
723
3321
3322
3330
3207
3325
3204
3326
3328
3329
2187
3333
3332
3335
27
1357
3336
3337
3338
2481
2483
3172
3161
3172
2570
3341
3346
744
3348
3349
3350
3318
3318
3353
3354
3355
3356
3357
3358
3360
3740
673
3362
3363
3364
2568
2567
3367
3368
3369
3370
3371
3372
3373
3374
3375
3376
3377
3378
3379
3380
3381
3382
3383
3384
3385
3386
3387
3388
3389
3390
3391
3392
3393
3394
3395
3396
3397
3398
3399
3400
3401
3402
3403
3404
3405
3406
3407
3408
3409
3410
3411
3412
3413
3414
3415
3416
3417
3418
3419
3420
3421
3422
3423
3424
3425
3426
3427
3428
3429
3430
3431
3432
3433
3434
3435
3436
3437
3438
3439
3440
3441
3442
3443
3444
3445
3446
3447
3448
3449
3450
3451
3452
3453
3454
3455
3456
3457
3458
3459
3460
3461
3462
3463
3464
3465
3466
3467
3468
3469
3470
3471
3472
3473
3474
3475
3476
3477
3478
3479
3480
3481
3482
3483
3484
3485
3486
3487
3488
3489
3490
3491
3492
3493
3494
3495
3496
3497
3498
3499
3500
3501
3502
3503
3504
3505
3506
3507
3508
3509
3510
3511
3512
3513
3514
3515
3516
3517
3518
3519
3520
3521
3522
3523
3524
3525
3526
3527
3528
3529
3530
3531
3532
3533
3534
3535
3536
3537
3538
3539
3540
3541
3542
3543
3544
3545
3546
3547
3548
3549
3550
3551
3552
3553
3554
3555
3556
3557
3558
3559
3560
3561
3562
3563
3564
3565
3566
3567
1370
3569
3568
2650
3572
3573
3574
3575
3576
1564
106
3580
3597
836
3579
3583
3584
3585
3586
3587
3588
109
3588
1532
3592
3593
3594
3595
3596
3597
3598
3599
3600
3601
3602
3603
3590
3606
3607
3608
3639
3609
3610
3611
3612
3613
3614
3615
3616
3582
837
3617
3586
3620
3621
845
3624
3625
3626
3627
3628
3629
3630
3631
3632
3633
3634
1434
136
3637
3638
1376
2377
3641
3642
3643
3644
3645
3646
3647
3648
3649
3650
3651
3652
3653
3654
3655
3656
3657
3658
3659
3660
3661
3662
3663
3664
3665
3666
3667
3668
3669
3670
3671
3672
3673
3674
3675
3676
3677
3678
3679
3680
3681
3682
3683
3684
3685
3686
3687
3688
3689
3690
3691
3692
3693
3694
3695
3696
3697
3698
3699
3700
3701
3702
3703
3704
3705
3706
3707
3708
3709
3710
3711
3712
3713
3714
3715
3716
3717
3718
3719
3720
3721
3722
3723
3724
3725
3726
3727
3728
3729
3730
3731
3732
3733
3734
3735
3736
3737
3738
3739
3325
73
733
2469
1362
1360
2493
2493
3747
3749
3750
1356
3171
2961
3754
3755
3756
3044
3758
3759
3760
3761
3762
5560
1632
3765
5545
2212
3768
3769
3770
3771
3772
1626
2535
2447
2572
3778
4939
854
3777
853
3782
4946
3784
3785
3786
3787
3788
3789
3790
3795
862
3791
864
5417
3798
865
4971
866
3796
3805
868
3801
871
4933
3806
3807
3808
3809
3810
3811
3812
3813
3814
3815
3820
880
3818
3819
4632
3821
885
3823
3824
2090
365
364
3825
3829
3830
3831
3832
3833
3834
3835
3836
3837
3838
3839
3840
3841
3842
3843
3847
3844
895
4935
3849
4959
896
3848
3854
898
3857
3854
3853
3859
901
5023
902
3863
3864
4811
4765
899
3855
3860
4802
1665
162
160
3872
3873
3874
3875
3876
3880
3877
912
4764
913
3885
3882
915
4742
165
3887
3888
3889
3890
3878
911
910
3891
3895
3896
3897
3898
3899
3900
3901
3902
3903
3906
3871
3906
3907
3909
4796
3908
927
3855
3865
3856
3868
930
930
4901
3918
3917
934
3923
4613
934
3924
2197
2943
3926
3929
3929
3931
3932
3933
305
4700
3935
3937
1704
977
184
3943
943
5443
3941
3945
3946
3947
945
3949
4482
3984
3973
3952
3956
3954
3956
307
4870
3961
4870
317
4869
3963
3964
3965
5424
3967
3971
958
959
4721
3972
3974
4713
961
3976
3977
3978
964
3979
3996
4706
3982
966
3988
3987
5441
966
3987
3986
4703
4706
320
3994
3995
4707
968
4484
4638
3999
4001
4002
4003
4001
949
4006
4007
4006
975
4010
4012
4640
3970
4012
3991
319
4017
4019
4280
979
4021
4023
4023
4022
4028
4025
4027
4628
4029
4030
4031
4032
4033
4034
4035
4036
4037
4040
4039
4070
1006
4042
4043
980
4045
4049
4046
992
4107
993
4051
4052
4053
4054
4055
4056
4057
4058
4059
4060
4061
4062
4063
4064
4065
4066
4067
4068
4070
4559
4071
1004
4075
1007
4573
4076
4077
4078
4079
4080
4081
4082
4569
4087
4084
4087
4087
4086
4085
4089
1825
4091
5795
5796
5717
5716
4094
4530
4095
5582
4095
4530
1825
4103
5440
4106
4110
1009
1005
4110
4111
4112
4113
4114
5811
5823
5812
4115
5438
4119
4130
4129
4128
4147
5770
5614
1690
5735
5585
5669
5651
5584
1014
4135
4582
1846
5741
4104
4099
4101
4835
5605
5614
5735
5680
5585
5651
1830
4151
1015
4833
1016
4157
1017
4155
177
1019
1694
4159
5824
5829
4160
1012
4165
4134
4130
5809
4121
1019
4858
1052
1185
4858
4846
4846
4000
4178
3999
4242
4184
1024
4180
4179
4194
5418
5419
4185
4193
1045
4639
4195
4195
4864
4863
4863
4197
1717
4182
1025
4286
1026
4187
4284
4014
4013
4858
1851
4283
4858
1854
1032
1854
5451
4216
1036
4254
4248
1038
4274
4250
4217
4223
4243
1037
4225
4846
4846
4845
4844
4500
4500
4232
4289
4234
4235
4236
4237
4238
4239
4639
4637
1149
4244
4251
4501
4501
1056
5453
4287
4267
4501
1056
4203
4203
4282
4259
4256
1049
4214
4260
4261
4262
4263
4264
4284
4284
4285
1703
1185
4286
4286
4272
4285
4287
4285
4276
4277
4214
1035
4257
187
4284
1052
4290
1053
4288
4288
4300
1057
4292
1061
4292
1062
4229
1054
4294
4297
4298
4299
4301
4301
1067
4303
4304
4305
2020
1060
4308
4309
4310
4311
4312
4313
4314
4315
4316
4317
4318
4319
5279
4321
4322
4323
4324
4325
4326
4327
4328
4329
4333
1082
4332
4426
4334
4335
4336
4340
4338
275
5283
4352
210
4352
5285
1086
4345
5285
5285
1735
4349
4349
4352
4432
1813
4355
5313
4358
4358
4361
5306
5307
4360
4366
266
219
4441
4367
4368
4369
4370
1092
4449
1906
4320
5277
4376
4379
1097
4379
4380
4377
5266
1096
4386
5262
5266
4388
5254
1296
4387
1902
4391
4393
285
4393
4405
5305
5298
5305
4397
1967
289
1099
1960
286
4407
5319
206
4460
5314
4412
4460
4413
4414
242
4416
4417
1103
4416
4420
4421
5278
4422
4390
1095
1918
4427
4428
4429
4430
4431
1780
1761
211
1946
1947
1947
4344
4409
1101
4442
5252
1794
1794
4446
4446
4447
1791
4365
1303
1098
4423
4452
1107
4452
1805
1807
1744
208
294
4461
5316
4463
4464
4465
4466
4467
4617
1113
4033
4470
985
3950
3989
947
3962
953
4479
3961
4486
1115
3973
3975
4715
4474
4823
4489
936
4831
4492
1117
4516
1118
4053
996
4496
4499
1119
4832
4502
4500
4510
4500
4500
4289
4176
4506
4507
3999
4511
4511
4512
4513
4514
4515
4518
4518
4541
1121
4522
1122
4546
4524
4544
4523
4527
5322
4138
1123
4092
4533
4531
4547
4534
4535
4536
4537
4538
4539
4540
4542
988
988
4071
4071
4041
4548
4562
1127
4550
4551
4552
4553
989
4555
4556
4555
4555
4561
1129
4562
4562
4563
4564
4565
4566
4567
4568
1832
4570
4571
4572
4114
1131
990
4047
990
4577
991
4576
1124
4528
1678
4586
1133
4977
4587
4588
4589
4590
4591
4592
4593
4594
4595
4596
4597
4598
4599
4600
4601
4602
4603
4605
4471
925
4607
4608
5007
4610
1143
4635
4634
4612
4615
4616
4617
4618
4619
4620
4621
4622
4623
4624
4625
4626
1837
4629
4631
4630
4631
2943
4636
4633
4636
4791
1149
4647
1149
4642
1150
4842
1152
4644
1152
4643
4644
4649
5431
1154
4648
4652
4653
4654
4655
4656
4657
4658
4659
4660
4455
4662
4663
4664
4665
4666
4671
1156
4667
232
1944
4672
4673
4674
4675
4676
4677
4678
4679
4680
4681
4682
4683
4684
4685
4686
4687
4688
4689
4691
4691
909
4693
4694
4695
1000
4697
4698
4699
3980
4701
4874
1165
4874
4872
4707
4876
4709
4712
4708
306
4695
4714
4714
1151
4719
4716
919
5432
970
5430
4004
4710
1167
918
4723
1151
4717
4728
1168
928
3883
914
4732
929
4737
929
4741
4738
1173
4899
4744
1174
4747
4745
4746
4748
4748
1175
4750
897
4754
1169
4763
4752
4759
4756
1177
4896
4760
4771
4762
3894
4762
4766
4768
4803
4770
4769
4770
4773
1179
4776
4774
170
4118
311
4778
4779
4780
4782
4878
4783
4784
4785
4786
4787
4788
4789
4790
3910
894
1670
4794
4793
4799
1182
1171
4800
4795
1181
902
4803
4804
974
4806
5668
4809
4810
4120
4024
4816
235
4812
1183
4820
5583
5742
4818
4164
4837
4814
2001
314
3958
3960
951
4828
4829
4830
4783
1850
167
4580
5743
1132
4578
1013
3955
4839
946
4840
1184
1185
1185
4849
4012
1716
4850
4850
1186
4852
4852
4854
4853
4855
4858
4859
4860
4860
4861
4862
4646
1153
4865
4866
3930
4868
2004
2003
2023
325
2024
3944
942
4876
4879
4873
4871
4880
4881
4882
4883
4884
4885
4886
4887
4888
4889
4889
4891
935
4890
1191
1192
4755
1176
1170
4729
1148
1148
4905
4902
4651
5428
185
3940
4911
1196
4908
4912
4913
4915
1197
4634
870
4917
4918
4924
4920
4921
4922
4923
4910
4925
4926
4925
3803
869
4928
4931
4932
3845
855
4927
1163
4937
4938
4688
1157
4943
1201
4947
1202
4941
4945
4948
5416
240
1200
4951
4952
4953
4954
4955
4956
4957
4958
3780
233
4961
4962
4963
4964
4930
4965
4967
4968
4969
4970
4972
4974
243
1857
4975
4976
1839
4676
4978
1091
4981
4982
4983
4984
1867
4986
4669
1941
4438
4990
4991
4992
4993
4995
4996
5456
5456
4998
4999
5000
5001
5003
5003
5004
5005
933
4614
3922
5009
5010
5011
5012
4903
5016
931
5019
5844
5020
5838
248
4757
1172
4739
1851
1033
4858
4283
4858
1185
4857
4857
4283
5031
1214
5033
5036
5037
5038
5039
5040
5041
5042
5043
5044
5045
5046
3828
886
5049
4282
4282
4282
5052
5054
5055
5056
5057
5058
5059
5060
5061
5062
5063
5064
5065
5066
5067
5068
5069
5070
5071
5072
5073
5074
5075
5076
5077
5078
5079
5080
5081
5082
5083
5084
5085
5086
5087
5088
5089
5090
5091
5092
5093
5094
5095
5096
5097
5098
5099
5100
5101
5102
5103
5104
5105
5106
5107
5108
5109
5110
5111
5112
5113
5114
5115
5116
5117
5118
5119
5120
5121
5122
5123
5124
5125
5126
5127
5128
5129
5130
5131
5132
5133
5134
5135
5136
5137
5138
5139
5140
5141
5142
5143
5144
5145
5146
5147
5148
5149
5150
5151
5152
5153
5154
5155
5156
5157
5158
5159
5160
5161
5162
5163
5164
5165
5166
5167
5168
5169
5170
5171
5172
5173
5174
5175
5176
5177
5178
5179
5180
5181
5182
5183
5184
5185
5186
5187
5188
5189
5190
5191
5192
5193
5194
5195
5196
5197
5198
5199
5200
5201
5202
5203
5204
5205
5206
5207
5208
5209
5210
5211
5212
5213
5214
5215
5216
5217
5218
5219
5220
5221
5222
5223
5224
5225
5226
5227
5228
5229
5230
5231
5232
5233
5234
5235
5236
5237
5238
5239
5240
5241
5242
5243
5244
5245
5246
5247
1726
1204
5251
4369
1863
270
5254
5255
5256
1935
272
5257
5260
5261
1297
5263
5264
5265
5267
5303
5268
1940
5269
276
1920
4381
1300
5273
5276
5277
5263
5277
1301
5275
5281
1930
1729
5270
5287
5288
5288
5321
1770
1304
5292
5293
5294
5295
5294
5296
1305
5297
5300
5300
5302
5303
5303
5304
1306
5301
4396
5299
1963
4400
5313
5314
1810
226
226
5317
5318
4392
4449
5321
4557
5323
5324
5325
5326
5327
5328
5329
5330
5331
5332
5333
5334
5335
5336
5337
5338
5339
5340
5341
5342
5343
5344
5345
5346
5347
5348
5349
5350
5351
5352
5353
5354
5355
5356
5357
5358
5359
5360
5361
5362
5363
5364
5365
5366
5367
5368
5369
5370
5371
5372
5373
5374
5375
5376
5377
5378
5379
5380
5381
5382
5383
5384
5385
5386
5387
5388
5389
5390
5391
5392
5393
5394
5395
5396
5397
5398
5399
5400
5401
5402
5403
5404
5405
5406
5407
5408
5409
5410
5411
5412
5413
5414
5415
3851
4966
4193
1718
1714
4221
5421
5422
5425
5426
1709
4856
4726
1988
5429
5430
4734
4097
5434
5435
5282
4979
4807
1996
5834
3946
1830
5443
5282
5445
5446
5447
5448
1992
184
4253
4846
4286
5454
5455
212
5461
1534
5459
5460
5259
5462
1754
1755
5465
5466
5467
5468
5468
5470
5469
5472
5464
5503
5690
5691
5694
5695
5565
5575
5498
5513
5517
5522
5573
5558
5486
5492
5538
5491
5521
5550
5554
5571
5562
5475
5559
5512
5506
5475
5690
5501
5475
5549
5486
5549
5558
5507
5537
5489
5537
5535
5520
5515
5520
5539
5519
5484
5522
5524
5474
5474
5502
5523
5533
5548
5547
5532
5485
5485
5485
5493
5493
5492
5530
5492
5531
5529
5524
5691
5694
5695
5494
5575
5498
5509
5556
5551
5556
5554
5557
5509
5512
5555
5563
5555
5496
5495
5495
5562
5476
5541
5540
5566
5494
5570
5570
5498
5576
5487
5526
5478
5500
5540
5576
5577
5534
5528
5570
5570
5633
5611
5682
5672
5680
5673
5653
5588
5676
5723
5625
5629
5638
5641
5635
5596
5597
5623
5648
5600
5658
5602
5665
5664
5686
5594
5607
5678
5681
5581
5632
5611
5595
5595
5594
5636
5635
5621
5619
5618
5661
5620
5597
5622
5590
5624
5598
5627
5591
5599
5599
5631
5628
5596
5596
5634
5643
5639
5647
5639
5636
5636
5644
5644
5645
5597
5646
5647
5604
5670
5672
5652
5726
5654
5724
5600
5656
5600
5640
5640
5662
5589
5660
5593
5601
5663
5657
5667
5668
5666
5604
5666
5675
5602
5683
5676
5677
5679
5679
5603
5593
5604
5677
5684
5685
5674
5673
5791
5475
2369
5792
5781
5693
5694
5694
5694
5694
5696
5572
5559
5504
5578
5564
5479
5479
5479
5569
5553
5510
5511
5515
5517
5484
5715
5688
5581
5633
5719
5629
5591
5722
5764
5723
5765
4083
5442
2006
169
5727
5587
5687
5678
5594
5668
5680
5735
5651
5651
5651
5651
5671
5682
5609
5479
5564
5544
5479
5671
5584
5553
5510
5514
5483
5518
5714
5504
5559
5696
5694
5693
5694
5569
5572
4082
4081
5767
4082
5610
5581
5605
5613
5680
5735
5651
5651
4569
5442
5668
5578
5781
5781
5586
5730
5785
169
169
5789
5791
5788
2369
2368
2373
5694
5766
4089
5719
5718
5582
5651
5704
5835
3061
2380
5760
2417
5793
2400
2403
5669
5438
4125
4127
4144
4145
5815
5816
5817
2416
2418
2380
3061
5822
4126
5828
4132
5831
3131
5773
5650
5760
5780
5832
5800
5834
1147
5747
5762
4847
4204
1345
1344
1345
4847
1700
1507
31
4204
1346
184
