3115
1308
3048
3
1318
5
2338
3149
1320
2390
10
11
1480
13
14
2398
16
2443
2480
21
1348
1347
3163
23
1350
1346
87
1507
2953
3179
1348
20
33
1577
34
49
2733
1379
1531
39
40
41
42
2683
44
2690
2749
47
48
1559
1420
1539
2730
53
54
55
1436
57
58
59
60
61
62
63
64
1513
66
1471
1574
69
2799
1486
2464
2114
1487
75
76
77
1496
79
1501
81
1507
472
20
21
86
1511
2186
89
90
91
92
93
94
843
1543
1588
97
2621
100
101
1535
1546
104
1569
1563
1565
108
1567
110
2626
3589
3590
1600
115
1404
2677
2675
119
120
121
122
1602
124
125
126
127
128
3636
3638
131
132
1615
1613
135
136
137
138
139
1627
141
142
2351
144
2391
146
1631
1634
2257
150
2026
1640
3014
154
2289
156
157
19
159
3867
4736
1664
163
164
165
166
4580
4525
5777
4117
171
172
173
4141
175
176
177
178
4846
4846
1185
4849
976
3970
3969
4846
251
4172
4864
4641
1185
1185
1785
194
1725
196
197
198
199
1735
201
202
203
204
205
206
207
208
209
210
211
212
213
214
215
1909
4443
1790
219
220
221
222
223
224
225
226
227
228
229
230
1884
232
233
234
235
1052
1027
238
239
240
241
4415
243
244
245
246
4845
1185
4846
184
252
5025
253
254
255
256
257
258
259
260
261
262
263
264
265
4364
1907
268
269
270
271
272
273
274
275
276
277
278
279
280
281
282
1966
284
4394
4393
287
288
289
4360
291
292
293
294
295
296
297
298
299
1976
301
302
303
304
305
3937
307
308
4658
1835
4116
312
313
2001
2032
3987
2002
4705
319
320
321
322
324
2022
3941
2030
3946
3577
2036
330
331
332
2059
2045
2050
3292
3286
2047
3257
2054
2056
1503
3300
3287
3250
2064
2063
2112
349
350
351
352
353
354
355
356
2078
2080
3353
3351
361
362
363
2089
365
366
367
368
369
370
2102
372
2106
374
375
3276
377
2117
2119
2120
381
382
383
384
385
2130
2135
388
2138
2428
391
2146
2144
394
395
396
3055
398
399
400
401
2161
3898
3897
2163
406
2916
408
409
2171
3361
2183
413
414
415
2181
417
418
419
2191
3225
3231
423
2942
2787
426
427
2206
3010
534
2213
432
433
2216
435
2223
2221
2778
2259
440
442
2783
3186
443
445
3332
2292
448
449
450
451
452
2244
2246
455
456
2288
458
459
3192
2272
2270
463
464
465
466
2562
2516
2280
470
1364
23
473
2566
2518
2295
477
478
2317
480
481
482
483
484
485
2854
2885
2320
2319
2886
491
2794
2795
3003
495
3085
2432
498
2353
2994
501
2344
2382
2348
505
2422
507
508
509
510
511
512
513
4152
3136
2426
2444
3134
2394
71
1348
2452
2521
461
524
2466
522
2460
531
2471
29
2475
2477
472
71
536
537
538
2490
2496
541
2526
2501
2499
2523
20
647
567
2512
2514
2545
2547
2949
2528
532
649
557
2541
2564
533
2560
562
563
1507
2508
2510
2572
568
569
570
1663
572
573
2579
3349
576
577
578
1657
2618
581
582
2619
584
585
586
587
588
589
2712
2718
592
593
594
1555
2622
597
106
3604
1381
601
602
1374
604
2650
606
607
2656
1548
3613
611
612
3610
614
615
616
617
618
619
1648
621
622
623
624
625
626
627
628
629
630
2827
2768
2767
2771
4478
4480
4485
4488
639
640
1322
2793
4496
4495
2798
4498
2803
648
2814
525
651
652
2825
2829
655
656
657
658
659
660
661
662
663
3151
665
666
667
668
669
670
671
672
673
674
2947
676
677
678
679
680
681
682
683
684
2959
2962
3305
688
689
690
691
2995
693
694
695
3189
3191
698
699
700
701
702
703
704
3059
3087
707
708
709
3089
711
712
713
3126
715
716
717
718
719
720
3234
3226
3208
3203
3236
430
3282
3244
3280
3284
3741
3290
3263
734
3569
736
737
738
739
740
3317
3319
1357
535
3347
746
747
748
749
750
751
752
753
754
755
756
757
758
759
760
761
762
763
764
765
766
767
768
769
770
771
772
773
774
775
776
777
778
779
780
781
782
783
784
785
786
787
788
789
790
791
792
793
794
795
796
797
798
799
800
801
802
803
804
805
806
807
808
809
810
811
812
813
814
815
816
817
818
819
820
821
822
823
824
825
826
827
828
829
830
831
832
833
834
835
836
837
838
1585
840
841
842
843
3615
845
846
847
848
849
850
851
852
853
854
855
856
857
858
859
860
861
4942
3794
4909
4944
866
867
868
869
3804
871
872
873
874
875
876
877
878
879
4632
3818
882
883
3822
3827
886
887
888
889
890
891
892
893
894
895
896
897
898
899
900
901
902
903
3866
3871
906
907
908
909
910
3879
912
913
914
915
916
917
3892
919
920
3931
922
923
924
925
3907
927
928
929
930
3918
932
4614
4613
935
3933
937
938
939
940
1704
3942
4829
944
3948
946
3951
3985
3957
3958
952
4870
4486
954
955
4020
5018
4721
4722
3974
961
962
963
3996
965
966
3995
4727
3999
4003
4005
4276
4007
974
4239
190
3970
978
4281
980
981
982
983
984
985
986
987
988
989
990
4047
4049
993
994
995
996
997
998
999
1000
4682
4077
1003
1004
4110
4071
1007
1008
4547
4570
4555
1012
1013
1014
1677
4815
4169
1018
4121
1052
1185
1023
969
1028
4181
4183
1718
4863
189
1025
4201
1852
4283
1032
4215
4220
4218
4247
1030
4224
1185
1056
4235
4262
4639
1031
1030
1048
1035
1053
1050
4291
4293
1021
4233
1056
4302
4273
1059
2021
1061
1062
2015
1064
1065
1066
1067
1068
4307
1070
1071
1072
1073
1074
1075
1076
1077
1078
1079
1080
1081
1082
1083
1084
1085
1086
1087
1088
1089
1090
1091
1092
4373
4376
1917
1096
1097
1098
1099
1100
1101
1102
1103
1104
1105
1899
1107
1108
1109
1110
1111
1112
1113
4518
4474
4825
1117
1118
4813
1120
4522
4524
1123
1124
1125
1126
5322
1128
4561
1130
1131
1132
1133
1134
1135
1136
1137
1138
1139
1140
1141
1142
1143
1144
1145
1146
4627
1148
4647
4843
1151
4852
4645
4724
4648
1156
1157
1158
1159
1160
4685
1162
1163
1164
4875
4872
4711
1168
1169
1170
1171
1172
1173
1174
4775
1176
1177
1178
4777
1180
1181
1182
1183
4841
4851
1186
1187
1188
1189
1190
4892
1192
1193
1194
4906
1196
4916
1198
1199
1200
1201
1202
1203
1204
1205
1206
1207
1208
1209
1210
1211
188
4283
5032
1215
1216
1217
1218
1219
1220
1221
1222
1223
1224
1225
1226
1227
1228
1229
1230
1231
1232
1233
1234
1235
1236
1237
1238
1239
1240
1241
1242
1243
1244
1245
1246
1247
1248
1249
1250
1251
1252
1253
1254
1255
1256
1257
1258
1259
1260
1261
1262
1263
1264
1265
1266
1267
1268
1269
1270
1271
1272
1273
1274
1275
1276
1277
1278
1279
1280
1281
1282
1283
1284
1285
1286
1287
1288
1289
1290
1291
1292
1293
1294
5293
5256
5302
1298
1956
1300
1301
1302
1303
5291
1305
1306
1307
1311
0
2
3115
1313
1316
1314
1315
1316
1317
1318
1323
7
1319
516
3148
1327
1325
1327
1327
1328
1329
1330
1331
1332
5479
5580
5706
1336
1337
1336
2442
21
21
1346
21
3162
1347
1347
2284
22
1350
23
5841
21
1352
5841
1509
1358
1507
1509
1511
1361
3752
29
1361
28
1344
1344
1344
20
2632
2632
1578
1380
1377
34
1373
1376
3603
36
36
36
3606
1382
1383
2743
1385
1386
1389
1387
1616
2682
1391
1391
1393
1394
1395
5470
1397
1412
1610
1400
1401
1402
1403
1405
1601
1406
1407
1408
1409
1408
48
1414
49
1558
1415
128
1601
2726
1538
37
1538
1421
51
5458
51
1428
1426
1428
1429
1426
1430
54
1433
1434
1439
133
1435
134
1612
1440
1441
1440
1443
1444
1445
1446
1447
1448
1449
1450
1451
1452
1453
1454
1455
1456
1457
1458
1514
1461
1514
3766
2877
506
1465
1466
1467
1468
1469
1472
68
1472
1470
5781
5760
5781
3150
1478
3132
1481
2326
3147
1485
1483
2472
72
1490
1490
75
2893
1491
1492
1493
1494
1495
1498
1496
1498
1496
1502
1501
1502
734
1500
1344
1344
2554
21
1509
2485
1511
1514
88
3046
1515
1516
1517
1515
1519
1520
1521
1522
1523
1588
1525
99
1527
1530
1529
2672
115
1528
1533
1533
607
1536
1537
1540
102
2732
1587
1541
95
1410
1542
98
1545
96
38
1550
1551
1552
1553
1554
103
1556
1557
1558
100
1560
1561
1562
105
1562
1565
1566
1569
1567
1569
1570
1579
2725
1579
1371
3589
112
3589
3605
112
1583
1581
1582
1598
1584
1585
1584
1410
116
843
1592
1592
1592
1593
1594
1595
1596
1597
1598
1599
119
1601
47
1603
1604
1605
1604
1607
1608
1609
1611
2634
1614
135
1614
132
1616
1617
1618
1619
1620
1624
1622
1623
1626
1628
1625
142
1628
1632
1629
479
3764
1633
1636
1634
1636
1637
148
2029
148
1638
5746
2422
1645
3013
1646
153
1648
1651
1650
1651
1652
1653
1654
1655
158
158
1659
2504
1660
1661
1662
1663
4802
4802
1665
160
1668
1669
1670
1671
1672
1673
1674
1676
4579
167
1678
168
1683
1680
1682
1683
1684
1685
1686
1687
1688
5652
5605
5653
1692
1693
1694
1695
4846
4846
4846
4846
4011
4846
4848
4011
3968
324
4846
324
4846
4212
1881
1880
5024
181
5427
5427
4641
5427
4864
4846
1185
4846
4846
1724
4351
194
1723
1727
1728
1729
1730
1731
1732
1733
1732
1735
1736
1737
1738
1739
1740
1741
1742
1743
1744
1745
1746
1747
1748
1749
1750
1751
1752
1753
1754
1755
1756
1757
1758
1759
1760
1761
1762
1763
1764
1765
1766
1767
1768
1769
1770
1771
1772
1773
1774
1775
1776
1777
1778
1779
1780
1781
1784
1784
1908
200
216
1786
1788
1791
219
1791
1791
1792
220
1793
1796
1797
1798
1799
1800
1801
1802
1803
1804
1805
1806
1807
1808
1809
1810
1811
1812
1813
1814
1815
1816
1817
1818
1819
1820
1821
1822
1823
4085
4091
4084
161
1883
1827
4083
5777
4081
1834
4112
1835
1837
4571
1838
1839
1840
1841
1842
1843
1844
1845
1846
1847
1848
1849
1848
4858
4186
4197
4858
1855
1856
1857
1858
1859
1860
1861
1862
5252
1864
1865
1866
1864
1868
1869
1870
1871
1872
4846
4845
4846
4846
184
977
4207
4211
4206
1883
4735
253
1885
1886
1887
1888
1889
1890
1891
1892
1893
1894
1895
1896
1897
1898
266
1900
1901
4391
1903
1903
1905
4371
1093
1910
267
4445
1911
1912
1913
1914
1915
1916
1917
1915
1919
1920
1921
1922
1923
1924
1925
1926
1927
1928
1929
1930
1931
1932
1933
1934
1935
1936
1937
1938
1939
1940
1941
1942
4437
1944
1945
1946
1947
1948
1949
1951
1965
1952
1953
1954
1954
1956
1959
1958
1959
1960
1961
1962
1963
1961
1965
287
1967
1766
1088
1970
1815
1972
1973
1973
1975
1976
1977
1975
1979
1980
1981
1982
1983
1984
1985
1986
1987
1985
1989
1990
1991
1992
1993
1993
1995
1996
1997
316
2000
2033
316
1998
2000
2001
5726
5726
2010
318
2010
4702
2011
2012
2013
2014
2018
323
2018
4306
2021
2021
1059
1059
315
2023
3943
2029
2030
1635
149
149
2033
327
5441
2037
2037
596
1564
106
2039
2040
2041
2042
2043
2048
333
2044
337
3285
2051
336
3291
2049
339
3261
2053
334
3258
2060
342
3298
343
2061
345
2064
2064
2067
345
2068
2069
2070
2071
2072
2073
2074
2075
2076
2077
2081
2078
359
3351
2081
2083
2084
2085
2083
2088
2088
2089
2087
2091
2092
2093
2094
2095
2096
2097
2098
2099
2100
2101
2102
2103
2104
2105
358
2107
2108
2109
2110
2111
2115
2112
376
3275
2117
2117
2117
2119
2120
2121
2122
2123
2124
2125
2126
2127
2128
2129
379
2132
379
2180
2131
386
1309
2137
388
2137
2140
2141
2145
2142
394
2145
395
2150
2148
3053
3076
393
2152
2153
2154
2155
2159
2157
2158
2159
2162
403
3895
404
2160
2165
2166
407
2168
2169
387
2171
387
2183
412
2175
2176
2177
2178
2180
3062
415
2133
386
416
2185
2186
2187
2188
2189
2192
421
3228
422
2190
357
2082
2198
2079
2199
2200
2201
2202
3182
2207
2205
429
3011
5840
1350
2212
2210
3767
432
2214
2215
435
2217
2218
2222
2219
438
2777
439
2226
2225
2226
2224
3185
442
3185
443
2230
2233
446
3749
2236
2237
2238
2239
2240
2238
2242
2243
2244
2242
2246
2247
2248
402
2250
457
457
2253
2254
2256
2256
2257
2255
453
2258
2260
2262
2287
3016
2265
3018
2267
2268
2268
2270
2271
464
2273
2274
2275
2276
2277
2279
2561
468
2278
467
2286
2283
23
2286
2287
2288
473
2293
2290
474
2565
2297
475
2294
2515
2298
2298
2300
2301
2302
2303
2304
2305
2306
2307
2308
2309
2310
2311
2312
2853
2314
2315
2316
2317
2318
2323
487
2320
490
2883
2324
2325
2327
2794
2328
2332
2330
2331
3121
2333
2334
2335
2336
2352
500
2339
2340
3100
2342
2343
503
2345
1630
2346
147
2349
2350
2351
2349
2353
5751
5750
5752
2357
2358
2359
2360
2361
2362
2363
2364
2365
2366
2367
2368
2369
2370
2371
2372
2373
2374
2375
2376
2377
5800
1464
1642
488
507
2321
2840
2385
2386
2881
2388
5818
5807
5805
2389
5808
5819
2393
5830
5831
5804
5756
5702
5757
2418
2420
2419
2421
1475
2407
2408
2409
2410
2411
2412
2413
2414
2415
5499
5507
5759
5793
5698
5761
5762
2424
2424
514
2425
2427
2429
2443
17
2428
517
2433
2434
2435
2436
2437
12
2440
1482
5806
2441
2442
519
1484
1484
1348
71
1344
1344
2269
523
2269
461
2453
2457
2465
522
2459
526
2462
3743
2461
529
2467
530
2519
2470
2468
3178
553
2473
3745
2474
527
2474
528
2463
2478
3162
1484
1484
2483
2484
2486
3339
2487
2488
2489
538
2491
2495
2492
2494
2531
542
2500
2497
540
2522
545
1366
1344
3775
30
2805
2805
567
2506
647
2498
543
2511
2514
2517
551
2546
552
2520
2948
462
2524
554
2525
2809
532
2809
649
2531
2530
2476
2809
532
649
2535
2535
2537
2540
2538
2540
559
2544
2542
3748
550
2513
549
2478
533
2479
2285
472
1344
1348
2555
3776
561
2558
3776
557
2543
558
2563
539
2538
1359
2567
2568
2569
2570
2571
2572
2573
3776
2575
2576
2577
2578
564
2581
564
2582
2583
2584
2585
2586
2587
2588
2589
2590
2591
1353
2592
2594
2595
2596
580
2598
2599
2616
2601
2602
2603
2604
2605
3598
2607
2609
2717
2610
2611
2612
2613
2614
2711
2617
2710
595
594
2620
597
2622
107
2624
2624
3578
3590
3604
3578
1380
1380
1378
2624
2625
2635
3625
2637
2638
2639
2642
2641
3624
2643
2644
2645
2646
2647
1425
2648
50
52
2652
2653
2654
3598
2656
3598
2658
2659
2660
2661
3611
2663
2664
2665
836
2667
2668
2668
2670
2671
2672
2672
3609
613
2676
3609
2678
2679
2680
2681
2682
2682
2684
2685
2686
2687
2688
2689
2692
43
3637
2693
2694
2695
2693
1431
2698
2699
2700
2700
2702
2703
2704
2705
2706
2707
2669
609
1547
1650
620
2713
1554
2714
2634
5460
2036
1649
2037
2037
2626
112
1576
1576
2726
3629
2728
2729
5458
5458
2734
129
2734
2735
2736
2737
2738
2739
2740
2741
623
133
1615
2745
2746
1388
2747
2749
2750
2751
2752
2753
2754
2755
2756
2757
2758
2759
2760
2761
2764
631
2915
2220
2765
437
436
636
2773
635
4477
2775
637
4481
2782
2245
454
2779
2780
2781
2766
632
4475
2788
2785
638
4487
2789
2790
2791
2789
2793
2797
643
4495
4494
2801
2796
646
4497
2804
648
2804
2802
2813
2814
2475
2813
2451
2455
2454
2811
650
2268
2272
2817
2818
2819
2820
2821
2822
2823
2792
641
2824
642
1321
8
2828
2832
2887
2322
2834
2835
2836
2837
2838
2839
2839
2841
2842
2843
2844
2845
2846
2847
2848
653
2830
2851
489
2833
2830
2855
2856
2857
2858
2859
2860
2861
2862
2863
2864
2865
2866
2867
2868
2869
2870
2871
2872
2873
2874
2875
2876
2877
2878
2879
2876
2347
504
664
3152
2884
2888
2888
3149
2889
2890
2891
2892
2893
2894
2895
2896
2897
2898
2899
2900
2901
2902
2903
2904
2905
2906
2907
2908
2909
2910
2911
2912
2913
2914
2914
630
2917
2918
2919
2920
2923
2922
3231
675
2925
2926
2927
2928
2929
2930
2931
2932
2933
2934
2935
2936
2937
2299
2939
2938
2940
2079
2942
2065
346
2944
2065
2948
2949
2950
2951
2952
2953
2954
2955
2956
2957
2958
2241
2241
2959
2962
2963
2964
2965
2966
2967
2968
1469
2969
2971
2972
2973
2974
2975
2976
2977
2978
3304
2980
2981
2982
2983
2984
2985
2986
2987
2988
2989
2990
2991
143
2970
692
5820
5803
2997
2998
2999
3000
3004
3001
389
3008
3005
3006
3007
3009
3009
3010
3012
3180
3015
3189
3190
697
697
3192
3019
3020
3021
3022
3023
3024
3025
3026
3027
3028
3029
3030
3031
3032
3033
3034
686
3034
3037
3038
3039
3104
3041
3042
2143
3044
3045
3047
3047
381
3049
3050
3051
3052
3054
3058
705
5821
3056
3060
706
3086
1333
3062
3063
3064
3065
3066
3067
3068
3069
3070
3071
3072
3073
3083
3075
3006
3077
3078
3079
3080
3081
3082
3084
3088
710
3057
9
2392
145
3090
3091
3092
3094
3094
426
3096
3097
3098
2139
3101
4788
3102
3103
3105
3249
3106
3107
3108
3109
3110
3111
3112
3113
3114
2122
3116
3117
3118
3119
5699
3122
3123
2395
3124
3125
645
3130
3129
2800
2799
1474
1476
3133
70
3127
3137
4822
2261
3138
2232
3141
2231
3143
3144
3145
3146
492
515
3128
3150
714
3135
3153
3154
3155
3156
3157
3158
1344
3160
1348
2283
471
3164
3165
3166
3167
3168
3169
3170
3171
1483
3173
3174
3175
3176
3177
3178
3179
3180
3181
3183
4867
3184
3139
151
1638
3187
152
2211
431
2213
3194
3195
3188
3196
3197
3198
3237
721
3202
3233
725
3201
3206
3224
3205
722
3211
3209
3240
3212
3213
3214
3215
3216
2946
3220
685
2960
726
24
2551
3227
727
340
3742
3229
3245
3232
347
2066
3235
729
3279
341
3239
3238
3283
2055
3241
3242
3243
348
3246
2113
3247
3248
3249
3250
3251
3252
3253
3254
3255
3256
732
3259
3289
3265
3260
344
74
3266
1489
1488
3267
3268
3269
3270
3271
3272
3273
3274
2041
69
3277
3278
2046
338
731
3264
2052
335
1504
80
3288
3301
1499
75
2104
371
3293
3294
3571
3296
3297
3298
3299
3300
3301
3302
3303
1573
2626
3306
3307
3308
3309
3310
3312
2035
3313
3314
3315
3316
3210
3317
724
723
3321
3322
3323
3207
3324
3326
3327
3329
3331
2187
3334
3335
1508
2553
82
3336
3337
3338
3339
3340
1484
20
1484
71
2482
3345
3344
3346
747
3350
3318
3318
742
3354
3355
3356
3357
3358
360
3352
3361
3362
3363
2136
2536
3365
3365
3367
3369
3370
3371
3372
3373
3374
3375
3376
3377
3378
3379
3380
3381
3382
3383
3384
3385
3386
3387
3388
3389
3390
3391
3392
3393
3394
3395
3396
3397
3398
3399
3400
3401
3402
3403
3404
3405
3406
3407
3408
3409
3410
3411
3412
3413
3414
3415
3416
3417
3418
3419
3420
3421
3422
3423
3424
3425
3426
3427
3428
3429
3430
3431
3432
3433
3434
3435
3436
3437
3438
3439
3440
3441
3442
3443
3444
3445
3446
3447
3448
3449
3450
3451
3452
3453
3454
3455
3456
3457
3458
3459
3460
3461
3462
3463
3464
3465
3466
3467
3468
3469
3470
3471
3472
3473
3474
3475
3476
3477
3478
3479
3480
3481
3482
3483
3484
3485
3486
3487
3488
3489
3490
3491
3492
3493
3494
3495
3496
3497
3498
3499
3500
3501
3502
3503
3504
3505
3506
3507
3508
3509
3510
3511
3512
3513
3514
3515
3516
3517
3518
3519
3520
3521
3522
3523
3524
3525
3526
3527
3528
3529
3530
3531
3532
3533
3534
3535
3536
3537
3538
3539
3540
3541
3542
3543
3544
3545
3546
3547
3548
3549
3550
3551
3552
3553
3554
3555
3556
3557
3558
3559
3560
3561
3562
3563
3564
3565
3566
3567
1370
3569
3568
50
3572
3573
3574
3575
3576
1564
106
3579
3580
3581
3582
1586
3583
3585
3586
3587
1568
1568
3588
1532
3592
3593
3594
3595
3596
3597
3598
3599
3600
3601
3602
3603
3590
109
1570
1570
3639
3576
3610
3612
3614
844
3614
3615
3616
3617
845
3619
3621
3621
3622
3623
3619
3625
3626
3627
3628
2637
3630
3631
3632
3633
3634
3635
3639
2673
3638
1376
3640
3641
3642
3643
3644
3645
3646
3647
3648
3649
3650
3651
3652
3653
3654
3655
3656
3657
3658
3659
3660
3661
3662
3663
3664
3665
3666
3667
3668
3669
3670
3671
3672
3673
3674
3675
3676
3677
3678
3679
3680
3681
3682
3683
3684
3685
3686
3687
3688
3689
3690
3691
3692
3693
3694
3695
3696
3697
3698
3699
3700
3701
3702
3703
3704
3705
3706
3707
3708
3709
3710
3711
3712
3713
3714
3715
3716
3717
3718
3719
3720
3721
3722
3723
3724
3725
3726
3727
3728
3729
3730
3731
3732
3733
3734
3735
3736
3737
3738
3739
3325
73
733
2469
1362
1360
2493
3746
3747
3750
1356
1358
3752
2961
3754
3755
3756
3757
3758
3759
3760
3761
3762
3120
3764
3765
3766
3767
3761
3769
3770
3771
3772
1626
3774
1344
2476
3777
3778
3779
3780
3781
3782
3783
3784
3785
3786
3787
3788
3789
3790
3795
862
3793
864
5417
3796
3797
3798
3799
3800
3805
3802
3801
3804
3805
3806
3807
3808
3809
3810
3811
3812
3813
3814
3815
3820
3820
3818
3819
4632
3821
885
3823
3824
2090
3826
364
3825
3829
3830
3831
3832
3833
3834
3835
3836
3837
3838
3839
3840
3841
3842
373
3844
3845
3846
3847
3848
3849
3850
3851
3852
3853
3854
900
3856
3857
3858
3859
3860
3861
3862
3863
3864
3855
900
899
3865
3868
3869
904
3872
3873
3874
3875
3876
3877
3877
912
3880
3881
3882
3883
3884
3885
3886
3887
3888
3889
3890
3878
911
3893
3894
3896
3976
921
920
3899
3900
3901
925
3903
3905
3915
905
410
3908
3909
3910
3911
3914
3912
3914
3913
3916
3917
3918
3916
929
3923
933
4611
934
3925
424
2943
3927
3932
3929
3931
3932
938
3934
3935
3936
3937
1704
1704
1704
3943
943
5443
3942
3945
3946
3945
3948
3949
3952
948
4482
3950
3954
3955
3956
3957
3961
3961
952
4869
3961
3963
3964
3965
5424
3967
3971
958
959
4720
3972
3972
3974
3975
3976
3977
3978
3979
3980
3981
964
965
3988
960
3984
966
4713
3984
3989
3991
4706
3993
3994
3995
967
3998
4483
968
3997
4002
4002
304
4001
949
4006
972
4006
975
4276
4640
4640
3970
4012
4015
4016
4017
4019
4280
979
4018
4023
4237
4022
4025
4026
4027
4028
4029
4030
4031
4032
4033
4034
4035
4036
4037
4038
4039
4040
4041
4042
4043
4044
4045
4050
990
4046
993
4050
4051
4052
4053
4054
4055
4056
4057
4058
4059
4060
4061
1001
4078
4660
4065
4066
4067
4068
4069
4070
4071
4072
4073
4074
4075
4080
1008
4079
310
4080
5723
5722
5589
5721
5720
5766
5767
5794
5719
5796
4090
4093
5797
4098
4095
4096
4097
4098
4099
4100
4101
4102
4092
4530
5728
5729
4108
4108
4107
4110
4113
4556
4558
1129
5811
5823
5812
4115
5810
4119
4121
4122
4123
4124
4142
4143
5782
4128
4129
4130
4131
4132
4133
4134
4135
4139
4137
4138
4139
4140
4141
5608
5606
4144
4145
4146
4147
5725
4151
4150
4833
1016
4153
1017
4155
4156
4157
4158
4159
4160
4161
4162
4163
4164
4165
4166
4167
4168
1019
4858
1052
1185
4858
4846
4846
4509
4178
4000
4241
4189
4191
4180
4179
4190
5418
1029
4188
4193
1045
4639
4195
4863
4195
1045
4863
5420
1714
4182
1025
4198
1026
4187
4187
3970
184
4858
1851
1852
4858
1851
5025
1851
5451
4216
1036
5451
4219
1038
4248
1039
4217
4223
4243
1037
4222
4846
4846
4846
4175
4501
4501
4230
1056
4225
1040
4234
4238
4264
1044
4639
4637
1149
4244
4246
4504
4504
1031
4200
4200
1030
4504
1031
4202
4202
4202
4278
4259
1035
4214
5423
5423
1043
5423
4236
4284
4284
4199
4846
1185
4287
4287
4270
1050
4200
1030
4261
1048
4213
4215
4257
1711
4284
1052
4290
1053
4288
4286
4300
1057
4292
1061
4292
1062
4229
1054
4296
4297
4298
4299
4301
1067
4510
4303
4304
4305
2020
1060
4308
4309
4310
4311
4312
4313
4314
4315
4316
4317
4318
4319
4320
4321
4322
4323
4324
4325
4326
4327
4328
4329
4330
4331
4332
4333
4334
4335
4336
4337
4338
4339
4340
4341
4342
4343
4344
4345
4346
4347
4348
1734
1734
4351
4352
4352
4354
4355
4356
4357
4358
4359
4360
4361
4362
4363
300
4365
4363
1787
217
4369
4370
4371
4372
4373
4374
4374
4376
4377
4378
4379
4380
4381
4382
4383
4384
4385
4386
4388
5254
1296
4387
4391
4392
4395
1100
5292
4396
4397
4398
4399
4400
4401
4402
4403
4404
4405
4406
4407
4408
4409
4410
4411
4409
1795
4414
218
4416
4417
4418
4419
4420
4421
4422
4423
4424
4425
4426
4427
4428
4429
4430
4431
4432
4433
4434
4435
4435
4436
4438
4439
4440
4366
4441
4444
5459
4445
4446
4447
4448
4449
4450
4451
4452
4453
4454
4455
4456
4457
4458
4459
4460
4461
4462
4463
4464
4465
4466
4467
4468
4469
4470
4471
4541
3953
947
4473
950
3962
1116
3959
953
4486
3973
4483
4484
4475
1115
4489
936
4831
4490
4491
4492
4493
4053
996
995
4499
1119
4499
4502
4500
4502
4508
4508
4201
4176
4506
4507
3997
4510
4511
4512
4513
4514
4515
4519
4516
1121
4520
4521
4523
1122
4048
992
991
4526
4527
4528
4529
4094
4531
4532
4533
4534
4535
4536
4537
4538
4539
4540
4543
4542
4546
4109
4544
4545
1123
4549
4527
4550
4551
4552
4553
4554
4088
4086
4103
4557
4559
4559
4548
1127
4563
4564
4565
4566
4567
5764
5724
4087
4568
4082
4560
4574
4575
4575
4577
4578
4576
4580
4581
4582
4583
4584
4585
4586
4587
4588
4589
4590
4591
4592
4593
4594
4595
4596
4597
4598
4599
4600
4601
4602
4603
4604
4605
4606
1829
162
4609
4610
4612
4612
1143
4614
4615
4616
4617
4618
4619
4620
4621
4622
4623
4624
4625
4626
4569
4628
4629
4630
4631
2943
4633
4634
4635
4636
4638
4727
1149
4642
1150
4842
4644
4644
1152
4643
4644
4649
5431
1154
3969
4652
4653
4654
4655
4656
4657
1147
5832
4660
4661
4662
4663
4664
4665
4666
4667
4668
4669
4670
4671
4672
4673
4674
4675
4676
4677
4678
4679
4680
309
1161
4659
5816
5815
4686
4687
4688
4689
4690
4691
909
4693
4694
4695
4696
4697
4698
4699
4700
4701
4704
1165
4874
1166
4707
967
4709
4712
4708
306
4712
4713
4714
4715
4716
4717
4718
4719
4004
970
971
4710
1167
4725
4723
4484
4728
4729
4730
4731
4732
4733
4734
4737
902
4737
4738
4739
4740
4741
4742
4743
4744
5817
4745
4748
4774
1175
5783
4751
4752
4753
4754
4755
4756
4757
4758
4759
4760
4761
4762
4763
4764
4765
4766
4767
4768
4769
4770
4773
1179
4776
4746
170
4118
311
4778
4779
4780
4784
4877
4783
4784
4785
4786
4787
4067
4789
4790
4791
4792
4793
4794
4795
4796
4797
4798
4799
4800
4801
3860
4803
4804
4805
4806
5778
4808
4810
4120
4811
4816
235
4812
1183
4816
4817
4818
4819
4820
4821
4814
3990
4823
951
3960
4826
4828
945
4828
4783
4832
4834
4834
4835
4836
4837
4838
949
4839
4841
4840
1184
4849
1185
4849
4012
1716
4850
4850
1186
4852
4852
4854
4853
4855
4858
4859
4860
4860
4861
4862
4646
1153
4865
4866
3930
4868
4824
317
2024
325
4871
942
4876
4830
4879
4879
4873
4880
4881
4882
4883
4884
4885
4886
4887
4888
4889
4889
4891
935
4890
1191
4895
4896
4897
4898
4729
4900
4901
4905
4904
4651
5428
185
3940
4911
1196
4908
4912
4913
4915
1197
4634
870
4917
4918
4924
4920
4921
4922
4923
4910
4925
4926
4927
4928
4929
4930
4931
4932
4933
4934
4935
4936
4937
4938
4939
4940
4943
1201
4943
1202
4941
4946
4947
4948
4949
4950
4951
4952
4953
4954
4955
4956
4957
4958
4959
4960
4961
4962
4963
4964
4965
4966
4967
4968
4969
4970
4971
4972
4973
4974
4975
4976
4977
4978
4979
4980
4981
4982
4983
4984
4985
4986
4987
4988
4989
4990
4991
4992
4993
4994
4995
4996
4997
4998
4999
5000
5001
5002
5003
5004
5005
5007
5015
5008
5009
5010
5011
5012
5013
5016
3919
3939
249
5020
1701
248
5021
5022
5023
1851
1852
4858
4283
4857
1185
4857
4173
4283
5031
1214
5035
5036
5037
5036
5039
5040
5041
5042
5043
5044
5045
5046
5047
5048
3870
4203
4282
4282
5052
5053
5055
5056
5057
5058
5059
5060
5061
5062
5063
5064
5065
5066
5067
5068
5069
5070
5071
5072
5073
5074
5075
5076
5077
5078
5079
5080
5081
5082
5083
5084
5085
5086
5087
5088
5089
5090
5091
5092
5093
5094
5095
5096
5097
5098
5099
5100
5101
5102
5103
5104
5105
5106
5107
5108
5109
5110
5111
5112
5113
5114
5115
5116
5117
5118
5119
5120
5121
5122
5123
5124
5125
5126
5127
5128
5129
5130
5131
5132
5133
5134
5135
5136
5137
5138
5139
5140
5141
5142
5143
5144
5145
5146
5147
5148
5149
5150
5151
5152
5153
5154
5155
5156
5157
5158
5159
5160
5161
5162
5163
5164
5165
5166
5167
5168
5169
5170
5171
5172
5173
5174
5175
5176
5177
5178
5179
5180
5181
5182
5183
5184
5185
5186
5187
5188
5189
5190
5191
5192
5193
5194
5195
5196
5197
5198
5199
5200
5201
5202
5203
5204
5205
5206
5207
5208
5209
5210
5211
5212
5213
5214
5215
5216
5217
5218
5219
5220
5221
5222
5223
5224
5225
5226
5227
5228
5229
5230
5231
5232
5233
5234
5235
5236
5237
5238
5239
5240
5241
5242
5243
5244
5245
5246
5247
5248
5249
5250
5251
4442
5253
5254
5255
1295
5257
5258
5259
5261
5300
5262
5260
5264
5265
5266
5267
5268
5269
5270
5271
1900
5273
5274
5275
5276
5277
5263
5279
5280
5281
5282
5283
5284
5285
5286
5287
5288
5289
5290
5291
5292
5293
5294
1305
5296
5297
5298
5299
5301
5301
1306
5304
5304
5305
5306
5307
5308
5309
5310
5311
5312
5313
5314
5315
5316
5317
5318
5319
5320
5321
4104
5323
5324
5325
5326
5327
5328
5329
5330
5331
5332
5333
5334
5335
5336
5337
5338
5339
5340
5341
5342
5343
5344
5345
5346
5347
5348
5349
5350
5351
5352
5353
5354
5355
5356
5357
5358
5359
5360
5361
5362
5363
5364
5365
5366
5367
5368
5369
5370
5371
5372
5373
5374
5375
5376
5377
5378
5379
5380
5381
5382
5383
5384
5385
5386
5387
5388
5389
5390
5391
5392
5393
5394
5395
5396
5397
5398
5399
5400
5401
5402
5403
5404
5405
5406
5407
5408
5409
5410
5411
5412
5413
5414
5415
5416
4966
4192
189
1715
4221
5421
5422
5425
1710
1712
4856
4726
1988
5429
5430
5432
5433
5434
5435
5436
5437
5438
5439
2006
5441
5776
3947
5444
5445
5446
5447
5448
5449
184
4253
4846
4198
5454
5455
5456
5457
1534
5459
1649
5461
5462
5463
5464
5465
5465
5467
5468
5469
5466
5471
5472
5473
5474
5475
5540
5541
5542
5480
5545
5481
5482
5483
5484
5485
5547
5527
5534
5516
5520
5491
5530
5551
5576
5555
5496
5558
5510
5487
5500
5501
5502
5503
5486
5487
5533
5549
5506
5511
5509
5513
5511
5515
5514
5517
5490
5517
5518
5519
5491
5521
5522
5523
5524
5492
5492
5492
5526
5524
5530
5529
5533
5548
5535
5538
5535
5538
5539
5491
5540
5476
5542
5565
5480
5545
5546
5550
5550
5493
5485
5551
5552
5552
5557
5555
5554
5557
5556
5559
5572
5563
5562
5574
5565
5575
5494
5494
5481
5568
5488
5536
5572
5573
5574
5568
5498
5512
5570
5566
5494
5610
5743
5583
5584
5736
5674
5683
5677
5661
5620
5626
5633
5664
5657
5616
5634
5645
5648
5631
5658
5665
5679
5680
5612
5678
5668
5619
5613
5612
5582
5609
5682
5615
5615
5606
5594
5613
5597
5597
5623
5618
5598
5647
5627
5624
5628
5599
5630
5628
5632
5593
5681
5581
5641
5595
5642
5636
5593
5640
5660
5594
5657
5600
5637
5600
5647
5639
5638
5649
5650
5736
5673
5683
5676
5621
5667
5667
5601
5660
5663
5618
5607
5666
5604
5603
5666
5668
5734
5680
5670
5671
5672
5602
5678
5602
5607
5607
5635
5596
5735
5611
5649
5684
5685
5644
5678
5674
5688
5689
5690
5691
5692
5692
5693
5695
5696
5477
5698
5560
5507
5505
5566
5479
5707
5706
5707
5707
5708
5709
5482
5514
5483
5518
5714
5715
5582
5610
5717
5633
5592
5624
5622
5590
5661
5589
5654
5588
5588
5588
5675
5605
5608
5606
5669
5585
5736
5737
5738
5738
5774
5741
5742
5743
5706
5479
5762
5706
5748
5749
5750
5751
5752
5753
5754
5755
5505
5507
5698
5697
5693
5695
5762
5699
5722
5655
5720
5721
4096
4095
5608
5606
5772
5773
5774
5775
5589
5725
5669
5580
5692
5781
5605
5652
5653
5726
5588
5787
5788
5789
5790
5791
5792
5696
5719
5718
5797
4094
5798
5799
506
5786
2378
5836
2404
2401
2402
2400
3763
5809
5810
4125
4127
5813
5814
4106
4105
4750
2399
2403
5833
3061
5801
4126
5824
4124
2396
2397
5828
5829
2405
2406
1831
66
169
1830
5837
5837
4846
184
472
1347
472
4846
4846
1346
1344
4846
472
184
