2134
1
2
3
4
5
6
3151
490
9
2595
2594
11
2437
2435
1339
1338
2429
3162
1347
1483
22
2473
2283
2238
1344
2539
1510
1361
2470
3339
2484
32
33
34
35
36
37
38
1529
40
41
1386
43
44
45
46
47
48
49
50
51
52
53
54
55
56
57
58
59
60
61
62
63
64
65
1469
67
68
69
12
2548
2463
73
74
75
76
77
78
79
80
81
2485
1347
3339
1347
2563
2538
1513
89
90
91
92
93
94
1589
96
97
98
99
100
101
102
103
104
105
106
107
108
109
110
111
112
1576
114
115
116
117
118
119
120
121
122
123
124
125
126
127
128
129
2654
2653
132
1615
134
135
3636
137
2277
1622
1625
3143
2266
2352
2350
145
146
1631
1634
2257
150
2026
1640
3014
3015
155
156
157
1505
3160
1664
1827
162
163
164
165
166
4580
991
1831
170
171
1680
4308
4160
1695
177
4156
4158
1700
5838
1702
1703
4848
4014
1704
5838
979
247
4864
4641
181
181
193
194
195
196
197
198
199
200
1952
4398
5298
1803
1736
5319
1099
1743
4458
210
211
1086
1970
214
1772
1786
4368
4415
1790
1794
5318
301
223
224
225
226
1745
1820
229
1822
4609
232
233
234
1849
236
4186
238
239
240
241
1860
243
244
245
246
248
181
4204
182
187
251
1884
254
255
256
257
258
259
1304
1913
4342
1894
264
1929
1899
1909
268
1922
270
271
272
273
1931
1934
276
277
278
279
1946
4447
282
283
284
285
286
283
1964
1965
5306
291
292
1963
1758
1969
1092
4373
299
4365
4364
4364
1980
303
4002
305
306
307
308
309
310
4777
312
313
1998
2032
2033
2003
2007
319
320
321
322
1706
324
325
2030
327
598
329
330
331
332
2059
2045
2050
3292
3286
2047
3258
2054
2056
342
343
2061
345
346
347
348
349
350
351
352
353
354
355
356
2082
2080
359
360
361
362
363
364
365
366
367
368
369
370
371
372
2106
374
375
376
2116
2133
2132
2119
3048
2123
2126
2128
3063
2182
387
388
389
390
391
2146
2144
3007
3022
2151
397
398
399
3021
2157
2249
2341
2162
2247
406
2166
408
409
410
411
3905
413
414
2181
3913
2186
418
419
420
421
422
423
2198
2203
2201
3091
2206
3012
472
2210
2217
433
2215
2214
439
3950
4482
2259
2227
634
632
3187
3195
445
3749
2291
448
2239
2953
451
452
453
3973
3092
2252
2264
3017
459
3192
3997
2271
2779
4483
3156
3032
2282
2280
3117
3118
1363
22
473
2293
476
3125
2300
478
2317
480
481
482
483
484
485
2313
2889
2839
2320
2883
3098
2326
2328
3003
495
496
497
498
499
500
2343
503
2384
504
2939
5836
2856
508
2866
2407
1328
2414
4149
4152
3127
2426
517
511
2444
1486
1484
2815
2268
3997
4178
2465
2810
2459
3743
553
2469
2809
533
3162
2488
2488
2488
539
559
544
2494
540
2547
2545
2512
2484
4245
2532
552
551
2516
2518
2948
545
542
4244
541
2562
558
2549
2560
562
2569
3345
565
566
2808
2804
569
3166
1660
2588
2577
2580
3349
2818
577
578
1657
580
581
582
583
584
585
586
587
588
589
590
591
592
593
594
595
2623
597
3578
2628
600
601
602
603
604
605
606
1535
608
609
610
611
612
2675
614
615
616
617
618
619
620
621
622
2742
624
625
626
627
628
629
2758
2915
436
3953
425
4487
4479
4486
4867
4491
640
2791
2793
2795
2796
70
646
4503
4502
4504
4506
4511
652
653
2321
2834
3758
657
658
1458
660
2388
662
663
3153
665
666
667
668
669
670
671
672
673
674
675
676
677
678
679
3038
3171
3026
2957
684
2960
2962
687
688
689
690
691
2993
693
694
695
3189
3190
3755
699
3035
701
3044
703
704
705
706
3219
708
3079
710
426
712
713
518
3169
520
3175
3200
3198
3238
3234
3226
3208
3203
3236
3223
727
728
3280
3284
731
732
3260
734
735
736
737
738
3314
3316
3320
3319
3751
2488
2488
3357
2293
748
749
750
751
752
753
754
755
756
757
758
759
760
761
762
763
764
765
766
767
768
769
770
771
772
773
774
775
776
777
778
779
780
781
782
783
784
785
786
787
788
789
790
791
792
793
794
795
796
797
798
799
800
801
802
803
804
805
806
807
808
809
810
811
812
813
814
815
816
817
818
819
820
821
822
823
824
825
826
827
828
829
830
831
832
833
3610
835
836
837
838
1585
840
841
842
843
844
845
846
847
848
849
850
851
852
853
854
855
3783
3793
3788
859
860
3789
862
4924
864
865
866
867
868
869
870
871
872
873
874
875
876
877
878
879
3927
881
882
883
884
885
886
887
888
889
890
891
892
893
894
895
896
3852
3854
160
3865
3859
4736
3864
3869
905
906
907
3875
909
3881
911
912
3880
914
915
916
917
918
919
3977
3976
922
923
924
925
926
927
928
253
3918
4614
932
933
934
935
3929
4780
3932
939
940
3939
3942
943
944
945
946
3989
3984
949
3959
4878
4871
4869
4757
4770
3965
957
958
959
3988
4715
962
963
964
3983
5441
967
4727
4637
970
971
4007
4804
4805
4009
1716
4847
978
4020
980
981
982
983
984
985
986
987
4041
989
4532
990
4049
4533
994
995
996
997
4787
999
1000
1001
1002
1003
1004
4110
4071
1007
1008
4548
1010
1011
1686
4135
4141
1677
4815
4154
4165
1017
4171
4845
4190
4242
4192
1025
4180
1029
4195
189
1030
4201
5025
1032
252
1049
1035
4235
1037
4220
1043
181
4274
4239
4239
4646
1038
1039
4277
1048
4267
4275
1052
1053
4228
1055
4505
4288
1058
1059
1060
1061
1062
1063
1064
1065
1066
1067
1068
1069
1070
4331
1072
1073
1074
1075
1076
5280
1078
1079
1080
1081
4425
1083
1084
1085
1086
4347
1969
1089
4675
1091
1905
1907
5279
1917
1097
5295
5267
1952
4394
1101
1102
1103
4418
1105
1106
4451
1107
202
1110
1111
1112
1113
1114
4823
4831
1117
1679
4813
1120
4522
4524
4527
4528
1125
1126
4557
1128
1129
1130
1131
4578
1133
1134
1135
1136
1137
1138
1139
1140
1141
1142
1143
1144
1145
1146
1836
1148
4647
4843
4861
1152
4645
4649
4651
1156
1157
1158
1159
1160
1161
1162
1163
1164
1165
4872
1167
1168
1169
1170
1171
4739
4741
1174
1175
1176
1177
4766
4772
4781
1181
1182
4821
1184
1185
1186
1187
1188
1189
1190
4890
1192
4893
4895
4907
1196
1197
1198
1199
1200
1201
1202
1203
1204
1205
1206
1207
1208
1209
1210
1211
5020
1033
1214
1215
1216
1217
1218
1219
1220
1221
1222
1223
1224
1225
1226
1227
1228
1229
1230
1231
1232
1233
1234
1235
1236
1237
1238
1239
1240
1241
1242
1243
1244
1245
1246
1247
1248
1249
1250
1251
1252
1253
1254
1255
1256
1257
1258
1259
1260
1261
1262
1263
1264
1265
1266
1267
1268
1269
1270
1271
1272
1273
1274
1275
1276
1277
1278
1279
1280
1281
1282
1283
1284
1285
1286
1287
1288
1289
1290
1291
1292
1293
1294
5293
5256
5302
5262
1956
5297
1300
1302
1298
1304
1305
5306
1307
1309
1309
1310
1308
1312
1313
1314
1315
1316
1317
1318
1323
2888
1319
516
3149
2594
2595
2594
2595
14
2437
14
1332
2436
2380
2400
2378
17
1336
17
2443
1347
1347
1344
1347
22
1348
3162
22
2472
2285
2284
1344
1344
2450
1344
87
1359
1510
1511
2539
1362
29
2468
1362
1360
1348
1348
1348
2484
1369
1370
1371
1372
1373
1374
1375
3639
1377
1378
1379
1380
1381
1385
1382
130
2652
131
1387
1388
1389
1390
1391
1392
1393
1394
1395
1396
1397
1398
1399
1400
1401
1402
1403
1404
1405
1406
1407
1408
1409
1410
1411
1412
1413
1414
1415
1416
1417
1418
1419
1420
1421
1419
1423
1424
1425
1427
1430
1428
1429
1430
1431
1432
1433
3635
1435
1436
1437
1438
1439
1440
1441
1442
1443
1444
1445
1446
1447
1448
1449
1450
1451
1452
1453
1454
1455
2359
2361
2360
1459
1460
1459
5837
1462
5833
1465
1466
1467
66
144
1470
1471
1472
1473
5830
5830
2406
2411
3132
2397
1325
1324
1326
1486
71
72
2479
1487
1488
1489
1490
1491
1492
1493
1494
1495
1496
1497
1498
1499
1500
1501
1502
1503
1504
20
20
2486
20
1511
86
2540
1461
1513
1514
1515
1516
1517
1518
1519
1520
1521
1522
1523
1524
1525
1526
1527
1530
101
2672
1582
1528
1533
5458
1535
1536
1537
1538
1539
1540
1541
1542
1543
1544
1545
1546
1547
1548
38
1550
1549
1552
1553
1554
1555
1556
1557
1558
1559
1560
1561
1562
1563
1564
1565
1566
1567
1568
1569
1570
1571
1572
1573
1574
1575
1576
1577
1578
1579
1580
1581
1582
1583
1581
1585
1581
1587
1588
1589
1590
1591
1592
1593
1595
1595
1596
1597
1598
1599
1600
1601
1602
1603
1606
1605
3627
1607
1608
1609
1610
1611
1614
1613
1614
132
1389
1617
1618
1619
1620
1626
2277
1626
1626
2265
2267
142
460
1632
1629
2317
3764
1633
1636
1634
1636
150
148
1635
1637
148
2379
2379
1645
3013
3013
153
1648
1649
1650
1651
1652
1653
1654
1655
2579
158
1659
2581
1661
3164
570
1661
1666
1664
1827
1667
1668
1669
1670
1671
1672
1673
1674
1676
4579
167
1675
168
1683
1680
1683
4309
4162
4160
178
4308
1686
4750
4127
4106
4158
4156
4158
1694
5838
5838
5838
5838
4847
1703
183
4014
184
180
4174
324
4175
1709
1710
187
1712
247
1715
5427
190
1715
189
1700
181
1700
1700
1723
1724
1725
1726
1727
1728
1729
5321
1731
1734
1733
1734
1735
1739
1740
297
4371
296
4401
4401
4401
5319
1746
5299
202
1746
1749
209
1751
1799
222
1757
1754
5310
1821
230
1759
1760
1761
1762
1968
1764
1088
1968
1767
1768
214
1767
1774
1772
1771
1774
1777
1776
4439
1778
1779
1780
1781
1782
1783
1782
1785
1787
4367
1788
1792
218
1792
1795
1795
217
4413
1796
1797
5317
1801
298
1978
301
5320
4449
1805
1806
1807
1808
1809
1810
1811
1812
1813
1746
1962
1747
1819
1109
5311
1820
1816
228
1748
4084
4085
1826
1829
1829
4607
1830
5834
1832
1833
1834
1835
310
1833
1840
1839
1840
1841
4123
4123
5828
5825
4137
5824
1681
172
1681
1853
1852
4196
1854
1855
1856
1857
1858
1859
1860
1861
1862
1863
1864
1865
1866
1867
1868
1869
1870
1871
1872
1700
4269
1700
1700
182
1875
1712
1711
1879
231
1882
231
1885
1886
1887
1888
1889
1890
1891
1892
1893
262
1895
1896
4341
4391
1899
1902
284
4391
1904
4444
220
1903
267
1908
216
1908
1912
5290
260
1911
1914
1916
261
1915
201
1898
201
201
1923
1924
1925
1926
1927
1773
215
1928
197
1932
1933
274
1935
1936
1938
1938
1939
1940
1941
1942
1943
1941
1945
1946
1947
1948
1949
1950
1950
1952
1953
1953
1953
1956
1957
1958
1959
1960
1964
287
1964
1964
1950
283
1952
1778
1969
1970
1964
1964
5310
289
1978
4364
299
4363
4401
4402
1979
1982
1983
1984
1986
5449
1987
304
1990
1990
308
1992
1993
1994
1995
1996
1997
2000
2000
2031
316
1998
315
1999
5440
5801
2009
319
2009
2010
2011
2012
2013
2014
2015
2016
2017
2018
2022
2019
2021
2022
315
2023
2025
2029
2030
1635
149
149
2032
2032
2033
2037
2035
2036
3577
598
2039
2040
2041
2042
2043
2048
333
2044
337
3285
2049
336
3291
2052
2057
339
2053
334
3262
2060
342
2060
343
2058
2063
2064
2065
2066
2067
2068
2069
2070
2071
2072
2073
2074
2075
2076
2077
2081
2078
359
3351
360
2083
2084
2085
2086
2087
2088
2089
2090
2091
2092
2093
2094
2095
2096
2097
2098
2099
2100
2101
2102
2103
2104
2105
358
2107
2108
2109
2110
2111
2112
2113
2114
2115
2130
2118
2130
379
2119
2122
3115
381
2121
2129
2120
2125
385
2117
386
386
0
2182
2134
2183
2136
2137
2138
2139
2140
2141
2145
2142
394
3023
395
2150
2147
2149
3076
393
2152
2153
2154
2155
2159
400
2156
3019
402
2341
2161
2164
2249
2165
2166
2167
2168
2169
2170
2171
2172
412
2174
2175
2176
2177
2178
416
2179
3913
416
2184
3915
2187
88
2187
2188
2185
2190
2191
2192
2193
2194
2196
3359
2195
357
2202
2199
427
427
2202
140
1623
429
1627
2480
1350
2212
2210
3767
2210
2214
2215
2215
2218
2218
2222
438
3952
2777
439
2216
2226
3145
434
443
2230
3186
3187
2231
2233
2234
447
3119
2237
2240
2951
2286
2238
2242
2243
2244
2245
2246
2248
3090
455
3017
2264
3016
2266
458
2256
2256
2257
2255
453
2258
2260
154
154
3016
460
3018
3144
464
464
2271
2781
3998
2274
3154
3157
2273
440
2281
2278
469
3116
470
1364
471
2283
28
2263
2288
2289
2290
2291
2290
2282
2296
476
3124
2294
2301
2298
478
2315
2302
2303
2304
2305
2306
2307
2308
2309
2310
2314
2312
502
2342
2315
2316
2317
2318
487
2841
2839
2323
2885
2325
3097
10
2324
491
2329
2330
2331
2332
2333
2334
2335
2336
499
2338
2340
3103
2339
2345
2343
503
2345
1629
2869
147
2353
505
2349
499
2971
5750
2422
5752
5711
5712
2357
5754
2356
5518
5522
2362
5789
5688
5503
5574
5693
5790
5781
2368
2406
2373
2370
2364
2366
5820
2969
5803
2840
2855
488
2840
2386
2878
2385
509
2389
9
2391
2392
2395
519
2395
15
15
2442
5818
5807
5805
2441
5819
2398
2398
2398
13
2407
3133
2409
2396
2372
2411
5827
1479
2399
2401
5806
5804
5819
5804
506
514
4152
3136
3128
2423
2428
2429
2428
2431
2432
2433
2433
1336
1336
5826
1332
511
1331
2442
2443
2443
2444
71
71
1484
1486
1348
1348
461
2269
2272
4000
2816
522
523
2451
2458
2457
526
2466
2461
2461
2521
2467
462
553
2470
3178
2949
2464
529
2475
2811
2476
2477
2478
2478
22
3340
536
2488
3340
2487
537
2491
559
2564
559
2541
3746
3747
2490
2492
2499
2513
2546
550
2511
549
20
20
546
2484
2510
556
2508
2509
4230
2517
552
2517
2545
2294
468
2515
2295
2948
2270
2268
2497
2501
2500
2522
2496
2524
2523
2495
2494
2495
2524
542
4244
3774
2537
2489
2562
467
558
2562
2561
2561
2543
2516
2517
552
2479
533
2479
2285
1347
1348
3339
2555
2559
561
2558
2495
541
2279
467
558
2541
467
2565
2548
560
2569
2550
2574
567
568
3776
2576
2586
572
2575
2581
575
3348
2582
2583
2584
2585
2587
2817
576
2589
2590
2591
159
1353
16
2434
2596
2597
2598
2599
2600
2601
2602
2603
2604
2605
3598
2607
2608
2609
2610
2611
2612
2613
2614
2615
2616
2617
2618
2619
2620
2621
2622
107
2624
2625
2627
3604
113
2626
2630
2631
2632
2633
2634
2635
2636
2637
2638
2639
2640
2641
2642
2643
2644
2645
2646
2647
2648
2649
2650
2651
1536
607
606
2657
608
2657
2658
2659
2660
839
3611
2665
2664
2665
2666
2667
2668
2669
2670
2671
2672
2673
2674
2675
2676
2677
2681
2679
2680
3622
2682
2683
2684
2685
2686
2687
2688
2689
2690
2690
2692
2695
2694
2750
2696
2697
2698
2699
2700
2701
2702
2703
2704
2705
2706
2707
2708
2709
2710
2711
2712
2713
2714
2715
2716
2717
2718
5460
328
328
599
1579
2724
2725
2726
2727
2728
2729
1424
2731
2732
2733
2732
2735
2736
2737
2738
2739
2740
2740
2742
2744
3638
2745
2746
2747
2748
2749
2752
2751
2752
2753
2754
2755
2756
2757
2759
2759
629
2761
407
2763
2764
2221
437
3953
2223
2788
2786
2787
4487
635
2784
953
633
2245
3973
451
452
3975
2767
2768
4473
2787
425
3182
4488
639
639
640
2793
2913
2327
493
492
2794
2799
3147
645
2798
2803
4501
648
2807
649
4504
2809
649
2454
2812
4176
650
4508
2272
3997
2819
651
4510
2820
2821
2822
2823
2824
641
2826
2914
1321
490
2829
2323
2886
2321
2375
2836
2374
2838
2367
656
2835
2890
2842
2843
2844
2845
2846
2847
2848
2849
2849
2851
2381
2383
2853
655
2837
3640
2858
2859
2860
2861
2862
1456
2863
1458
1457
2868
2870
2868
2864
2871
2872
2873
2874
2875
2355
3766
2878
2937
2880
2869
2882
510
2408
510
2884
664
3152
2410
2415
2892
4583
2893
2894
2895
2896
2897
2898
2899
2900
2901
2902
2903
2904
2905
2906
2907
2908
2909
2910
2911
629
4603
2760
2914
2916
2917
2918
2919
2920
2921
2922
2923
2924
2925
2926
2927
2928
2929
2930
2931
2932
2933
2934
2935
2936
66
2299
477
2940
2941
2079
2942
2944
2945
2946
2947
463
2950
2780
2953
681
3752
2958
682
2954
684
3176
2238
1350
2959
449
2963
2964
2965
2966
2967
2968
2351
143
2964
2972
2973
2974
2975
2976
2977
2978
2979
2980
2981
2982
2983
2984
2985
2986
2987
2988
2989
2990
2991
2352
2352
2992
143
2995
2997
2998
2999
3000
3004
3001
389
3010
3002
3005
428
3008
3009
3010
2254
456
3015
696
3190
3015
697
3191
3020
3754
698
139
2205
3024
3025
3026
3027
3028
3029
3030
2952
3157
3031
3037
686
3034
3756
3025
3039
3040
3041
3042
2143
392
3043
1514
3046
3048
2189
3050
3051
417
3053
3054
3055
2996
692
3058
3059
3060
5802
2179
2181
3064
3065
3066
3753
3068
3069
3070
3071
3072
3073
3074
3036
3006
2120
3077
380
2124
3081
3080
3083
3084
3085
3086
3087
3088
3089
3090
3091
388
3094
3094
426
3093
2434
3098
3099
2341
493
3102
3103
3104
3105
3106
3107
3108
3109
3110
3757
3112
3113
3114
1311
3078
383
709
3119
3763
3121
3122
3123
2127
384
3134
2440
3127
3130
1482
5830
5831
5826
2438
2439
2800
646
2260
2261
711
2200
3194
432
2213
2217
2200
1327
3135
3135
5831
3153
3153
511
3155
3167
715
3158
3170
1484
716
1483
471
3745
3165
3174
717
3168
3168
684
2957
683
71
563
2578
573
3176
3177
2956
3178
3180
3181
2163
3897
3184
3138
151
1638
1641
152
152
2211
431
3194
3195
3188
3199
3196
720
3237
721
3202
3233
725
3201
3206
3224
3205
722
3211
3209
3240
3212
3213
3214
3215
3216
3217
3220
685
3222
726
1349
2208
3227
3225
340
3742
3228
3229
3230
3231
3232
3235
729
3279
341
3239
730
3283
2055
3241
3242
3243
3244
3245
3246
3247
3248
3249
3250
3251
3252
3253
3254
3255
3256
3259
344
3287
732
3257
2062
3263
3264
3265
3266
3267
3268
3269
3270
3271
3272
3273
3274
3275
3276
3277
3278
2046
338
3281
733
2052
335
1504
80
3287
3288
3289
3290
2104
3292
3293
3294
3295
3296
3297
3298
3299
3300
3301
3302
3303
3304
111
3306
3307
3308
3309
3310
3311
2721
3197
718
3313
719
3210
3317
724
723
3321
3322
3323
3207
3324
3204
3326
3328
3332
3330
743
3750
27
1507
1355
3336
3338
3047
537
2488
536
2484
536
2488
536
745
2488
3350
747
3350
3351
3352
3353
3315
739
3354
740
3327
3359
3360
3361
3362
3363
3364
2537
2536
3366
3368
3369
3370
3371
3372
3373
3374
3375
3376
3377
3378
3379
3380
3381
3382
3383
3384
3385
3386
3387
3388
3389
3390
3391
3392
3393
3394
3395
3396
3397
3398
3399
3400
3401
3402
3403
3404
3405
3406
3407
3408
3409
3410
3411
3412
3413
3414
3415
3416
3417
3418
3419
3420
3421
3422
3423
3424
3425
3426
3427
3428
3429
3430
3431
3432
3433
3434
3435
3436
3437
3438
3439
3440
3441
3442
3443
3444
3445
3446
3447
3448
3449
3450
3451
3452
3453
3454
3455
3456
3457
3458
3459
3460
3461
3462
3463
3464
3465
3466
3467
3468
3469
3470
3471
3472
3473
3474
3475
3476
3477
3478
3479
3480
3481
3482
3483
3484
3485
3486
3487
3488
3489
3490
3491
3492
3493
3494
3495
3496
3497
3498
3499
3500
3501
3502
3503
3504
3505
3506
3507
3508
3509
3510
3511
3512
3513
3514
3515
3516
3517
3518
3519
3520
3521
3522
3523
3524
3525
3526
3527
3528
3529
3530
3531
3532
3533
3534
3535
3536
3537
3538
3539
3540
3541
3542
3543
3544
3545
3546
3547
3548
3549
3550
3551
3552
3553
3554
3555
3556
3557
3558
3559
3560
3561
3562
3563
3564
3565
3566
3567
3568
3569
3570
3571
3572
39
3574
3575
3609
1564
106
3579
3580
3581
3582
1586
3583
3585
3586
3587
3588
3589
3590
1532
3592
3593
3594
3595
3596
3580
3598
3599
3600
3601
3602
3603
1576
3605
3606
3607
3608
3609
613
3612
3612
3613
3614
3615
3616
3617
3618
3624
3620
3621
3622
3623
3624
3625
3626
3627
3628
3629
3630
3631
3632
3633
3634
2734
129
3637
2736
3608
2376
3641
3642
3643
3644
3645
3646
3647
3648
3649
3650
3651
3652
3653
3654
3655
3656
3657
3658
3659
3660
3661
3662
3663
3664
3665
3666
3667
3668
3669
3670
3671
3672
3673
3674
3675
3676
3677
3678
3679
3680
3681
3682
3683
3684
3685
3686
3687
3688
3689
3690
3691
3692
3693
3694
3695
3696
3697
3698
3699
3700
3701
3702
3703
3704
3705
3706
3707
3708
3709
3710
3711
3712
3713
3714
3715
3716
3717
3718
3719
3720
3721
3722
3723
3724
3725
3726
3727
3728
3729
3730
3731
3732
3733
3734
3735
3736
3737
3738
3739
3325
3741
3261
2468
3743
531
3748
2544
2542
2292
474
26
3179
2961
2273
466
3033
2158
1478
3759
3760
3761
3762
5808
3764
3765
1464
150
3601
3769
3770
3771
3772
141
2489
1348
3776
3777
3778
3779
3780
3781
3782
857
3784
3785
3786
3787
3788
3789
3787
3794
3792
3793
4924
3795
3796
3797
3798
3799
856
3801
3802
3803
3804
3805
3806
3807
3808
3809
3810
3811
3812
3813
3814
3815
3816
3817
3818
3819
4632
3821
3822
3823
3824
3825
3826
3827
3828
3829
3830
3831
3832
3833
3834
3835
3836
3837
3838
3839
3840
3841
3842
373
3844
3845
3846
3847
3848
3849
3850
3851
3865
3854
3867
3868
3866
3860
3857
902
1665
3862
3856
3861
3853
3868
3868
160
1667
1667
3870
3869
3872
3873
3874
3875
3876
3877
3878
3879
3880
3881
3882
3883
3884
3885
3886
3887
3888
3889
3890
3878
3892
910
3894
920
3977
3896
3898
3899
3900
3901
3902
3903
3904
905
3906
3907
3908
3909
3910
3911
904
904
3912
3871
3919
3916
931
5015
1884
3921
3922
3923
3924
3925
3926
424
3928
937
3931
3976
937
3932
3934
3935
3936
3937
3940
5839
5849
3943
3942
3943
3944
3945
3946
3947
3948
3949
948
3986
3985
3951
3954
3955
3956
3957
952
951
4879
4870
3961
3964
5021
955
3963
3967
3970
3968
3970
3971
3974
960
4713
961
3978
3977
3978
3979
3980
3981
3982
3983
3987
3988
316
5441
966
2001
2001
3991
3992
4015
3994
3995
3996
968
4484
4638
3999
4001
4002
4001
4004
4005
4008
973
4803
974
4006
4012
4640
4014
4011
4015
978
4017
4021
4018
956
4806
4024
4022
4811
4025
4026
4027
4028
4029
4030
4031
4032
4033
4034
4035
4036
4037
4038
4039
4069
1006
4042
4043
4044
4045
4050
990
4050
993
4531
4051
4052
4053
4054
4055
4056
4057
4058
4059
4060
4061
4062
4063
4064
4065
4066
4067
4068
4070
4559
1005
4072
4073
4074
4075
4076
4077
4078
4079
4080
5724
5655
4148
5590
5721
4084
4082
4085
5629
5592
5794
5795
5581
5609
5649
4132
5798
5769
4817
5828
4835
4097
4091
4092
5822
5815
4108
4547
4107
1009
4111
4112
4113
4114
4118
311
170
4776
4810
4809
4169
1693
4168
176
4115
4116
5812
4166
4166
4121
4166
4123
1684
1012
4133
175
176
4094
4161
4819
4160
5811
5823
4166
4121
4166
4166
2006
4151
1015
4833
1016
4155
998
3875
908
4153
3874
907
1694
1692
178
173
1682
1687
4168
4157
4153
1017
1854
236
181
1854
1700
4172
969
1023
969
4242
4191
1024
4180
4184
1028
4188
1027
4185
5418
1045
1045
4195
4195
4192
4863
4863
4197
5420
4198
4199
4198
1026
4202
4203
4847
4204
1854
5024
1032
1854
4210
1880
4212
4259
4256
4279
4278
5421
4224
4217
4215
5422
4236
4234
1043
4264
1719
5838
1720
4226
1042
1046
4232
4271
4238
4262
4238
4022
4237
975
4639
4637
1149
4222
4223
4243
1038
4218
4217
4219
4220
1038
1038
4254
4216
4254
4280
4280
4277
4257
4261
4010
4239
4261
4237
4203
4265
1030
1700
181
4270
4249
4272
4273
4219
1039
4010
972
4256
4258
4019
979
4266
4171
4284
1050
4287
5453
4288
4287
4290
4291
4292
4293
4294
4295
4296
4297
4298
4299
4300
4301
4300
4303
4304
4305
4306
4307
4159
4785
4310
4311
4312
4313
4314
4315
4316
4317
4318
5275
5276
4321
4322
4323
4324
4325
4326
4327
4328
4329
4330
1082
4332
4333
4334
4335
4336
4340
4338
275
5283
4343
4342
4352
4348
1086
4346
280
4348
4349
4350
4351
4353
4353
4354
4355
4356
4357
4358
4359
290
4359
4362
4366
4364
219
4441
4367
1090
4369
4370
1906
1092
1093
5276
5276
5280
1305
5295
5294
1956
5295
5266
4378
5266
5262
5267
4388
5254
1296
4387
4391
4391
286
285
4393
4396
4399
5298
5305
4397
1099
1967
4391
4404
4405
4407
5319
4407
4460
4410
4409
4460
4414
4981
242
4416
4417
4418
4416
4420
4421
4422
4423
4390
1095
1918
4427
4428
4429
4430
4431
4353
4433
4434
1947
4436
4437
1087
4439
4440
4442
4442
217
4443
1910
4445
4447
1791
4448
1303
1098
4423
4452
1107
1103
4456
4457
4407
208
4460
4461
4462
4463
4464
4465
4466
4467
4468
4469
4470
4471
4472
947
3990
4474
1116
3959
4489
4827
3961
4486
960
961
4715
1115
4824
936
3930
3933
4490
4491
4492
4493
4494
4495
4496
4497
1119
4499
1056
4505
1057
1031
1031
1031
4179
4183
4201
3999
4302
1067
4512
4513
4514
4515
4516
4517
4518
4520
4521
4048
1122
4046
4049
4047
4138
4104
4101
4526
5717
4529
1124
1123
4534
4535
4536
4537
4538
4539
4540
4541
4542
4546
4109
4544
4545
4549
1127
5322
4550
4551
4552
4553
4554
4555
4556
4088
4555
4561
4560
4562
4558
4563
4564
4565
4566
4567
5724
4083
4570
1010
4568
4573
4574
4577
4575
4581
1013
4575
1132
1014
4140
1678
4584
4585
4586
4587
4588
4589
4590
4591
4592
4593
4594
4595
4596
4597
4598
4599
4600
4601
4602
4603
4604
4605
4606
4607
4608
1142
4610
4611
4611
4613
933
4615
4616
4617
4618
4619
4620
4621
4622
4623
4624
4625
4626
1837
4628
4629
4630
4631
2943
4633
4634
4635
4636
1149
4647
4646
4642
1150
4642
4644
4644
4645
4643
4644
3969
958
4648
185
4652
4653
4654
4655
4656
4657
4658
4659
4660
4455
4452
4663
1104
4665
4666
4667
4668
4669
4670
4671
4672
4673
4674
4675
4676
4677
4678
4679
4680
4681
4682
4683
4684
4685
4686
4687
4688
4689
4690
4691
4692
4693
4694
4695
4696
4697
4698
4699
4700
4701
4702
4703
4704
1166
4706
4707
4708
4709
4710
4711
4712
4714
4862
4714
4716
4717
4718
4719
4720
4721
4722
4723
4724
4725
4726
1151
4728
4729
4730
4731
3883
4733
4732
1882
161
1883
3917
3920
4738
930
4742
4743
4744
4745
4746
4747
4748
4749
5817
3912
4752
4753
4754
4755
4740
1172
4756
1173
4760
4761
4762
4763
4764
898
898
4765
3858
4768
901
4771
999
4773
4774
4775
4773
1179
4778
4779
4780
4784
4784
4781
4868
4785
4786
4787
4788
4789
4790
4791
4792
4793
4794
4795
4796
4797
4798
4799
4800
4801
1664
4767
1178
903
4769
4119
4058
4808
4809
3863
4816
235
4812
1183
4820
4123
4122
1695
4164
1018
4814
314
2004
1180
4877
4783
4828
4829
4830
938
1850
4836
4836
5829
4837
4838
4134
4839
4840
4841
4842
4843
181
1185
4846
4011
976
4849
4850
4851
4852
4853
4854
4855
4855
4857
4858
4859
4860
4861
4862
4646
1153
4865
4866
921
4868
317
2024
2024
325
4871
4874
942
4876
2008
318
4873
4880
4881
4882
4883
4884
4885
4886
4893
4888
4889
4890
5009
4892
4890
4890
1192
4898
4897
4899
4900
4901
4612
4902
4903
4906
4905
3938
941
4908
4909
4910
4911
4912
4913
4914
4915
4916
4917
4918
4894
4920
4921
4922
4923
4924
4925
4926
4927
4928
4929
4930
4931
4932
4933
4934
4935
4936
4937
4938
4939
4940
4941
4942
4943
4944
4945
4946
4947
4948
4949
4950
4951
4952
4953
4954
4955
4956
4957
4958
4959
4960
4961
4962
4963
4964
4965
4966
4967
4968
4969
4970
4971
4972
4973
4974
4975
4975
4977
4978
4979
4980
4981
4982
4983
4984
4985
4986
4987
4988
4989
4990
4991
4992
4993
4994
4995
4996
5456
4998
4999
5000
5001
5003
5003
5004
5005
5008
5006
5008
5009
5010
5011
5012
5013
5014
5007
5017
5019
5018
5844
188
5022
5023
4735
5024
4211
1854
1033
4209
181
5026
5031
1213
5033
5034
5035
5036
5037
5038
5039
5040
5041
5042
5043
5044
5045
5046
5047
5048
5049
4255
5050
5052
5053
5054
5055
5056
5057
5058
5059
5060
5061
5062
5063
5064
5065
5066
5067
5068
5069
5070
5071
5072
5073
5074
5075
5076
5077
5078
5079
5080
5081
5082
5083
5084
5085
5086
5087
5088
5089
5090
5091
5092
5093
5094
5095
5096
5097
5098
5099
5100
5101
5102
5103
5104
5105
5106
5107
5108
5109
5110
5111
5112
5113
5114
5115
5116
5117
5118
5119
5120
5121
5122
5123
5124
5125
5126
5127
5128
5129
5130
5131
5132
5133
5134
5135
5136
5137
5138
5139
5140
5141
5142
5143
5144
5145
5146
5147
5148
5149
5150
5151
5152
5153
5154
5155
5156
5157
5158
5159
5160
5161
5162
5163
5164
5165
5166
5167
5168
5169
5170
5171
5172
5173
5174
5175
5176
5177
5178
5179
5180
5181
5182
5183
5184
5185
5186
5187
5188
5189
5190
5191
5192
5193
5194
5195
5196
5197
5198
5199
5200
5201
5202
5203
5204
5205
5206
5207
5208
5209
5210
5211
5212
5213
5214
5215
5216
5217
5218
5219
5220
5221
5222
5223
5224
5225
5226
5227
5228
5229
5230
5231
5232
5233
5234
5235
5236
5237
5238
5239
5240
5241
5242
5243
5244
5245
5246
5247
5248
5249
5250
5251
1863
5253
5255
4395
1295
5257
5258
5259
5261
5300
1297
5260
1954
1954
5267
5303
5268
5269
5270
5271
1898
5295
5296
1097
5264
5265
5263
5276
5274
5275
5281
1930
5284
5285
5286
5287
5288
5289
5290
1304
4393
1100
5296
1305
5296
5296
1305
5297
5301
5307
1306
5304
5304
5304
5306
4361
4355
5299
289
4400
5312
5313
5314
5315
5316
4446
281
4392
4449
5289
4103
5323
5324
5325
5326
5327
5328
5329
5330
5331
5332
5333
5334
5335
5336
5337
5338
5339
5340
5341
5342
5343
5344
5345
5346
5347
5348
5349
5350
5351
5352
5353
5354
5355
5356
5357
5358
5359
5360
5361
5362
5363
5364
5365
5366
5367
5368
5369
5370
5371
5372
5373
5374
5375
5376
5377
5378
5379
5380
5381
5382
5383
5384
5385
5386
5387
5388
5389
5390
5391
5392
5393
5394
5395
5396
5397
5398
5399
5400
5401
5402
5403
5404
5405
5406
5407
5408
5409
5410
5411
5412
5413
5414
5415
5416
5417
4193
1718
1714
4263
4260
4260
5424
5425
5426
4856
5428
4003
5430
5431
4734
1845
5434
4451
5281
5437
4119
5439
5832
5441
1830
5443
5281
5445
5446
5447
5448
5449
977
4213
1700
4200
5454
5455
212
5456
5458
4444
5460
5457
5462
1755
5463
5465
5466
5467
5468
5468
5470
5471
5472
5464
5496
5542
2419
2418
2402
5705
5706
5545
5510
5515
5521
5556
5700
5505
5528
5534
5538
5530
5533
5558
5564
5560
5572
5757
5576
5756
5562
5562
5555
5561
5508
5499
5508
5757
5508
5512
5498
5489
5577
5516
5513
5490
5535
5491
5517
5524
5531
5485
5523
5554
5551
5487
5487
5504
5505
5550
5549
5548
5504
5507
5525
5527
5488
5492
5492
5492
5793
2419
2402
1333
5705
5707
5481
5507
5549
5497
5549
5558
5553
5568
5559
5560
5699
5495
5497
3120
3120
5758
2420
5478
5703
5479
5580
5543
5480
5544
5578
5570
2403
5495
5697
5544
5565
5571
5578
5702
5543
5666
4144
4129
5814
5814
1690
5783
5587
5683
5619
5623
5631
5668
4143
5614
5608
5634
5600
5659
5615
5606
5686
4807
5680
4125
4126
5602
4125
5672
5670
5666
5772
4126
4126
4126
4126
4125
5679
5679
5644
5685
5643
5637
5646
5597
5639
5600
5640
5648
5660
5601
5663
5664
5614
5732
5614
5614
5657
5656
5667
4143
4143
5595
5617
5616
5636
5642
5656
4144
5813
5814
5783
5730
5653
5684
5771
4143
5606
5606
5668
5684
5602
5778
5734
4807
5669
5438
5438
5809
4128
4128
4130
5782
5605
5586
5675
5675
4142
5732
5809
5603
4145
5652
5686
5678
1690
1690
5500
5563
5696
2421
2405
2405
2405
2404
2404
2402
2403
3120
2417
2416
1334
1335
5800
2379
5800
1643
5707
5708
5546
5514
5483
5517
5521
5523
5670
5604
5632
5631
5627
5623
5618
5607
5676
5588
5727
2005
1691
1691
1689
4127
4125
5823
5810
5809
5814
5814
5813
5813
5813
5813
4129
4146
2378
1335
5800
2379
5828
5813
5762
5750
5710
5711
5483
5518
2416
2401
2403
5806
2405
2404
506
3763
5655
5676
5622
5590
4146
5671
5811
5823
5809
4166
5813
5813
5588
5786
5810
1334
2405
2405
4127
4750
1691
5801
5801
5522
5500
5474
5696
5563
2421
5804
5626
5628
5632
5609
4131
4166
5833
5440
2995
2970
2441
2391
2441
2390
2393
1019
4120
4115
4117
4167
4167
5815
4659
4745
2389
2394
2970
5802
4658
311
1693
176
15
5826
176
176
2398
2398
4658
2969
5832
1147
2969
5833
1700
4204
3162
1348
3162
1700
1700
2554
3162
4204
3162
977
