2134
1
1308
3
4
5
6
2888
490
3087
2595
2594
11
2437
2435
2442
1338
2429
1509
2486
2487
2472
2464
471
2283
1509
467
1359
1362
2470
86
86
1574
32
1377
1398
1378
2631
1528
2729
2679
1394
1386
134
1390
1435
2748
1602
1409
49
3569
1422
2648
1431
1424
1426
1384
1443
2689
1448
3632
3630
1454
3634
2747
65
5833
67
1470
3276
2440
3366
2548
1488
74
75
3278
2699
78
79
1501
3309
87
1509
1511
1509
558
2562
1513
89
90
91
92
93
94
1589
96
97
98
99
100
2646
1421
103
104
1568
3590
107
1566
3605
1570
3305
1575
2724
1595
1582
116
2686
1593
1594
1599
3628
121
1417
1389
1609
1607
127
128
2733
2652
2734
2736
3638
1612
1614
3608
137
2277
1622
1625
3143
2266
2352
2351
3089
1630
2938
148
1635
150
151
152
153
3014
1647
1655
157
1356
2484
1664
161
162
163
164
3885
166
1676
4520
4106
4775
171
1682
1683
4160
1692
4168
4153
4158
1713
1713
1881
247
976
4011
4013
188
4018
5426
4195
1715
1712
1712
5250
195
1942
1731
1729
1774
1948
193
1920
202
203
1740
1738
1976
1742
1744
1753
1765
4434
4344
1970
1768
1772
4369
4367
4413
1789
217
281
1801
1806
1811
5313
226
1823
1822
1820
1758
231
232
4960
1841
1849
1034
4185
1858
239
240
4962
4414
243
244
1869
246
1710
1710
188
5020
4280
4280
1884
254
255
1888
257
258
259
5291
1917
262
263
264
265
4441
1783
268
1922
5253
271
5258
1940
1933
275
5286
1938
4989
1945
4435
282
1734
287
1952
1958
4405
1964
1963
1967
291
5311
292
1756
294
295
1906
1093
4449
4448
4364
1975
1743
1984
4002
308
1988
4828
3996
4683
310
1179
312
313
3951
2001
3985
4823
4873
4878
1166
321
322
1212
1873
2023
2026
5441
2629
2718
2108
3250
2039
333
2045
2050
3292
337
2047
339
340
341
1503
3300
2061
2067
346
3232
3246
349
350
2968
352
353
354
355
356
3352
3351
742
741
361
3355
2088
364
2090
366
367
368
369
370
372
3307
2079
374
375
2114
378
2179
2130
2118
3115
2121
2126
2128
415
2182
387
388
389
2431
2140
392
393
394
3022
396
397
2153
2155
3021
2157
2249
2161
2163
2202
406
407
408
409
2195
3361
412
413
414
3912
3913
2186
2922
2188
3207
3206
2192
2194
357
3146
3095
427
428
3012
1355
2213
432
433
2215
435
2261
436
2777
2258
2227
2229
442
443
2231
2237
447
3118
3080
450
2953
2243
452
2256
2245
3092
457
154
3016
459
3191
464
2271
2780
2781
715
465
2281
2296
3124
3116
3744
2472
2289
2282
476
3125
2964
2966
2298
480
2308
482
483
484
1632
2312
2841
2840
488
2323
3098
3147
2324
494
495
496
497
498
2336
2338
2881
2314
2857
2941
2353
2380
2865
1462
5752
2410
1330
2413
513
2424
3128
516
517
2408
2444
3367
2487
2453
2270
2272
2816
2465
2455
2459
2460
2519
2468
2524
2495
2485
3367
3367
559
2544
2543
2546
3746
2497
4238
2545
4236
86
4223
2500
4023
2515
468
4022
2948
543
2500
4222
2493
2279
2561
2556
2493
2571
2569
1359
2582
4234
2525
2802
2589
717
3160
2588
2577
2235
2292
2818
2278
2297
3332
580
581
582
583
3573
1550
586
587
588
608
590
591
592
593
594
595
2036
597
2626
111
1578
601
1446
1375
2984
3294
1533
1538
608
609
3615
2659
612
2675
1606
2673
2727
617
618
619
620
621
622
623
1450
625
626
627
628
629
630
631
3139
2766
2770
2769
2774
2776
2787
2913
2790
2792
642
2327
2799
70
3136
4243
4500
4243
2454
4511
652
2849
654
2838
2374
657
658
5515
660
2386
662
1466
2884
665
666
667
668
669
670
671
672
673
674
2923
676
677
678
679
3038
683
682
2956
2958
23
2239
687
3255
2987
2991
3254
2994
2998
3251
695
696
3190
466
699
3035
3213
702
3051
3338
705
3059
3218
3070
3079
3085
3142
712
713
518
3169
1486
573
3200
3198
3238
3234
722
3208
3209
3211
743
3227
3229
3280
3284
3264
732
733
3387
3296
736
3384
3381
3314
3313
3320
3317
2566
3368
3369
3354
2290
748
3536
3379
3673
3675
753
754
755
756
757
758
759
760
761
762
763
764
765
766
767
768
769
770
771
772
773
774
775
776
777
778
779
780
781
782
783
784
785
786
787
788
789
790
791
792
793
794
795
796
797
798
799
800
801
802
803
804
805
3492
807
808
809
3497
5455
812
813
814
815
816
817
818
819
820
821
822
823
824
825
826
827
828
829
830
831
832
833
613
3575
3581
845
2661
1600
3599
841
842
843
40
122
846
847
3715
849
850
851
852
3844
3777
4934
856
3791
3788
3786
3784
3789
4945
3794
864
3798
866
1871
3802
4929
870
871
872
873
874
875
876
877
878
879
3817
5038
5036
3816
884
885
5047
887
888
889
890
891
3841
893
4792
3908
3850
3856
3854
3867
3866
3859
4736
3864
3868
905
906
3873
3875
4697
3878
4709
4712
3880
3883
4764
916
917
4710
3894
920
3897
922
923
924
925
3928
4719
928
3920
3918
4614
3925
933
934
4908
4488
937
4783
4701
3934
1212
2025
5443
4862
3945
3949
2221
438
3955
4480
3961
4869
4485
4757
4770
3965
3963
3971
4642
3973
3975
962
320
4704
4702
3988
942
4484
968
4004
4840
973
4804
4805
974
190
4014
4782
4021
980
981
982
983
984
985
986
987
4542
989
4532
4048
4109
4533
994
4053
4499
4690
4057
4059
4694
1001
1002
1003
1004
4110
1006
1007
1008
4548
4627
4572
1687
4135
174
1678
4151
4154
4165
1017
1034
1881
4241
3999
1028
1024
1022
1718
1045
4193
4220
1026
1880
1880
4259
1048
1049
1044
1040
1035
1044
1710
1037
4239
4009
4639
4224
4215
4007
972
4220
4215
1852
1030
5426
4235
4218
5453
1049
4849
1707
1061
1062
3967
3966
4009
4022
1067
4007
2017
1070
1071
1072
1073
1074
1075
1076
1094
1078
4324
1080
1081
1082
1083
1084
1085
4344
278
1969
1813
4673
4978
1903
1909
4374
4425
4378
1305
4383
4391
4394
1101
1102
1103
4418
1105
5252
1107
4454
1816
1110
1111
1112
1113
1114
4473
4476
1117
4492
1119
1120
4518
4546
4104
4528
1125
1126
4088
1128
4113
1130
1131
4578
1133
1134
1135
1136
1137
1138
1139
1140
5046
1142
1143
1144
1145
1146
5832
1148
4727
4856
4715
4644
4646
4649
4906
1156
4939
4686
1159
4938
4682
4689
4935
4866
325
4871
5430
1168
4726
4898
4734
4739
4741
4760
4749
4897
4758
4766
4772
951
4800
4796
4821
4853
4207
1186
4886
4888
4882
4884
1191
1192
4894
4895
5014
1196
1197
4920
4922
1200
4943
4972
5074
4979
1205
5065
1207
5000
5012
5003
5002
5424
1880
187
5039
4021
1217
5215
5352
5067
1221
5247
1223
1224
1225
1226
1227
1228
1229
1230
1231
1232
1233
1234
1235
1236
1237
1238
1239
1240
1241
1242
1243
1244
1245
1246
1247
1248
1249
1250
1251
1252
1253
1254
1255
1256
1257
1258
1259
1260
1261
1262
1263
1264
1265
1266
1267
5176
5174
1270
5179
1272
1273
1274
1275
1276
1277
1278
1279
1280
1281
1282
1283
1284
1285
1286
1287
1288
1289
1290
1291
1292
1293
5401
1100
1296
1306
1297
283
4380
5274
1302
5262
1769
5298
290
1307
1309
1309
1308
1309
1314
1313
1314
1315
1316
1317
1318
1319
2887
1321
1322
2888
2594
2594
11
1325
14
2437
1329
1332
14
5821
5807
2380
2443
1339
17
2443
1509
1509
1509
1509
2472
1485
2472
2473
2473
22
3163
1510
2486
1510
1509
2538
2539
87
2538
467
2469
2469
2468
2469
531
86
1509
1509
86
3568
3568
1574
3568
1376
1373
136
3608
1569
2632
2630
1372
600
131
1386
1385
2653
131
43
2691
1388
43
1451
1451
1451
624
1395
1396
1433
603
1399
1403
1400
64
1403
1404
1405
601
1404
1408
1409
1410
1411
1374
1412
34
1416
1610
1417
1415
50
3569
50
50
2650
1425
2650
1432
1432
1432
1427
52
2651
1424
1434
129
133
2743
1436
1439
1615
2745
1442
2745
59
1445
3631
2635
1444
60
126
125
126
1453
2687
58
1452
5511
5498
5537
1459
1460
1459
1642
5707
2378
1469
144
1468
5837
2969
1473
67
69
1473
2398
2398
2405
3131
1476
2397
1326
1324
2438
3367
2489
2464
3365
1487
74
1489
1487
1491
3297
77
1494
76
1496
1497
1498
1499
1502
81
3769
734
1500
1509
1509
1511
1509
2540
2540
2562
1461
65
1461
1515
1516
1517
1518
1519
1520
1519
1522
1523
1524
1525
1526
1527
1529
2728
101
1530
39
1539
51
1538
102
5458
37
1419
1379
1541
1542
95
1544
1545
1546
1547
1548
1552
1549
1552
3591
1553
1554
1555
1556
1557
1560
1559
3603
108
1563
3588
1564
1565
105
109
3589
1567
109
1572
3304
1572
68
1579
2723
33
1371
1573
1599
1580
2672
1599
1580
119
1580
1587
1588
1589
1591
2685
1591
57
120
120
2684
1596
1599
2682
1594
1601
123
1603
1617
1606
1617
124
1604
126
1399
1611
132
1612
2647
2736
1388
1390
1618
1619
1618
3773
138
1624
3773
2265
1628
2253
460
1631
147
2298
479
1629
1637
1634
1637
1637
1638
1638
1640
1641
2380
2380
153
3014
153
153
1648
5460
1650
1651
1652
1652
1654
1655
3749
743
2235
3750
716
3165
3164
20
1666
1664
1666
1667
1671
1669
1670
1671
1673
4742
1674
1679
168
1675
1118
4519
1683
1680
1683
4309
4308
1695
178
173
1686
5817
5812
5817
4156
4157
4156
177
188
1713
1713
188
183
247
4848
4848
4847
5020
5020
5019
1713
4281
979
4019
4281
5426
1718
189
1715
1718
4192
247
1712
247
247
5248
5248
195
5248
1730
1727
277
5289
221
4351
4351
1724
4349
1739
1739
297
1093
1739
206
5319
1741
4407
1748
1962
1109
1815
1752
1750
5468
1800
222
1755
5463
302
1754
294
1759
1760
1761
1762
1968
1763
1088
1968
1764
213
1769
1770
1728
1771
197
196
1776
1776
1777
1778
1781
1780
1781
4369
4369
193
5250
4369
4369
4367
1793
218
1793
4368
4368
4368
4368
1798
1796
4446
1977
1804
299
1801
4372
1092
4456
224
4456
1808
1810
5314
226
1809
225
1815
1972
227
1818
1821
1817
228
1757
230
293
5620
5622
5655
1827
1828
1829
1831
4105
5442
1836
1833
1835
4658
1147
1839
4977
1838
232
4123
4166
5813
5825
4137
5824
1681
172
1848
252
4216
4211
252
1857
1856
1857
240
1859
4981
1861
1862
1863
1864
1864
1866
1867
1868
246
1868
1203
1872
1713
1710
1713
188
188
5020
4281
4280
187
1882
1882
1884
1885
1886
1885
1888
1889
1890
1891
1892
1893
1894
1895
1896
1897
1899
4441
5253
1898
1899
1788
1786
4444
1909
1784
1785
1783
200
1911
1912
1913
1914
1915
1916
1095
1918
1920
5272
1920
1919
1923
1924
1925
1926
1927
1931
1929
1931
5284
1932
273
1934
1086
5269
276
5287
1937
5271
4988
234
1944
4988
1947
4435
4437
1725
1945
284
284
1902
1950
1950
1950
283
1960
223
1960
4404
1965
1964
289
1965
1967
1964
1099
1778
1969
292
1972
5310
1980
4402
4363
1978
4449
4363
1741
1742
1744
1887
1982
256
1986
5449
1986
304
3994
967
3981
3995
1996
1994
1995
1996
1997
3986
3989
3986
948
3990
314
947
4106
4106
4705
4879
4705
4873
2011
2012
2013
2014
957
957
3967
5014
324
324
2022
4846
314
2004
1999
1639
2026
1639
1635
2029
3987
3987
3987
2035
2721
329
2037
2629
2041
2111
3275
2041
2040
2048
333
2044
337
3285
2051
336
3291
2052
2053
2054
2055
334
3262
2060
342
3298
343
2058
2066
2063
2065
3244
348
2071
2069
2070
3247
2072
2073
2074
2075
2076
2077
3351
3351
3351
741
3352
3358
3355
3358
3358
2087
2088
2089
2090
2087
2092
2093
2094
2095
2096
2097
2098
2099
2100
2103
372
3306
2103
2105
2078
2107
2111
2108
2110
3249
2113
3741
73
2112
2133
2179
2133
2130
378
2132
0
2122
379
2129
2117
2125
3862
2180
386
2134
2131
2182
2135
2183
2136
2137
2138
2139
390
2137
2142
2143
2144
2145
395
2147
2148
2149
2150
2151
1315
5
2152
2155
2159
400
2156
3019
2164
402
2160
405
2247
2165
2166
2167
2168
2169
2172
411
2172
2173
2170
2175
2176
2177
2178
416
2181
3913
416
2184
2184
2187
1512
3330
418
2185
2191
3205
421
2190
420
3359
3360
2196
3352
2199
3095
2201
427
2199
140
1623
2207
3011
1509
1358
2210
2211
2212
2213
2214
2215
2215
2217
2218
439
436
2223
2259
2260
2216
2226
2216
434
2230
2229
2230
2231
2228
448
2233
447
3082
3081
2286
2951
28
2286
2244
452
3024
453
2242
2248
3090
455
2264
2262
154
3017
458
2257
459
3765
149
2255
2030
326
1645
1644
3013
3018
697
3144
2271
2271
463
2779
464
2274
3154
3156
2273
440
469
469
2296
3117
2281
3745
2473
2473
1360
155
2287
1647
470
3118
470
470
3125
3125
3125
476
477
477
2963
2300
2302
2303
2304
2305
2306
2307
483
2309
2310
1633
485
2311
146
478
2318
2301
2967
2320
2839
2840
2320
2885
2325
3097
10
2326
491
2329
2330
2331
2332
2333
2335
2335
498
2334
2338
2340
3103
2339
501
2346
2345
661
2348
504
2940
2353
2349
143
499
2971
5565
5479
5494
5577
5534
5536
5535
5576
5492
5550
5531
5485
5557
5496
5561
5477
5574
5692
5500
2421
2369
5689
5491
5521
5802
5803
5802
2855
659
2384
655
2879
2877
1467
2361
2392
9
145
3088
2395
519
3123
2441
2398
2441
2389
2390
2391
5806
2394
5806
2398
2398
2409
2407
2414
512
5826
5474
2411
5827
1479
5818
5805
5806
5806
5819
2398
1335
2423
513
515
3149
2427
2432
517
2428
2431
2432
2430
2433
1339
1336
15
1331
511
511
519
519
2444
517
1486
1486
2487
3367
1485
1485
2269
2269
2268
461
2815
2452
523
2451
2458
2457
2460
526
528
528
2521
2519
2520
553
2471
553
2520
529
2462
2475
2811
542
2474
541
2560
2472
2491
2491
3367
2491
2563
2563
558
2541
559
2542
558
2514
2545
3748
2499
2511
2547
2517
2545
549
4238
1509
1509
1355
1511
2501
545
2500
2585
4222
2518
2518
2515
2515
2294
2294
2294
476
2948
2270
2270
549
4236
543
543
2497
2501
4222
540
2493
540
545
2500
4223
538
538
539
467
467
2562
2279
2561
2279
2561
2515
475
4023
561
2531
2557
1510
1509
1509
86
540
540
2558
2583
540
2493
2280
2278
2562
2561
2282
2282
561
2556
560
3367
2533
2806
2572
2526
2576
2586
572
2575
474
447
2566
1066
2584
2295
4298
2587
2817
576
578
2280
2590
1357
5845
16
2434
2596
2597
2598
2599
2600
2601
2602
2603
2604
2605
2657
589
2608
2609
2610
2611
2612
2613
2614
2615
2616
2617
2618
2619
2620
2621
2622
2623
2624
2634
599
2628
2724
2722
1372
1370
1370
2634
2716
2637
48
3629
1441
2638
62
62
2640
121
2647
2646
55
2735
605
2985
3295
2649
1535
1540
1536
2657
608
2657
2662
610
2658
114
3614
2665
2664
3585
836
2667
2668
2669
2670
3574
2645
135
2686
1593
3625
2677
2680
41
3628
2678
2683
3637
2682
1447
602
2688
5462
63
1438
1438
134
2696
616
2695
1418
2651
2697
604
2700
2701
2702
2703
2704
2705
2706
2707
2708
2709
2710
2711
2712
2713
2714
2715
2716
2717
591
2717
3312
3312
3305
1573
1573
1571
1418
123
1429
1429
1425
1423
1379
36
1540
54
1533
2737
2738
2739
2740
2740
2742
130
2654
2746
3633
45
45
46
2752
2751
2752
2753
2754
2755
2756
2757
2758
2759
2760
2761
2762
480
2762
2768
632
2765
3138
441
441
2770
2773
2229
2229
2776
442
453
2245
2779
452
2243
2783
3185
2782
634
3141
425
2771
2793
639
2789
642
2912
492
2327
3147
492
3130
70
3130
2800
2807
4245
2803
554
2523
4243
2524
2523
2453
525
524
2812
525
2268
2272
2819
651
4510
2820
2821
2822
2823
2827
2824
631
2827
2828
2829
2830
2322
490
489
2367
2375
2370
5715
5573
2835
2834
656
2842
2843
2844
2845
2846
2847
2848
2763
2851
2851
2383
2383
2313
2377
2363
2362
2858
2859
2860
2862
3764
5511
5711
5515
5546
661
2863
2387
2359
2871
2872
2873
2874
2875
5575
5479
5750
3766
5569
663
2941
2885
510
2889
2885
2886
664
2890
2415
2791
640
2893
2894
2895
2896
2897
2898
2899
2900
2901
2902
2903
2904
2905
2906
2907
2908
2909
2910
2911
2912
2913
2914
2915
2916
2917
674
2919
2920
2193
423
422
2921
2925
2926
2927
2928
2929
2930
2931
2932
2933
2934
2935
2936
5800
2939
2971
505
2350
3351
3351
2944
2945
675
3231
463
2950
3038
1361
3752
3179
2955
682
680
2954
2958
2240
2284
2238
2239
2963
2964
2965
399
2154
398
2970
2993
2971
2972
2973
2974
2975
2976
2977
2978
2979
2980
2981
2982
2983
688
3256
2984
2999
2990
2988
3253
691
2337
2992
500
2993
692
2999
694
3252
2997
429
3002
3003
3004
3005
3006
3007
3008
3009
3010
2254
456
3014
696
3015
3015
3015
3190
3020
2276
698
3022
3023
3026
3025
3026
3027
3028
3075
3030
3157
681
3032
3756
2959
3034
2239
3025
3039
3040
3041
3215
3043
3044
3045
2
3048
1311
417
2189
3052
3047
3053
3054
3055
3057
3086
3054
705
3058
3056
415
3914
707
3214
700
3219
3071
3068
445
3337
3072
3073
3074
3036
3076
2116
3077
380
380
2124
3079
3074
3083
3085
3060
706
3084
710
3009
3091
388
3096
3093
711
3193
2434
391
3099
2341
2341
3102
2141
3104
3105
3106
3107
3108
3109
3110
3111
3112
3113
3114
0
383
2127
3078
709
5808
3121
3121
3122
2127
384
3134
518
3135
3127
1482
2398
5830
5826
2439
3153
3129
3136
151
3139
2232
3140
444
435
431
3145
3141
1480
3149
3152
2406
3153
2408
2408
3155
3167
3169
3171
683
1485
1485
537
2473
529
2472
72
3175
3167
3168
684
2957
3178
3774
2478
2575
2577
3176
3177
2949
3178
2288
3181
2203
3182
3094
3185
3186
3187
3188
3189
2211
3190
431
3194
3195
3195
3199
3196
720
3237
721
3202
3233
3209
3201
3208
722
3208
3208
3211
3209
3240
3069
703
3221
3050
3216
2924
726
3222
3335
446
1357
3751
3226
3224
3226
3227
3225
727
3228
3230
728
3235
729
3279
341
3239
730
3283
3240
3242
3251
3241
3245
3281
731
2989
690
2064
345
2109
2109
3243
693
330
2043
3257
3258
3259
3260
3261
2062
3263
733
3265
3263
3269
3267
3277
3270
3271
3272
3273
3274
2115
376
3000
689
2046
338
3282
3742
2052
335
1504
80
3287
3288
3289
3290
2104
2102
3293
332
3296
2042
2986
3299
3387
3299
3301
3302
3303
3304
687
3308
737
3383
738
3310
3311
3311
3197
718
3313
3197
723
3317
724
723
3322
3322
3321
723
3320
3204
3326
2233
3749
3323
3750
474
1356
1355
26
382
2123
381
2491
3368
2491
86
2487
3368
2487
87
3368
2565
2290
3370
741
741
742
3315
739
3354
3315
3327
3352
3352
673
3356
3362
3364
2557
569
569
2591
577
2282
3371
3372
3373
3374
3375
3376
3377
3382
749
3378
751
3672
3385
752
3674
3388
750
3566
3389
3390
3391
3392
3393
3394
3395
3396
3397
3398
3399
3400
3401
3402
3403
3404
3405
3406
3407
3408
3409
3410
3411
3412
3413
3414
3415
3416
3417
3418
3419
3420
3421
3422
3423
3424
3425
3426
3427
3428
3429
3430
3431
3432
3433
3434
3435
3436
3437
3438
3439
3440
3441
3442
3443
3444
3445
3446
3447
3448
3449
3450
3451
3452
3453
3454
3455
3456
3457
3458
3459
3460
3461
3462
3463
3464
3465
3466
3467
3468
3469
3470
3471
3472
3473
3474
3475
3476
3477
3478
3479
3480
3481
3482
3483
3484
3485
3486
3487
3488
3489
3490
3491
807
3493
3494
3495
3498
811
5454
3499
3496
3501
3502
3503
3504
3505
3506
3507
3508
3509
3510
3511
3512
3513
3514
3515
3516
3517
3518
3519
3520
3521
3522
3523
3524
3525
3526
3527
3528
3529
3530
3531
3532
3533
3534
3535
3536
3537
3538
3539
1653
3541
3542
3543
3544
3545
3546
3547
3548
3549
3550
3551
3552
3553
3554
3555
3556
3557
3558
3559
3560
3561
3562
3563
3564
3565
3535
3567
3570
735
3762
735
2698
3572
3576
834
3609
3577
2627
3582
3579
837
3624
1580
3584
3586
3621
3587
112
1577
1576
39
3592
3593
3594
585
585
3597
2657
608
3600
3601
3602
1569
113
1578
1381
3606
3607
2677
2675
3616
3616
40
3626
40
3626
2642
3623
2640
3622
2681
2681
122
2640
2636
1392
44
1455
2727
616
2694
617
2751
127
2732
2733
1613
606
3607
5519
3641
3642
3643
3644
3645
3646
3647
3648
3649
3650
3651
3652
3653
3654
3655
3656
3657
3658
3659
3660
3661
3662
3663
3664
3665
3666
3667
3668
3669
3670
3671
3495
806
3676
848
3714
3677
3678
3679
3680
3681
3682
3683
3684
3685
3686
3687
3688
3689
3690
3691
3692
3693
3694
3695
3696
3697
3698
3699
3700
3701
3702
3703
3704
3705
3706
3707
3708
3709
3710
3711
3712
3713
3500
810
3716
3717
3718
3719
3720
3721
3722
3723
3724
3725
3726
3727
3728
3729
3730
3731
3732
3733
3734
3735
3736
3737
3738
3739
741
3266
3742
530
2468
3743
2545
551
2516
2290
2293
2565
2470
2960
2276
2275
3031
3757
2371
3759
3760
3768
2042
2393
2317
3765
1335
3767
3768
3380
3770
3771
3772
141
2564
1509
542
3780
3781
3779
4959
3845
3783
3783
856
3782
857
3785
859
860
3787
3791
4946
3791
4910
3795
3799
3796
866
4982
3800
3801
869
4928
3804
3805
3806
3807
3808
3809
3810
3811
3812
3813
3814
3815
881
881
5038
3818
3817
3824
3822
3823
5037
3825
3825
3827
3822
3829
3830
3831
3832
3833
3834
3835
3836
3837
3840
3838
3840
3841
3842
3820
894
4933
3908
3846
3851
3848
238
5416
3855
3852
899
3865
900
3860
3857
902
4802
3862
3914
3861
897
3868
904
160
160
3869
3870
3871
3876
3873
3872
909
3876
3879
911
4709
912
3877
3884
913
4764
915
3882
3887
3888
3889
3890
3892
4708
3891
918
2162
3896
404
403
3899
3900
3901
3902
3903
3904
3905
3906
2197
3911
927
3910
4716
904
904
3866
3915
3919
3916
931
5015
253
3921
3925
3923
3924
935
2197
424
3928
3929
4867
3931
3932
4831
305
3980
3935
1987
5017
5020
5019
315
3943
2031
2025
944
4862
3946
3949
944
2219
438
2222
2220
3948
946
945
3954
953
3962
3961
4486
4481
3964
5021
955
3965
3964
3970
3970
4640
959
2246
454
3972
451
3976
3977
3978
4703
3992
1165
4702
4702
4482
3973
4482
960
3973
3952
3950
4705
1166
4705
4875
4830
4874
3998
4483
968
3998
4005
949
4001
971
4839
4803
4804
4803
4805
4008
976
190
4014
976
318
4878
319
4806
4021
956
4806
4811
4024
4811
4025
4026
4027
4028
4029
4030
4031
4032
4033
4034
4035
4036
4037
4038
4039
4040
4041
4042
4043
4044
4045
4049
4050
4524
993
4531
4051
4052
996
1850
4055
997
4692
4056
4060
4693
4061
4062
4063
4064
4065
4066
4067
4068
4069
4070
4071
4072
4073
4074
4075
4077
4077
4078
4076
4080
5675
5684
5587
5685
5597
5619
5607
5597
5647
5640
5647
5638
5593
5664
5672
4129
5649
5611
5829
5813
4835
5716
5627
5628
5815
4745
4108
4547
4109
1009
1010
4571
4556
4111
4776
4777
170
4773
4810
4809
4169
4167
4168
176
4118
311
4117
4121
4166
1019
4166
4166
1688
1012
4133
175
176
5633
4161
4819
4160
5811
4116
4121
4121
4166
4166
1691
4150
4583
1015
4152
4155
998
4787
908
4153
3874
907
1694
1692
1694
1687
4163
1012
4169
4169
4153
4154
1879
4211
1881
1879
247
247
3997
4509
3997
969
4190
4191
4184
1023
4240
4191
5418
4188
4192
4242
4637
4194
4863
4195
4639
4863
1717
1715
4180
1025
4217
4183
4187
4216
183
188
1879
251
1880
1879
187
4280
187
4258
1048
4258
4258
5423
4235
5422
4279
4263
4264
4264
1044
4239
188
1713
1710
5020
4224
1037
4235
4224
4239
4239
4023
4022
4022
4009
4637
3999
4638
4236
1040
4224
4224
4224
5421
5421
4215
4224
1037
4213
4278
4213
972
4018
972
972
4010
4010
4239
4276
4023
4216
4216
4220
247
1712
5421
5421
5423
4215
5421
4215
4008
4007
4280
1048
4018
4018
5451
5025
4202
1039
4219
4217
1030
4248
4284
1027
4292
1053
5424
5424
3963
1065
4009
1065
4300
4301
4302
4261
4006
4277
323
2018
4309
4785
4310
4311
4312
4313
4314
4315
4316
4317
4318
4319
4375
4321
4322
4323
4324
4325
4326
4327
4328
4329
4330
4331
4332
4333
4334
4335
4336
4337
4338
4339
4340
4341
4342
4353
1087
4344
4438
4347
4347
1724
1724
1726
4353
4432
4356
4354
5312
1808
4357
4359
291
4359
4362
219
4366
1791
1790
1091
4370
4980
4676
267
1906
267
4375
4375
1094
5294
1097
5296
1956
4377
5266
4378
4382
5262
5266
4390
4388
4389
4424
4392
266
286
1958
4405
5308
4397
4398
4399
4400
4403
4401
5319
1812
1089
1802
1976
1802
4412
1101
4411
4412
1090
4675
4413
4416
4417
4418
4419
4420
4421
4422
4423
4424
4425
4426
4427
4428
4429
4430
4431
4432
4433
1079
4437
1943
1943
278
1777
292
1790
1790
4367
1787
200
1908
1735
220
1905
4450
4451
4452
4453
1107
4453
4457
5316
4406
4458
4461
4461
4462
4463
4464
4465
4466
4467
4468
4469
4470
4471
4472
2765
437
633
636
2775
2772
4477
637
2784
454
451
3975
633
4475
635
638
4478
4491
4491
1117
4490
644
2801
2795
646
646
1119
4247
4218
1056
4218
4218
4218
4178
4176
4506
3997
4302
4511
4512
4513
4514
4515
4517
4517
1114
4516
1121
4522
4546
1122
4545
4521
4530
5719
4102
4526
5632
4529
1124
1123
4534
4535
4536
4537
4538
4539
4540
4472
985
4541
4071
4545
4543
4549
4557
4103
4550
4551
4552
4553
4554
5722
4568
5721
4086
4561
4560
4558
4555
4563
4564
4565
4566
4567
5677
5587
4569
1830
4083
4573
4574
4577
4575
4581
1013
4525
1132
4582
1014
4493
4584
4585
4586
4587
4588
4589
4590
4591
4592
4593
4594
4595
4596
4597
4598
4599
4600
4601
4602
4603
4604
4605
4606
4607
4608
4609
4610
4611
4612
4613
4614
4615
4616
4617
4618
4619
4620
4621
4622
4623
4624
4625
4626
5835
4628
4629
4630
4631
424
4633
4634
4635
4636
968
4484
4638
4641
5427
1150
4647
1151
4643
4643
4727
3968
958
3969
3940
4652
4653
4654
4655
4656
4657
4659
4684
4660
4455
1108
4663
1104
4665
4666
4667
4668
4669
4670
4671
4672
1157
4688
4674
4940
4679
1160
4937
4680
4681
4748
4682
1161
1161
1163
4686
4936
4927
939
4698
4691
3936
940
3937
4695
1164
4866
4699
3979
3983
1166
4872
4872
4873
4874
3944
4711
306
1167
5429
3937
3974
4713
961
4718
4717
4763
919
4722
4720
4842
4724
5431
4723
1154
4484
4729
4899
1170
4731
3881
4732
910
1883
161
4735
3917
929
4738
930
4743
4762
4744
4746
4774
4747
4748
4749
5817
900
4752
5428
1169
4896
4740
1172
4757
4756
1000
4761
4696
4725
912
3853
898
4765
3858
4768
901
4761
999
4771
4748
1175
4773
1179
4778
4779
4780
1180
951
1180
4781
4785
4786
909
3100
4789
4790
4636
871
4793
4794
914
4798
3909
5432
1171
4733
4799
1665
4767
1178
903
4769
4119
4058
4808
4808
3863
4816
4813
1016
1183
4820
4123
4123
1695
4164
1018
4152
3953
4474
950
3958
4825
943
3947
3941
4827
1850
4833
4836
4122
4837
4838
4134
4841
1184
4852
4843
4855
247
4210
1702
4848
190
4011
4850
4197
4854
1152
4861
4645
1153
5024
1032
4186
4860
4714
966
4646
4863
4017
978
3183
4784
1115
4824
317
2024
4870
325
325
3941
3960
952
952
4881
4885
1188
4880
1187
4887
1194
4893
1193
4889
4890
4891
4908
4890
1191
1192
4759
1177
1173
4900
4901
4612
4903
5013
1195
4904
5017
5016
4908
4909
4910
4911
4912
4913
4914
4915
4916
4919
4917
4924
863
4918
1198
4921
4910
1182
4925
4797
4930
1200
4930
4931
4932
3805
868
895
3847
4926
1162
853
3778
4944
4941
1202
4971
865
3797
4947
4948
4949
4950
4951
4961
4953
4954
4955
4956
4957
4958
3849
896
4687
1158
3793
4963
4965
4966
4964
4967
3800
245
4973
243
4973
1865
3839
3839
4586
854
854
4978
1158
4984
4983
5071
4985
4986
4987
4671
1156
4990
4991
5068
4993
4994
4994
4995
4995
5001
4998
1209
5011
5003
1192
5002
5003
932
5007
5008
5009
5009
5004
5004
954
957
5007
5018
1212
3966
1212
5425
5022
5023
4737
251
4259
1879
1880
1879
1712
1879
1709
1880
979
4019
956
1210
5005
1210
5042
5039
884
5042
1211
5046
5044
5415
884
5041
5049
4213
4213
4214
4256
4019
4007
5056
5057
5058
5059
5060
5061
5062
5064
5351
1219
5063
1218
5069
5069
5070
5073
5072
5246
1220
5075
5076
5077
5078
5079
5080
5081
5082
5083
5084
5085
5086
5087
5088
5089
5090
5091
5092
5093
5094
5095
5096
5097
5098
5099
5100
5101
5102
5103
5104
5105
5106
5107
5108
5109
5110
5111
5112
5113
5114
5115
5116
5117
5118
5119
5120
5121
5122
5123
5124
5125
5126
5127
5128
5129
5130
5131
5132
5133
5134
5135
5136
5137
5138
5139
5140
5141
5142
5143
5144
5145
5146
5147
5148
5149
5150
5151
5152
5153
5154
5155
5156
5157
5158
5159
5160
5161
5162
5163
5164
5165
5166
5167
5168
5169
5170
5171
5175
5172
1270
5388
1271
5177
5178
5179
5180
5182
5182
5181
5184
5185
5186
5187
5188
5189
5190
5191
5192
5193
5194
5195
5196
5197
5198
5199
5200
5201
5202
5203
5204
5205
5206
5207
5208
5209
5210
5211
5212
5213
5183
1269
5214
5217
5218
5219
5220
5221
5222
5223
5224
5225
5226
5227
5228
5229
5230
5231
5232
5233
5234
5235
5236
5237
303
5239
5240
5241
5242
5243
5244
5245
5216
255
5249
5437
1204
4980
5252
5253
5254
4395
5256
212
5258
5456
5260
5300
5302
5278
1950
1953
5267
5304
5268
279
1946
1949
5253
4381
1300
5273
269
269
5278
4375
5280
5281
5282
5283
1939
280
1948
1733
5287
282
5290
5291
4393
4394
5297
5298
5297
5299
203
287
5307
4361
5306
5305
5305
4399
290
4359
4355
1962
4402
5311
4440
1101
5314
5315
5316
1910
4447
300
1092
5288
5629
5323
5324
5325
5326
5327
5328
5329
5330
5331
5332
5333
5334
5335
5336
5337
5338
5339
5340
5341
5342
5343
5344
5345
5346
5347
5348
5349
5350
5173
1268
5353
5354
5355
5356
5357
5358
5359
5360
5361
5362
5363
5364
5365
5366
5367
5368
5369
5370
5371
5372
5373
5374
5375
5376
5377
5378
5379
5380
5381
5382
5383
5384
5385
5386
5387
5388
5389
5390
5391
5392
5393
5394
5395
5396
5397
5398
5399
5400
1283
5402
5403
1983
5404
5406
5407
5408
5409
5410
5411
5412
5413
5414
5010
4948
5417
4192
4193
1715
4260
4276
4276
956
4020
4020
4864
4650
4003
970
4721
3893
4140
5434
5436
5444
3779
4120
5439
5815
966
2005
2033
5282
5066
5446
5447
5405
307
5020
1049
1713
4217
3436
5455
4995
4996
1423
1787
5460
4997
1401
5463
5464
5466
5470
5467
5468
5469
1396
5471
5472
5473
5495
5562
2418
2402
2403
3061
1333
5543
5571
5525
5547
5497
2417
2399
5756
5499
5506
5486
5508
5497
1334
3120
5560
2401
5579
2399
5572
5572
5495
5572
2401
2399
2417
2401
2401
5570
5578
5570
5578
5528
5528
5527
5505
5533
5533
5547
5506
5558
5493
5558
5507
5508
5508
5508
2416
5507
5507
5507
2417
2417
5499
5504
5701
5504
5504
5506
5759
2418
2403
2400
1333
5745
5566
5757
5700
2417
5700
5497
5566
5580
5763
5763
3120
5559
2417
3763
3763
2420
2403
5758
2400
1334
2400
2400
5543
5543
2399
2416
2403
5559
5698
5779
5702
5578
2399
2400
2400
5665
4145
5814
5814
5809
4127
4750
1689
5652
5674
5634
5658
5606
4126
4125
4142
5608
5595
5594
5614
4143
1690
5438
5734
5811
5823
5686
5811
5669
5669
5734
5669
5823
5823
5823
5823
5811
5678
5732
5678
5605
5635
5617
5634
5596
5641
5641
5656
5636
5657
5615
5667
5601
4125
4125
4126
5614
5733
5615
5733
4126
4126
5608
5770
5614
5613
5614
5613
4128
5814
5809
4127
1689
5730
5674
4126
4126
4143
5771
5606
5686
5586
4807
5778
5438
4807
4126
5810
5810
4130
4130
5809
4127
4125
4127
5652
5652
4125
4125
5809
5668
4130
1690
5782
5770
5811
4127
5555
5562
5478
5759
2404
2404
5806
5806
5806
5806
2403
3763
5805
5818
2400
3061
3061
2380
2380
1333
5703
5564
5494
5571
5526
5492
5548
5554
5680
5603
5660
5658
5600
5596
5679
5602
5673
5730
1689
4106
4106
4750
4750
5812
5811
4116
5810
5809
5809
5814
5814
5814
5814
5814
4128
4128
2380
5821
2380
2380
5813
5814
5703
5565
5494
5571
5526
5492
5818
5805
2403
5806
2398
5806
1335
3763
5684
5675
5644
5685
4128
5672
5811
4116
4121
5809
5814
4166
5730
1691
4119
5807
2398
2405
5812
4750
4750
4106
4106
5550
5555
5557
5477
5561
5793
5806
5600
5640
5660
5664
5813
4166
5802
4106
2996
2996
2441
145
2394
9
2393
1019
4810
4118
170
4167
1019
4685
4685
4745
2392
2394
2995
3056
4684
311
1693
1693
2442
15
4167
176
2398
2398
5816
5803
5816
5834
5803
2378
247
188
1509
2472
1509
247
188
1509
1509
188
1510
188
