0
1
3048
1315
1314
5
1317
2888
2832
3086
10
1332
1326
3132
2397
5819
1336
519
1350
1350
3162
23
2286
2238
2959
159
26
1508
2952
3171
2554
1368
33
1575
1414
49
3607
36
38
39
2681
2680
1397
2747
124
2748
5467
1408
1411
1559
37
102
52
53
1537
2647
5470
1590
1441
2685
1444
2635
2639
2746
1403
3330
144
67
1574
1472
1482
1486
529
2893
1489
75
76
77
78
79
80
81
82
1350
84
24
86
87
2185
89
90
91
92
93
94
95
96
97
98
99
100
2645
2653
103
104
1566
106
107
1561
1567
1377
111
3590
3604
114
115
116
3609
613
119
1606
2640
2640
1602
1401
1453
2688
2751
601
136
1383
42
133
1436
45
1613
1375
137
2205
3023
428
1626
2207
499
2350
2389
2343
147
1640
1635
2212
3186
3189
1647
457
2289
156
157
1353
1661
160
161
162
163
164
165
166
167
4525
5832
4775
171
172
173
1685
175
176
177
178
4204
977
1702
184
1716
3970
3969
977
187
1721
4864
1150
1702
1702
193
194
195
196
197
198
199
200
201
202
203
204
205
206
207
208
209
210
211
212
213
214
215
216
217
218
219
220
221
222
223
224
225
226
227
228
229
230
231
232
233
234
235
237
1027
238
239
240
241
242
243
244
245
246
5029
181
4013
1704
251
252
253
254
255
256
257
258
259
260
261
262
263
264
265
266
267
268
269
270
271
272
273
274
275
276
277
278
279
280
281
282
283
284
285
286
287
288
289
290
291
292
293
294
295
296
297
298
299
300
301
302
303
1986
3935
3937
3995
3980
4078
4080
4777
4074
4072
4823
2003
314
4869
4877
4781
2008
321
322
1707
2022
4871
2026
2031
328
329
330
2040
332
2059
2045
2050
3292
3286
2047
3258
2054
2056
342
343
2061
3275
3249
2063
2112
349
350
351
352
353
354
355
356
2082
2080
3353
3352
361
3355
363
364
365
366
367
368
369
370
371
372
2106
3251
2108
3293
377
378
379
380
2123
382
383
384
3862
386
387
388
3099
2432
2140
3043
2147
3076
2142
3107
3053
398
2154
2156
3757
402
403
404
405
406
407
408
409
410
3361
412
3109
2175
3914
416
2189
2924
3216
2191
3225
3230
2193
2198
425
426
427
3005
3001
2209
3191
3144
2214
2224
3143
3138
2765
2219
2260
3773
2770
2229
2231
3142
445
446
447
448
3037
3033
2242
3024
2255
2777
455
3012
456
2254
3765
2253
464
2950
3038
2779
2276
3020
467
468
469
470
2951
23
3181
474
475
476
2300
478
479
480
481
482
483
484
485
2313
2841
2840
2321
2323
491
492
493
2329
3072
3083
3121
2965
2336
2334
2869
2344
2382
504
2939
2969
2857
1465
2386
2410
1330
1478
513
514
3128
1323
3123
2439
2393
563
31
462
2950
2272
461
2470
2452
526
1362
3178
3752
527
528
1350
535
536
537
538
539
2493
541
2495
543
3747
2500
546
647
567
549
2544
551
552
2956
2524
2531
2527
557
558
559
562
561
2576
2578
1341
565
566
568
2587
569
570
1662
572
573
574
575
576
577
578
579
580
581
582
583
584
585
586
587
588
589
590
591
592
593
594
595
596
597
598
599
3605
1406
2676
1398
604
605
130
131
608
609
3586
2665
2667
834
1449
615
3629
3630
618
619
620
1416
622
623
1455
625
626
627
628
629
630
631
2783
2782
634
2771
2769
2774
2787
639
640
641
642
643
644
645
646
2803
2819
650
2454
651
652
2830
2833
2837
2375
657
658
2864
660
661
662
663
2884
665
666
667
668
669
670
671
672
2918
3322
2947
676
677
678
3104
2958
3157
3176
3169
3167
3753
3034
687
688
689
690
691
2337
693
694
695
3014
3017
3019
3027
3075
3039
3113
3213
704
3054
3060
3064
3214
709
3088
3095
712
3114
3135
3154
3165
717
3200
3198
3238
3234
3226
3208
3203
3236
3220
3282
3245
3280
3284
3266
3289
3260
734
3569
736
737
738
3314
3316
3320
3319
743
3344
745
3357
747
748
749
750
751
752
753
754
755
756
757
758
759
760
761
762
763
764
765
766
767
768
769
770
771
772
773
774
775
776
777
778
779
780
781
782
783
784
785
786
787
788
789
790
791
792
793
794
795
796
797
798
799
800
801
802
803
804
805
806
807
808
809
810
811
812
813
814
815
816
817
818
819
820
821
822
823
824
825
826
827
828
829
830
831
832
833
834
835
842
3581
838
839
840
841
842
1589
3621
2643
846
847
848
849
850
851
852
853
854
855
856
857
858
859
860
861
862
863
864
865
866
867
868
869
870
871
872
873
874
875
876
877
878
879
880
881
882
883
884
885
886
887
888
889
890
891
892
893
894
895
896
3853
898
899
3855
901
902
903
3868
905
906
907
908
909
3881
3879
4696
3884
3886
915
916
917
3892
3893
920
921
922
923
924
925
926
4798
928
929
930
931
932
933
934
935
4488
937
3933
939
940
3940
4874
942
3946
943
3948
4473
3950
3957
4476
4825
3958
4480
954
955
956
957
4721
4722
4482
3972
962
4017
3983
4015
3984
3996
3975
968
4003
4005
972
973
974
975
190
4014
4784
979
1997
981
982
983
984
985
986
987
4041
1995
4532
4047
4049
4533
994
995
996
997
998
999
1000
1001
1002
1003
4560
4110
4071
4574
1008
4548
1837
4112
1012
1013
4140
1015
1016
1017
1018
1019
1052
1702
969
3999
4194
1024
4179
1718
4639
4864
1025
1026
1032
1033
1034
1035
1036
1037
1038
1039
1040
4846
1042
1043
1044
1149
1046
1047
1048
1049
1053
1051
4291
4293
1054
1055
1026
4302
1058
1059
2021
1061
1062
1063
1064
1065
1066
1067
1068
1069
1070
1071
1072
1073
1074
1075
1076
1077
1078
1079
1080
1081
1082
1083
1084
1085
1086
1087
1088
1089
1090
1091
1092
1093
1094
1095
1096
1097
1098
1099
1100
1101
1102
1103
1104
1105
1106
1107
1108
1109
1110
1111
1112
1113
1114
4485
4478
1117
1118
1119
1120
1121
4524
4104
4102
1125
1126
4557
1128
4113
1130
1131
1132
1133
1134
1135
1136
1137
1138
1139
1140
1141
1142
1143
1144
1145
1146
1836
1148
1151
4843
4713
4854
4645
4724
4650
1156
1157
1158
1159
1160
4682
1162
1163
1164
4702
4879
4711
1168
4725
1170
4733
1172
1173
1174
1175
4753
1177
1178
1179
4831
1181
1182
1183
4841
4851
1186
1187
1188
1189
1190
1191
1192
1193
1194
4904
1196
1197
1198
1199
1200
1201
1202
1203
1204
1205
1206
1207
1208
1209
1210
1211
1212
5027
1214
1215
1216
1217
1218
1219
1220
1221
1222
1223
1224
1225
1226
1227
1228
1229
1230
1231
1232
1233
1234
1235
1236
1237
1238
1239
1240
1241
1242
1243
1244
1245
1246
1247
1248
1249
1250
1251
1252
1253
1254
1255
1256
1257
1258
1259
1260
1261
1262
1263
1264
1265
1266
1267
1268
1269
1270
1271
1272
1273
1274
1275
1276
1277
1278
1279
1280
1281
1282
1283
1284
1285
1286
1287
1288
1289
1290
1291
1292
1293
1294
1295
1296
1297
1298
1299
1300
1301
1302
1303
1304
1305
1306
1307
1308
1309
1310
3115
1315
1312
5
5
1312
3
1313
1320
2887
1321
1319
7
1325
2594
11
1325
1329
3131
13
1328
14
5802
5821
5820
2442
2441
2443
2394
1350
1350
159
1350
23
2285
23
23
2284
24
2241
159
1661
1663
159
1355
1356
1505
1358
1359
681
681
3171
2953
2951
2285
2285
2285
30
600
600
1575
600
1374
1414
603
1373
34
3606
2733
1381
3606
42
1383
1383
42
1397
64
2749
1402
1402
1394
1394
624
3628
1395
1395
1397
1413
1610
127
127
1403
2752
1407
1407
116
1407
1410
1408
1587
1411
1413
49
1558
1417
128
1405
1417
1538
1379
1540
1538
1539
5458
51
1428
1426
2735
55
1427
1431
54
1397
1433
1437
5470
5466
45
1435
57
57
1443
1591
602
1446
2636
2686
1447
624
1452
1450
1454
58
2638
62
2866
2878
1456
1461
65
1512
1469
1468
2969
1466
2941
663
1469
2350
1471
1574
68
67
5698
5698
5542
5476
5690
5477
1327
1480
12
3163
22
471
2464
75
1490
75
2895
1491
1492
1493
1494
1495
1496
1497
1498
1496
1500
1501
1502
1503
1504
5840
5840
1507
5840
1509
1510
1511
88
2187
3046
1515
1516
1517
1518
1519
1520
1521
1522
1523
1524
1525
1526
1527
1528
1529
1530
1531
1532
2652
1536
131
1385
606
2732
607
3635
1541
1542
1543
1541
1545
1546
1547
1548
1549
1550
1551
1552
1553
1554
1555
1556
1557
1561
100
1558
1561
1562
1563
1564
1565
108
1569
105
3603
1569
1571
1572
1573
32
112
3590
3589
1577
1576
1580
1581
1582
1583
1584
1585
1586
1544
1588
1589
1592
1592
1592
2675
614
1595
1605
1392
1598
2684
1600
1404
47
1406
126
1609
126
5462
125
2687
1611
2716
1439
2690
1612
1436
1400
124
1618
1619
1620
2205
2205
2205
2204
140
2204
2207
140
1629
1630
1631
1632
1633
1637
148
1637
2210
1641
1641
152
3187
2969
2969
2287
1644
2287
155
1648
1649
1650
1651
1652
1653
1654
1655
1656
2592
1658
1659
1662
570
570
1662
1664
1665
1666
1667
1668
1669
1670
1671
1672
1673
1674
1675
1676
1677
1678
1679
1680
1681
1682
1683
1684
175
1686
1687
1688
5817
5812
5815
1692
1693
1694
1695
977
977
977
977
4014
1703
4848
4011
3968
324
324
2020
977
1709
1710
1711
1712
4269
5427
5427
4641
5427
4864
1703
1702
1703
1700
1723
1724
1725
1726
1727
1728
1729
1730
1731
1732
1733
1734
1735
1736
1737
1738
1739
1740
1741
1742
1743
1744
1745
1746
1747
1748
1749
1750
1751
1752
1753
1754
1755
1756
1757
1758
1759
1760
1761
1762
1763
1764
1765
1766
1767
1768
1769
1770
1771
1772
1773
1774
1775
1776
1777
1778
1779
1780
1781
1782
1783
1784
1785
1786
1787
1788
1789
1790
1791
1792
1793
1794
1795
1796
1797
1798
1799
1800
1801
1802
1803
1804
1805
1806
1807
1808
1809
1810
1811
1812
1813
1814
1815
1816
1817
1818
1819
1820
1821
1822
1823
1826
4086
4572
1827
1828
1829
1147
5832
4627
1835
1834
1835
310
1833
1838
1839
1840
1841
4147
4146
5739
1847
4835
4137
1848
1849
1850
4197
4186
4197
4196
1855
1856
1857
1858
1859
1860
1861
1862
1863
1864
1865
1866
1867
1868
1869
1870
1871
1872
1700
1021
1700
4175
4013
1697
1879
1880
4210
1882
1883
1884
1885
1886
1887
1888
1889
1890
1891
1892
1893
1894
1895
1896
1897
1898
1899
1900
1901
1902
1903
1904
1905
1906
1907
1908
1909
1910
1911
1912
1913
1914
1915
1916
1917
1918
1919
1920
1921
1922
1923
1924
1925
1926
1927
1928
1929
1930
1931
1932
1933
1934
1935
1936
1937
1938
1939
1940
1941
1942
1943
1944
1945
1946
1947
1948
1949
1950
1951
1952
1953
1954
1955
1956
1957
1958
1959
1960
1961
1962
1963
1964
1965
1966
1967
1968
1969
1970
1971
1972
1973
1974
1975
1976
1977
1978
1979
1980
1981
1982
1983
1984
3934
305
3934
1987
1991
308
4700
1991
1994
4073
313
1993
312
2004
2004
2002
3990
4824
317
4824
5822
5834
4782
4782
319
2008
2011
2012
2013
2014
2015
2016
2017
4306
2021
2021
1059
1059
317
4870
2024
1639
151
1639
1639
2028
1998
315
1998
2034
2035
2036
2037
2038
2039
2040
2039
3762
2043
2048
333
2044
337
3285
2051
336
3291
2049
2057
339
2053
334
3262
2060
342
2060
343
2058
345
3250
2064
2067
2115
2068
2069
2070
2071
2072
2073
2074
2075
2076
2077
2081
2078
359
3351
360
2085
2084
3358
2083
2087
2088
2089
2090
2091
2092
2093
2094
2095
2096
2097
2098
2099
2100
2101
2102
2103
2104
2086
358
2107
2109
3251
2109
331
376
2114
2894
3276
2116
2117
2118
2119
2120
2121
2122
2123
2124
2125
2126
2127
2128
2129
2130
2131
2132
2133
2134
2135
2136
2431
2139
497
2428
2137
393
2151
2150
2144
2143
2148
3106
4
2149
2148
2153
2153
398
2152
392
2158
3044
2146
2160
2161
2162
2163
2164
2165
2166
2167
2168
2169
2170
2171
2172
2173
2174
374
2178
2110
3112
2179
415
3912
2182
2183
2184
2188
2189
418
3217
419
2192
421
3228
422
2190
2196
3359
2195
357
2199
2200
2201
2202
2203
428
3007
3002
2206
24
2960
2211
3190
2211
3192
3145
2216
2226
432
3767
436
2768
2220
2223
2261
141
3773
141
2225
2232
441
2228
444
3140
2233
2234
2235
2236
2237
2962
3756
449
686
453
2244
2256
2259
2245
2247
2248
2249
3011
3012
456
3011
3011
149
2257
1636
2030
2258
326
2027
2288
2288
456
1627
2254
1628
2780
2271
3038
2780
2781
1622
138
3754
139
1621
2278
2279
2280
2281
2282
2240
2240
2238
2239
2288
3180
473
2290
2291
2292
2293
2294
2295
2296
2297
2298
2299
478
2301
2302
2303
2304
2305
2306
2307
2308
2309
2310
2314
2312
502
2342
2315
2316
2317
2318
2320
2839
488
2319
487
2324
2325
2326
2327
2328
496
2331
3074
3085
2332
2335
3102
498
2335
2335
2339
2340
2341
2345
501
503
2867
2346
2347
2348
2971
505
2353
2336
2971
1462
5837
2877
2876
2356
2880
2361
1463
5753
5517
2358
5755
5484
5523
5502
5563
5503
5574
5474
5561
2368
2367
2360
2364
143
2351
2970
2384
507
2381
2855
2385
508
2387
2388
9
3057
2389
9
2391
5808
2391
2403
2402
2403
5807
3056
2399
3120
3763
2420
2420
5758
2409
2407
3150
512
5759
2366
5792
5693
2369
2400
2399
5560
2420
3120
5758
5833
2423
2424
2425
3148
2427
517
2444
2444
2432
3122
2429
1338
2398
5826
5804
1331
511
2438
5819
2394
519
2395
22
3172
31
563
2285
2285
2268
2948
2268
2272
2269
2467
553
523
2465
530
2469
29
2462
1361
2949
3178
2956
683
3179
683
2956
1364
28
2456
2458
2459
2460
2463
2463
23
2481
2482
2483
2484
2485
2486
2487
2488
2489
2490
2491
2492
2493
2494
2476
2492
2499
544
3746
540
2497
1352
5840
1354
2505
2508
2805
2556
2509
2506
2514
2512
550
3748
2515
2516
2517
2518
680
680
2950
2496
2522
542
2526
2529
555
2525
2476
2530
2476
2533
532
649
2535
2536
2537
2538
2539
2540
2541
2543
2543
2542
2544
2546
2547
2478
528
2569
24
1350
2285
2554
2555
2574
2557
2558
2476
533
2561
2562
2563
2564
2565
2566
2569
562
2575
563
2573
568
2586
2573
2577
572
2577
573
2579
2580
2581
2582
2583
2584
2585
2588
576
2588
2589
2590
2591
571
571
2436
16
2596
2597
2598
2599
2600
2601
2602
2603
2604
2605
2606
2607
2608
2609
2610
2611
2612
2613
2614
2615
2616
2617
2618
2619
2620
2621
2622
2623
2624
2624
2626
2626
2627
2629
1381
1381
1381
2625
2625
48
3625
1409
1593
118
3619
2640
3619
2640
1614
135
2644
132
1425
2649
50
2651
1382
1386
1384
2655
2656
2657
610
3585
2659
2661
3613
3581
2663
3581
842
2666
2668
2669
2670
2671
2672
2673
3576
3610
2676
3576
2643
2678
121
122
1616
1387
124
117
2677
2689
63
2745
2748
2748
2747
2727
2637
2727
123
2697
2698
2699
2700
2701
2702
2703
2704
2705
2706
2707
2708
2709
2710
2711
2712
2713
2714
2715
2634
2717
2718
2719
2720
2721
2722
113
2724
2724
123
47
2646
2729
1534
1534
3636
3639
1434
2736
2744
2737
2738
2739
2740
2741
2742
56
56
59
1448
46
5467
5472
616
3631
2693
2753
2754
2755
2756
2757
2758
2759
2760
2761
2762
2763
2764
2766
2782
2766
632
2771
2770
2771
2769
2769
2773
2773
2774
439
2222
452
3025
2243
2776
442
2776
2785
2786
2787
2785
2789
2790
2791
2792
2793
2794
2795
2796
2797
2798
2799
2800
2801
2804
648
2817
2802
2811
650
527
2811
2815
2451
2816
2455
525
2271
464
2818
2818
651
2820
2821
2822
2823
2824
2828
653
2827
2829
2831
654
2322
490
489
2838
2412
2372
2376
5787
2835
655
656
2842
2843
2844
2845
2846
2847
2848
2850
2854
486
2383
2852
2853
2856
659
2864
2858
2859
2860
2861
2862
509
509
2863
2386
2868
2868
2869
2388
2871
2872
2873
2874
2875
2937
5837
508
1465
2879
2881
2882
2885
510
2889
2883
2886
664
2890
2374
2891
2892
2895
665
2895
2896
2897
2898
2899
2900
2901
2902
2903
2904
2905
2906
2907
2908
2909
2910
2911
2912
2913
2914
2915
2916
2919
674
3321
2920
2923
2921
3231
675
2925
2926
2927
2928
2929
2930
2931
2932
2933
2934
2935
2936
1469
2938
477
2940
2940
2079
2942
346
3105
2944
2065
2955
2954
682
450
3032
2952
684
3176
684
3169
3168
686
2961
3035
3037
2966
2963
399
2967
2967
2968
2349
2352
2964
2972
2973
2974
2975
2976
2977
2978
2979
2980
2981
2982
2983
2984
2985
2986
2987
2988
2989
2990
2991
2334
2337
2337
2352
2992
2997
2998
2999
3000
494
2330
2333
3003
495
3073
3006
389
3009
3004
429
429
154
153
3013
2264
2250
2253
395
3022
2159
2145
394
459
3026
3177
413
3111
3028
2176
3755
466
698
400
3036
2157
3021
682
414
2177
3030
3040
396
3045
3107
3047
3338
381
3050
3215
703
3049
1318
6
3053
2994
2994
6
3058
2338
2996
3062
4751
699
3041
3029
3066
3069
3212
708
3071
705
3055
705
401
397
3077
3078
3079
3080
3081
3082
3059
706
3084
500
3060
3087
2392
3090
3091
3092
3094
3094
3095
3093
2434
391
497
3100
3101
2155
3103
375
2111
3108
712
3108
713
3114
3110
3251
712
3114
2122
3116
3117
3118
3119
2417
710
3089
145
3124
3125
3127
3134
714
3129
70
5478
5542
2421
2440
518
3136
3137
3139
3185
3141
3141
711
2267
460
3144
3146
3147
3149
3151
5476
3152
3153
2408
440
2227
2274
2275
3156
2285
3164
3162
2284
2286
3166
717
3166
434
2215
3155
715
3158
3173
3174
3175
3175
433
2218
2957
3170
3010
3181
3182
3182
3184
2230
443
3188
3195
696
3015
697
3018
3096
3193
3194
3199
3196
720
3237
721
3202
3233
725
3201
3206
3224
3205
722
3211
3209
3240
701
3042
3065
679
679
2946
707
3067
3219
3218
685
3222
3227
727
340
3742
3229
3281
728
347
2066
3235
729
3279
341
3239
730
3283
2055
3241
3242
3243
348
3246
2113
3247
3248
331
331
3251
3252
3253
3254
3255
3256
3259
344
3287
732
3257
2062
3265
3263
3290
74
3267
3268
3269
3270
3271
3272
3273
3274
2041
1473
3277
3278
2046
338
3264
733
2052
335
1504
80
3288
3288
78
1499
2104
371
2980
3294
3571
3296
3297
3298
3299
3300
3301
3302
3303
3304
3305
3306
3307
3308
3309
3310
3311
3312
3197
718
3313
719
3210
3317
724
723
2194
420
423
3207
3324
3204
3326
3221
726
2922
3223
3332
430
2208
3335
3336
3337
3338
3339
3340
3341
3342
3343
71
3345
3346
3347
3348
3349
3350
3318
741
742
3315
739
3354
740
3327
3360
3740
673
3362
3363
3364
2479
2550
3366
3368
3369
3370
3371
3372
3373
3374
3375
3376
3377
3378
3379
3380
3381
3382
3383
3384
3385
3386
3387
3388
3389
3390
3391
3392
3393
3394
3395
3396
3397
3398
3399
3400
3401
3402
3403
3404
3405
3406
3407
3408
3409
3410
3411
3412
3413
3414
3415
3416
3417
3418
3419
3420
3421
3422
3423
3424
3425
3426
3427
3428
3429
3430
3431
3432
3433
3434
3435
3436
3437
3438
3439
3440
3441
3442
3443
3444
3445
3446
3447
3448
3449
3450
3451
3452
3453
3454
3455
3456
3457
3458
3459
3460
3461
3462
3463
3464
3465
3466
3467
3468
3469
3470
3471
3472
3473
3474
3475
3476
3477
3478
3479
3480
3481
3482
3483
3484
3485
3486
3487
3488
3489
3490
3491
3492
3493
3494
3495
3496
3497
3498
3499
3500
3501
3502
3503
3504
3505
3506
3507
3508
3509
3510
3511
3512
3513
3514
3515
3516
3517
3518
3519
3520
3521
3522
3523
3524
3525
3526
3527
3528
3529
3530
3531
3532
3533
3534
3535
3536
3537
3538
3539
3540
3541
3542
3543
3544
3545
3546
3547
3548
3549
3550
3551
3552
3553
3554
3555
3556
3557
3558
3559
3560
3561
3562
3563
3564
3565
3566
3567
1369
2631
3568
50
3572
3573
3574
3575
3574
3577
3578
3579
3580
2666
3582
3583
3584
837
837
3587
1563
3588
3590
3591
2664
3593
3594
3595
3596
3597
3598
3599
3600
3601
3602
1560
3604
109
1570
110
1376
3576
834
2662
3611
3620
3612
3622
2679
3582
3581
3617
3618
845
3623
2643
3617
843
41
1607
2641
1409
2637
61
1445
60
3633
1433
1375
43
2743
1373
1458
3641
3642
3643
3644
3645
3646
3647
3648
3649
3650
3651
3652
3653
3654
3655
3656
3657
3658
3659
3660
3661
3662
3663
3664
3665
3666
3667
3668
3669
3670
3671
3672
3673
3674
3675
3676
3677
3678
3679
3680
3681
3682
3683
3684
3685
3686
3687
3688
3689
3690
3691
3692
3693
3694
3695
3696
3697
3698
3699
3700
3701
3702
3703
3704
3705
3706
3707
3708
3709
3710
3711
3712
3713
3714
3715
3716
3717
3718
3719
3720
3721
3722
3723
3724
3725
3726
3727
3728
3729
3730
3731
3732
3733
3734
3735
3736
3737
3738
3739
3325
73
3261
3179
3752
2953
2490
2490
2544
3749
3750
3751
3158
700
139
3020
698
702
2370
3759
3760
3761
3570
2401
3764
150
5833
2213
3768
3769
3770
3771
3772
1623
3774
2285
2459
3777
3778
3779
3780
3781
3782
3783
3784
3785
3786
3787
3788
3789
3790
3791
3792
3793
3794
3795
3796
3797
3798
3799
3800
3801
3802
3803
3804
3805
3806
3807
3808
3809
3810
3811
3812
3813
3814
3815
3816
3817
3818
3819
3820
3821
3822
3823
3824
3825
3826
3827
3828
3829
3830
3831
3832
3833
3834
3835
3836
3837
3838
3839
3840
3841
3842
3843
3844
3845
3846
3847
3848
3849
3850
3851
3854
3853
3854
899
3852
3857
3858
3859
3860
3861
897
3863
3864
3867
3865
3867
3868
3869
3870
3871
3872
3873
3874
3875
3876
3880
3877
912
4764
913
3885
3882
915
3885
3886
3887
3888
3889
3890
3878
911
910
3891
3895
3896
3897
3898
3899
3900
3901
3902
3903
3904
3905
3906
3907
3908
3909
3910
3911
3866
904
900
3915
3916
3917
3918
3919
3920
3921
3922
3923
3924
3925
3926
424
3928
3930
4867
3931
3929
936
3936
3935
3936
940
185
1704
1704
325
3944
2025
4872
5443
2032
3943
4829
3947
437
3953
2221
2767
3956
3954
4828
307
950
4479
3959
3962
4477
3963
3964
3965
3966
3967
3971
958
959
4720
454
2778
3973
2246
3976
3977
3978
963
963
3979
4015
4017
948
3952
3951
3986
3985
947
4474
319
2009
4016
3981
967
964
4483
451
4484
3998
4002
5449
304
4001
949
4006
4007
4008
4009
4010
4640
4640
3970
4012
4016
4781
978
4018
4019
4020
4021
4022
4023
4024
4025
4026
4027
4028
4029
4030
4031
4032
4033
4034
4035
4036
4037
4040
4038
4069
1006
4042
4043
4044
4045
4050
990
4046
993
4531
4051
4052
4053
4054
4055
4056
4057
4058
4059
4060
4061
4062
4063
4064
4065
4066
4067
4068
4070
4559
1005
1004
4075
1007
4573
4077
4077
1002
4076
4080
4083
5765
1830
5764
5722
4087
4568
4084
5721
5629
4085
5794
5630
5632
5609
5671
5716
5717
5798
5583
4096
4094
4088
4090
4659
4685
4108
4547
4107
1009
4111
1010
4113
4114
4118
311
170
4776
4119
4120
4121
4122
4123
4122
5811
5823
4117
4128
4128
4130
4129
4131
4133
4134
4135
174
4124
4093
4141
1845
4819
5811
4126
4145
4130
4128
4144
5835
4149
4150
4151
4152
4153
4154
4155
4156
4157
4158
4159
4160
4161
4162
4163
4164
4165
4166
4167
4168
4169
5026
237
1702
5026
4204
4846
3997
4000
3997
3999
4190
4191
4189
1023
4242
4193
1029
4188
4192
4637
4637
1045
4863
4863
4639
4646
5420
1714
4180
4181
4182
4183
4185
4187
4014
184
4209
4206
4208
4209
4212
4211
1854
4213
4214
4215
4216
4217
4218
4219
4220
4221
4222
4223
4224
4225
182
4204
4172
4229
4230
4501
4232
4233
4234
4235
4236
4237
4238
4239
4638
968
4638
4243
554
2528
4246
4247
4248
4249
4250
4504
4252
4253
4254
4255
4256
4257
4258
4259
4260
4261
4262
4263
4264
4202
4284
1025
1700
181
4270
4271
4272
4273
4274
4275
4276
4277
4278
4279
4280
4281
4284
1052
4290
1053
4288
4288
4300
1057
4292
1061
4292
1062
4294
4295
4296
4297
4298
4299
4301
4301
1067
4303
4304
4305
1060
1060
4308
4309
4310
4311
4312
4313
4314
4315
4316
4317
4318
4319
4320
4321
4322
4323
4324
4325
4326
4327
4328
4329
4330
4331
4332
4333
4334
4335
4336
4337
4338
4339
4340
4341
4342
4343
4344
4345
4346
4347
4348
4349
4350
4351
4352
4353
4354
4355
4356
4357
4358
4359
4360
4361
4362
4363
4364
4365
4366
4367
4368
4369
4370
4371
4372
4373
4374
4375
4376
4377
4378
4379
4380
4381
4382
4383
4384
4385
4386
4387
4388
4389
4390
4391
4392
4393
4394
4395
4396
4397
4398
4399
4400
4401
4402
4403
4404
4405
4406
4407
4408
4409
4410
4411
4412
4413
4414
4415
4416
4417
4418
4419
4420
4421
4422
4423
4424
4425
4426
4427
4428
4429
4430
4431
4432
4433
4434
4435
4436
4437
4438
4439
4440
4441
4442
4443
4444
4445
4446
4447
4448
4449
4450
4451
4452
4453
4454
4455
4456
4457
4458
4459
4460
4461
4462
4463
4464
4465
4466
4467
4468
4469
4470
4471
4472
633
4475
2784
2772
2772
635
4478
636
2775
438
451
3975
637
4481
2788
638
4487
4490
4491
4492
4493
4494
4495
4496
4497
4498
4499
4502
4500
4510
4507
4507
1026
4509
4176
4177
3998
4511
4511
4512
4513
4514
4515
4516
4517
4518
4519
4521
4523
1122
4048
992
991
4530
4092
4098
4138
5718
4529
1124
1123
4534
4535
4536
4537
4538
4539
4540
4541
988
4543
4109
4544
4545
4549
1127
5322
4550
4551
4552
4039
4554
4556
4570
1824
4556
4561
1129
4562
4558
4563
4564
4565
4566
4567
1832
4627
1010
1837
4571
4114
4574
4577
4575
4581
4578
4576
4580
4582
5433
4583
4584
4585
4586
4587
4588
4589
4590
4591
4592
4593
4594
4595
4596
4597
4598
4599
4600
4601
4602
4603
4604
4605
4606
4607
4608
4609
4610
4611
4612
4613
4614
4615
4616
4617
4618
4619
4620
4621
4622
4623
4624
4625
4626
1147
4628
4629
4630
4631
2943
4633
4634
4635
4636
4727
4715
4647
4642
1150
4842
4644
4861
1152
4643
4715
4649
5431
1154
4648
4652
4653
4654
4655
4656
4657
4079
309
4660
4661
4662
4663
4664
4665
4666
4667
4668
4669
4670
4671
4672
4673
4674
4675
4676
4677
4678
4679
4680
4063
1001
4681
4683
1161
4686
4687
4688
4689
4690
4691
4692
4693
4694
4694
1000
4697
4698
4699
4701
4865
318
2010
4705
4878
3992
4703
4709
4712
4708
306
4695
960
3988
3974
4719
4717
919
5432
4004
970
971
4710
1167
918
4723
961
4728
4729
4730
4731
3883
914
4732
4735
4736
4737
4738
4739
4740
4741
4742
4743
4744
4746
4774
4747
4748
4749
4745
3856
4752
1169
4763
4755
4756
4757
4758
4759
4760
4761
4762
3894
4762
4765
4766
4767
4768
4769
4770
4771
4772
4773
4748
1175
4773
4777
4778
4779
4780
4783
4783
4831
938
4785
4786
4787
4788
4789
4790
4791
4792
4793
4794
4795
4799
4797
1171
4800
4795
4801
4802
4803
4804
4805
4806
5438
4808
4809
4810
4811
4812
4813
4814
4815
4816
4132
4817
4161
4820
4821
4822
1115
4486
1116
4827
1116
4830
3942
4876
4489
4832
4833
4834
1844
4836
4837
4838
3955
4839
946
4840
1184
4846
1185
4849
4012
190
4850
4850
1186
3949
4852
944
4853
4855
4858
4859
4860
4860
4862
3987
4643
1153
4865
4868
3183
3932
953
3961
952
4873
3960
1166
4704
1165
1180
4826
951
4880
4881
4882
4883
4884
4885
4886
4887
4888
4889
4890
4891
4892
4893
4894
4895
4896
4897
4898
4899
4900
4901
4905
4903
1155
5428
4651
4906
4908
4909
4910
4911
4912
4913
4914
4915
4916
4917
4918
4919
4920
4921
4922
4923
4924
4925
4926
4927
4928
4929
4930
4931
4932
4933
4934
4935
4936
4937
4938
4939
4940
4941
4942
4943
4944
4945
4946
4947
4948
4949
4950
4951
4952
4953
4954
4955
4956
4957
4958
4959
4960
4961
4962
4963
4964
4965
4966
4967
4968
4969
4970
4971
4972
4973
4974
4975
4976
4977
4978
4979
4980
4981
4982
4983
4984
4985
4986
4987
4988
4989
4990
4991
4992
4993
4994
4995
4996
4997
4998
4999
5000
5001
5002
5003
5004
5005
5006
5007
5008
5009
5010
5011
5012
5013
5014
5015
5016
3939
5018
249
5020
5021
5022
5023
4207
5025
5026
1033
5028
1702
5030
5031
5032
5033
5034
5035
5036
5037
5038
5039
5040
5041
5042
5043
5044
5045
5046
5047
5048
5049
4203
4266
5051
5053
5054
5055
5056
5057
5058
5059
5060
5061
5062
5063
5064
5065
5066
5067
5068
5069
5070
5071
5072
5073
5074
5075
5076
5077
5078
5079
5080
5081
5082
5083
5084
5085
5086
5087
5088
5089
5090
5091
5092
5093
5094
5095
5096
5097
5098
5099
5100
5101
5102
5103
5104
5105
5106
5107
5108
5109
5110
5111
5112
5113
5114
5115
5116
5117
5118
5119
5120
5121
5122
5123
5124
5125
5126
5127
5128
5129
5130
5131
5132
5133
5134
5135
5136
5137
5138
5139
5140
5141
5142
5143
5144
5145
5146
5147
5148
5149
5150
5151
5152
5153
5154
5155
5156
5157
5158
5159
5160
5161
5162
5163
5164
5165
5166
5167
5168
5169
5170
5171
5172
5173
5174
5175
5176
5177
5178
5179
5180
5181
5182
5183
5184
5185
5186
5187
5188
5189
5190
5191
5192
5193
5194
5195
5196
5197
5198
5199
5200
5201
5202
5203
5204
5205
5206
5207
5208
5209
5210
5211
5212
5213
5214
5215
5216
5217
5218
5219
5220
5221
5222
5223
5224
5225
5226
5227
5228
5229
5230
5231
5232
5233
5234
5235
5236
5237
5238
5239
5240
5241
5242
5243
5244
5245
5246
5247
5248
5249
5250
5251
5252
5253
5254
5255
5256
5257
5258
5259
5260
5261
5262
5263
5264
5265
5266
5267
5268
5269
5270
5271
5272
5273
5274
5275
5276
5277
5278
5279
5280
5281
5282
5283
5284
5285
5286
5287
5288
5289
5290
5291
5292
5293
5294
5295
5296
5297
5298
5299
5300
5301
5302
5303
5304
5305
5306
5307
5308
5309
5310
5311
5312
5313
5314
5315
5316
5317
5318
5319
5320
5321
1825
5323
5324
5325
5326
5327
5328
5329
5330
5331
5332
5333
5334
5335
5336
5337
5338
5339
5340
5341
5342
5343
5344
5345
5346
5347
5348
5349
5350
5351
5352
5353
5354
5355
5356
5357
5358
5359
5360
5361
5362
5363
5364
5365
5366
5367
5368
5369
5370
5371
5372
5373
5374
5375
5376
5377
5378
5379
5380
5381
5382
5383
5384
5385
5386
5387
5388
5389
5390
5391
5392
5393
5394
5395
5396
5397
5398
5399
5400
5401
5402
5403
5404
5405
5406
5407
5408
5409
5410
5411
5412
5413
5414
5415
5416
5417
4195
189
1715
5421
5422
5423
5424
5425
5426
4856
4726
1988
5429
5430
4734
4099
5434
5435
5436
5437
5810
5439
4658
316
5835
3941
5444
5445
5446
5447
5448
1989
1704
5451
4204
4182
5454
5455
5456
5457
1534
5459
5460
5461
3634
5463
5464
5465
5466
621
5468
5469
1396
5471
2750
5473
5551
5555
5572
5560
5560
2378
2379
5746
5569
5510
5538
5532
5701
5779
5567
5494
5577
5526
5570
5504
1333
5497
5556
2416
5479
2400
5554
5556
5493
5554
5756
1334
5578
5756
2416
5565
5575
5576
5565
5498
5553
5512
5494
5489
5511
5535
5536
5492
5530
5548
5527
5579
5579
5578
5779
5525
5487
5528
5578
5499
5566
5566
5580
5571
5571
5488
5562
5572
5560
2380
2379
5800
5480
5499
5505
5499
5487
5506
5544
5544
5507
5558
5507
5549
5508
5700
5497
5495
5559
5495
3061
2380
1333
3061
5747
5744
1334
5543
5559
5493
5495
1335
5703
5543
3061
3061
3061
5664
5666
5651
5735
4145
4127
4106
2005
5588
5662
5620
5648
5656
5614
5732
5605
5679
5643
5600
5595
5615
1690
5668
5603
4127
4143
5675
4125
5666
5604
5663
5666
5770
5770
4143
5608
4142
5602
5602
5685
5684
5619
5644
5597
5621
5646
5645
5648
5623
5640
5658
5659
5638
5732
5770
5608
5678
5642
5636
5641
5608
5614
5678
5678
5635
5596
5634
5637
5670
5585
5772
4750
4106
5728
5677
5613
5614
5616
5594
5657
5683
5683
5667
5665
5606
5668
5733
5606
4807
5680
5672
5669
4750
4127
1689
5587
5783
1690
5782
5734
5660
5672
1689
5673
5586
4127
4127
5523
5554
5555
5562
5562
5698
5698
5698
5572
5560
5699
2417
2416
2400
3061
5802
5820
5820
5820
5836
1464
2422
5708
5709
5710
5514
5490
5529
5604
5632
5631
5627
5622
5590
5661
5589
5654
5786
5801
5440
5834
4105
5817
5812
4125
4126
4807
4145
5772
4144
5773
5773
5773
5651
5650
5671
5820
5802
5833
5820
5738
5799
5837
3766
2355
2354
5752
5514
2400
2399
5763
5560
5698
5698
5833
2417
5724
5776
5722
5723
5671
5604
5811
4126
4145
4145
4146
4144
5442
5835
5438
5821
5698
5478
5812
5817
4105
5834
5834
5515
5523
5519
5555
5502
5562
5698
5591
5626
5630
5632
5650
4144
2969
5822
2993
143
2403
5818
2403
3057
5805
5809
4119
4115
170
5814
5814
1161
4683
4746
2390
3763
2352
692
309
4116
5824
4122
5806
2402
5813
5828
2420
2420
4079
2351
4658
1836
2351
2351
1703
184
1350
23
1350
1703
4175
534
2285
4013
1350
184
