2134
2136
1310
1315
4
3108
1316
664
490
3059
1325
1332
1331
5781
15
519
2430
517
5845
2502
2554
1508
1348
472
2209
2504
474
3335
28
3179
82
2505
32
33
1377
1398
36
37
1528
2729
40
1394
2653
1613
1390
1439
2748
1602
48
1414
50
1422
1424
1426
54
1426
2654
1443
2689
1448
3632
61
1454
3634
1388
2919
5833
67
68
69
2440
2483
72
73
74
75
76
77
78
79
1501
3309
27
3334
1357
3334
26
2566
1513
89
90
91
92
93
94
95
96
97
98
1526
100
2728
102
103
104
1568
3590
1562
1566
3606
3607
111
112
1576
1594
1582
116
117
1593
1594
2684
3628
121
123
1616
1609
1607
127
128
2733
1536
607
2735
2736
2644
2646
129
137
138
139
140
141
142
2992
2351
710
2343
147
148
1635
150
1639
152
3014
3015
1647
156
157
1659
1353
160
161
162
163
164
165
166
4580
4525
4105
4775
1683
1682
1686
1847
5824
4121
1017
177
1873
4226
4269
1719
183
4204
3940
4226
979
5020
189
190
247
247
5250
1942
234
1731
1729
198
194
1724
201
202
203
296
297
4407
4401
1744
209
1765
5457
4438
292
1768
215
193
4367
1795
1789
1788
5318
1802
1806
1811
5313
5315
1823
228
1820
230
231
1839
3780
1840
1849
1032
237
3851
1855
4948
4962
4414
243
244
1870
1872
1713
247
5844
1878
4281
187
253
254
255
256
257
258
259
1304
1913
262
1894
264
265
266
1782
268
1922
270
271
5285
5269
5284
1935
1949
276
1156
1947
1943
282
4350
1966
1952
285
286
287
1965
1967
290
291
1775
1973
5464
295
1906
1910
4449
4448
300
301
207
303
304
305
306
307
3981
4681
4079
1179
4074
1004
2001
315
316
2002
4879
2008
4702
321
322
323
1708
2025
2029
327
2629
2035
330
331
332
2058
3262
336
371
3286
2047
3257
3742
2055
1503
3300
3287
345
346
347
348
349
350
351
352
353
354
355
356
2082
2078
3351
741
361
3355
363
2089
365
366
367
368
369
370
2102
3307
3843
374
375
376
378
2181
0
2132
2
381
377
385
3914
2182
2173
388
3004
2431
2140
392
393
394
395
396
2150
2988
2152
400
401
402
403
2162
2202
406
407
408
409
2197
2196
3905
413
414
3912
3913
88
2922
2188
2191
3225
422
2194
424
2203
426
427
428
3011
3223
431
432
433
434
435
2260
2221
2778
2258
440
441
2783
3186
2231
3071
2234
2236
382
2962
2239
451
3024
2256
454
455
2264
3016
3017
3765
460
2272
2270
2780
2781
2275
3755
470
3117
383
709
471
1346
2289
447
3125
384
2300
2318
479
480
481
482
483
484
1633
486
2839
2840
2381
2320
3098
3147
2324
3002
3006
2331
2332
2155
2335
2338
2869
2344
2382
504
2939
2379
2870
1468
2878
2889
512
2371
513
514
3128
1323
3122
2408
3123
3344
2505
523
462
461
524
2466
2458
528
3744
553
1362
2526
2530
85
537
86
87
559
558
550
2490
2499
552
551
549
564
2523
2496
2518
2516
2280
476
2949
2501
2496
545
2494
2282
2562
2560
561
562
563
2581
2583
2585
2533
568
2591
570
571
572
573
574
575
576
577
2280
1658
580
581
582
583
3573
1550
586
587
588
2656
590
2721
592
593
594
595
596
597
2629
2628
600
601
602
136
604
605
1533
1535
608
609
3615
3620
612
2675
1605
2682
616
617
618
619
620
621
622
623
1450
625
626
627
628
629
630
631
2768
2767
2786
4487
4477
4485
4867
639
640
641
642
2795
2796
3130
2800
556
648
554
2812
651
652
653
654
2365
2375
657
658
1456
660
2385
662
1466
2885
665
666
667
668
669
670
671
672
3360
674
2923
676
677
678
2946
2955
681
3026
683
684
3220
686
687
688
689
2991
691
2338
2998
3252
3181
3189
3191
698
699
700
701
702
3050
417
3055
705
707
708
380
496
711
712
713
3152
715
3161
717
3200
3198
3238
3234
3226
3208
3209
3211
3221
3282
728
3280
3284
731
732
3260
3387
735
736
3384
738
3314
3316
3320
3317
3332
745
3350
746
747
748
749
750
751
3675
753
754
755
756
757
758
759
760
761
762
763
764
765
766
767
768
769
770
771
772
773
774
775
776
777
778
779
780
781
782
783
784
785
786
787
788
789
790
791
792
793
794
795
796
797
798
799
800
801
802
803
804
805
806
807
808
809
810
811
812
813
814
815
816
817
818
819
820
821
822
823
824
825
826
827
828
829
830
831
832
833
2675
3575
837
845
1600
119
3593
841
842
843
3615
122
846
847
848
849
850
851
852
3781
3779
3845
4946
3791
3788
4963
3784
3789
5417
4924
4908
4941
4971
3799
3805
3803
4634
4636
872
873
874
875
876
877
878
879
3817
5038
5036
3818
885
885
886
887
888
889
3835
891
3839
3840
3910
895
3849
900
3854
3867
3866
3859
4736
3864
3868
3870
906
3874
4155
4697
910
911
912
3877
914
4764
3889
917
918
919
920
3931
922
923
924
925
5045
927
928
3920
3918
931
932
933
934
935
3933
937
938
4701
940
5017
942
943
944
945
946
3951
3985
949
3959
3960
4870
4486
4757
4770
3965
3967
958
959
960
961
962
3982
4706
320
966
967
4484
3999
970
971
973
1178
903
974
1716
1700
4016
956
1997
981
982
983
984
985
986
987
4041
1995
4532
4047
993
4533
994
995
996
4693
4057
4059
4696
1001
1002
1003
1129
4110
4071
4574
4077
1127
4627
4572
4133
4581
4099
1677
1016
4809
4165
4120
5027
5029
4179
969
4191
1025
4183
5419
4194
1718
1039
1038
252
1034
1711
1048
1049
1043
4224
4215
1044
4228
1037
4239
4009
4639
1037
1036
4007
4277
1047
1036
1052
4285
1054
4299
4247
1057
4305
1059
1060
1061
1062
1063
1064
4009
2295
1067
1068
1069
1070
1071
1072
1073
1074
1075
1076
4376
1078
4996
1080
1081
1082
1083
5461
4338
4438
1943
1969
1813
4673
4978
1903
1908
5279
1095
4378
1305
4383
1099
285
1101
4462
1103
1104
1760
1899
1107
4454
1109
1110
1111
1112
1113
1114
4474
4831
1117
1679
1119
1120
4522
4524
4104
4102
1125
1126
4085
1128
4113
1130
1833
4578
4586
1134
1135
1136
1137
1138
1139
1140
4610
1142
1143
1144
1145
1146
5822
1148
4647
1150
1151
1152
1153
4648
4906
1156
4940
4674
1159
4938
4682
4689
4936
4866
4874
4872
1167
1168
1169
1170
1171
4739
4741
1174
4749
4897
1177
4766
4772
1180
1181
1182
4821
1184
4173
1186
4886
4888
4882
4884
4889
4891
4890
4895
5014
4911
4913
4917
4922
4930
4966
4943
1203
4979
1205
1206
4992
5000
5012
5009
5005
5018
1214
5034
5041
1216
1217
1218
1219
1220
5069
1222
1223
1224
1225
1226
1227
1228
1229
1230
1231
1232
1233
1234
1235
1236
1237
1238
1239
1240
1241
1242
1243
5117
1245
1246
1247
1248
1249
1250
1251
1252
1253
1254
1255
1256
1257
1258
1259
1260
1261
1262
1263
1264
1265
1266
1267
1268
1269
1270
1271
1272
1273
1274
1275
1276
1277
1278
1279
1280
1281
1282
1283
1284
1285
1286
1287
1288
1289
1290
1291
1292
1293
1294
1100
5256
1306
5262
1956
1299
5274
1302
1303
1769
5298
5306
1307
1309
2134
1
1309
1314
1314
3106
5
1312
3
4
1319
2887
1321
1322
7
1325
2594
11
1325
3133
5830
2413
1328
2437
5821
2390
5821
2444
2444
2428
2444
2502
2502
2504
2502
1365
1506
1508
1344
20
430
1349
158
1354
158
2504
3751
3750
3335
3751
474
1361
3752
29
1360
1364
1508
1508
1508
82
1369
1370
1371
1369
3608
1373
3636
3607
110
1378
1379
1380
1381
2653
2652
1536
607
2653
1387
2692
1387
3637
1449
1449
1609
624
1397
1383
1434
603
1399
1400
1400
64
1403
1404
1405
1406
1407
1408
1409
1410
1411
1374
1412
34
1415
1416
1417
1418
1420
1420
1421
1419
1422
1423
1422
1427
54
54
1426
54
1432
2730
3635
2734
132
2736
1615
1612
2647
1442
1442
2745
59
1444
1445
1446
1447
60
1609
2687
126
1453
2687
58
1452
2361
2876
2357
1460
2917
1460
1464
1462
2379
1469
144
1465
66
2969
1470
1471
1472
1473
5819
2403
5478
5541
5574
5697
1326
1324
2438
1483
2482
1485
1486
1487
1488
1489
1490
1491
1492
1491
1494
1495
1498
1497
1498
1499
1502
81
3769
734
1500
5845
5845
1357
5845
1356
1356
2566
1460
65
1461
1515
1516
1517
1518
1519
1520
1521
1522
1523
1524
1525
1526
1527
1528
2729
101
1582
1528
1534
5458
102
1535
1533
1538
1539
1540
1541
1542
1543
1544
1545
1546
1547
1548
1552
38
1552
1532
1553
1554
1555
1556
1557
1560
1414
3603
108
1563
3588
106
1562
1568
109
109
1570
109
1571
1572
1573
1574
1577
112
1577
600
1575
1583
1583
615
120
1598
119
1598
1587
1588
1589
1591
2685
1592
57
1596
120
3627
1594
120
2682
1594
1601
1602
1603
3627
1604
3627
124
126
1609
1399
1611
2647
2646
2647
2735
1387
1390
1618
1619
1620
1621
1622
1623
1624
1626
1626
1627
1628
1630
2346
1631
1629
146
1634
1634
1634
1637
1640
148
1640
1638
5802
2380
3013
3013
3013
3014
1651
1649
1650
2620
1652
1653
1654
1655
1658
1658
1658
574
1663
1661
1662
1663
1664
1664
1666
1664
1668
1669
1670
1671
1672
1673
1674
1676
4579
167
1675
168
1683
1683
173
4308
1685
5829
175
1684
174
5817
5812
5815
4168
4169
4157
4167
4226
4226
4226
4226
191
1719
1702
181
4013
4229
4229
323
4226
5426
5425
979
1710
188
1715
1715
1716
1714
189
4228
247
4228
4228
5248
5248
1942
5249
1730
1727
277
5288
221
1724
1948
1724
4350
4373
1739
4373
1907
4371
4403
4403
1742
206
1746
1746
1747
1814
1749
1750
1751
1752
1753
1755
5463
1980
1757
1758
211
1759
4434
5457
1968
1968
1088
1968
1764
1970
1768
1764
1728
1771
197
196
1776
1776
1775
1775
1779
1780
1781
193
4369
193
5250
4369
4369
4367
1793
218
1794
1794
217
4367
4368
1798
1796
4445
1977
5320
1801
1802
4372
1092
1807
224
4456
1805
1810
5314
226
1809
225
1815
288
1816
1817
1818
1817
228
1757
230
1823
5764
5767
4081
1828
1828
1829
5801
4105
4148
1836
1837
310
4658
1147
233
233
233
1838
5585
5585
5585
5583
5742
5799
1682
172
1681
1851
1852
1853
5024
1858
238
240
5416
1859
4981
1861
1862
1863
1864
1857
1866
1864
1871
1868
867
4982
1203
1713
247
4228
188
1878
188
1710
4281
1709
1882
1882
1884
1885
1885
1887
1888
1889
1890
1891
1892
1893
1894
1895
1896
1897
1898
1899
1900
1952
1902
1909
216
5459
1909
1784
1785
1782
200
5290
5290
5291
1911
1914
263
261
1915
1920
5272
1919
201
1923
1924
1085
1926
1927
1931
1929
1931
1729
272
273
1932
5258
5270
5271
5286
276
5271
4988
234
1944
4988
1725
4437
1941
1725
194
1952
1951
1099
1950
1950
1950
1966
1960
223
1960
4404
1965
287
1967
1965
1951
287
1099
1778
1969
292
288
289
1967
1967
1975
300
4449
1978
1742
4401
1741
1982
1983
1984
1985
1986
1987
1988
1990
3994
308
1992
4073
4073
4072
1993
312
2000
1998
2000
316
1999
2003
314
4105
4105
4705
318
318
1166
2011
2012
2013
2014
2017
1063
2017
2015
2019
2020
2019
2022
2023
2023
2025
2028
2028
1635
1635
149
2031
2032
2033
328
328
2034
598
2629
2039
2040
2041
2042
2043
2048
2062
334
3286
3285
3291
3292
2104
2051
339
3261
2054
2053
3258
343
342
3298
343
2061
2063
2064
2065
2066
2067
2068
2069
2070
2071
2072
2073
2074
2075
2076
2077
2082
2082
2078
3318
2082
2085
362
3358
2083
2088
2088
361
2087
363
2092
2093
2094
2095
2096
2097
2098
2099
2100
2103
372
3306
2101
3842
2942
3842
2108
2109
2110
2111
2112
2113
2114
2115
2133
2181
2179
0
2118
1311
1308
3048
3115
3062
2117
2129
385
415
386
386
2131
2181
2135
2183
387
2138
3008
3099
390
2141
2142
2143
2144
2145
2146
2147
2148
2149
2150
2151
2153
2988
2153
2152
2156
2157
2158
2159
402
2161
2161
2160
2247
2165
2166
2167
2168
2169
2174
2195
2170
412
3904
2175
2176
2177
2178
2181
2181
3912
3913
2184
3915
2187
1513
3330
418
2187
2190
421
2192
2190
420
2198
2082
424
357
2199
2199
2201
2202
2203
2204
2205
2207
2207
3333
3223
2210
2211
2212
2213
2214
2215
2216
2217
2218
2222
2223
438
2259
2258
2224
2225
2226
2227
2230
442
3185
443
2232
2237
445
2233
3081
3337
2241
449
2238
2241
2242
2243
2244
453
2246
2248
2248
455
2266
3016
3017
2266
2253
2257
2257
2257
149
2255
2030
2030
3013
154
3016
2265
3018
2267
2271
2268
463
2779
464
2276
2274
466
3754
2277
3116
2281
3117
3078
3118
2284
3162
21
2286
154
2262
1647
3119
3082
2236
2291
3124
3125
2127
3124
2298
2298
478
2301
2302
2303
2304
2305
2306
2307
2308
2309
2310
2314
2311
502
2342
2315
2316
2317
2318
488
2840
2840
2321
2320
10
3097
1327
2326
491
2330
3005
495
2329
494
1317
3
2335
2335
6
2339
3103
2339
2345
501
503
2867
2347
2881
2348
499
2349
2352
2334
499
5708
2422
5709
5710
5711
5752
5711
2354
5515
5517
5483
5519
5521
5523
5496
5561
5500
5563
5474
5542
5689
5788
5754
5714
2996
2996
3056
2855
2868
2384
2856
1467
508
663
2386
3084
706
3089
3084
145
2395
3122
2394
2394
519
2392
9
145
2393
2393
2403
2403
2403
2415
2410
5792
3758
2418
5715
5691
5793
5790
2389
2391
2403
2403
5808
2403
1642
2423
2424
515
3148
2427
497
2432
2432
497
3121
390
2140
2443
1339
2442
511
2410
511
2395
2395
517
3122
3343
3345
2505
3344
2502
2502
2269
2521
2269
2816
2453
2457
2467
2452
2456
526
2462
3743
2463
529
2519
2471
2520
2470
2468
3178
553
2472
3745
2474
2475
2529
2477
2478
2535
1346
2485
2485
537
1510
1355
1358
1359
2538
2540
2541
2539
3747
2544
539
2493
544
2546
2517
2545
2513
2547
2504
2502
2579
564
2506
2522
2508
2582
2510
2515
552
2515
551
2296
469
2296
476
2948
2948
2270
2511
2512
2497
2500
540
2500
545
2492
538
2492
2522
2496
2523
2489
2489
2488
2293
2290
2565
467
2279
2278
2561
2516
2515
475
2536
557
3365
2208
3334
5845
1357
2555
2492
569
2589
2492
2494
2281
470
2565
2562
2291
2292
2550
560
2569
3344
2574
567
2573
2559
2575
2576
2577
2578
2580
2580
575
2584
578
2294
1066
2586
2587
2588
2590
2280
577
2593
579
2436
16
2596
2597
2598
2599
2600
2601
3584
2603
3596
2605
2657
2607
2608
2718
2610
2611
2612
2613
2614
2615
2616
2617
2618
2619
2622
2621
1565
107
2624
2634
2627
2627
113
2626
2631
2631
2632
2634
2716
2635
2636
2637
1441
2638
2641
62
2640
121
55
2728
1429
2735
2648
2649
2650
2651
1535
1535
1536
2657
608
2657
3612
3615
3611
1600
3614
3581
3620
3586
837
3581
2668
2669
2670
2671
101
2645
117
1593
2676
2674
2680
2679
3628
2681
2683
3637
2682
1447
2686
2688
5462
63
1612
134
1613
2693
2694
2695
2696
2697
2698
2699
2700
2701
2702
2703
2704
2705
2706
2707
2708
2709
2710
2711
2712
2713
2714
2715
2716
329
2035
5460
2629
2629
599
2723
2724
2725
2726
2727
1429
1429
1424
5458
1540
2733
2732
1537
1537
2737
2738
2739
2740
2741
2742
606
606
2746
3633
1438
45
2749
2750
2751
2752
2753
2754
2755
2756
2757
2758
2759
2760
2761
2762
2763
2764
2220
2765
437
2261
2771
634
2785
4478
2773
2776
4481
2782
2259
2778
2243
452
451
632
632
2767
2787
425
3182
4488
2789
2790
2791
2792
2793
2327
2327
492
2794
2799
3147
645
2798
2805
647
2804
2532
2525
554
555
2525
2451
2810
2454
2813
2814
2268
2272
2817
2818
2819
2820
2821
2822
2823
2824
2825
2849
2827
2828
2829
654
489
2322
489
2366
2412
2367
2363
5522
655
2837
2835
2842
2843
2844
2845
2846
2847
2848
2763
2850
2851
2383
2852
2853
2376
1458
2864
2858
2859
2860
2861
485
1457
2866
2359
2880
661
2388
2387
509
2871
2872
2873
2874
2875
2355
3766
2879
2937
1463
2881
2941
487
2885
2841
487
2883
2883
2836
2370
2891
2892
2893
2894
2895
2896
2897
2898
2899
2900
2901
2902
2903
2904
2905
2906
2907
2908
2909
2910
2911
2912
2913
2914
2915
2916
2917
674
674
2920
2193
423
422
2921
2925
2926
2927
2928
2929
2930
2931
2932
2933
2934
2935
2936
5837
2938
477
505
2350
2079
424
2944
2945
675
2947
2950
680
3038
2951
2952
2953
2958
682
2954
2957
2958
2959
3222
2961
2962
399
2965
2155
399
2967
2989
2970
2993
2336
2972
2973
2974
2975
2976
2977
2978
2979
2980
2981
2982
2983
2984
2985
2986
2987
2990
690
2990
2991
2334
500
2338
500
500
2999
694
3255
2997
2206
428
3001
429
3005
3006
3007
3010
3009
3180
142
2250
3015
696
3190
697
697
3018
3019
3020
3021
3022
3023
459
3026
3177
3027
3028
3029
3030
3033
3031
3756
3034
3035
3036
3037
3025
3039
3040
3041
3042
3043
3044
3045
1461
1514
1310
2189
419
3049
2186
2149
3053
397
3060
3060
3054
705
3054
3056
2181
3914
3064
3065
3066
3067
3051
3051
3071
704
3073
3076
3072
3075
3076
2116
2120
2119
2121
2123
2124
3074
3074
496
3058
3059
3083
3085
3090
3091
3092
3096
3094
3095
3193
391
391
2333
2341
3100
3
3103
3104
3105
3106
3107
3108
3109
3110
3111
3112
3113
3114
1308
3078
383
3079
3080
5805
2332
3121
3121
2127
384
3127
518
714
3126
70
5819
5542
2441
2439
3153
3129
3136
326
3138
3140
3146
444
3143
3144
3145
2200
1480
3149
3151
5477
2884
510
510
3154
3155
3156
3157
3158
2503
3159
546
1347
3163
3164
3165
3166
3167
3168
3169
3170
3171
3343
3173
3174
3175
3177
3765
2956
3179
2288
473
3182
3897
3184
3139
151
1641
3187
152
3190
431
3192
3194
3195
3188
3199
3196
720
3237
721
3201
3202
3209
3204
3206
3224
3205
722
722
723
3226
3212
3213
3214
3216
3217
2924
3218
3218
726
708
3223
726
3227
727
340
3742
3229
3281
3230
3231
3232
3236
729
3279
3240
3239
730
3283
340
3241
3242
3243
3244
3245
3246
690
3248
3249
3250
3251
330
3253
693
3255
3256
732
3259
3289
3260
3260
344
3263
3264
3265
3266
3267
3268
3269
3268
3271
3272
3273
3274
3275
3276
3000
3278
3279
338
3264
733
2052
335
1504
80
3288
78
78
3290
2101
371
3293
3294
3295
3296
3297
3299
3299
3301
3301
3302
3303
3304
3305
3306
737
3308
3309
3310
3311
2629
3197
718
3315
719
723
3320
3210
723
3322
420
3321
3324
3324
3326
3327
3070
3328
3323
3329
446
3331
3333
743
3338
3047
3046
1509
1511
3345
2505
3346
3340
3346
3348
745
3349
3349
747
3318
741
3318
3315
3355
3354
740
3327
2082
3360
3359
3356
746
2172
3774
3367
3368
3369
3370
3370
3371
3372
3373
3374
3375
3376
3377
3378
3379
3380
3381
3382
3383
752
3385
3386
3387
3388
3389
3390
3391
3392
3393
3394
3395
3396
3397
3398
3399
3400
3401
3402
3403
3404
3405
3406
3407
3408
3409
3410
3411
3412
3413
3414
3415
3416
3417
3418
3419
3420
3421
3422
3423
3424
3425
3426
3427
3428
3429
3430
3431
3432
3433
3434
3435
3436
3437
3438
3439
3440
3441
3442
3443
3444
3445
3446
3447
3448
3449
3450
3451
3452
3453
3454
3455
3456
3457
3458
3459
3460
3461
3462
3463
3464
3465
3466
3467
3468
3469
3470
3471
3472
3473
3474
3475
3476
3477
3478
3479
3480
3481
3482
3483
3484
3485
3486
3487
3488
3489
3490
3491
3492
3493
3494
3495
3496
3497
3498
3499
3500
3501
3502
3503
3504
3505
3506
3507
3508
3509
3510
3511
3512
3513
3514
3515
3516
3517
3518
3519
3520
3521
3522
3523
3524
3525
3526
3527
3528
3529
3530
3531
3532
3533
3534
3535
3536
3537
3538
3539
3540
3541
3542
3543
3544
3545
3546
3547
3548
3549
3550
3551
3552
3553
3554
3555
3556
3557
3558
3559
3560
3561
3562
3563
3564
3565
3566
3567
3568
3569
3570
3571
3572
1493
3574
3610
3609
3578
3604
3619
3579
3618
3624
1598
1598
3621
3621
3587
3589
3589
112
3573
2658
3626
3592
1596
3595
3579
3598
3599
3600
3601
108
1567
3604
3605
3606
3606
3607
2677
2675
3614
3616
3615
3616
40
3626
3624
122
2642
2681
2681
2681
2643
2640
3625
1391
44
1455
3629
3630
3631
3632
3633
3634
2732
2733
135
1537
3607
2360
3641
3642
3643
3644
3645
3646
3647
3648
3649
3650
3651
3652
3653
3654
3655
3656
3657
3658
3659
3660
3661
3662
3663
3664
3665
3666
3667
3668
3669
3670
3671
3672
3673
3674
848
3676
3677
3678
3679
3680
3681
3682
3683
3684
3685
3686
3687
3688
3689
3690
3691
3692
3693
3694
3695
3696
3697
3698
3699
3700
3701
3702
3703
3704
3705
3706
3707
3708
3709
3710
3711
3712
3713
3714
3715
3716
3717
3718
3719
3720
3721
3722
3723
3724
3725
3726
3727
3728
3729
3730
3731
3732
3733
3734
3735
3736
3737
3738
3739
3325
3741
733
2469
531
1363
2542
2543
2561
2235
2235
3749
3752
3753
3754
698
3037
3757
2368
3759
3760
3761
3762
2391
1632
3765
5800
3767
3768
3380
3770
3771
3772
3773
2563
2502
2531
855
3777
3780
855
3844
857
3792
3783
3782
3793
3785
859
860
3787
864
3795
3794
4910
4909
865
4945
4944
866
3797
3804
3801
870
4633
871
3806
3807
3808
3809
3810
3811
3812
3813
3814
3815
881
881
5038
3818
3818
3821
885
3821
5037
2090
365
364
3828
3829
3830
3831
3832
3833
3834
887
3836
3837
1869
245
246
3838
3823
883
3846
894
3846
3847
3802
868
3848
869
3865
3852
899
3865
3866
3860
3857
902
4802
897
900
3861
3856
3868
3868
160
3868
1667
162
3869
3872
3873
908
909
3876
3877
3878
3879
3879
3881
913
913
3880
3884
914
3887
3888
3889
3890
3891
3892
3893
3894
920
3976
3896
3898
3899
3900
3901
3902
3903
3906
905
5049
3926
3908
3909
3910
3911
904
904
3866
3871
3919
3916
931
3919
253
3921
3922
3923
3924
3925
3927
3927
880
3932
3929
937
3932
3933
3934
3935
3935
3937
941
5019
250
3941
3942
3943
3944
3945
3946
3947
3948
3949
3952
948
4482
3950
3954
3955
3956
3957
3961
3958
952
4869
3961
3964
5021
955
3963
954
3968
1704
3970
3971
3972
3973
3974
3975
3978
3977
3978
964
964
3996
4703
320
3984
3985
3984
3987
3988
3986
3989
4702
4704
2007
3994
3995
4707
3998
4483
968
3997
4001
4002
4003
4004
4005
4803
4804
4767
4805
4008
183
4012
1700
183
2007
2008
2009
4806
4021
3965
4806
4811
4811
3863
4025
4026
4027
4628
4029
4030
4031
4032
4033
4034
4035
4036
4037
4040
4038
4069
1006
4042
4043
4044
4045
4050
990
4050
993
4531
4051
4052
4053
4054
4055
4060
997
4056
1000
4694
4061
4062
4061
4064
4065
4066
4067
4068
4559
4559
1005
4560
4075
1007
4573
4078
4077
1002
309
4076
5654
5662
5653
5621
5620
5723
5589
5625
5624
5627
5624
5628
5630
5681
5604
5671
5612
5581
5649
5584
5582
5797
5591
5719
5816
5815
4108
4547
4107
1009
4571
1832
4112
4111
4118
4777
170
4776
4116
311
4119
5814
5809
4128
5811
5823
5812
4130
4145
5438
4145
4144
1014
4135
5433
4835
4129
5718
1844
4100
4817
5811
4126
4145
4807
4145
5772
1691
4149
1015
4833
4152
4154
4808
998
4155
4154
908
4158
4166
5813
176
1687
4163
4134
5809
4121
1017
4810
5028
4208
1041
5028
4228
4228
4509
4178
4000
4241
4184
1024
4182
1022
4189
4188
1027
4187
5418
4190
4242
1028
4195
4192
1045
4195
4196
5420
4198
4199
4219
4201
4254
4254
1700
5844
4210
1879
4211
4212
1709
1711
1879
4256
4257
4258
4259
5423
4235
5421
4279
4263
4264
4236
4262
4238
4229
4228
1054
4229
4230
4243
4297
1055
4237
4239
4237
4024
4024
974
4242
969
4637
4234
4222
4223
4223
1037
4221
4221
1036
4223
1037
4213
4213
4216
4019
4018
972
4019
4010
4006
4239
4276
4023
4253
5050
1039
4228
247
4272
4217
4303
1058
4217
1036
4006
4007
4280
4277
4018
4020
5050
5027
4282
4275
4274
4249
4286
1056
4290
4291
4292
4293
4296
1064
4296
4298
4022
1065
4300
4301
4302
4304
4009
1068
4306
4307
4162
178
4310
4311
4312
4313
4314
4315
4316
4317
4318
4319
5276
4321
4324
4322
4324
1079
4326
4327
4328
4329
4330
4331
4332
4333
4335
4337
4336
4340
264
5259
1934
4341
1765
4343
278
4438
278
1943
4347
1724
1726
1726
4353
4353
4356
4354
4440
1808
4358
4359
291
4359
4362
4363
4364
1791
4366
1091
4370
4980
4676
267
1906
1908
5276
269
5279
5294
5295
5296
1956
4377
5266
4378
4382
5262
5266
4387
5254
1296
4390
4391
4392
286
285
286
5308
4397
4398
4399
4400
4403
1099
4392
1812
1089
301
1976
4406
4412
1102
1777
4412
1090
1090
4413
4416
4417
4418
4419
4420
4421
4422
4423
4424
4425
4426
4427
4428
4433
4430
4431
4432
4434
4997
1941
1944
1944
4989
1777
4439
4366
4442
1787
1787
1735
1735
1732
220
1905
4450
4451
4452
4453
4454
4453
4457
4457
4408
4458
4461
5473
4462
4463
4464
4465
4466
4467
4468
4469
4470
4471
4472
3953
947
4473
1116
950
4489
4827
953
4486
4482
3975
961
4475
1115
936
3930
3933
4490
4491
4492
4493
4494
4495
643
4497
4498
4499
4501
4246
4502
4244
4244
1038
4176
4506
4507
3997
4510
4511
4512
4513
4514
4515
4516
4517
4518
4520
4521
4523
1122
4046
4049
4047
4530
4090
4098
4138
5633
4529
1124
4527
4534
4535
4536
4537
4538
4539
4540
4541
988
4546
4109
4544
4545
4103
1825
4091
4550
4551
4552
4553
4554
4082
4081
4084
1826
4561
1129
4562
4555
4563
4564
4565
4566
4567
5725
5777
1832
1830
5725
4114
1131
4577
4575
4581
1013
4576
1132
4582
4101
1678
3850
4584
896
4587
4588
4589
4590
4591
4592
4593
4594
4595
4596
4597
4598
4599
4600
4601
4602
4603
4604
4605
4606
4607
4608
4609
4610
4611
4612
4613
4614
4615
4616
4617
4618
4619
4620
4621
4622
4623
4624
4625
4626
1831
4629
4080
4077
310
880
4633
4634
4635
4636
4638
4727
1149
4640
4641
4642
4643
4644
4645
4646
4647
185
4649
4651
3938
4652
4653
4654
4655
4656
4657
4659
4683
4660
4661
4662
4663
4664
4665
4666
4667
4668
4669
4977
4671
4672
4676
1157
4673
4940
4677
4678
4937
4680
4063
1001
4681
4683
1161
4688
4686
4939
1163
939
4698
4691
3936
4695
4695
912
4698
4865
4699
3980
963
1166
4704
4874
1166
1165
4875
4708
4709
4710
4711
4712
4713
4714
4715
4716
4717
4718
4719
4720
4721
4722
4723
4724
4725
4726
4715
4728
4729
4730
4731
4732
4733
4734
1883
161
4735
3917
929
4738
930
4742
4762
4744
4746
4774
4747
4748
1174
5817
900
4755
1176
4752
4755
4740
1172
4756
4759
4762
4761
4696
4763
912
3852
898
4765
3858
4768
901
4761
999
4771
4748
1175
4773
4772
4778
4779
4780
4782
4877
4783
4781
4159
907
4692
4788
4789
4790
4791
4792
4793
4794
4795
4796
4797
4798
4799
4800
4801
1665
4767
1178
903
4769
5438
4058
4808
311
3863
4816
235
4814
1183
4820
5773
5736
5828
4164
1018
4822
3990
4823
4827
4826
4831
4828
4829
4830
3933
1850
4834
4836
5650
4837
4838
4134
4839
4840
4841
4842
4843
1041
5030
4844
1702
4848
4849
4850
4851
4852
4853
4854
4855
4856
5026
4858
4859
4860
4861
4862
4863
4864
4017
978
3930
4868
4824
317
2024
325
4871
3944
942
4876
4878
4879
4873
4881
4885
1188
4880
1187
4887
1194
4890
4887
3925
4889
932
935
4889
4889
1192
4896
4897
4898
4899
4900
4901
4903
5013
1195
4902
4907
5016
935
4911
4892
935
3924
934
4912
4915
4915
1193
4917
1191
4919
4918
1198
4921
4892
4927
4925
4935
4916
4928
1197
4931
4932
4792
4933
4935
853
4926
1162
3778
854
1201
4966
1201
4943
4942
862
4950
1200
4947
4965
4951
4961
4953
4954
4955
4956
4957
4958
4934
4959
4687
1158
863
4920
4914
1196
4964
4967
856
4969
1202
1202
243
4949
4970
4975
4960
854
3779
4979
4675
4983
4983
4984
4985
4986
4987
1841
1156
4991
5445
1206
4990
4994
4995
4995
4995
5001
4998
1209
5011
5003
5009
5002
5003
5006
5007
5008
5009
5010
5004
1211
4758
5014
5015
5018
1212
957
5020
1212
5022
5023
4737
1879
251
4212
1034
5031
4228
5031
5033
1214
5035
1216
5035
1210
5005
1210
5042
5039
884
5012
1211
5046
1141
5415
3828
5041
4608
4216
5052
5053
5054
5055
5055
5056
5057
5058
5059
5060
5061
5062
5063
5064
5065
5066
5067
5065
5069
5068
5071
5072
5073
5074
5075
5076
5077
5078
5079
5080
5081
5082
5083
5084
5085
5086
5087
5088
5089
5090
5091
5092
5093
5094
5095
5096
5097
5098
5099
5100
5101
5102
5103
5104
5105
5106
5107
5108
5109
5110
5111
5112
5113
5114
5115
5116
5117
5118
5119
5120
5121
5122
5123
5124
5125
5126
5127
5128
5129
5130
5131
5132
5133
5134
5135
5136
5137
5138
5139
5140
5141
5142
5143
5144
5145
5146
5147
5148
5149
5150
5151
5152
5153
5154
5155
5156
5157
5158
5159
5160
5161
5162
5163
5164
5165
5166
5167
5168
5169
5170
5171
5172
5173
5174
5175
5176
5177
5178
5179
5180
5181
5182
5183
5184
5185
5186
5187
5188
5189
5190
5191
5192
5193
5194
5195
5196
5197
5198
5199
5200
5201
5202
5203
5204
5205
5206
5207
5208
5209
5210
5211
5212
5213
5214
5215
5216
5217
5218
5219
5220
5221
5222
5223
5224
5225
5226
5227
5228
5229
5230
5231
5232
5233
5234
5235
5236
5237
5238
5239
5240
5241
5242
5243
5244
5245
5246
5247
5249
5437
1204
1204
4442
1106
5255
4395
1295
1086
4348
4345
5261
5300
1297
5260
1953
1953
5267
5304
1895
279
280
1945
1900
4381
1300
5273
5264
5265
5260
5276
1301
5281
5282
274
1939
280
1948
199
1733
5287
1764
1769
4393
4394
5297
5298
5297
5297
203
5309
5307
4361
5306
5305
5305
5305
290
4361
4355
5309
1967
5311
4440
1101
5314
5315
5316
4445
282
5319
1092
5287
4089
5323
5324
5325
5326
5327
5328
5329
5330
5331
5332
5333
5334
5335
5336
5337
5338
5339
5340
5341
5342
5343
5344
5345
5346
5347
5348
5349
5350
5351
5352
5353
5354
5355
5356
5357
5358
5359
5360
5361
5362
5363
5364
5365
5366
5367
3696
5369
5370
5371
5372
5373
5374
5375
5376
5377
5378
5379
5380
5381
5382
5383
5384
5385
5386
5387
5388
5389
5390
5391
5392
5393
5394
5395
5396
5397
5398
5399
5400
5401
5402
5403
5404
5405
5406
5407
5408
5409
5410
5411
5412
5413
5414
5010
4929
1196
4193
1718
1717
4260
4261
4276
3966
5424
5425
5427
4905
5429
5430
5431
5432
4097
5434
5435
5436
3779
5438
5439
5816
5441
2005
5443
5282
5445
5446
5447
5448
5449
1878
4278
4228
4219
5454
5455
4346
4996
1539
1783
5460
212
5462
1981
5464
1437
56
5467
204
5469
1383
5471
5472
4459
5485
5555
5572
5572
3763
3061
5704
5479
5553
5511
5539
5547
5508
2399
5570
5571
5536
5492
5487
5757
5702
5497
5556
5805
5565
5818
5554
5495
5556
5554
5499
2399
5499
5508
2399
5494
5576
5577
5494
5512
5510
5489
5536
5537
5516
5538
5535
5530
5529
5548
5492
5756
5570
5499
2399
5527
5532
5527
5505
5505
5570
5528
5570
5488
5488
5526
5572
5572
5560
1333
3061
5704
5575
5504
5506
5508
5532
5486
5575
5575
5558
5559
5757
5493
2401
2401
3763
3763
3763
5560
5807
5703
2400
5807
5479
5703
5579
5579
3763
5493
5572
5703
5564
5566
5579
2400
5807
5660
5666
5735
5735
5772
4127
4750
5784
5587
5684
5597
5639
5657
5614
5770
5605
5678
5637
5600
5595
5615
5731
5668
5603
4127
4143
5673
4142
5666
5666
5663
5603
4142
4125
5614
5614
4142
5674
5674
5679
5602
5685
5596
5644
5685
5645
5637
5600
5646
5658
5656
5601
5659
5608
5732
5608
5608
5642
5636
5594
5614
5614
5678
5678
5635
5635
5634
5634
5672
5735
5772
4750
1691
5730
5675
5614
5614
5613
5594
5615
5675
5675
5667
5667
5606
5668
5733
5606
4807
5680
5680
5669
1690
1690
1689
5730
5730
5605
5605
5734
5665
5680
5783
5586
5686
1690
1690
5485
5555
5562
5562
5698
5698
2403
2403
2403
2403
5808
5497
5805
5818
5807
5821
5821
2380
2380
1335
5704
5545
5568
5552
5509
5516
5539
5524
5666
5681
5631
5648
5623
5618
5607
5677
5683
5587
1691
4106
4106
4106
4750
4127
4125
4143
4807
5669
5772
5772
5735
5585
5585
5585
5672
5670
5821
5821
2380
2380
5585
5585
5707
5545
5481
5552
5511
5513
2389
5805
5808
2403
2403
2403
1642
5805
5662
5654
5620
5621
5670
5604
4125
4126
4807
5772
5585
5772
5653
1691
5438
2390
5758
5478
4127
4750
4106
4106
4106
5520
5523
5524
5562
5496
5562
2403
5623
5627
5631
5681
5672
5772
5802
4105
3057
692
2394
3089
2393
9
2391
5810
4116
4115
4117
4130
4130
4685
4684
4745
3088
2395
2995
3057
4684
5823
5814
5814
519
2394
4130
4128
2394
2394
4659
2995
5816
5822
5820
5833
1041
5844
5845
1508
5845
1719
188
3334
5845
5844
85
5844
