0
1
2
3
102
385
2149
2152
2913
118
122
125
12
48
49
72
16
17
18
19
354
352
1822
23
24
368
386
385
3591
3591
924
2923
880
1068
130
148
36
37
170
26
40
2982
3014
43
44
45
46
84
52
3005
48
3006
152
54
133
55
56
57
120
10
60
62
123
11
64
65
126
67
68
14
69
14
49
73
74
75
50
50
70
78
15
81
82
83
84
1800
1799
87
88
89
90
91
94
23
2155
95
98
97
100
4
3018
3018
102
3016
385
2953
899
3015
3591
3591
898
898
3558
3558
2913
3020
2912
3489
2915
116
2917
2918
2919
124
3478
33
127
3447
13
128
51
129
34
134
155
135
136
139
138
39
140
141
1971
386
1968
145
146
147
104
103
169
915
153
153
2982
7
6
159
150
166
144
161
162
6
35
158
167
3014
43
2981
2981
258
256
261
267
272
2208
2558
527
4714
289
292
295
183
219
223
328
187
188
189
190
2389
4733
2216
2218
1474
545
197
5441
5351
5351
1600
4721
4722
1435
300
319
331
208
1466
197
305
4779
4812
4782
216
255
217
172
323
323
1465
219
4781
227
225
224
304
231
229
181
291
235
232
182
294
236
237
238
297
185
223
185
240
244
245
246
222
222
243
186
249
252
253
254
2193
191
2193
532
2387
259
2217
1473
1475
265
2560
2218
1474
2222
273
2559
4817
196
4817
4752
528
4750
4752
5445
5352
6138
5352
5351
1448
4820
1601
1448
4713
4711
1431
5253
4716
1432
4718
296
204
4724
298
4730
184
221
299
301
205
305
326
308
307
310
309
210
311
315
315
197
2223
316
173
318
2207
562
320
274
325
4779
325
4821
177
209
214
321
312
332
260
177
319
330
339
4782
339
562
562
1782
343
1783
345
346
347
348
349
350
2950
352
353
354
355
3710
357
358
359
360
361
2151
363
364
365
427
1973
368
1164
1164
4378
3960
1845
1164
1832
1164
3955
1164
2849
4376
3073
3062
4378
4378
385
386
387
388
389
390
391
392
393
394
395
396
397
398
399
400
401
402
403
404
405
1912
1914
408
3338
410
411
412
413
414
415
416
417
418
419
420
1963
901
423
1965
3900
3011
907
428
3142
3170
1993
432
433
434
435
436
437
438
439
4377
1164
4377
3956
2851
2848
2020
447
448
449
450
451
452
453
454
455
456
457
458
459
460
461
462
463
464
465
466
467
468
469
470
471
472
473
474
3281
476
477
478
479
4250
481
482
483
484
485
486
487
488
489
490
491
492
493
494
495
496
497
498
499
500
2910
2908
3712
504
2138
506
507
508
509
510
2160
2159
2847
514
515
3956
3960
4498
2179
520
521
522
4515
524
525
526
5352
1442
4733
2389
531
258
5470
534
535
536
2203
4835
4750
540
541
542
1458
2383
545
1685
1685
6124
5716
2246
1685
2234
5712
1685
1685
4651
6122
4861
4870
6124
6124
5441
563
564
565
566
567
568
569
570
571
572
573
574
575
576
577
578
579
580
581
582
583
584
585
2320
2325
588
589
590
591
592
593
594
595
596
597
598
599
600
601
1451
603
5656
2382
606
4931
4957
2405
610
611
612
613
614
615
616
617
6123
6124
1685
5714
4648
4649
2434
625
626
627
628
629
630
631
632
633
634
635
636
637
638
639
640
641
642
643
644
645
646
647
648
649
650
651
652
653
654
655
656
5072
658
659
660
6004
662
663
664
665
666
667
668
669
670
671
672
673
674
675
676
677
678
5394
4708
4710
5472
2547
684
685
686
687
688
2564
4646
4621
692
693
5714
5716
696
697
698
1469
700
701
2596
3874
2598
705
706
707
708
709
710
711
712
713
714
715
716
2623
2621
3856
3870
721
722
723
724
725
726
727
728
729
730
731
732
733
734
735
736
737
738
739
740
741
742
743
744
745
2666
3728
2670
2673
2689
2688
2675
3670
2679
2682
2684
3686
758
759
760
761
762
763
764
765
766
767
768
769
770
771
3658
3651
774
775
776
777
778
779
780
781
782
783
784
2732
3662
2737
788
2742
3541
2744
792
793
2748
2750
796
797
798
799
800
801
818
803
804
805
806
807
808
809
810
2780
812
813
814
815
816
3961
2791
3742
3704
2796
3572
3388
824
825
826
827
828
2845
2810
2814
832
937
936
2828
2830
3781
3653
3741
3740
755
1130
3072
4378
845
2849
3749
756
849
850
851
852
853
854
855
856
857
858
859
860
861
862
863
864
865
866
867
868
869
870
2894
872
873
874
875
2906
877
3476
1076
1950
1077
2949
883
884
885
886
887
2997
3757
890
3592
3591
3617
894
31
112
892
3591
3591
900
1961
2965
2969
2967
2973
2979
2977
908
909
2996
3444
912
913
915
2981
2983
916
2986
2976
2991
1822
24
23
924
925
926
927
928
929
930
931
932
3142
4378
940
935
938
1063
941
3102
4374
3078
3057
3061
957
3147
1164
3142
3142
3172
3146
2837
3120
3145
3116
3121
3119
965
4378
3115
3117
848
2838
841
3749
3067
962
3117
3115
3145
842
2836
952
3145
3175
3994
4376
991
1530
957
978
990
2174
2176
3183
3185
6208
2791
3194
2839
2854
2171
993
994
995
996
997
998
999
1000
1001
1002
1003
1004
1005
1006
1007
1008
1009
1010
1011
1012
2085
1014
1015
1016
1017
3919
2043
1020
1021
1022
1023
1024
1025
4237
1027
1028
1029
1030
1031
1032
1033
1034
1035
1036
1037
1038
1039
1040
1041
1042
1043
1044
1045
1046
3377
3379
3382
1050
1051
1052
1053
1054
1055
1056
1057
1058
1059
956
6235
3115
1062
3426
1065
1066
1067
1068
1069
1070
1071
1072
32
1074
1075
3475
902
880
1079
1080
1956
422
2923
3501
1085
1086
1087
1088
1089
1090
1091
1092
1093
1094
1095
3542
1097
1098
1099
3567
3569
4379
3660
3070
1105
3845
3580
1108
3880
3609
1111
1112
3616
3620
3876
1116
3636
3638
4383
3663
3690
3837
1123
3671
3674
1126
1127
3838
3691
3702
1131
1132
1133
3735
1135
3794
3046
3789
1139
1140
1141
1142
1143
1144
1145
1146
3952
1148
3853
1150
1151
1152
1153
1154
1155
1156
1157
1158
1159
1160
1161
1162
1163
2793
3142
1168
1167
2849
1169
1170
1171
1172
1173
1174
1175
1176
1177
1178
1179
1180
1181
1182
1183
1184
1185
1186
1187
1188
1189
1190
1191
1192
1193
1194
1195
1196
1197
1198
1199
1200
1201
1202
1203
1204
1205
1206
1207
1208
1209
1210
1211
1212
1213
1214
1215
1216
1217
1218
1219
1220
1221
1222
1223
1224
1225
1226
1227
1228
1229
1230
1231
1232
1233
1234
1235
1236
1237
1238
1239
1240
1241
1242
1243
1244
1245
1246
1247
1248
1249
1250
1251
1252
1253
1254
1255
1256
1257
1258
1259
1260
1261
1262
1263
1264
1265
4245
1267
1268
1269
1270
1271
1272
1273
4410
4408
5630
1277
1278
1279
1280
1281
1282
1283
1284
1285
1286
1287
1288
4431
5625
5612
4433
1293
1294
1295
1296
1297
1298
1299
1300
1301
1302
1303
1304
1305
1306
1307
1308
1309
1310
1311
1312
1313
1314
5487
4475
4479
4485
4483
4496
4495
4488
5430
4493
1325
1326
1327
1328
1329
1330
4522
4521
1333
4510
5427
4513
1337
1338
5419
5412
1341
1342
1343
1344
1345
1346
1347
4540
5425
4549
4547
5305
1353
4551
4553
1356
1357
1358
1359
1360
1361
1378
5571
1364
1365
1366
1367
1368
1369
1370
4592
1372
1373
1374
5717
5465
5501
4593
4598
5333
1381
5163
1383
5395
4609
4647
1387
4624
4629
1486
5414
5538
5499
1650
1324
5500
4869
548
1399
5501
4674
1402
4657
1404
1405
1406
1407
1408
1409
1410
1411
1412
1413
1414
1415
1416
1417
1418
1419
1420
1421
4692
4694
1424
1425
1426
1427
4704
5323
5238
1595
1596
5239
1463
1434
1436
4744
1438
2391
5515
4802
5353
5378
295
287
286
5351
5351
6138
1450
2375
4763
4766
4768
4773
4776
4778
1457
1459
1460
4797
5207
5206
1464
1453
4782
198
4785
4787
4790
4780
197
2216
1474
2218
1600
1477
1478
1479
4834
1481
4842
4932
6124
1489
1485
1488
1493
1494
4875
4857
4858
4938
1504
1685
4932
4932
4959
4955
4936
1508
1507
4935
4914
6124
4910
4639
1395
4862
4910
4938
1394
4637
1499
4958
4962
4964
6122
1529
1504
1519
1532
2578
2576
4970
4972
6206
4593
4654
848
4981
4638
2573
1534
1535
1536
1537
1538
1539
1540
1541
1542
1543
1544
1545
1546
1547
1548
1549
1550
1551
1552
1553
1554
5676
1556
1557
1558
1559
1560
1561
1562
1563
5991
1565
1566
1567
1568
1569
1570
1571
1572
1573
1574
1575
1576
1577
1578
1579
5158
1581
1582
1583
1584
1585
1586
1435
1588
1589
1590
1591
203
5230
1594
1452
1593
4722
5245
1599
5257
602
4721
5265
1604
1605
1606
1607
1608
1609
1610
1611
1612
1613
1614
5304
1616
1617
1618
2377
5328
5330
6125
1623
1624
4868
5341
1668
1628
5636
1630
1631
1632
5376
1634
5632
1636
5400
5399
6129
5424
5448
5594
5493
5433
5432
5437
5444
5593
5451
5461
5467
1652
5496
5492
1655
4796
1657
4846
5547
1660
1661
1662
1663
1664
1665
1666
1667
5709
1669
5610
1671
1672
5646
1674
1675
1676
1677
1678
1679
1680
1681
1682
1683
1684
4596
4932
1689
1688
4651
1690
1691
1692
1693
1694
1695
1696
1697
1698
1699
1700
1701
1702
1703
1704
1705
1706
1707
1708
1709
1710
1711
1712
1713
1714
1715
1716
1717
1718
1719
1720
1721
1722
1723
1724
1725
1726
1727
1728
1729
1730
1731
1732
1733
1734
1735
1736
1737
1738
1739
1740
1741
1742
1743
1744
1745
1746
1747
1748
1749
1750
1751
1752
1753
1754
1755
1756
1757
1758
1759
1760
1761
1762
1763
1764
1765
1766
1767
1768
1769
1770
1771
1772
1773
1774
1775
1776
1777
1778
6000
1780
1781
1782
343
1781
1785
1786
1787
1788
1789
1790
1791
1792
1793
1794
1795
1796
1801
1798
1799
355
1801
1802
1803
1804
1805
1806
1807
1808
1809
1810
1814
1814
915
3684
2151
1816
1816
1818
1819
366
366
23
1820
427
1164
1164
1164
1164
4378
4378
1164
1846
1846
1164
1164
1164
1164
1164
3956
3960
1164
1164
3956
3956
2850
2850
4377
846
2848
3064
942
3062
430
3072
4377
4377
4377
4378
1859
1860
387
1859
1863
1864
1865
1866
1867
1868
1869
1870
1871
1872
1873
1874
1875
1876
1877
1878
1879
1880
1881
1882
1883
1884
1885
1886
1887
1888
1889
1890
1891
1892
1893
1894
1895
1896
1897
1898
1899
1900
1901
1902
1903
1904
1905
1906
1907
1908
1910
1910
1910
1909
1912
1913
1912
1917
1920
1918
1919
1922
1922
3337
1923
1924
1925
1926
1927
1928
1929
1931
1931
1932
1933
1934
1935
1936
1937
1938
1939
1940
1941
1942
1943
1944
1945
3473
1949
3476
3474
3475
1952
1952
1951
421
1962
3494
421
3591
1960
3562
1084
1959
502
1967
423
1964
1967
141
3744
26
1971
1972
2997
907
1976
2997
1823
367
89
1980
1980
1982
1983
2998
1985
1986
1987
1849
379
1849
3143
1992
1993
1994
1992
1996
1997
1998
1999
2000
2001
2002
2003
2004
2005
2006
2007
2008
2009
4377
4377
4377
4377
4377
4377
846
846
2851
1953
420
1953
2022
2023
2024
2025
2026
2027
2028
2029
2030
2031
2032
2033
2034
2035
2036
2037
2038
2039
2040
6156
2042
2043
2040
2045
2046
2047
2048
2049
2050
2051
2052
2053
2054
2055
2056
2057
2058
2059
2060
2061
2062
2063
2064
2065
2066
2067
2068
2069
2070
2071
2072
2073
2074
2075
2076
2077
2079
3928
2080
2081
2082
2083
2084
388
2086
2087
2088
2089
2090
2091
2092
2093
2094
2095
2096
2097
2098
2099
2100
2101
2102
2103
2104
2105
2106
2107
2108
2109
2110
2111
2112
2113
2114
2115
2116
2117
2118
2119
2120
2121
2122
2123
2124
2125
2126
2127
2128
2129
2130
2131
2132
2133
2763
2135
2136
2137
2138
2139
2140
2142
2585
2143
2141
2145
2582
2147
2148
4392
4392
891
4392
2156
24
97
2991
513
2157
513
2160
2161
2162
2163
2164
2165
2166
2167
2168
987
987
987
3187
517
369
2173
1843
2180
2177
520
2180
2183
2182
5488
2184
2185
2186
2185
2188
2189
2190
2191
2192
2196
2193
531
2196
192
2198
2199
2200
2201
2202
538
2204
2205
2206
4752
4752
4782
4752
4750
2214
2213
2214
2212
2384
2218
2384
1458
2219
312
272
2223
197
5503
1685
1685
1685
1685
6124
1685
6124
2246
2247
1685
1685
1685
1685
4878
1685
1685
1685
5714
5714
1685
4650
4650
4648
1400
6123
4859
1490
4869
608
4858
6124
6124
6124
6123
2260
2260
2262
2263
2264
2265
2266
2267
2268
2269
2270
2271
2272
2273
2274
2275
2276
2277
2278
2279
2280
2281
2282
2283
2284
2285
2286
2287
2288
2289
2290
2291
2292
2293
2294
2295
2296
2297
2298
2299
2300
2301
2302
2303
2304
2305
2306
2307
2308
2309
2310
2311
2312
2313
2314
2315
2316
2317
2318
2322
2319
2321
2322
2320
2324
2323
2329
2327
2328
2330
2330
5122
2332
2333
2334
2335
2336
2337
2338
2339
2340
2341
2345
2343
2344
2345
2346
2347
2348
2349
2350
2351
2352
2353
2354
2355
2356
2357
2358
2359
2360
5237
5237
5239
5240
1452
2368
2366
2368
1619
2378
2377
1619
1451
2376
1603
5324
681
2374
2380
5673
2379
603
5513
4789
4796
2385
544
2386
1473
1440
1441
2393
4797
4803
2395
2396
2397
2248
4934
2248
556
2404
2402
2404
611
2406
2407
2408
2409
2410
2411
2412
2413
2414
2415
2416
2417
2418
2419
6123
6123
6123
6123
1685
1685
5714
6123
1685
1400
4649
1400
2367
2367
601
2435
2436
2437
2438
2439
2440
2441
2442
2443
2444
2445
2446
2447
2448
2449
2450
2451
2452
2453
6157
2453
2456
2457
2458
2459
2460
2461
2462
2463
2464
2465
2466
2467
2468
2469
2470
2471
2472
2473
2474
2475
2476
2477
2478
2479
2480
2481
2482
2483
2484
2485
2486
2487
2488
2489
2490
2494
2492
2493
5684
2495
2496
2497
2498
2499
2500
2501
2502
2503
2504
2505
2506
2507
2508
2509
2510
2511
2512
2513
2514
2515
2516
2517
2518
2519
2520
2521
2522
2523
2524
2525
2526
2527
2528
2529
2530
2531
2532
2533
2534
2535
2536
2537
2538
2541
2539
4564
676
2546
2543
2545
6137
1401
2548
2549
2550
2551
2552
2553
2554
5352
5352
5352
1442
4818
2559
195
4790
690
690
4645
2565
2567
2568
2569
2570
1527
4975
1375
1527
695
2244
2575
546
2579
2580
2581
2582
2583
2584
2586
2818
2587
2588
2589
2590
2591
2592
2593
2594
2597
703
3899
425
2595
2600
2601
2602
2603
2604
2605
2606
2607
2608
2609
2610
2611
2612
2613
2614
2615
2616
2617
2618
2622
2619
719
3868
720
2624
2625
2626
2627
2628
2629
2630
2631
2632
2633
2634
2635
2636
2637
2638
2639
2640
2641
2642
2643
2644
2645
2646
2647
2648
2649
2650
2651
2652
2653
2654
2655
2656
2657
2658
2659
2660
2661
2662
2663
2667
2664
747
3873
2669
4368
431
2668
2674
750
2686
751
2672
2678
3738
753
2677
2685
749
2681
757
3685
2687
2687
342
2689
2690
2691
2692
2693
2694
2695
2696
2697
2698
2699
2700
2701
2702
2703
2704
2705
2706
2707
2708
2709
2710
2711
2712
3698
2714
2715
2716
2717
2718
2719
2720
2721
2722
2723
2724
2725
2726
2727
2728
2729
2730
2733
786
3727
2731
2738
2735
788
2738
2739
2740
2743
446
3954
790
2741
2747
2747
793
2746
792
2751
2752
2753
2754
2755
2756
2757
2758
2759
2760
2761
2762
2763
3956
3956
3956
3953
2768
2769
2770
2771
2772
2773
2774
2775
2776
2777
2778
2779
2780
2781
2782
2783
2784
2785
2786
2787
2788
2789
2790
820
2795
2794
820
3961
2842
2798
2841
1840
2800
3386
2802
2803
2804
2805
2806
2807
828
2846
2809
2812
2812
2817
825
2815
811
3384
2781
808
2845
2845
829
2823
830
2825
2827
3053
834
2826
833
2831
2832
3654
2834
2835
3739
3739
3740
3701
3741
373
1845
371
3787
2845
2846
845
3742
3705
3742
3741
3748
3749
2683
3748
2856
2857
2858
2859
2860
2861
2862
2863
2864
2865
2866
2867
2868
2869
2870
2871
2872
2873
2874
2875
2876
2877
2878
2879
2880
2881
2882
2883
2884
2885
2886
2887
2888
2889
2890
2891
2892
2893
2894
2895
2896
2897
2898
2899
2900
2901
2902
2903
2137
2904
505
2911
877
2907
871
2911
2914
113
3493
31
114
121
1946
32
120
1949
1076
1077
2924
2930
2926
123
2947
882
2948
2931
2932
2933
2934
2935
2936
2937
2938
2939
886
2941
1975
888
2944
2945
2946
2948
4267
911
891
3592
3590
2951
4392
898
3591
2151
2958
2959
2960
2961
2964
2962
3500
2965
2970
356
2966
503
3711
2974
2971
2973
3747
2975
2975
930
2978
2979
2968
904
2980
903
2985
3041
905
906
906
2976
2977
2976
2992
2993
2994
2995
930
2996
3037
3000
3441
2999
3002
3003
3004
2982
2983
2982
2988
919
2989
918
2982
915
3014
1814
2953
3017
3018
2990
29
421
3021
3023
3024
3025
3026
3027
3028
3029
3030
3031
3032
3033
3034
1817
3036
3037
3038
3039
3040
3041
3042
3043
3044
3173
3173
4378
3142
4377
4377
3417
3058
3055
3419
3418
3074
3059
3075
3076
3077
3093
3077
952
3091
3056
3056
3057
939
3060
3066
3065
445
2018
4374
957
3117
4375
3171
3144
1164
1164
1164
4378
3173
3173
3142
3173
846
3173
3172
3169
3169
3168
839
3148
964
3146
3148
3149
3120
3118
3119
3120
965
1164
4377
3956
4377
3189
3114
991
3191
3192
2855
847
2852
840
3748
3740
2854
3749
3052
936
3052
3149
3150
3116
3114
3117
3114
3115
963
3145
963
3114
3117
3115
3144
3144
971
2840
842
2840
842
2836
2839
2836
841
2854
848
3144
3145
3144
1164
1164
1164
1164
1164
1164
4377
4378
3196
4375
3198
3197
3117
3145
2839
842
839
2837
842
2849
3198
3175
3174
3994
3178
3190
3165
4374
3164
974
3182
3991
6208
2791
988
6192
991
2854
6192
3162
3111
3193
3197
2839
990
2169
2170
3201
3202
3203
3204
3205
3206
3207
3208
3209
3210
3211
3212
3213
3214
3215
3216
3217
3218
3219
3220
3221
3222
3223
3224
3225
3226
3227
3228
3229
3230
3231
3232
3233
3234
3235
3236
3239
3239
1859
3240
3241
3242
3243
3244
3245
3246
3249
3248
4251
3250
3251
3252
3253
3254
3257
1018
4198
3258
3259
3260
3261
3262
3263
3264
3265
3266
3267
3268
3269
3270
3271
3272
3273
3274
3275
3276
3277
3278
3279
3280
3281
1026
3283
4236
3285
3286
3287
3288
3289
3290
3291
2098
3293
3294
3295
3296
3297
3298
3299
3300
3301
3302
3303
3304
3305
3306
3307
3308
3309
3310
3311
3312
3313
3314
3315
3316
3317
3318
3319
3320
3321
3322
3323
3324
3325
3326
3327
3328
3329
3330
3330
3332
3333
3334
3335
3336
1914
406
3339
3340
3341
2044
3343
3344
3345
3346
3347
3348
3349
3350
3351
3352
3353
3354
3355
3356
3357
3358
3359
3360
3361
3362
3363
3364
3365
3366
3367
3368
3369
3370
3371
3372
3373
3374
3375
3380
813
3376
1049
3381
3383
1050
3383
3384
3385
2829
835
836
3389
3390
3391
3392
3393
3394
3395
3396
3397
3398
3399
3400
3401
3402
3403
3404
3405
3406
3407
3408
3189
6235
3112
3101
3114
3115
3117
3114
3420
3416
3421
3101
956
3051
3054
3109
3424
3113
3427
3428
3429
3430
3431
3432
3433
3434
3435
3436
3437
3438
3439
3440
3441
3442
3443
1069
2934
33
3447
3448
3449
3450
3451
3452
3453
3454
3455
3456
3457
3458
3459
3460
3461
3462
3463
3464
3465
3466
3467
3468
3469
3470
3471
3472
3474
3474
1074
902
124
3478
32
3480
3481
3482
3483
3484
3485
3486
3487
3488
3493
422
3492
2963
2963
901
3492
2914
1081
31
3489
2905
876
3502
3503
3504
3505
3506
3507
3508
3509
3510
3511
3512
3513
3514
3515
3516
3517
3518
3519
3520
3521
3522
3523
3524
3525
3526
3527
3528
3529
3530
3531
3532
3533
3534
3535
3536
3537
3538
3539
2749
795
794
3540
3544
3545
3546
3547
3548
3549
3550
3551
3552
3553
3554
3555
1962
3021
3558
2857
3560
3559
3561
3563
3564
3568
3565
1096
3855
3124
3122
2828
1854
3574
1853
1101
3571
966
3577
3576
377
1147
1106
2799
3584
3585
3586
3587
3588
3589
2909
3590
501
3593
3594
3595
3596
3597
3598
3599
3600
3601
3602
3603
3604
3605
3607
3918
3606
1109
3610
3611
3612
3613
2895
3614
872
3615
1113
3621
1115
3879
3619
3623
3624
3625
3626
3627
3628
3629
3630
3631
3632
3633
3634
2158
511
3635
512
2822
3639
3641
3642
3656
3644
3645
2802
3387
3648
3652
3649
1120
3661
822
3573
2797
3657
4380
1121
3583
835
3664
1100
1122
3839
3665
3666
3667
2021
3668
344
2745
791
3671
789
3675
3676
3677
3679
3709
3678
3681
3682
3683
3680
2736
787
3688
3836
3687
1128
1125
3673
3694
1125
3695
3696
3697
3689
3699
2676
3700
752
2680
754
3703
3706
3707
3708
3683
3710
3707
1131
3713
3714
3715
3716
3717
3718
3716
3720
3721
3722
3723
3724
3725
3726
3566
718
3729
3730
3731
2734
3732
785
746
3736
1134
1784
3701
755
1130
3705
3744
4390
3745
3746
3747
2683
756
3750
3751
3752
3753
3754
2997
2996
3757
3758
3759
3760
3761
3762
3763
3764
3765
3766
3767
3768
3769
3770
3771
3772
3773
1981
3775
3776
3777
3778
3779
3782
1102
3795
4378
1847
4378
1846
1990
383
3966
3788
3791
3792
3793
1104
382
3975
3975
1165
3798
3800
3801
3071
3069
3804
3805
3806
3807
3808
3809
3810
3811
3819
1117
3637
3815
3816
3719
3817
3818
3820
3821
3822
3823
3824
3825
3826
3827
3828
3829
3830
3831
3832
3833
3834
3835
1124
3672
1129
3840
3841
3543
1129
3845
3952
3693
3953
818
3848
3849
3850
3851
3849
1148
3852
3854
1149
3857
3858
3859
3860
3861
3862
3863
3864
3866
3875
3865
3869
3905
1152
3871
3872
2620
717
2665
702
3877
3878
2599
704
3881
3882
3883
3884
3885
3886
3887
3888
3889
3890
3891
3892
3893
3894
3895
3896
3897
3898
2671
748
3901
3902
3903
3904
3905
3906
3907
3908
3909
3910
3911
3912
3913
3914
3915
3916
3917
3920
1156
4389
3921
3922
3923
3924
3925
3926
3927
3928
3929
3930
3931
3932
3933
3934
3935
3936
3937
3938
3939
3940
3941
3942
3943
3944
3945
3946
3945
3948
3949
3950
3951
817
2792
3947
818
2791
818
3956
3956
4376
3962
3963
3669
3173
3172
3173
4378
3173
3142
3173
3974
3975
3974
2794
1168
3976
3977
3978
3979
3980
3981
3982
3983
3984
3985
3986
3987
3988
3989
3144
971
3994
3995
3995
842
3996
3997
3998
3999
4000
4001
4002
4003
4004
4005
4006
4007
4008
4009
4010
4011
4012
4013
4014
4015
4016
4017
4018
4019
4020
4021
4022
4023
4024
4025
4026
4027
4028
4029
4030
4031
4032
4033
4034
4035
4036
4037
4038
4039
4040
4041
4042
4043
4044
4045
4046
4047
4048
4049
4050
4051
4052
4053
4054
4055
4056
4057
4058
4059
4060
4061
4062
4063
4064
4065
4066
4067
4068
4069
4070
4071
4072
4073
4074
4075
4076
4077
4078
4079
4080
4081
4082
4083
4084
4085
4086
4087
4088
4089
4090
4091
4092
4093
4094
4095
4096
4097
4098
4099
4100
4101
4102
4103
4104
4105
4106
4107
4108
4109
4110
4111
4112
4113
4114
4115
4116
4117
4118
4119
4120
4121
4122
4123
4124
4125
4126
4127
4128
121
2918
4131
4132
4133
4134
4135
4136
4137
4138
4139
4140
4141
4142
4143
4144
4145
4146
4147
4148
4149
4150
4151
4152
4153
4154
4155
4156
4157
4158
4159
4160
4161
4162
4163
4164
4165
4166
4167
4168
4169
4170
4171
4172
4173
4174
4175
4176
4177
4178
4179
4180
4181
4182
4183
4184
4185
4186
4187
4188
4189
4190
4191
4192
4193
4194
4195
4196
4197
4196
4199
4200
4201
4202
4203
4204
4205
4206
4207
4208
4209
4210
4211
4212
4213
4214
4215
4216
4217
4218
4219
4220
4221
4222
4223
4224
4225
4226
4227
4228
4229
4230
4231
4232
4233
4234
4235
4236
1255
4238
4239
4240
4241
4242
4243
4209
1258
4244
4247
4247
4249
1266
4246
4252
4253
4254
4255
4256
4257
4258
4259
4260
4261
4262
4263
4264
4265
4266
3466
4268
4269
4270
4271
4272
4273
4274
4275
4276
4277
4278
4279
4280
4281
4282
4283
4284
4285
4286
4287
4288
4289
4290
4291
4292
4293
4294
4295
4296
4297
4298
4299
4300
4301
4302
4303
4304
4305
4306
4307
4308
4309
4310
4311
4312
4313
4314
4315
4316
4317
4318
4319
4320
4321
4322
4323
4324
4325
4326
4327
4328
4329
4330
4331
4332
4333
4334
4335
4336
4337
4338
4339
4340
4341
4342
4343
4344
4345
4346
4347
4348
4349
4350
4351
4352
4353
4354
4355
4356
4357
4358
4359
4360
4361
4362
4363
4364
4365
4366
4367
3890
4369
3060
3063
1991
3119
3119
2837
2794
819
819
944
3843
4381
3655
821
4384
4385
4386
4387
4388
1966
2972
4391
3590
4393
421
4395
4396
4397
4398
4399
4400
4401
1164
971
4377
3117
4409
4406
604
5655
1276
4411
4412
4413
4414
4415
4416
4417
4418
4419
4420
4421
4422
4423
4424
4425
4426
4427
4428
4429
4432
1290
5624
1291
4430
4435
4436
4437
4438
4439
4440
4441
4442
4443
4444
4445
4446
4447
4448
4449
4450
4451
4452
4453
4454
4455
4456
4457
4458
4459
4460
4461
4462
4463
4464
4465
4466
4467
4468
4469
4470
4471
4472
4474
5629
1315
4473
4480
4477
609
6114
4484
4481
1320
4494
1321
4489
4486
1323
5497
4491
5446
4490
1318
1325
4542
4497
4497
4498
4499
4500
4501
4502
4503
4504
4505
4507
4520
1332
4506
1331
4512
5426
1334
4511
1335
4516
4517
4518
4519
4523
1339
1340
5458
4524
4525
4526
4527
4528
4529
4530
4531
4532
4533
4534
4535
4536
4539
4537
5486
1349
4542
4542
4541
4544
4548
4545
1352
5711
624
4550
4551
4550
1356
4554
4555
4556
4557
4558
4559
4560
4561
4562
4563
4565
4565
4566
5714
5710
5714
1685
4571
4572
4573
4574
4575
4576
4577
4578
4579
4580
4581
4582
4583
4584
4585
4586
4587
4588
4589
4590
4591
4592
1376
5717
1376
4595
4594
4644
2239
4641
4600
4602
4603
4604
5162
4606
4607
4608
4610
5394
4610
1384
1384
4614
4615
4616
4617
4618
4619
4620
4645
4613
4647
679
4625
4611
4630
4627
1390
4851
4631
4632
4633
5416
4635
5498
5499
5462
5500
5498
550
5544
548
2246
4647
1399
4647
5501
5499
5501
5464
5507
5507
4492
4656
4656
4657
4655
4659
4660
4661
4662
4663
4664
4665
4666
4667
4668
4669
4670
4671
4672
4673
4674
4675
4676
4677
4678
4679
4680
4681
4682
4683
4684
4685
4686
4687
4688
4689
4690
4695
524
4691
1424
4695
4696
4697
4698
4699
4700
4701
4702
2544
683
4703
4707
5354
1423
4706
1429
5259
2365
5258
286
285
293
203
2364
291
2364
5238
1596
296
4746
296
204
4748
4748
4747
4730
4731
297
192
4734
4735
4736
4740
4738
2391
4743
1656
5514
4745
1462
6131
6020
1463
5231
5353
5351
680
4751
5352
4750
5351
5352
4757
4758
4759
4760
4764
4761
1598
5264
4769
682
4765
533
5471
4772
4770
5506
1482
4777
4774
540
4777
1480
4767
1453
4767
1454
4784
4839
1456
4783
1455
4775
4778
4775
4791
4792
4793
537
1480
4795
4834
4799
5205
4798
537
4794
2203
4779
4779
4780
4785
4787
4788
1468
4779
4812
562
4752
4752
273
4817
4788
1619
1619
2371
4822
4823
4824
4825
4826
4827
4828
4829
4830
4831
4832
2215
4833
542
4836
4837
4838
4840
4840
4841
4842
4960
4932
6124
4960
6123
6124
5185
5186
4850
4856
4871
4872
4873
4874
4855
1493
4876
1499
4860
4853
4857
4854
1487
4854
4857
4864
622
607
6120
6121
6121
1504
4958
1513
1685
6124
1685
1685
4960
4960
4932
4960
4960
4959
4960
4956
1393
4955
4956
4937
4937
4938
4936
1508
4913
4913
4914
4912
1685
1685
6123
5714
4976
4909
4977
1529
4653
1396
4652
5507
4654
5500
4862
4852
1486
4939
4911
4911
4909
4910
6121
6121
4935
4909
4910
4933
4933
4933
4637
1394
4637
4637
4638
4638
1395
4636
4654
4933
4933
4938
1685
1685
1685
1685
6123
6124
4982
6121
4983
4984
6121
4938
4638
1394
1393
4640
1394
4651
4941
5750
4961
4964
4965
6120
4965
4968
4963
5747
4969
1515
1528
4596
4593
6192
4654
1529
4950
4979
4908
4983
1395
1532
2571
2574
4987
4988
4989
4990
4991
4992
4993
4994
4995
4996
4997
4998
4999
5000
5001
5002
5003
5004
5005
5006
5007
5008
5009
5010
5011
5012
5013
5014
5015
5016
5017
5018
5019
5020
5021
5022
5023
5024
5025
5026
5027
5029
5030
5030
5031
5032
5033
5034
5035
5036
5037
5040
5039
6005
5041
5042
5043
5044
5045
5046
5047
5949
5049
5050
5051
5052
5054
5054
5055
5056
5057
5058
5059
5060
5061
5062
5063
5064
5065
5066
5067
5068
5069
5070
5071
5072
1564
5990
5075
5076
5077
5078
5079
5080
5081
5082
2510
5084
5085
5086
5087
5088
5089
5090
5091
5092
5093
5094
5095
5096
5097
5098
5099
5100
5101
5102
5103
5104
5105
5106
5107
5108
5109
5110
5111
5112
5113
5114
5115
5116
5117
5118
5119
5120
5121
2325
5123
5124
5125
5126
5127
5128
5129
5130
5131
5132
5133
5134
5135
5136
5137
5138
5139
5140
5141
5142
5143
5144
5145
5146
5147
5148
5149
5150
5151
5152
5153
5154
5156
5159
5155
1371
5160
5160
5161
4628
1389
5164
5165
5166
5167
5168
5169
5170
5171
5172
5173
5174
5175
5176
5177
5178
4976
4900
4907
4909
4909
4910
5187
5183
4900
4849
4905
5189
5191
5192
5193
5194
5195
5196
5197
5198
5199
5200
5201
5202
5203
5204
5208
1588
5207
5208
298
4730
204
4800
5213
5214
5215
5216
5217
5218
5219
5220
5221
5222
5223
5224
5225
5226
5227
5228
5229
5230
5231
5232
5233
5234
5235
5236
5240
1452
1593
5247
296
203
4724
5244
1425
5246
5247
5248
5249
5250
5251
5252
5256
5256
5257
4762
1451
4762
4762
4713
5253
1431
286
4705
1428
5266
5267
5268
5269
5270
5271
5272
5273
5274
5275
5276
5277
5278
5279
5280
5281
5282
5283
5284
5285
5286
5287
5288
5289
5290
5291
5292
5293
5294
5295
5296
5297
5298
5299
5300
5301
4552
5302
1355
1354
5306
5307
5308
5309
5310
5311
5312
5313
5314
5315
5316
5317
2378
4755
1448
4658
5321
1403
5322
5325
5327
5611
1615
5326
4916
4629
4915
1397
2254
5334
5339
5337
5559
1509
5331
553
4599
1627
1668
5345
5346
5347
5348
5349
5350
4709
5351
680
5348
5355
5356
5357
5358
5359
5360
5361
5362
5363
5364
5365
5366
5370
1629
5369
5674
5371
5372
5373
5374
4693
1422
5375
5377
5377
5382
5381
5635
1635
5384
5385
5386
5387
5388
5389
5390
5391
5392
5393
5394
5395
691
4622
5397
689
1385
4626
5404
5402
5417
5405
5406
5407
5408
5409
5411
5422
1640
5410
1380
4601
5335
5420
5342
1641
6126
1389
5423
5595
1642
1620
5428
1643
6130
2433
519
5429
4546
1350
5432
1351
4514
5437
5438
5440
5469
5379
5438
5442
1646
1443
4543
5450
1648
5447
5592
1644
1644
5452
5434
5455
5456
5457
5449
4509
4482
1319
5460
4487
5463
1322
5456
5467
5466
5443
1647
5468
1651
5473
5474
5475
5476
5476
5478
5479
5480
5481
5482
5483
5484
5485
5329
1292
5490
5489
5495
4538
1316
1348
5491
5494
1654
2178
5462
1650
1324
5464
6136
6136
5504
5505
5506
4492
5508
5509
5510
5511
5512
4795
4795
538
5516
5517
5518
5519
5520
5521
5522
5523
5524
5525
5526
5527
5528
5529
5530
2390
5532
5533
5534
5535
5536
5537
1622
5552
6124
2247
2250
2246
2400
2257
5545
5722
5548
5549
5550
5560
558
5730
1483
1686
5555
5557
5558
1491
4866
5561
5562
5563
5564
5565
5566
5567
1638
5569
1637
5401
1388
5477
5573
5575
5576
5577
5578
5579
5580
5581
5582
5583
5584
5585
5586
5587
5588
5589
5590
5591
1645
1649
5435
5596
5597
5303
1649
5453
5709
5598
5710
1378
5604
5605
5606
5607
5607
5608
1669
5609
1670
5613
5614
5615
5616
5617
5618
5619
5620
5623
5621
5631
5626
1673
5661
5627
5628
4434
1289
4476
1274
5633
5634
4407
1275
5637
5638
5639
5640
5641
5642
5643
5643
5645
5646
5647
5648
5649
5650
5651
5652
5653
5654
4478
1317
5657
5658
5659
5660
5662
5662
5663
5664
5665
5666
5667
5668
5669
5670
5671
5672
5673
5675
6135
1677
5677
5678
5679
5680
5681
5682
5683
5684
5685
5686
5687
5688
5689
5690
5691
5692
5693
5694
5695
5696
5697
5698
5699
5700
5701
5702
5703
5704
5705
5706
5707
5708
1375
4597
5703
1378
1378
4593
5714
6122
5718
5719
5431
4960
4932
4960
4932
4960
6124
4960
1400
5730
5731
1689
4595
5732
5733
5734
5735
5736
5737
5738
5739
5740
5741
5742
5743
5744
5745
4933
4933
4984
5751
5751
1394
5752
5753
5754
5755
5756
5757
5758
5759
5760
5761
5762
5763
5764
5765
5766
5767
5768
5769
5770
5771
5772
5773
5774
5775
5776
5777
5778
5779
5780
5781
5782
5783
5784
5785
5786
5787
5788
5789
5790
5791
5792
5793
5794
5795
5796
5797
5798
5799
5800
5801
5802
5803
5804
5805
5806
5807
5808
5809
5810
5811
5812
5813
5814
5815
5816
5817
5818
5819
5820
5821
5822
5823
5824
5825
5826
5827
5828
5829
5830
5831
5832
5833
5834
5835
5836
5837
5838
5839
5840
5841
5842
5843
5844
5845
5846
5847
5848
5849
5850
5851
5852
5853
5854
5855
5856
5857
5858
5859
5860
5861
5862
5863
5864
5865
5866
5867
5868
5869
5870
5871
5872
5873
5874
5875
5876
5877
5878
5879
4716
4718
5882
5883
5884
5885
5886
5887
5888
5889
5890
5891
5892
5893
5894
5895
5896
5897
5898
5899
5900
5901
5902
5903
5904
5905
5906
5907
5908
5909
5910
5911
5912
5913
5914
5915
5916
5917
5918
5919
5920
5921
5922
5923
5924
5925
5926
5927
5928
5929
5930
5931
5932
5933
5934
5935
5936
5937
5938
5939
5940
5941
5942
5943
5944
5945
5946
5947
5948
5948
5950
5951
5952
5953
5954
5955
5956
5957
5958
5959
5960
5961
5962
5963
5964
5965
5966
5967
5968
5969
5970
5971
5972
5973
5974
5975
5976
5977
5978
5979
5980
5981
5982
5983
5984
5985
5986
5987
5988
5989
5953
1768
5992
5993
5994
5995
5996
5997
5959
5998
6000
6001
6002
6003
1779
5999
6006
6007
6008
6009
6010
6011
6012
6013
6014
6015
6016
6017
6018
6019
5231
6021
6022
6023
6024
6025
6026
6027
6028
6029
6030
6031
6032
6033
6034
6035
6036
6037
6038
6039
6040
6041
6042
6043
6044
6045
6046
6047
6048
6049
6050
6051
6052
6053
6054
6055
6056
6057
6058
6059
6060
6061
6062
6063
6064
6065
6066
6067
6068
6069
6070
6071
6072
6073
6074
6075
6076
6077
6078
6079
6080
6081
6082
6083
6084
6085
6086
6087
6088
6089
6090
6091
6092
6093
6094
6095
6096
6097
6098
6099
6100
6101
6102
6103
6104
6105
6106
6107
6108
6109
6110
6111
6112
6113
5644
6115
4858
4860
2399
4955
4955
4640
4595
1377
1377
1492
5601
6127
5415
1379
5413
6131
6132
6133
6134
2381
4771
6137
5351
6139
1619
6141
6142
6143
6144
6145
6146
6147
5716
1512
6123
6121
6152
6153
6154
6155
2046
2459
6158
6159
3956
6123
6162
6163
6164
6165
6166
6167
6168
6169
6170
6171
6172
6173
6174
6175
6176
6177
6178
6179
6180
6181
2573
2171
2176
2576
6186
6187
6188
6189
6190
6191
848
6193
6194
6195
6196
6238
6198
6199
6200
6201
6202
6203
1064
6205
4593
6207
2791
6210
1525
6212
986
6213
6214
6215
1530
6217
6218
6219
6220
6221
6222
6223
6224
6225
6226
6227
6228
6229
6230
6231
6232
6233
6234
3192
3198
6237
6238
3975
6212
6241
6242
6243
6244
6245
6246
6247
6248
6249
6250
6251
6252
5730
6254
4984
6256
6257
6258
6259
6260
6261
6262
6263
6264
6265
6266
6267
6268
6269
6291
6271
6272
6289
6290
6275
6276
6277
6278
6279
6280
6281
6282
6283
6284
6285
6286
6287
6288
6272
6271
6269
