85
1
2
3
4
5
1815
2954
114
118
880
33
12
13
14
15
16
59
63
19
20
3448
22
23
24
25
26
27
2950
2952
30
1083
879
2947
34
35
36
37
38
39
40
41
42
43
47
45
46
84
48
2982
50
916
48
54
2915
9
53
58
120
122
57
123
124
11
61
66
126
67
68
69
70
71
72
73
74
83
76
77
78
79
80
60
17
64
86
2931
1797
87
88
89
90
91
92
93
94
95
96
97
98
99
100
3017
1972
105
104
105
106
1811
2151
2952
108
2150
3022
113
30
112
117
3499
31
116
4129
4129
3479
3477
3477
33
2926
2929
128
129
130
131
132
119
2916
135
136
137
138
139
140
144
141
39
144
145
146
147
148
149
150
151
52
152
41
896
155
157
158
159
160
161
162
163
164
165
166
166
168
169
170
171
172
264
268
272
5445
528
199
283
287
4719
4725
237
222
241
330
224
228
232
251
2195
4732
266
270
195
196
323
5439
1442
5352
2372
5253
5880
5241
299
319
311
208
1454
4766
305
337
214
4813
215
216
332
218
4781
4767
219
185
329
304
211
180
288
180
228
4719
4712
1592
230
235
1592
182
189
236
295
186
328
241
186
254
253
245
185
242
250
336
187
187
229
188
255
172
257
4732
259
260
263
2388
265
174
267
194
269
175
271
1470
273
272
273
1443
277
4749
1443
5441
4750
4753
6138
1442
200
281
286
2371
201
285
290
201
5262
5880
5262
5242
5241
5242
1444
5211
247
184
190
190
302
179
284
303
307
205
207
4806
1471
2221
2221
323
2221
318
316
331
2208
198
320
277
4767
337
4811
178
280
2209
209
206
311
238
317
177
322
335
338
341
214
198
198
342
343
1783
1785
768
3731
1789
1792
3432
2953
3448
2937
20
21
1127
2883
3201
357
1807
3036
351
1819
3034
3030
2989
1975
25
445
1845
3965
444
3140
1848
3964
1848
1845
1849
3169
1849
3064
939
2018
2018
27
26
387
388
389
390
391
392
393
394
395
396
397
398
399
400
401
402
403
404
405
406
407
408
409
410
411
412
413
414
415
416
417
418
419
3538
421
901
423
424
3900
2986
2975
2884
3097
3097
1993
3889
433
434
435
436
437
438
439
445
1849
2018
1845
972
3144
2020
447
448
449
450
451
452
453
454
455
456
457
458
459
460
461
462
463
464
465
466
467
468
469
470
471
472
473
474
475
476
477
478
479
480
481
482
483
484
485
486
487
488
489
490
491
492
493
494
495
812
2129
2133
2782
832
3614
502
1131
2140
505
4393
2815
2776
2583
2147
3819
1117
511
514
515
4377
1847
518
519
520
2181
5489
1335
2185
2192
5198
1447
1443
4732
2195
218
258
5444
4685
2199
2201
538
4835
4752
541
4829
4832
1456
4783
196
2248
2248
623
2430
4891
2249
4887
2249
2249
2248
1512
556
4858
4929
2430
2430
5439
563
564
565
566
567
568
569
570
571
572
573
574
575
576
577
578
579
580
581
582
583
584
585
586
587
588
589
590
591
592
593
594
595
596
597
598
599
600
601
2378
603
604
605
606
4895
1503
2405
610
611
612
613
614
615
616
617
2248
622
2248
2246
1513
1513
624
625
626
627
628
629
630
631
632
633
634
635
636
637
638
639
640
641
642
643
644
645
646
647
648
649
650
651
652
653
654
655
656
657
658
659
660
661
662
663
664
665
666
667
668
669
670
671
672
673
674
1392
2542
4634
4585
5526
4693
681
1651
2547
2545
4616
5558
1387
2554
1638
5399
5570
692
693
6123
2246
2581
2816
5557
4773
700
701
2596
3874
704
705
706
707
708
709
710
711
712
713
714
715
716
2623
2621
3856
3870
721
722
723
724
725
726
727
728
2638
730
731
732
733
734
735
736
737
738
739
740
741
742
743
744
745
2666
3728
2670
2673
2689
2688
2675
3670
2679
2682
2684
3686
758
759
760
3626
2695
763
2714
764
767
2715
1123
765
770
771
772
3651
774
775
776
777
778
779
780
781
782
783
784
2732
3662
2737
788
2742
3541
2744
3831
3830
2748
2750
2754
797
798
799
2760
2812
4377
2770
2772
3792
3791
2773
2781
2779
826
2817
2785
3377
814
815
816
3961
819
3742
3704
2844
1854
836
2829
2802
2804
827
512
3635
1118
3648
2771
3054
3053
2826
833
3781
3654
2836
2838
3740
3739
3140
950
513
839
2853
3749
849
850
851
2861
2863
854
855
856
853
852
1067
3462
3460
3437
863
2885
865
2762
766
867
3625
3725
2892
2896
2901
2870
2869
876
877
902
1076
1076
1077
3466
4267
3000
3441
1982
887
2996
3757
913
2951
28
3618
33
2923
1081
106
2952
2950
2900
901
2965
3712
356
932
3042
363
3502
1809
2998
3465
3442
2995
915
2981
903
2983
2973
2979
2988
22
24
23
30
3511
926
927
1795
3032
1817
3040
929
954
444
3418
3055
938
1063
940
3127
3099
3063
3058
3060
3127
3099
2016
3097
3093
952
4374
4375
3114
953
3103
962
3116
3115
2018
967
3127
3150
3116
3118
3121
936
958
3125
3126
3099
3168
3147
3132
3132
3134
3167
3975
3128
969
3127
968
3166
3788
2174
3179
3152
2791
1168
3409
3168
3118
2791
993
994
995
996
997
998
999
1000
1001
1002
1003
1004
1005
1006
1007
1008
1009
1010
1011
1012
1013
1014
1015
1016
1017
1018
1019
1020
1021
1022
1023
1024
1025
1026
1027
1028
1029
1030
1031
1032
1033
1034
1035
1036
1037
1038
1039
1040
1041
1042
1043
3371
1045
1046
3393
3395
1049
1050
1051
1052
3397
3399
1055
1056
3404
3406
3408
967
6235
3126
967
5180
1065
1044
3460
2947
2961
3449
1071
1072
32
3467
1075
1074
902
879
3482
1080
1956
422
1083
1084
350
1086
1087
1088
1089
1090
1091
1092
1093
1094
1095
3542
1097
1098
1099
3567
834
944
835
966
3577
818
1106
1108
1109
1110
1111
1112
3616
3620
3876
3805
510
2769
1119
3663
1128
3839
3734
3671
3674
769
1126
1129
817
3702
868
1132
3737
3735
1135
3795
3991
933
1139
1140
1141
1142
1143
1144
1145
1146
2793
1148
3853
1150
1151
3888
1153
1154
1155
1156
1157
1158
1159
1160
1161
1162
1163
846
954
3164
1167
839
1169
1170
1171
1172
1173
1174
1175
1176
1177
1178
1179
1180
1181
1182
1183
1184
1185
1186
1187
1188
1189
1190
1191
1192
1193
1194
1195
1196
1197
1198
1199
1200
1201
1202
1203
1204
1205
1206
1207
1208
1209
1210
1211
1212
1213
1214
1215
1216
1217
1218
1219
1220
1221
1222
1223
1224
1225
1226
1227
1228
1229
1230
1231
1232
1233
1234
1235
1236
1237
1238
1239
1240
1241
1242
1243
1244
1245
1246
1247
1248
1249
1250
1251
1252
1253
1254
1255
1256
1257
1258
1259
1260
1261
1262
1263
1264
1265
1266
1267
1268
1269
1270
1271
1272
1273
4410
1275
5630
1277
1278
1279
1280
1281
1282
1283
1284
1285
1286
1287
1288
4431
5625
5612
4433
1293
1294
1295
1296
1297
1298
1299
1300
4556
1302
1303
1304
1305
1306
1307
1308
1309
1310
1311
1312
1313
1314
5487
4475
1317
4485
4483
1320
4495
1322
1323
4493
1325
1326
1327
1328
4504
5385
1340
5404
1332
1331
1643
4510
1337
1338
5420
1640
1341
1342
1343
1344
1345
1346
1347
1349
5425
1350
1351
1352
1353
1354
1355
1356
1357
1358
5478
4610
2537
6124
4575
4579
5336
5548
5551
4581
1381
5536
5158
1372
1373
1374
4594
5465
5501
1377
552
550
4604
4628
1383
1637
5571
5398
5409
5525
1390
1485
5333
5334
4636
5499
5500
4639
6149
623
2564
4651
1401
1402
1403
1404
4661
4663
1407
1408
1406
5236
1586
5201
5228
5226
1415
1416
4683
1361
5386
1421
4508
524
4691
5347
4705
4670
4669
4704
1429
4762
5259
2362
2362
4746
4728
5212
4798
1438
4743
4834
4802
5377
1633
4725
4713
286
1442
5352
1448
5244
2375
4761
1651
5470
4842
4841
4776
4776
5534
1412
1480
5205
5231
5272
5472
4768
198
4839
1482
4784
219
323
266
195
270
2372
2191
4825
1419
2215
5532
4827
4925
2430
1489
4856
4855
4894
1502
1503
4853
4860
4894
4919
2429
4890
1500
4958
4938
6121
4909
4898
4892
4911
622
4919
4939
4912
4857
4918
4894
4955
4938
4923
4923
5746
4924
556
4926
4919
4922
4950
5542
695
4941
4966
4593
1377
4912
1530
1520
4955
4597
1534
1535
1536
1537
1538
1539
1540
1541
1542
1543
1544
1545
1546
1547
1548
1549
1550
1551
1552
1553
1554
1555
1556
1557
1558
1559
1560
1561
1562
1563
1564
1565
1566
1567
1568
1569
1570
1571
1572
1573
1574
1575
1576
1577
5150
1579
1580
1581
5171
5178
1584
5151
5223
5241
4758
5213
1590
1591
4718
5247
1594
4762
5247
5880
4764
1599
5318
5318
5253
5265
526
1605
1606
1607
1608
1609
1610
1611
1612
1613
1614
1615
1616
1617
1618
2377
1620
4917
4859
5330
5559
1487
553
1685
1628
1629
1630
1631
1632
1422
1634
5632
1399
4574
696
4600
1642
5601
5594
1348
5433
5434
1336
5437
1649
5453
5461
4689
5522
5496
5492
5529
4795
558
4883
1525
1660
1661
1662
1663
1664
1665
1666
1667
6122
1669
1670
1671
1672
1673
1674
1675
1676
1677
1678
1679
1680
1681
1682
1683
1684
1400
1503
4952
1688
1393
1690
1691
1692
1693
1694
1695
1696
1697
1698
1699
1700
1701
1702
1703
1704
1705
1706
1707
1708
1709
1710
1711
1712
1713
1714
1715
1716
1717
1718
1719
1720
1721
1722
1723
1724
1725
1726
1727
1728
1729
1730
1731
1732
1733
1734
1735
1736
1737
1738
1739
1740
1741
1742
1743
1744
1745
1746
1747
1748
1749
1750
1751
1752
1753
1754
1755
1756
1757
1758
1759
1760
1761
1762
1763
1764
1765
1766
1767
1768
1769
1770
1771
1772
1773
1774
1775
1776
1777
1778
1779
1780
1782
1782
343
1781
3729
1787
3729
347
1786
1786
346
1054
3435
3432
1054
1795
1801
353
1797
21
1801
3202
3202
1803
2883
1810
361
1806
358
3036
1814
1814
2981
3684
351
365
1818
3033
365
1973
3019
93
1975
2977
1845
445
1845
1849
950
2018
444
3965
949
1848
2016
1848
2016
2016
1845
3088
1846
1845
4378
1846
3141
3142
1849
3141
971
3064
3061
3060
3064
3138
2018
445
445
2018
1859
1860
1861
1862
1863
1864
1865
1866
1867
1868
1869
1870
1871
1872
1873
1874
1875
1876
1877
1878
1879
1880
1881
1882
1883
1884
1885
1886
1887
1888
1889
1890
1891
1892
1893
1894
1895
1896
1897
1898
1899
1900
1901
1902
1903
1904
1905
1906
1907
1908
1909
1910
1911
1912
1913
1914
1915
1916
1917
1918
1919
1920
1921
1922
1923
1924
1925
1926
1927
1928
1929
1930
1931
1932
1933
1934
1935
1936
1937
1938
1939
1940
1941
1942
1943
1944
1945
3474
3474
902
3474
3475
1952
3536
1952
1955
3556
3494
1954
1958
1959
1960
1961
1962
1963
1967
1965
1964
1967
160
4390
39
141
426
2977
2975
888
930
1978
2942
89
1983
1980
890
3002
2998
357
2882
357
4403
3092
4403
3097
1994
432
3914
1992
1996
1997
1998
1999
2000
2001
2002
2003
2004
2005
2006
2007
2008
2009
445
1849
445
445
1849
1849
3141
3143
972
1953
420
2019
2022
2023
2024
2025
2026
2027
2028
2029
2030
2031
2032
2033
2034
2035
2036
2037
2038
2039
2040
2041
2042
2043
2044
2045
2046
2047
2048
2049
2050
2051
2052
2053
2054
2055
2056
2057
2058
2059
2060
2061
2062
2063
2064
2065
2066
2067
2068
2069
2070
2071
2072
2073
2074
2075
2076
2077
2078
2079
2080
2081
2082
2083
2084
2085
2086
2087
2088
2089
2090
2091
2092
2093
2094
2095
2096
2097
2098
2099
2100
2101
2102
2103
2104
2105
2106
2107
2108
2109
2110
2111
2112
2113
2114
2115
2116
2117
2118
2119
2120
2121
2122
2123
2124
2125
2126
2127
4401
2835
4401
4401
499
499
2823
3767
2139
2136
2138
4391
3472
4393
2815
4393
4393
2146
2585
2144
2145
2151
106
2950
108
3010
3010
97
2988
3636
1117
3636
3636
2161
2162
2163
2164
2165
2166
2167
2168
3974
2793
2791
3974
1842
370
3788
3957
2177
2178
2179
2180
5488
522
5488
2183
2183
4515
2181
1582
5198
2191
1582
5195
216
257
172
216
258
534
534
2198
4988
2204
4835
4987
4836
4792
5441
5439
198
5441
4752
4831
4829
4831
2214
4785
194
4785
1456
266
4770
175
2221
220
4770
2248
2248
2248
2246
623
622
622
1498
4886
2429
2249
2429
2429
2431
2246
2429
2247
2247
6124
2246
4931
4932
4933
4931
2248
1503
608
6149
4929
4860
622
2430
622
622
2260
2261
2262
2263
2264
2265
2266
2267
2268
2269
2270
2271
2272
2273
2274
2275
2276
2277
2278
2279
2280
2281
2282
2283
2284
2285
2286
2287
2288
2289
2290
2291
2292
2293
2294
2295
2296
2297
2298
2299
2300
2301
2302
2303
2304
2305
2306
2307
2308
2309
2310
2311
2312
2313
2314
2315
2316
2317
2318
2319
2320
2321
2322
2323
2324
2325
2326
2327
2328
2329
2330
2331
2332
2333
2334
2335
2336
2337
2338
2339
2340
2341
2342
2343
2344
2345
2346
2347
2348
2349
2350
2351
2352
2353
2354
2355
2356
2357
2358
2359
2360
1452
2365
5240
1452
4762
2366
2367
2368
1619
2378
1448
1619
2378
2376
1603
5324
681
2374
2380
2380
2381
2382
1456
1456
4774
4783
2388
4741
2388
2394
1441
2390
1480
4801
534
2395
4684
6149
1503
6149
4888
2402
2402
2404
2405
2406
2407
2408
2409
2410
2411
2412
2413
2414
2415
2416
2417
2418
2419
2248
622
2248
2248
2248
2246
556
2248
2246
4934
1513
4934
2432
2433
2434
2435
2436
2437
2438
2439
2440
2441
2442
2443
2444
2445
2446
2447
2448
2449
2450
2451
2452
2453
2454
2455
2456
2457
2458
2459
2460
2461
2462
2463
2464
2465
2466
2467
2468
2469
2470
2471
2472
2473
2474
2475
2476
2477
2478
2479
2480
2481
2482
2483
2484
2485
2486
2487
2488
2489
2490
2491
2492
2493
2494
2495
2496
2497
2498
2499
2500
2501
2502
2503
2504
2505
2506
2507
2508
2509
2510
2511
2512
2513
2514
2515
2516
2517
2518
2519
2520
2521
2522
2523
2524
2525
2526
2527
2528
2529
2530
2531
2532
2533
2534
4632
1370
4632
5416
678
4586
4625
4587
2546
2543
1410
6137
2547
4617
4617
1387
4614
2551
2548
4619
1447
1447
1448
4751
1468
1470
4809
1456
1638
5399
1638
1638
2567
2568
2569
2570
4596
4596
5731
6122
2226
557
5545
561
2553
2553
1365
2586
697
507
2815
2813
5558
5558
5558
2590
2591
2592
2593
2594
2597
703
3899
2598
2595
2600
2601
2602
2603
2604
2605
2606
2607
2608
2609
2610
2611
2612
2613
2614
2615
2616
2617
2618
2622
2619
719
3868
720
2624
2625
2626
2627
2628
2629
2630
2631
2632
2633
2634
2635
2636
2637
732
2639
2640
2641
2642
2643
2644
2645
2646
2647
2648
2649
2650
2651
2652
2653
2654
2655
2656
2657
2658
2659
2660
2661
2662
2663
2667
2664
747
3873
2669
4368
431
2668
2674
750
2686
751
2672
2678
2678
753
2677
2685
749
2681
757
3685
2686
2687
2688
2689
2690
2691
2692
2694
3630
761
2696
2697
2702
764
2702
767
2712
3665
3667
2707
2699
3666
2708
2709
2710
1788
2713
3698
773
772
2716
2717
2718
2719
2720
2721
2722
2723
2724
2725
2726
2727
2728
2729
2730
2733
786
3727
2731
2735
2735
2737
2738
2739
2740
2743
446
3954
790
2741
2747
3829
793
2746
792
2752
3984
2751
729
2755
2756
2757
2758
2759
498
2128
2134
500
4378
1845
4378
4378
2776
2770
2776
2775
2773
2773
2773
805
805
2780
2777
810
2803
811
806
2782
2774
3779
2786
2787
2788
2789
3764
820
2795
2794
3705
820
3087
2844
3786
3089
2801
2829
824
2800
3388
2805
2806
2807
1118
3635
3637
3640
3639
2814
3646
831
2813
825
2813
2818
3635
2158
3637
3768
3815
2784
3423
3054
2827
2830
3423
837
3780
3781
837
812
841
840
841
3739
2839
3086
3086
950
3786
2157
2159
2160
842
3741
3742
2840
2854
848
3748
2852
2856
2857
2858
2859
2860
2861
2860
2863
2864
2865
2866
2867
2868
3471
2862
3461
2870
2873
2874
2875
2876
3464
3463
3464
3464
3437
2886
863
2882
865
2886
3624
800
3628
866
3623
2893
1790
2893
2892
348
2897
2898
2899
2140
504
2869
504
2137
2904
2906
2910
2908
2909
2895
871
3491
3490
3495
1948
3489
1946
1949
1950
2921
3473
1076
3476
124
2930
33
124
2947
3466
2947
127
911
21
127
2935
2936
2937
2939
2944
886
3000
2943
3774
2944
3442
1070
3467
3467
3465
2951
3617
2951
893
2151
108
2952
351
874
2872
2871
2902
2964
2962
2964
1079
3711
3710
2970
3712
3707
3747
3747
3044
3746
363
363
363
1819
3042
2966
904
2968
503
3041
3042
932
3041
3041
2979
2978
2979
2992
2993
2992
908
930
2978
3037
1069
3450
3444
2994
3757
913
2980
903
2980
2985
2984
906
905
41
151
42
1814
105
3009
3017
2975
3021
1957
898
3023
3024
3025
3026
3510
3031
3028
762
3722
3722
2696
763
1816
364
1817
1804
3038
1805
3043
3029
3029
929
3091
3092
2018
3097
445
445
3419
3417
938
3419
1063
940
940
3418
955
940
3098
3059
3098
954
3058
940
935
3057
3056
3065
935
4403
3138
955
3127
955
3099
3095
3095
2016
1848
2016
3090
3091
3091
951
3094
3143
3170
3171
4375
4374
4375
3147
3102
3117
4373
953
3100
3115
962
3114
3115
962
379
1849
3173
445
967
967
3128
967
3131
962
962
3150
3116
2855
2855
3118
847
3124
3124
3051
3104
3104
958
3126
3125
3126
3126
3099
3099
955
3126
3127
967
3095
3095
3096
3145
3169
3147
3145
3148
3119
963
3149
3150
965
3095
3099
3098
1845
1845
1848
1848
445
1845
445
2018
3129
3129
3134
3136
955
3099
3119
2837
3147
3147
839
839
3098
3132
3134
3167
3129
3128
968
3129
4405
4405
3181
3152
2850
819
1168
979
3112
1530
979
3415
3413
980
3190
3119
3145
818
3188
3720
3720
3203
3204
3205
3206
3207
3208
3209
3210
3211
3212
3213
3214
3215
3216
3217
3218
3219
3220
3221
3222
3223
3224
3225
3226
3227
3228
3229
3230
3231
3232
3233
3234
3235
3236
3237
3238
3239
3240
3241
3242
3243
3244
3245
3246
3247
3248
3249
3250
3251
3252
3253
3254
3255
3256
3257
3258
3259
3260
3261
3262
3263
3264
3265
3266
3267
3268
3269
3270
3271
3272
3273
3274
3275
3276
3277
3278
3279
3280
3281
3282
3283
3284
3285
3286
3287
3288
3289
3290
3291
3292
3293
3294
3295
3296
3297
3298
3299
3300
3301
3302
3303
3304
3305
3306
3307
3308
3309
3310
3311
3312
3313
3314
3315
3316
3317
3318
3319
3320
3321
3322
3323
3324
3325
3326
3327
3328
3329
3330
3331
3332
3333
3334
3335
3336
3337
3338
3339
3340
3341
3342
3343
3344
3345
3346
3347
3348
3349
3350
3351
3352
3353
3354
3355
3356
3357
3358
3359
3360
3361
3362
3363
3364
3365
3366
3367
3368
3369
3369
3371
2778
3373
809
808
3378
1047
3392
3379
3376
3381
3382
3383
2803
2804
2830
2826
2830
3389
3390
3391
3394
797
3394
1051
3400
1052
3396
1055
3400
3402
3402
3401
1056
3403
2885
3405
1057
3131
3131
3130
967
3126
967
3127
3126
1063
3126
1063
3126
3126
938
3054
3414
3410
5182
3427
3428
3429
3430
3434
3431
1044
3434
3433
1066
3459
1066
3437
3460
3450
860
3449
3465
127
33
2929
3444
3462
2958
861
3452
3453
3454
3455
3456
3457
3458
3370
3370
852
858
858
3461
2959
900
900
3468
3469
3470
2862
853
3483
3483
1074
2965
124
3477
2922
2903
3480
873
3481
3484
3485
3486
3487
3488
3493
1956
3493
2963
2963
901
2963
117
30
31
3499
2905
3501
3436
3439
3438
3435
3435
1793
859
3451
3398
1053
1995
3513
3514
3515
3516
3517
3518
3519
3520
3521
3522
3523
3524
3525
3526
3527
3528
3529
3530
3531
3532
3533
3534
3535
3536
3537
1095
3539
2749
795
794
3540
3544
3545
3546
3547
3548
3549
3550
3551
3552
3553
3554
3555
3556
3020
113
3559
3560
3561
3562
3563
3564
3568
3565
1096
3855
834
3124
2828
3787
4372
942
3569
2828
3123
3570
1101
3847
3956
1147
1840
3584
3585
2711
3587
3588
3589
3590
891
3615
2894
3594
3595
3596
3597
3598
3599
3600
3601
3602
3603
3604
3605
3606
3607
3608
3609
3610
3611
3612
3613
2895
3614
872
3615
1113
3621
1115
3879
3622
2763
2760
801
3634
3645
2701
3645
3632
3631
2846
2824
2810
3813
3812
3813
3814
3814
803
3641
3642
3643
3641
3644
824
835
3647
3652
3649
1120
3661
3574
3574
3572
3657
4380
1121
1107
835
3664
1100
1122
3840
3666
4384
1123
2021
3668
3670
2745
791
3671
789
2703
3675
2706
3679
3683
3678
3675
3677
3676
3680
2736
787
3836
1124
3687
3838
1125
3673
3694
1125
3699
2700
3696
3689
2698
2676
3700
752
2680
754
3703
3695
3697
2889
3681
3682
3706
3708
3713
3714
3715
3719
3716
3718
3817
3721
3721
3625
3723
3724
345
3726
3566
718
3730
3736
1133
2734
3732
785
746
3733
1134
3738
3701
755
1130
3705
2972
2971
2890
3745
3746
2683
756
3754
428
3752
1058
3771
2978
2998
3035
1985
3758
3407
3761
2819
3763
3765
3770
3766
807
807
2772
2756
2882
3772
3773
1981
3775
3776
3777
1136
3793
3782
4379
3803
3972
1165
1165
949
3140
3050
934
3789
3578
3575
1104
3802
3068
3991
3990
3151
3151
3579
3800
3067
943
2845
2847
3806
3807
3808
3809
3810
2148
3811
510
2768
2768
804
3818
3819
3812
3820
3821
3822
3823
3824
3825
3826
3827
3828
3829
3830
3831
3832
3833
3834
3835
1124
3672
3693
3840
3841
3543
2792
3952
818
2791
4376
4376
3848
3848
3850
3851
3849
1148
3852
3854
1149
3857
3858
3859
3860
3861
3862
3863
3864
3866
3875
3865
3869
3905
1152
3871
3872
2620
717
2665
702
3867
3878
2599
3880
3881
3882
3883
3884
3885
3886
3884
1154
1153
3887
3891
3892
3893
3894
3895
3896
3897
3898
2671
748
3901
3902
3903
3904
3906
3906
3907
3908
3909
3910
3911
3912
3913
3914
3915
3916
3917
3918
3919
3920
3921
3922
3923
3924
3925
3926
3927
3928
3929
3930
3931
3932
3933
3934
3935
3936
3937
3938
3939
3940
3941
3942
3943
3944
3946
3948
3945
3948
3949
3950
3951
2795
2791
3947
2850
819
846
379
379
3173
3962
3963
3669
3170
3093
3091
2018
3094
3097
3992
3141
974
3172
2848
971
3976
3977
3978
3979
3980
3981
3982
3983
3984
3985
3986
3987
3988
3989
3095
3095
3098
3162
3196
3168
3996
3997
3998
3999
4000
4001
4002
4003
4004
4005
4006
4007
4008
4009
4010
4011
4012
4013
4014
4015
4016
4017
4018
4019
4020
4021
4022
4023
4024
4025
4026
4027
4028
4029
4030
4031
4032
4033
4034
4035
4036
4037
4038
4039
4040
4041
4042
4043
4044
4045
4046
4047
4048
4049
4050
4051
4052
4053
4054
4055
4056
4057
4058
4059
4060
4061
4062
4063
4064
4065
4066
4067
4068
4069
4070
4071
4072
4073
4074
4075
4076
4077
4078
4079
4080
4081
4082
4083
4084
4085
4086
4087
4088
4089
4090
4091
4092
4093
4094
4095
4096
4097
4098
4099
4100
4101
4102
4103
4104
4105
4106
4107
4108
4109
4110
4111
4112
4113
4114
4115
4116
4117
4118
4119
4120
4121
4122
4123
4124
4125
4126
4127
4128
121
4129
4131
4132
4133
4134
4135
4136
4137
4138
4139
4140
4141
4142
4143
4144
4145
4146
4147
4148
4149
4150
4151
4152
4153
4154
4155
4156
4157
4158
4159
4160
4161
4162
4163
4164
4165
4166
4167
4168
4169
4170
4171
4172
4173
4174
4175
4176
4177
4178
4179
4180
4181
4182
4183
4184
4185
4186
4187
4188
4189
4190
4191
4192
4193
4194
4195
4196
4197
4198
4199
4200
4201
4202
4203
4204
4205
4206
4207
4208
4209
4210
4211
4212
4213
4214
4215
4216
4217
4218
4219
4220
4221
4222
4223
4224
4225
4226
4227
4228
4229
4230
4231
4232
4233
4234
4235
4236
4237
4238
4239
4240
4241
4242
4243
4244
4245
4246
4247
4248
4249
4250
4251
4252
4253
4254
4255
4256
4257
4258
4259
4260
4261
4262
4263
4264
4265
4266
900
4268
4269
4270
4271
4272
4273
4274
4275
4276
4277
4278
4279
4280
4281
4282
4283
4284
4285
4286
4287
4288
4289
4290
4291
4292
4293
4294
4295
4296
4297
4298
4299
4300
4301
4302
4303
4304
4305
4306
4307
4308
4309
4310
4311
4312
4313
4314
4315
4316
4317
4318
4319
4320
4321
4322
4323
4324
4325
4326
4327
4328
4329
4330
4331
4332
4333
4334
4335
4336
4337
4338
4339
4340
4341
4342
4343
4344
4345
4346
4347
4348
4349
4350
4351
4352
4353
4354
4355
4356
4357
4358
4359
4360
4361
4362
4363
4364
4365
4366
4367
3890
4369
3056
3061
3138
3117
963
963
2848
2851
3172
3062
3842
2833
822
2798
3650
1070
4386
4387
4388
4389
2974
2866
2952
3801
1954
2776
4396
4397
4398
4399
4400
2783
2016
4373
445
955
4409
4406
4408
5655
1276
4411
4412
4413
4414
4415
4416
4417
4418
4419
4420
4421
4422
4423
4424
4425
4426
4427
4428
4429
4432
1290
5624
1291
4430
4435
4436
4437
4438
4439
4440
4441
4442
4443
4444
4445
1301
4447
4448
4449
4450
4451
4452
4453
4454
4455
4456
4457
4458
4459
4460
4461
4462
4463
4464
4465
4466
4467
4468
4469
4470
4471
4472
4474
5629
1315
4473
4480
4477
609
6114
4484
4481
4483
4484
1321
4486
4486
4488
4489
4491
5446
4490
1318
4494
4495
4496
4497
4498
4499
4500
4501
4502
4503
1330
5391
4520
4523
4521
4507
4522
5426
5428
4510
4512
5427
522
2182
4518
4519
5419
5417
5412
1641
4524
4525
4526
4527
4528
4529
4530
4531
4532
4533
4534
4535
4536
4539
4537
5486
1349
4541
4542
4541
4544
4545
4546
4547
4548
4549
4550
4551
4552
4553
4554
2753
796
4557
4558
4559
4560
4561
4562
6147
2539
2541
677
2247
6124
2247
2246
1365
4579
1365
6141
1624
5337
5550
5548
1625
4582
1369
4603
4580
5537
1657
1367
4585
4588
4589
4590
4591
4592
4595
5717
1376
4595
4593
1398
4879
2234
4641
5162
4602
5163
4628
4606
4607
4608
5571
5401
5572
5570
5398
4618
1381
4618
5408
5407
4614
4619
5398
5570
5398
5524
4584
4572
5188
4630
4916
4849
5335
1392
5416
5335
5538
4638
4638
5498
1395
4639
5721
5721
623
1498
5396
689
5396
1394
4637
4651
5499
4654
4652
5507
4655
4656
4657
4658
4660
4660
4661
4659
1345
4664
4665
4666
4667
5235
4662
4669
1406
4672
4673
4674
4675
5228
5201
5228
5227
5203
4681
4682
1416
4681
4685
5388
5384
4690
5390
5389
2187
2186
4695
4695
2187
4696
4697
4698
4668
4702
4668
684
2544
683
4705
1423
4694
4691
4708
4710
1600
5254
2373
2370
5255
1430
4720
1430
1431
2365
5259
2362
4722
1433
4717
4723
1433
2363
4728
4726
4729
1444
4730
4733
4735
4738
4744
4798
4743
4744
4741
5531
1462
5205
5207
2363
4746
5230
5378
5353
5377
5379
1447
4752
1442
1448
1427
1426
4671
4699
1603
2375
4764
5265
5468
1651
5471
1647
5466
5505
5505
5505
1479
2213
4840
4841
2213
540
5471
5472
5471
533
1482
4841
4840
4773
4842
4839
4776
4839
1460
5269
5268
4791
4777
4774
4833
1463
1588
4747
4794
1464
4834
329
329
5472
4773
4773
4784
1455
337
214
198
5441
1443
269
273
4784
200
1619
200
4823
5274
4823
4825
5482
5482
5482
1329
4828
4503
1328
2214
2215
542
1481
4837
5533
4830
4830
4826
4827
4889
4895
2430
4889
2248
2248
5185
5186
4850
4856
1489
4855
1502
1489
1489
4894
1503
4894
1488
4856
4856
4853
4854
4854
4853
4853
4929
4929
1502
4894
1502
1502
4894
4892
2429
623
2429
2249
4889
4889
1500
4889
4934
4958
4957
6121
4938
6121
6120
1504
4900
1501
4896
4910
4911
4909
4909
4911
556
2248
2248
4960
4919
4919
4918
4920
4911
4911
4939
4653
4912
4653
1485
1485
1485
4900
4898
4918
4918
4918
4893
1502
4892
4918
4919
4896
4896
4892
4935
1393
4935
4938
4937
4914
4939
4937
4913
4892
4894
4894
2249
2249
2249
2248
622
622
4922
1502
4927
4924
1502
4894
1396
4640
4938
4938
1393
4956
4923
5746
4954
4924
4922
1502
1510
4921
4942
5746
1514
6151
1400
1400
1689
4907
4912
4907
6151
4966
5184
1519
4914
4951
1685
4901
4988
5480
4989
4990
4991
4992
4993
4994
4995
4996
4997
4998
4999
5000
5001
5002
5003
5004
5005
5006
5007
5008
5009
5010
5011
5012
5013
5014
5015
5016
5017
5018
5019
5020
5021
5022
5023
5024
5025
5026
5027
5028
5029
5030
5031
5032
5033
5034
5035
5036
5037
5038
5039
5040
5041
5042
5043
5044
5045
5046
5047
5048
5049
5050
5051
5052
5053
5054
5055
5056
5057
5058
5059
5060
5061
5062
5063
5064
5065
5066
5067
5068
5069
5070
5071
5072
5073
5074
5075
5076
5077
5078
5079
5080
5081
5082
5083
5084
5085
5086
5087
5088
5089
5090
5091
5092
5093
5094
5095
5096
5097
5098
5099
5100
5101
5102
5103
5104
5105
5106
5107
5108
5109
5110
5111
5112
5113
5114
5115
5116
5117
5118
5119
5120
5121
5122
5123
5124
5125
5126
5127
5128
5129
5130
5131
5132
5133
5134
5135
5136
5137
5138
5139
5140
5141
5142
5143
5144
5145
5146
5147
5148
4531
5150
5149
4583
1368
5154
5157
5155
5166
5158
5159
5160
4603
4627
4627
5164
5165
5167
5167
5168
5170
5170
1581
5169
5175
5173
5175
5174
5176
1417
4920
4919
4921
4918
4918
4919
5186
4919
4918
4850
5182
5179
5191
5192
5193
5194
5196
5296
1578
1578
5197
5197
5151
1585
5225
1585
1588
5229
5208
5215
1444
5211
4725
1434
4679
4676
4757
5216
5217
5218
5219
5220
5221
5222
5149
4663
5151
1409
5224
1406
4760
5246
1450
5232
5233
5234
4662
1405
4763
4761
5247
4763
1592
4718
5242
1425
4705
5245
1598
5248
5249
5250
5251
5252
2373
2373
5318
2375
2375
1451
1451
201
201
4713
286
1428
1428
5200
5199
5202
526
5199
2192
1411
5214
5172
5275
5276
5277
5278
5279
5280
5281
5282
5283
5284
5285
5286
5287
5288
5289
5290
5291
5292
5293
5294
5295
5296
5297
5298
5299
5300
5301
5302
5303
5304
5305
5306
5307
5308
5309
5310
5311
5312
5313
5314
5315
5316
5317
2378
200
2371
5321
5322
5323
5324
5325
5326
5327
5328
5326
1486
1390
4862
2233
608
4869
1509
5332
4868
4867
5330
6148
552
1362
2247
5345
5346
4517
1424
5349
5350
680
5353
5375
1424
5355
5356
5357
5358
5359
5360
5361
5362
5363
5364
5365
5366
5367
5368
5369
5370
5371
5372
5373
5374
4691
4692
4693
5375
5376
5380
5381
5382
1635
4564
5395
4565
4563
5406
677
4508
5561
4647
1636
4624
1385
5568
5570
696
5568
1363
4572
1639
5402
1626
1380
5405
5163
5331
1389
5411
5422
5424
5411
5333
4642
559
5343
4600
6126
1627
4629
5423
5595
1642
1620
6130
5493
5413
5429
5430
5431
4546
1350
5432
1351
4511
1334
4514
5469
5442
5469
5436
5436
5437
5440
4543
5592
5598
5450
5454
5452
1644
1375
5451
4509
5457
4506
5448
4507
4482
1319
5460
4487
5463
1322
5457
4689
5455
5438
1646
5456
1420
5473
5474
5564
5573
5574
1652
5477
5480
5481
5386
5483
521
5485
5329
1292
5490
1653
5496
4538
1316
4540
5491
5494
1654
5497
5462
1650
1324
5464
4772
5506
4686
4687
5504
4492
5508
5509
5510
4824
5512
4774
4795
4833
5516
5530
5518
4620
5520
5521
5522
5523
1367
5548
4578
5527
4684
1477
2190
2392
2190
2189
5270
1622
2252
5560
6118
6117
622
5728
4884
1498
6149
4884
5547
4883
5559
4868
5339
4866
4858
4928
5723
5723
1483
1621
5340
1487
4854
4623
4646
5563
5479
5565
5566
2580
2581
5567
4571
1364
1366
5574
5575
5569
5576
5577
5578
5579
5580
5581
5582
5583
5584
5585
5586
5587
5588
5589
5590
5591
5454
5453
1645
5596
5596
5597
1378
4597
6123
1668
6124
6123
5604
5605
5606
5607
5608
5609
5610
5611
1670
5613
5614
5615
5616
5617
5618
5619
5620
5623
5621
5631
5626
5625
5626
5627
5628
4434
1289
4476
1274
5622
5634
5635
5636
5637
5638
5639
5640
5641
5642
5643
5644
5645
5646
5647
5648
5649
5650
5651
5652
5653
5654
4478
1317
5657
5658
5659
5660
5661
5662
5663
5664
5665
5666
5667
5668
5669
5670
5671
5672
5673
5674
5675
5676
5677
5678
5679
5680
5681
5682
5683
5684
5685
5686
5687
5688
5689
5690
5691
5692
5693
5694
5695
5696
5697
5698
5699
5700
5701
5702
5703
5704
5705
5706
5707
5708
4593
4596
5711
6122
4960
4650
4960
4960
5718
5718
5719
4957
4890
4889
4895
4889
2430
5748
5749
5747
5750
1512
4648
5732
5733
5734
5735
5736
5737
5738
5739
4557
5741
5742
5743
5744
5745
4892
4892
4954
1515
1522
1532
5752
5753
5754
5755
5756
5757
5758
5759
5760
5761
5762
5763
5764
5765
5766
5767
5768
5769
5770
5771
5772
5773
5774
5775
5776
5777
5778
5779
5780
5781
5782
5783
5784
5785
5786
5787
5788
5789
5790
5791
5792
5793
5794
5795
5796
5797
5798
5799
5800
5801
5802
5803
5804
5805
5806
5807
5808
5809
5810
5811
5812
5813
5814
5815
5816
5817
5818
5819
5820
5821
5822
5823
5824
5825
5826
5827
5828
5829
5830
5831
5832
5833
5834
5835
5836
5837
5838
5839
5840
5841
5842
5843
5844
5845
5846
5847
5848
5849
5850
5851
5852
5853
5854
5855
5856
5857
5858
5859
5860
5861
5862
5863
5864
5865
5866
5867
5868
5869
5870
5871
5872
5873
5874
5875
5876
5877
5878
5879
1431
5262
5882
5883
5884
5885
5886
5887
5888
5889
5890
5891
5892
5893
5894
5895
5896
5897
5898
5899
5900
5901
5902
5903
5904
5905
5906
5907
5908
5909
5910
5911
5912
5913
5914
5915
5916
5917
5918
5919
5920
5921
5922
5923
5924
5925
5926
5927
5928
5929
5930
5931
5932
5933
5934
5935
5936
5937
5938
5939
5940
5941
5942
5943
5944
5945
5946
5947
5948
5949
5950
5951
5952
5953
5954
5955
5956
5957
5958
5959
5960
5961
5962
5963
5964
5965
5966
5967
5968
5969
5970
5971
5972
5973
5974
5975
5976
5977
5978
5979
5980
5981
5982
5983
5984
5985
5986
5987
5988
5989
5990
5991
5992
5993
5994
5995
5996
5997
5998
5999
6000
6001
6002
6003
6004
6005
6006
6007
6008
6009
6010
6011
6012
6013
6014
6015
6016
6017
6018
6019
5230
6021
6022
6023
6024
6025
6026
6027
6028
6029
6030
6031
6032
6033
6034
6035
6036
6037
6038
6039
6040
6041
6042
6043
6044
6045
6046
6047
6048
6049
6050
6051
6052
6053
6054
6055
6056
6057
6058
6059
6060
6061
6062
6063
6064
6065
6066
6067
6068
6069
6070
6071
6072
6073
6074
6075
6076
6077
6078
6079
6080
6081
6082
6083
6084
6085
6086
6087
6088
6089
6090
6091
6092
6093
6094
6095
6096
6097
6098
6099
6100
6101
6102
6103
6104
6105
6106
6107
6108
6109
6110
6111
6112
6113
6114
6115
1488
1503
4929
1507
1507
1507
4648
4649
4959
4860
5600
1380
1380
4600
5410
1589
6132
6133
6134
6135
5506
4667
1442
5408
1619
5550
6142
6143
6144
6145
6146
1370
2429
6119
2248
1502
6152
6153
6154
6155
6156
6157
6158
6159
1849
2248
6162
6163
6164
6165
6166
6167
6168
6169
6170
6171
6172
6173
6174
6175
6176
6177
6178
6179
6180
6181
4597
2791
2174
695
6186
6187
6188
6189
6190
6191
1530
6193
6183
6195
3653
6204
6198
6199
2573
6201
6202
6203
6238
6205
1377
6207
1168
6210
4963
6211
985
6213
6214
6215
6216
6217
6218
6219
6220
6221
6222
6223
6224
6225
6226
6227
6228
6229
6230
6231
6232
6233
6234
3137
6236
6237
6238
6239
6240
6241
6242
6243
6244
6245
6246
6247
6248
6249
6250
6251
6252
6253
6254
6255
6256
6257
6258
6259
6260
6261
6262
6263
6264
6265
6266
6267
6268
6269
6291
6271
6272
6289
6290
6275
6276
6277
6278
6279
6280
6281
6282
6283
6284
6285
6286
6287
6288
6289
6271
6269
