0
1
2
3
4
3013
2957
2955
115
119
4129
11
12
13
14
15
16
17
18
19
20
21
93
23
24
25
26
385
899
2956
113
3489
32
125
34
148
36
37
169
143
134
154
167
3014
44
45
46
47
48
41
50
51
152
54
133
53
56
57
2915
2920
60
61
3479
63
64
65
66
67
68
69
70
71
72
73
74
75
76
77
78
79
80
81
82
83
84
85
86
87
88
89
90
91
92
23
94
95
96
97
100
99
100
101
102
3016
385
3016
2954
3015
899
899
898
28
110
29
113
110
114
30
2914
8
1083
1083
4130
62
123
11
126
126
128
129
130
131
132
134
155
135
136
137
138
139
140
141
142
143
144
145
146
147
103
6
151
104
153
153
42
3022
7
157
158
168
160
161
162
6
149
165
43
3014
170
27
27
171
172
173
174
175
176
177
178
179
180
5242
182
183
184
185
186
187
188
189
190
530
529
1473
194
195
196
197
562
1447
1448
201
202
1597
1587
205
206
207
208
209
210
211
212
213
214
215
216
217
218
219
220
221
222
223
224
225
226
227
228
229
230
231
232
233
234
5241
236
237
238
239
240
241
242
243
244
245
246
247
248
249
250
251
252
253
254
255
256
257
258
259
260
261
262
263
264
265
2217
267
268
269
270
271
272
273
4815
4814
4754
4815
278
282
1449
4756
4755
5319
284
285
5320
287
288
289
290
291
1597
5881
5243
295
5243
297
5210
299
300
301
302
303
304
305
306
307
308
309
310
311
312
313
314
315
316
317
318
319
4813
321
322
323
324
325
326
327
328
329
330
331
332
333
334
335
336
337
338
339
341
341
342
343
344
345
346
347
348
3507
3506
351
21
1798
20
0
356
357
358
1804
3003
361
2957
363
364
365
1821
1823
25
2764
1843
1825
1839
2843
2767
1840
3581
3581
1843
4378
2766
3572
4379
3157
1841
385
26
387
388
389
390
391
392
393
394
395
396
397
398
399
400
401
402
403
404
405
406
407
408
409
410
411
412
413
414
415
416
417
418
419
420
1963
3556
423
424
425
426
3019
1987
1988
3073
431
432
433
434
435
436
437
438
439
3958
2764
3159
2767
2016
1845
446
447
448
449
450
451
452
453
454
455
456
457
458
459
460
461
462
463
464
465
466
467
468
469
470
471
472
473
474
475
476
477
478
479
480
481
482
483
484
485
486
487
488
489
490
1926
492
493
494
495
496
497
498
499
500
501
502
503
2901
505
506
507
508
509
510
511
512
513
514
515
2170
3199
518
519
520
521
522
523
524
5530
5270
527
528
529
530
531
532
533
534
2199
536
537
538
2211
540
541
542
543
544
196
2226
2229
548
549
550
4880
552
553
554
2229
2248
557
558
559
5725
5725
562
563
564
565
566
567
568
569
570
571
572
573
574
575
576
577
578
579
580
581
582
583
584
585
586
587
588
589
590
591
592
593
594
595
596
597
598
599
600
601
5257
603
604
605
2396
2399
4859
609
610
611
612
613
614
615
616
617
2421
619
2226
4570
2430
4886
4549
625
626
627
628
629
630
631
632
633
634
635
636
637
638
639
640
641
642
643
644
645
646
647
648
649
650
651
652
653
654
655
656
657
658
659
660
661
662
663
664
665
666
667
668
669
670
671
672
673
674
4632
2539
677
4586
4624
680
681
682
683
4702
4619
2550
4614
688
689
2564
5396
692
693
694
695
2581
697
6139
699
700
701
702
703
704
705
706
707
708
709
710
711
712
713
714
715
716
717
718
719
720
721
722
723
724
725
726
727
728
729
730
731
732
733
734
735
736
737
738
739
740
741
742
743
744
745
746
747
748
749
750
751
752
753
754
755
756
757
758
759
760
761
762
763
764
765
766
767
768
769
770
771
772
773
774
775
4526
777
778
779
780
781
782
783
784
785
786
787
788
789
790
791
792
793
794
795
796
797
798
799
800
801
3846
803
804
805
806
2774
808
809
810
811
812
3377
2787
815
3766
817
3953
819
820
3583
2797
2801
3647
2814
2800
827
2809
829
3639
831
3816
2827
3569
3571
2829
837
4382
2851
840
841
842
2844
1837
845
4377
2855
848
849
850
851
852
853
854
855
856
2140
2871
3451
3450
860
2881
863
2885
865
866
867
868
869
870
871
872
3500
875
2959
876
877
3493
1946
2921
3495
2928
2925
352
352
887
2937
1975
1984
886
891
4392
893
2927
2912
113
28
2956
899
3467
1962
2963
2983
904
905
2988
2990
908
909
888
2947
2941
3004
27
1813
3006
917
918
3010
920
93
24
23
113
3024
3761
3753
3772
929
2977
3039
932
3968
1841
3065
3122
3422
3055
4370
3056
3061
1853
3068
1851
3134
3139
2764
3085
3964
3088
3092
3094
3096
3140
3098
3101
4374
3103
1841
3413
3163
3114
3147
3146
3120
3802
3127
3134
3135
3139
3142
3143
3991
3991
3176
3797
516
3165
3112
3163
3180
3993
2175
6184
3184
3799
2171
987
3195
3995
3197
6183
993
994
995
996
997
998
999
1000
1001
1002
1003
1004
1005
1006
1007
1008
1009
1010
1011
1012
1013
1014
1015
1016
1017
1018
1019
1020
1021
1022
1023
1024
1025
1026
1027
1028
1029
1030
1031
1032
1033
1034
1035
1036
1037
1038
1039
1040
1041
1042
1043
1044
1045
1046
3393
3395
3379
3382
1051
1052
1053
1054
1055
1056
3404
3406
3408
3413
3411
3135
3417
3425
1065
3437
2880
125
3444
3443
1071
1072
2917
3474
1075
1949
3492
32
2964
1080
1955
3556
3489
1960
3503
1086
1087
1088
1089
1090
1091
1092
1093
1094
1095
1096
1097
1098
1099
1100
3575
3573
1103
1104
1105
4380
3657
1108
1109
1110
1111
1112
1113
1114
1115
1116
1117
1118
1119
1120
1121
1122
1123
1124
1125
1126
1127
1128
1129
1130
1131
3718
1133
1134
3759
1136
3784
3790
1139
1140
1141
1142
1143
1144
1145
1146
3842
1148
1149
1150
1151
1152
1153
1154
1155
1156
1157
1158
1159
1160
1161
1162
1163
3955
3968
3971
1167
3974
1169
1170
1171
1172
1173
1174
1175
1176
1177
1178
1179
1180
1181
1182
1183
1184
1185
1186
1187
1188
1189
1190
1191
1192
1193
1194
1195
1196
1197
1198
1199
1200
1201
1202
1203
1204
1205
1206
1207
1208
1209
1210
1211
1212
1213
1214
1215
1216
1217
1218
1219
1220
1221
1222
1223
1224
1225
1226
1227
1228
1229
1230
1231
1232
1233
1234
1235
1236
1237
1238
1239
1240
1241
1242
1243
1244
1245
1246
1247
1248
1249
1250
1251
1252
1253
1254
1255
1256
1257
1258
1259
1260
1261
1262
1263
1264
1265
1266
1267
1268
1269
1270
1271
1272
1273
1274
1275
1276
1277
1278
1279
1280
1281
1282
1283
1284
1285
1286
1287
1288
1289
1290
1291
1292
1293
1294
1295
1296
1297
1298
1299
1300
4446
1302
1303
1304
1305
1306
1307
1308
1309
1310
1311
1312
1313
1314
1315
1316
1317
1318
1319
1320
1321
1322
1323
1324
1325
1326
1327
1328
1329
1330
1331
1332
1333
1334
1335
1336
1337
1338
1339
1340
1341
1342
1343
1344
1345
1346
1347
1348
1349
1350
1351
4547
1353
1354
1355
1356
1357
1358
1359
5395
4563
1362
4571
6141
5558
4575
4579
1368
5161
4585
5158
5522
1373
4592
1375
1376
1377
1378
1379
1380
1381
4605
1383
1386
5400
691
5407
5572
4628
4627
1391
1392
4956
4637
1395
1396
2253
1398
4646
1400
1401
1402
1403
1404
1405
1406
1407
1408
4671
2545
5214
5266
4676
5215
1415
1416
4683
1418
1419
1420
1421
1422
1423
1424
5245
4760
4701
1428
1429
2365
1431
1432
1433
1434
1435
1436
1437
1438
1439
1440
1441
1442
1443
1444
1445
1446
1447
1448
1449
5230
1451
1452
1453
1454
1455
1456
1457
1458
1459
1460
1461
1462
1463
1464
1465
1466
1467
1468
1469
1470
1471
197
1473
195
194
201
4824
5510
1479
1480
4838
1482
1686
1484
4849
5188
4857
4855
5185
6117
4863
2255
4954
5187
4944
4883
5723
5721
4890
4895
4918
4920
4925
4897
4845
5182
4909
4937
4917
4926
4954
4933
4958
1515
1515
1516
4967
1518
4907
5182
5181
1522
1523
1524
4971
4980
1527
1528
4977
3191
5190
1532
1533
1534
1535
1536
1537
1538
1539
1540
1541
1542
1543
1544
1545
1546
1547
1548
1549
1550
1551
1552
1553
1554
1555
1556
1557
1558
1559
1560
1561
1562
1563
1564
1565
1566
1567
1568
1569
1570
1571
1572
1573
1574
1575
1576
1577
1578
1579
5168
1581
2188
5178
1584
5199
4678
1587
1588
1589
1590
1591
1592
1593
1594
1595
1596
1597
1598
1599
2373
1601
202
1603
5269
1605
1606
1607
1608
1609
1610
1611
1612
1613
1614
1615
1616
1617
1618
1619
1620
5331
1622
5409
5337
5339
1626
1627
1628
1629
1630
1631
1632
1633
1634
1635
1636
5570
1638
1639
1640
1641
1642
1643
1644
1645
1646
1647
1648
1649
1650
1651
1652
1653
1654
5512
1656
5549
1658
1659
1660
1661
1662
1663
1664
1665
1666
1667
1668
1669
1670
1671
1672
1673
1674
1675
1676
1677
1678
1679
1680
1681
1682
1683
1684
1685
1686
1687
1688
1689
1690
1691
1692
1693
1694
1695
1696
1697
1698
1699
1700
1701
1702
1703
1704
1705
1706
1707
1708
1709
1710
1711
1712
1713
1714
1715
1716
1717
1718
1719
1720
1721
1722
1723
1724
1725
1726
1727
1728
1729
1730
1731
1732
1733
1734
1735
1736
1737
1738
1739
1740
1741
1742
1743
1744
1745
1746
1747
1748
1749
1750
1751
1752
1753
1754
1755
1756
1757
1758
1759
1760
1761
1762
1763
1764
1765
1766
1767
1768
1769
1770
1771
1772
1773
1774
1775
1776
1777
1778
1779
1780
1781
1782
1783
1784
1785
1786
1787
1788
1789
1790
1791
1793
3506
1793
1795
349
47
1798
86
85
1797
1803
1803
358
1802
1806
1807
1808
1809
1810
1812
1812
914
1814
351
1816
1817
1818
1819
1822
2153
23
921
1820
1843
1843
1843
1843
3156
2765
2764
1838
3083
2764
2764
2764
3581
377
3581
3581
3199
1843
3199
1843
3960
3960
3958
3960
1846
381
3574
1851
381
2844
2765
2765
1843
1844
1859
1860
1861
1862
1863
1864
1865
1866
1867
1868
1869
1870
1871
1872
1873
1874
1875
1876
1877
1878
1879
1880
1881
1882
1883
1884
1885
1886
1887
1888
1889
1890
1891
1892
1893
1894
1895
1896
1897
1898
1899
1900
1901
1902
1903
1904
1905
1906
1907
1908
1909
1910
1911
1912
1913
1914
1915
1916
1917
1918
1919
1920
1921
1922
1923
1924
1925
1926
1927
1928
1929
1930
1931
1932
1933
1934
1935
1936
1937
1938
1939
1940
1941
1942
1943
1944
1945
1077
1077
3492
3476
1949
1951
1952
1953
421
421
3556
421
4392
1959
1960
1959
1959
1963
1964
1965
1966
1967
1968
1969
143
142
1972
1824
366
367
1824
1977
1977
89
3774
2943
2940
1981
3756
1805
1986
1985
1833
371
1833
3072
1992
1993
1994
1995
1996
1997
1998
1999
2000
2001
2002
2003
2004
2005
2006
2007
2008
2009
2766
2766
2765
3959
2766
2766
1847
1847
1845
2019
2020
2021
2022
2023
2024
2025
2026
2027
2028
2029
2030
2031
2032
2033
2034
2035
2036
2037
2038
2039
2040
2041
2042
2043
2044
2045
2046
2047
2048
2049
2050
2051
2052
2053
2054
2055
2056
2057
2058
2059
2060
2061
2062
2063
2064
2065
2066
2067
2068
2069
2070
2071
2072
2073
2074
2075
2076
2077
2078
2079
2080
2081
2082
2083
2084
2085
2086
2087
2088
2089
2090
2091
2092
2093
2094
2095
2096
2097
2098
2099
2100
2101
2102
2103
2104
2105
2106
2107
2108
2109
2110
2111
2112
2113
2114
2115
2116
2117
2118
2119
2120
2121
2122
2123
2124
2125
2126
2127
2128
2129
2130
2131
2135
2133
2134
2135
2137
2904
2138
2139
504
2141
2142
2143
2144
2145
2146
2147
2148
2151
2954
2952
892
2154
2154
97
2153
2157
2158
2159
2160
2161
2162
2163
2164
2165
2166
2167
2168
992
992
6183
2169
6184
2176
984
3200
2177
2178
2179
2180
2181
2182
2183
2184
2185
2186
2187
525
525
5529
2190
2189
2193
257
2195
2196
2197
2201
2198
2198
2201
2202
2203
2204
2205
2206
2207
2208
2209
2207
2211
2212
2213
2214
2215
2216
2217
2218
2219
2220
313
2222
315
2224
2225
2229
2229
2226
2242
2230
2231
2258
2233
2234
2236
551
1495
2238
2239
2240
2241
2242
2242
2244
2245
2249
2247
622
2429
2250
2252
2252
559
2251
558
6150
5725
6150
6150
2260
2261
2262
2263
2264
2265
2266
2267
2268
2269
2270
2271
2272
2273
2274
2275
2276
2277
2278
2279
2280
2281
2282
2283
2284
2285
2286
2287
2288
2289
2290
2291
2292
2293
2294
2295
2296
2297
2298
2299
2300
2301
2302
2303
2304
2305
2306
2307
2308
2309
2310
2311
2312
2313
2314
2315
2316
2317
2318
2319
2320
2321
2322
2323
2324
2325
2326
2327
2328
2329
2330
2331
2332
2333
2334
2335
2336
2337
2338
2339
2340
2340
2342
2343
2344
2345
2346
2347
2348
2349
2350
2351
2352
2353
2354
2355
2356
2357
2358
2359
2360
2361
2361
2363
2364
1595
2366
2367
2368
2369
2370
2371
2369
602
2374
2375
2376
2377
2378
2379
2380
2381
2382
2383
2384
2385
2386
2387
2388
262
2390
2391
2392
2393
2394
2199
2395
2397
2398
608
4869
5722
2402
2403
2404
2405
2406
2407
2408
2409
2410
2411
2412
2413
2414
2415
2416
2417
2418
2419
2422
619
6150
620
2428
4943
2426
620
4945
2431
623
4885
2433
5429
624
2435
2436
2437
2438
2439
2440
2441
2442
2443
2444
2445
2446
2447
2448
2449
2450
2451
2452
2453
2454
2455
2456
2457
2458
2459
2460
2461
2462
2463
2464
2465
2466
2467
2468
2469
2470
2471
2472
2473
2474
2475
2476
2477
2478
2479
2480
2481
2482
2483
2484
2485
2486
2487
2488
2489
2490
2491
2492
2493
2494
2495
2496
2497
2498
2499
2500
2501
2502
2503
2504
2505
2506
2507
2508
2509
2510
2511
2512
2513
2514
2515
2516
2517
2518
2519
2520
2521
2522
2523
2524
2525
2526
2527
2528
2529
2530
2531
2532
2533
2534
2536
6147
2536
675
4625
4625
4624
678
2544
4703
684
2543
2547
2551
2551
687
4616
2552
2552
2554
2555
2556
2557
2558
2559
270
2561
2562
689
689
2566
5399
2567
2568
2569
2570
2571
2572
2573
2574
2575
2576
2577
2578
2553
2580
686
2582
2583
2584
2585
2586
2589
2589
4617
2590
2591
2592
2593
2594
2595
2596
2597
2598
2599
2600
2601
2602
2603
2604
2605
2606
2607
2608
2609
2610
2611
2612
2613
2614
2615
2616
2617
2618
2619
2620
2621
2622
2623
2624
2625
2626
2627
2628
2629
2630
2631
2632
2633
2634
2635
2636
2637
2638
2639
2640
2641
2642
2643
2644
2645
2646
2647
2648
2649
2650
2651
2652
2653
2654
2655
2656
2657
2658
2659
2660
2661
2662
2663
2664
2665
2666
2667
2668
2669
2670
2671
2672
2673
2674
2675
2676
2677
2678
2679
2680
2681
2682
2683
2684
2685
2686
2687
2688
2689
2690
2691
2692
2693
2694
2695
2696
2697
2698
2699
2700
2701
2702
2703
2704
2705
2706
2707
2708
2709
2710
2711
2712
2713
2714
2715
2716
2717
4524
2719
2720
2721
2722
2723
2724
2725
2726
2727
2728
2729
2730
2731
2732
2733
2734
2735
2736
2737
2738
2739
2740
2741
2742
2743
2744
2745
2746
2747
2748
2749
2750
2751
2752
2753
2754
2755
2756
2757
2758
2759
2760
2761
2762
2763
3846
3581
3846
1106
2768
2769
2770
2771
2772
2773
2774
2772
2776
2777
2778
2779
2780
2781
2782
2783
2784
2785
2790
813
2786
816
3764
2791
3952
818
2794
2795
2799
821
2796
3580
2802
824
3646
825
2800
2805
2806
2807
830
829
2822
2824
2808
2813
831
2815
2816
2813
2818
2819
2820
2821
2822
832
3640
3767
2828
834
3569
835
2826
2831
2832
838
2834
2835
2836
839
2838
2839
2848
375
375
1840
2798
2845
2846
2847
2850
2849
4376
846
2852
2853
2854
2855
2856
2857
2858
2859
2860
2861
2862
2863
2864
2865
2866
2867
2868
2872
2869
874
2900
2873
2874
2875
2876
2878
3449
860
2881
859
2882
2883
2882
2885
2886
2887
2888
2889
2890
2891
2892
2893
2894
2895
2896
2897
2898
2899
2903
873
875
3480
2905
876
2906
2907
2908
2909
2910
2911
3490
1954
1956
2914
1081
881
1948
2917
2915
1948
1947
3493
2919
880
3477
1073
2922
2925
2922
3446
3447
1800
66
1797
1797
353
2936
2936
887
352
1978
2942
2938
2941
2939
1950
1076
2930
891
2951
891
2953
899
2954
899
2957
2961
900
2958
3465
1961
901
1084
2962
2966
2967
2980
2969
2970
2971
2972
2973
2974
2976
2989
907
2978
2979
2982
2981
3005
916
2984
2985
2986
3008
2988
919
3019
3010
2992
2992
3002
2995
2997
1973
2996
2932
2932
3447
1983
889
1982
3005
3006
166
3009
3009
920
3011
167
27
167
3015
3016
3017
101
2156
1958
421
110
3025
926
3760
3752
3023
3028
3029
3030
3031
3032
3033
3034
3035
3036
3037
1809
909
3038
3041
3042
3043
3044
3047
934
1841
3966
1843
1843
3052
3067
3124
3051
935
939
3066
3057
3060
3062
942
4371
3064
4372
943
3069
3071
382
382
3803
3070
373
843
941
3059
970
3063
430
1991
2764
2767
1839
1839
3047
3047
3087
442
1847
440
2016
3090
950
3091
444
3097
951
4403
954
3095
3102
957
4373
953
3100
1843
1843
2170
516
3111
3415
3162
978
3109
3117
3114
963
4375
3119
3168
964
3118
966
3570
3123
3099
3125
955
968
3132
3136
3130
3133
3138
970
945
3166
3416
3086
1991
949
1849
379
445
3141
972
971
972
3145
3148
3116
3969
3990
1165
2767
2767
2767
2764
2764
2764
2765
3159
3164
974
3992
982
3167
3990
3169
3172
2018
3170
3173
4377
3177
3174
976
3796
973
3178
975
974
3185
3182
986
3798
2169
987
2172
3190
3196
991
3189
3183
3193
985
3198
990
3994
3200
3200
3201
3202
3203
3204
3205
3206
3207
3208
3209
3210
3211
3212
3213
3214
3215
3216
3217
3218
3219
3220
3221
3222
3223
3224
3225
3226
3227
3228
3229
3230
3231
3232
3233
3234
3235
3236
3237
3238
3239
3240
3241
3242
3243
3244
3245
3246
3247
3248
3249
3250
3251
3252
3253
3254
3255
3256
3257
3258
3259
3260
3261
3262
3263
3262
3265
3266
3267
3268
3269
3270
3271
3272
3273
3274
3275
3276
3277
3278
3279
3280
3281
3282
3283
3284
3285
3286
3287
3288
3289
3290
3291
3292
3293
3294
3295
3296
3297
3298
3299
3300
3301
3302
3303
3304
3305
3306
3307
3308
3309
3310
3311
3312
3313
3314
3315
3316
3317
3318
3319
3320
3321
3322
3323
3324
3325
3326
3327
3328
3329
3330
3331
3332
3333
3334
3335
3336
3337
3338
3339
3340
3341
3342
3343
3344
3345
3346
3347
3348
3349
3350
3350
3352
3353
3354
3355
3356
3357
3358
3359
3360
3361
3362
3363
3364
3365
3366
3367
3368
3369
3370
3371
3372
3373
3374
3375
3378
1047
3392
1048
3376
3380
1049
3381
2803
826
3387
3660
3386
3383
3390
1050
3394
797
3394
1051
3396
3397
3398
3399
3400
3401
3402
3401
3404
3403
864
3405
1057
3179
3409
981
961
945
3416
3166
3136
935
3058
3055
940
3418
3124
3422
3194
989
3424
3427
3428
3429
3430
3432
1794
1066
3434
350
3439
3436
862
3505
2877
2999
3441
2945
2949
66
3477
126
3447
3442
1069
1070
3452
3453
3454
3455
3456
3457
3458
3460
3464
858
2958
2960
3463
3466
3475
3483
3468
3469
3470
2870
857
3476
902
3473
3492
3479
123
4129
3481
2965
2964
2965
3484
3485
3486
3487
3488
422
3556
422
901
3494
1962
3494
1081
113
2914
30
3501
3501
3504
908
3508
3502
3505
1085
3508
4385
3510
3511
3512
3513
3514
3515
3516
3517
3518
3519
3520
3521
3522
3523
3524
3525
3526
3527
3528
3529
3530
3531
3532
3533
3534
3535
3536
3537
3538
3539
3540
3541
3542
3543
3544
3545
3546
3547
3548
3549
3550
3551
3552
3553
3554
3555
1962
2955
29
3559
3560
3561
3562
3563
3564
3565
3566
3567
3568
3570
3577
1101
2798
822
3573
3575
3576
3577
3578
3579
3582
1106
4380
1107
3584
3585
3586
3587
3588
3589
3590
3590
3592
3593
3594
3595
3596
3597
3598
3599
3600
3601
3602
3603
3604
3605
3606
3607
3608
3609
3610
3611
3612
3613
3614
3615
3616
3617
3618
3619
3620
3621
3622
3623
3624
3625
3626
3627
3628
3629
3630
3631
3632
3633
3634
3635
3636
3637
3638
1118
3815
3641
3642
3643
3644
3645
3648
1103
3648
3649
3650
3651
3652
3655
3653
4383
3656
3657
3658
3659
3576
3661
3662
3663
3664
3665
3666
3667
3668
3669
3670
3671
3672
3673
3674
3675
3676
3677
3678
3679
3680
3681
3682
3683
3684
3685
3686
3687
3688
3689
3690
3691
3692
3693
3694
3695
3696
3697
3698
3699
3700
3701
3702
3703
3704
3705
3706
3707
3708
3709
3710
3711
3712
3713
3714
3715
3716
3717
798
3716
3720
3721
3722
3723
3724
3725
3726
3727
3728
3729
3730
3731
3732
3733
3734
3735
3736
3737
3738
3739
3740
3741
3742
3743
3743
3745
3746
3747
3748
3749
3754
428
3750
1058
428
1973
1975
2998
3040
931
3407
1059
3762
3763
3765
3770
1132
3767
3768
3769
2756
2884
3752
3775
2943
3776
3777
2993
3778
3779
3780
3654
3782
1843
517
1842
375
2842
2174
3788
983
3791
3792
3793
3794
1102
3785
1137
3789
1138
3800
3801
1104
3795
3804
3805
3806
3807
3808
3809
3810
3811
3812
3813
3814
803
803
3719
3818
3819
3820
3821
3822
3823
3824
3825
3826
3827
3828
3829
3830
3831
3832
3833
3834
3835
3836
3837
3838
3839
3840
3841
3842
3843
3843
3842
1106
3844
3848
3849
3850
3851
3852
3853
3854
3855
3856
3857
3858
3859
3860
3861
3862
3863
3864
3865
3866
3867
3868
3869
3870
3871
3872
3873
3874
3875
3876
3877
3878
3879
3880
3881
3882
3883
3884
3885
3886
3887
3888
3889
3890
3891
3892
3893
3894
3895
3896
3897
3898
3899
3900
3901
3902
3903
3904
3905
3906
3907
3908
3909
3910
3911
3912
3913
3914
3915
3916
3917
3918
3919
3920
3921
3922
3923
3924
3925
3926
3927
3928
3929
3930
3931
3932
3933
3934
3935
3936
3937
3938
3939
3940
3941
3942
3943
3944
3945
3946
3947
3948
3949
3950
3951
3845
3845
3954
1147
3953
3847
802
2767
3957
3961
3962
3963
2013
3089
3047
1841
3108
3966
3108
977
3970
3188
988
3973
3976
3977
3978
3979
3980
3981
3982
3983
3984
3985
3986
3987
3988
3989
3969
1165
3972
1166
3975
1168
3996
3997
3998
3999
4000
4001
4002
4003
4004
4005
4006
4007
4008
4009
4010
4011
4012
4013
4014
4015
4016
4017
4018
4019
4020
4021
4022
4023
4024
4025
4026
4027
4028
4029
4030
4031
4032
4033
4034
4035
4036
4037
4038
4039
4040
4041
4042
4043
4044
4045
4046
4047
4048
4049
4050
4051
4052
4053
4054
4055
4056
4057
4058
4059
4060
4061
4062
4063
4064
4065
4066
4067
4068
4069
4070
4071
4072
4073
4074
4075
4076
4077
4078
4079
4080
4081
4082
4083
4084
4085
4086
4087
4088
4089
4090
4091
4092
4093
4094
4095
4096
4097
4098
4099
4100
4101
4102
4103
4104
4105
4106
4107
4108
4109
4110
4111
4112
4113
4114
4115
4116
4117
4118
4119
4120
4121
4122
4123
4124
4125
4126
4127
4128
2915
1083
4131
4132
4133
4134
4135
4136
4137
4138
4139
4140
4141
4142
4143
4144
4145
4146
4147
4148
4149
4150
4151
4152
4153
4154
4155
4156
4157
4158
4159
4160
4161
4162
4163
4164
4165
4166
4167
4168
4169
4170
4171
4172
4173
4174
4175
4176
4177
4178
4179
4180
4181
4182
4183
4184
4185
4186
4187
4188
4189
4190
4191
4192
4193
4194
4195
4196
4197
4198
4199
4200
4201
4202
4203
4204
4205
4206
4207
4208
4209
4210
4211
4212
4213
4214
4215
4216
4217
4218
4219
4220
4221
4222
4223
4224
4225
4226
4227
4228
4229
4230
4231
4232
4233
4234
4235
4236
4237
4238
4239
4240
4241
4242
4243
4244
4245
4246
4247
4248
4249
4250
4246
4252
4253
4254
4255
4256
4257
4258
4259
4260
4261
4262
4263
4264
3351
4266
3475
4268
4269
4270
4271
4272
4273
4274
4275
4276
4277
4278
4279
4280
4281
4282
4283
4284
4285
4286
4287
4288
4289
4290
4291
4292
4293
4294
4295
4296
4297
4298
4299
4300
4301
4302
4303
4304
4305
4306
4307
4308
4309
4310
4311
4312
4313
4314
4315
4316
4317
4318
4319
4320
4321
4322
4323
4324
4325
4326
4327
4328
4329
4330
4331
4332
4333
4334
4335
4336
4337
4338
4339
4340
4341
4342
4343
4344
4345
4346
4347
4348
4349
4350
4351
4352
4353
4354
4355
4356
4357
4358
4359
4360
4361
4362
4363
4364
4365
4366
4367
4368
4369
1852
1850
1854
3093
952
3171
3956
3956
1164
1102
4380
4381
4382
3659
4384
2944
4386
4387
4388
4389
4390
4391
3591
4393
421
4395
4396
4397
4398
4399
4400
4401
377
3965
1843
3167
4406
4407
4408
4409
4410
4411
4412
4413
4414
4415
4416
4417
4418
4419
4420
4421
4422
4423
4424
4425
4426
4427
4428
4429
4430
4431
4432
4433
4434
4435
4436
4437
4438
4439
4440
4441
4442
4443
4444
4445
1302
4447
4448
4449
4450
4451
4452
4453
4454
4455
4456
4457
4458
4459
4460
4461
4462
4463
4464
4465
4466
4467
4468
4469
4470
4471
4472
4473
4474
4475
4476
4477
4478
4479
4480
4481
4482
4483
4484
4485
4486
4487
4488
4489
4490
4491
4492
4493
4494
4495
4496
4497
4498
4499
4500
4501
4502
4503
4504
4505
4506
4507
4508
4509
4510
4511
4512
4513
4514
4515
4516
4517
4518
4519
4520
4521
4522
4523
4525
4525
4526
1341
4528
4529
4530
4531
4532
4533
4534
4535
4536
4537
4538
4539
4540
4541
4542
4543
4544
4546
4546
4547
4545
1350
4550
4551
4552
4553
4554
4555
4556
4557
4558
4559
4560
4561
4562
676
2541
4564
2537
4567
4568
4569
4570
2588
4573
2588
4571
1365
5558
4576
4579
1365
4580
4581
4582
4583
4578
1367
1366
4584
4589
5521
4590
4588
1371
4593
4594
4595
4596
4597
4598
4599
4600
4601
2804
4603
4602
823
4606
4607
4608
5400
1385
4626
5397
691
1381
4603
4615
4618
1381
1369
4620
2566
5397
2565
1388
5526
5401
2830
836
4628
2830
4635
1370
4631
4634
5535
4640
1393
4636
1396
4955
4641
4642
552
4644
2565
4646
4645
4648
4959
4650
4651
4652
3121
4654
4655
4656
4657
4658
4659
4660
4661
4662
4663
4664
4665
4666
4667
4670
4668
4699
1427
4672
4673
4674
4675
1411
1411
4677
4680
5213
4681
4682
4683
4681
4685
4686
4687
4688
4689
4690
4691
4692
4693
4694
4695
4696
4697
4698
4700
5244
1426
1425
4705
4704
5264
4706
4707
4708
4709
4710
4711
4712
4713
4714
4715
4716
4717
4718
4719
2362
1430
4722
4723
4724
4725
4726
4727
4728
4729
4730
4731
4732
4733
4734
4735
4736
4737
4738
4739
4740
4741
4742
4743
4744
4745
4746
4747
4748
4749
4750
4751
4752
282
4754
4755
4756
4758
5229
4757
1450
4761
4762
4763
4764
4765
4766
4767
4768
4769
4770
4771
4772
4773
4774
4775
4776
4777
4778
4779
4780
4781
4782
4783
4784
4785
4786
4787
4788
4789
4790
4791
4792
4793
4794
4795
4796
4797
4798
4799
4800
4801
4802
4803
4804
4805
4806
4807
4808
4809
4810
4811
213
4813
274
4815
4816
273
4818
4819
6140
4821
4825
4822
1478
5518
4826
4827
4828
4829
4830
4831
4832
4833
4834
4835
2205
4836
1459
4839
4840
4841
4842
5724
5723
4845
4846
2227
4848
937
3054
3423
4851
4856
4853
1489
4850
1485
4854
1490
1488
1487
4852
4916
4862
4867
4865
4915
1509
4869
6118
4874
4871
4874
5186
4860
5746
4879
4878
6148
4944
4884
4881
1497
2401
4887
1498
5720
4891
4888
1500
6149
4892
4919
4894
4895
4896
958
958
4898
3104
2243
547
4903
4904
1060
3414
979
5180
956
4900
3115
965
3150
4914
1390
4630
1390
3126
967
969
3137
4921
1494
1494
1511
960
4906
4930
4928
5746
4934
4931
1513
4957
4938
4935
4911
6121
962
5746
5747
4954
4943
4944
551
2226
6150
2257
1520
1520
4951
4952
1494
4954
4936
1512
4889
1499
4932
556
4964
4962
1517
4965
4968
1520
1521
5179
4972
4969
1526
4979
4973
4974
4975
3192
1530
4976
4981
1531
5189
4982
4983
4984
4985
4986
4987
4988
4989
4990
4991
4992
4993
4994
4995
4996
4997
4998
4999
5000
5001
5002
5003
5004
5005
5006
5007
5008
5009
5010
5011
5012
5013
5014
5015
5016
5017
5018
5019
5020
5021
5022
5023
5024
5025
5026
5027
5028
5029
5030
5031
5032
5033
5034
5035
5036
5037
5038
5039
5040
5041
5042
5043
5044
5045
5046
5047
5048
5049
5050
5051
5052
5053
5054
5055
5056
5057
5058
5059
5060
5061
5062
5063
5064
5065
5066
5067
5068
5069
5070
5071
5072
5073
5074
5075
5076
5077
5078
5079
5080
5081
5082
5083
5084
5085
5086
5087
5088
5089
5090
5091
5092
5093
5094
5095
5096
5097
5098
5099
5100
5101
5102
5103
5104
5105
5106
5107
5108
5109
5110
5111
5112
5113
5115
5115
5116
5117
5118
5119
5120
5121
5122
5123
5124
5125
5126
5127
5128
5129
5130
5131
5132
5133
5134
5135
5136
5137
5138
5139
5140
5141
5142
5143
5144
5145
5146
5147
5148
5149
5150
5151
5152
5153
5154
5157
5155
5166
1580
5156
5159
4603
3388
5162
5160
5165
5166
5167
5168
5169
5170
1582
5172
4683
5173
1416
5174
5176
1417
3410
3414
1061
960
3421
4906
938
3419
1063
833
3426
1064
5191
5192
5193
5194
5198
5196
5198
2192
526
5204
5202
1412
4676
5267
5205
5206
5207
5208
5209
5210
5211
5212
5213
5214
1588
5216
5217
5218
5219
5220
5221
5222
5225
1409
5201
4679
1413
5203
5231
5230
5231
5232
5233
5234
4669
1410
5237
5238
5239
5240
5241
5242
5243
5246
1598
5247
5247
5248
5249
5250
5251
5252
5254
5259
1600
5256
5257
5258
5258
5260
290
5262
5263
5264
5265
5268
1604
5268
1460
5271
5532
5272
5273
5274
5275
5276
5277
5278
5279
5280
5281
5282
5283
5284
5285
5286
5287
5288
5289
5290
5291
5292
5293
5294
5295
5296
5297
5298
5299
5300
5301
5302
5303
5304
1352
5306
5307
5308
5309
5310
5311
5312
5313
5314
5315
5316
5317
5318
5319
5320
5321
5322
5323
5324
5325
5326
5327
5328
5329
4629
1389
5330
5333
5334
5335
5340
1623
5336
1621
5421
5341
5342
5343
5344
5345
5346
5347
5348
5349
5350
5351
5352
5353
5354
5355
5356
5357
5358
5359
5360
5361
5362
5363
5364
5365
5366
5367
5368
5369
5370
5371
5372
5373
5374
5375
5376
5377
5378
5379
5380
5381
5382
5383
1360
5385
5385
4565
5388
5389
5390
5391
5561
5393
4610
1384
1638
5398
5568
5399
1637
5571
5402
5403
5404
5405
5406
4604
5407
1382
5410
5411
5412
5413
5414
5415
5416
5417
5418
5419
5420
5163
5422
5423
5424
5425
5426
5427
5428
5431
5430
5431
5432
5433
5434
5435
5436
5437
5438
5439
5440
5441
5442
5443
5444
5445
5446
5447
5448
5449
5450
5451
5452
5453
5454
5455
5456
5457
5458
5459
5460
5461
5462
5463
5464
5465
5466
5467
5468
5469
5470
5471
5472
5473
5474
5475
5476
5477
5478
5479
5480
5481
5482
4697
5484
5485
5486
5487
5488
5489
5490
5491
5492
5493
5494
5495
5496
5497
5498
5499
5500
5501
5502
5502
5504
5505
5506
5507
5509
5528
1583
5508
606
5513
5514
5515
2396
1481
5177
5519
5520
5523
5522
5527
5525
4577
1364
5527
4684
5511
1655
5531
5533
5534
4792
5537
5536
5548
5538
5539
5540
5541
5542
5543
1397
5545
5546
5547
5550
1624
5557
5551
5552
5553
5554
5555
5556
5408
5408
5332
5560
4647
5562
5563
5564
5565
5566
5567
696
5569
696
4574
4572
5573
5574
5575
5576
5577
5578
5579
5580
5581
5582
5583
5584
5585
5586
5587
5588
5589
5590
5591
5592
5593
5594
5595
5596
5597
5598
5599
5600
5601
5602
5603
5604
5605
5606
5607
5608
5609
5610
5611
5612
5613
5614
5615
5616
5617
5618
5619
5620
5621
5622
5623
5624
5625
5626
5627
5628
5629
5630
5631
5632
5633
5634
5635
5636
5637
5638
5639
5640
5641
5642
5643
5644
5645
5646
5647
5648
5649
5650
5651
5652
5653
5654
5655
5656
5657
5658
5659
5660
5661
5662
5663
5664
5665
5666
5667
5668
5669
5670
5671
5672
5673
5674
5675
5676
5677
5678
5679
5680
5681
5682
5683
5684
5685
5686
5687
5688
5689
5690
5691
5692
5693
5694
5695
5696
5697
5698
5699
5700
5701
5702
5703
5704
5705
5706
5707
5708
5709
5710
4548
5712
5713
5714
5715
5716
5717
5718
5719
4882
1496
5724
5723
4846
4845
5726
5727
5728
5729
5730
5731
5732
5733
5734
5735
5736
5737
5738
5739
5740
5741
5742
5743
5744
5745
5746
5747
5748
5749
5750
5751
5752
5753
5754
5755
5756
5757
5758
5759
5760
5761
5762
5763
5764
5765
5766
5767
5768
5769
5770
5771
5772
5773
5774
5775
5776
5777
5778
5779
5780
5781
5782
5783
5784
5785
5786
5787
5788
5789
5790
5791
5792
5793
5794
5795
5796
5797
5798
5799
5800
5801
5802
5803
5804
5805
5806
5807
5808
5809
5810
5811
5812
5813
5814
5815
5816
5817
5818
5819
5820
5821
5822
5823
5824
5825
5826
5827
5828
5829
5830
5831
5832
5833
5834
5835
5836
5837
5838
5839
5840
5841
5842
5843
5844
5845
5846
5847
5848
5849
5850
5851
5852
5853
5854
5855
5856
5857
5858
5859
5860
5861
5862
5863
5864
5865
5866
5867
5868
5869
5870
5871
5872
5873
5874
5875
5876
5877
5878
5879
5880
5881
5882
5883
5884
5885
5886
5887
5888
5889
5890
5891
5892
5893
5894
5895
5896
5897
5898
5899
5900
5901
5902
5903
5904
5905
5906
5907
5908
5909
5910
5911
5912
5913
5914
5915
5916
5917
5918
5919
5920
5921
5922
5923
5924
5925
5926
5927
5928
5929
5930
5931
5932
5933
5934
5935
5936
5937
5938
5939
5940
5941
5942
5943
5944
5945
5946
5947
5948
5949
5950
5951
5952
5953
5954
5955
5956
5957
5958
5959
5960
5961
5962
5963
5964
5965
5966
5967
5968
5969
5970
5971
5972
5973
5974
5975
5976
5977
5978
5979
5980
5981
5982
5983
5984
5985
5986
5987
5988
5989
5990
5991
5992
5993
5994
5995
5996
5997
5998
5999
6000
6001
6002
6003
6004
5999
6006
6007
6008
6009
6010
6011
6012
6013
6014
6015
6016
6017
6018
6019
6020
6021
6022
6023
6024
6025
6026
6027
6028
6029
6030
6031
6032
6033
6034
6035
6036
6037
6038
6039
6040
6041
6042
6043
6044
6045
6046
6047
6048
6049
6050
6051
6052
6053
6054
6055
6056
6057
6058
6059
6060
6061
6062
6063
6064
6065
6066
6067
6068
6069
6070
6071
6072
6073
6074
6075
6076
6077
6078
6079
6080
6081
6082
6083
6084
6085
6086
6087
6088
6089
6090
6091
6092
6093
6094
6095
6096
6097
6098
6099
6100
6101
6102
6103
6104
6105
6106
6107
6108
6109
6110
6111
6112
6113
6114
6115
4864
1492
2254
4896
6119
6120
6122
6123
6124
6125
6126
6127
6128
6129
6130
6131
6132
6133
6134
6135
6136
6137
6138
1387
2372
698
6142
6143
6144
6145
6146
4587
2241
6149
2227
1494
6152
6153
6154
6155
6156
6157
6158
6159
2764
2427
6162
6163
6164
6165
6166
6167
6168
6169
6170
6171
6172
6173
6174
6175
6176
6177
6178
6179
6180
6181
1533
6183
6184
1524
6186
6187
6188
6189
6190
6191
3191
6193
6194
6195
6196
6197
6198
6199
6200
6201
6202
6203
6238
6205
1528
6207
987
6209
6210
6211
6212
6213
6214
6215
6216
6217
6218
6219
6220
6221
6222
6223
6224
6225
6226
6227
6228
6229
6230
6231
6232
6233
6234
6235
6236
6237
6238
6239
6240
6241
6242
6243
6244
6245
6246
6247
6200
6249
6250
6251
6252
6253
6254
6255
6256
6257
6258
6259
6260
6261
6262
6263
6264
6265
6266
6267
6268
6269
6270
6271
6272
6273
6274
6275
6276
6277
6278
6279
6280
6281
6282
6283
6284
6285
6286
6287
6288
6289
6290
6291
