1800
1
2
3
99
5
6
7
8
9
1078
3446
12
13
14
15
16
17
18
19
20
21
22
23
24
25
39
27
108
108
30
31
122
125
34
35
36
37
38
39
40
41
42
168
44
45
46
44
48
49
50
51
48
53
54
55
56
57
58
59
60
61
3477
63
64
65
65
67
68
69
70
71
72
73
74
75
76
77
78
79
80
81
82
83
47
0
86
87
88
89
90
91
92
93
94
95
96
97
98
99
100
101
4
103
5
105
106
107
106
108
111
6
112
113
114
115
3499
117
1083
119
120
121
122
62
123
33
127
126
128
129
130
131
132
119
134
135
136
137
138
139
140
144
142
39
160
145
146
147
148
149
150
151
52
152
154
155
156
157
158
159
160
161
162
163
164
165
159
166
38
169
169
2197
260
267
269
2222
278
539
5319
179
180
5242
5211
303
221
223
241
187
188
237
248
530
216
1473
1475
1474
545
1472
562
1448
1448
1476
202
292
239
310
206
331
316
209
2224
211
212
4812
338
218
218
208
317
219
220
2224
219
223
224
225
226
227
226
229
1592
4719
5241
233
5211
5241
238
183
307
5209
185
241
185
240
246
244
302
222
184
243
186
249
251
253
245
172
259
172
529
263
264
270
2389
195
267
273
2217
4816
2222
4817
2560
4817
2222
4817
4815
4814
2556
4815
198
4753
1449
4756
1448
5319
4821
1476
5320
5261
288
1602
5261
5881
1597
293
5243
1587
296
5210
171
184
221
300
205
205
304
305
308
306
311
318
311
311
2223
2221
1472
2223
268
174
268
319
320
321
319
220
324
323
1446
334
328
329
330
2221
307
264
322
206
336
337
338
337
340
340
342
343
344
345
346
347
348
349
3439
2957
21
353
20
355
356
357
358
359
360
361
6
363
364
365
366
367
25
1846
4378
2016
1846
950
4378
2017
4378
1164
4378
3172
4378
3073
3062
1845
1845
27
39
387
388
389
390
391
392
393
394
395
396
397
398
399
400
401
402
403
404
405
406
407
408
409
410
411
412
413
414
415
416
417
418
419
420
421
422
423
424
425
426
1974
428
4403
3138
431
432
433
434
435
436
437
438
439
379
4378
1845
4378
3143
3142
446
447
448
449
450
451
452
453
454
455
456
457
458
459
460
461
462
463
464
465
466
467
468
469
470
471
472
473
474
475
476
477
478
479
480
481
482
483
484
485
486
487
488
489
490
491
492
493
494
495
2835
497
2134
499
2811
501
502
2969
2901
505
506
507
508
509
510
2160
2159
2847
514
515
4377
3960
518
2179
520
521
522
523
524
525
526
527
528
216
530
531
532
5470
534
535
536
537
538
539
540
541
542
543
544
545
2247
6124
1687
2246
5721
2247
2431
1685
2247
6124
4959
556
4861
4859
1687
1687
562
5948
565
2492
2268
567
568
2498
5028
571
572
573
2277
2275
5086
577
578
579
580
581
5025
583
584
585
2320
2324
2332
2326
5122
6016
592
593
2343
595
596
597
598
599
600
601
602
2380
5655
2379
606
5747
4930
6114
2404
5643
612
613
614
615
616
617
556
1687
6124
6124
4931
4957
2434
625
626
627
628
629
630
631
632
633
634
635
636
637
2321
639
640
641
642
643
2490
645
646
5984
2488
5685
2496
651
5126
2269
654
655
656
5072
658
659
660
6004
5039
663
664
665
666
2276
668
2341
5128
671
672
673
674
4632
2541
677
4625
4611
680
681
682
2547
684
4619
2550
4614
688
689
4646
2566
692
693
6123
5716
2581
697
6139
699
700
701
702
703
704
705
706
707
708
709
710
711
712
713
714
715
716
717
718
3856
720
721
722
723
724
725
726
727
728
729
730
731
732
733
734
735
736
737
738
739
740
741
742
743
744
745
746
747
748
749
750
751
752
753
754
755
756
757
758
759
760
761
762
763
764
765
766
767
768
769
770
771
3658
773
774
775
776
777
778
779
780
781
782
783
784
785
786
787
788
789
3541
2744
792
793
794
795
796
797
798
799
800
801
4376
2769
804
805
806
807
808
809
2780
2816
812
3377
814
815
3766
2795
2791
2849
820
2798
3572
3388
3387
2814
2800
827
2846
2821
2810
3648
3640
938
3052
834
3423
3781
3654
2837
840
841
3741
949
1848
845
2848
847
848
849
850
851
3461
3472
854
855
856
2140
2871
859
860
2879
2881
863
864
865
866
867
868
869
870
871
872
3482
2902
2959
876
877
878
879
880
881
882
883
884
885
886
887
888
1984
890
891
892
2953
894
895
896
111
108
108
900
901
902
2983
2981
905
906
2990
2995
909
3756
911
912
913
151
3013
917
51
918
919
920
22
24
23
30
925
926
927
928
929
930
931
932
3993
3973
940
935
3419
1063
3059
3134
970
3063
3056
3061
3136
3167
1846
4403
3092
3094
4373
4375
953
3095
955
956
957
958
3973
3110
961
962
963
964
965
3057
3130
3136
3135
3167
3146
3145
974
974
973
3992
3973
978
979
961
980
3165
2174
2176
3193
3182
2791
819
3194
990
991
6183
993
994
995
996
997
998
999
1000
1001
1002
1003
1004
1005
1006
1007
1008
1009
1010
1011
1012
1013
1014
1015
1016
1017
1018
1019
1020
1021
1022
1023
1024
1025
1026
1027
1028
1029
1030
1031
1032
1033
1034
1035
1036
1037
1038
1039
1040
1041
1042
1043
3433
1045
1046
1047
1048
3379
1050
1051
1052
1053
1054
1055
1056
3404
1058
1059
3110
1060
3135
3130
3426
1065
3437
3440
125
1069
1070
1071
1072
1073
1074
1075
1076
1077
122
2965
1080
1081
1082
31
1084
3503
1086
1087
1088
1089
1090
1091
1092
1093
1094
1095
3542
1097
1098
1099
1100
3123
1851
3576
3070
3578
3953
3582
1108
1109
1110
1111
1112
1113
1114
1115
1116
1117
1118
1119
3663
3690
3837
1123
3672
1125
1126
1127
3838
3693
1130
1131
3718
3737
1134
1135
3795
1166
3798
1139
1140
1141
1142
1143
1144
1145
1146
818
1148
3853
1150
1151
1152
1153
1154
1155
1156
1157
1158
1159
1160
1161
1162
1163
2850
3993
3994
1167
3995
1169
1170
1171
1172
1173
1174
1175
1176
1177
1178
1179
1180
1181
1182
1183
1184
1185
1186
1187
1188
1189
1190
1191
1192
1193
1194
1195
1196
1197
1198
1199
1200
1201
1202
1203
1204
1205
1206
1207
1208
1209
1210
1211
1212
1213
1214
1215
1216
1217
1218
1219
1220
1221
1222
1223
1224
1225
1226
1227
1228
1229
1230
1231
1232
1233
1234
1235
1236
1237
1238
1239
1240
1241
1242
1243
1244
1245
1246
1247
1248
1249
1250
1251
1252
1253
1254
1255
1256
1257
1258
1259
1260
1261
1262
1263
1264
1265
1266
1267
1268
1269
1270
1271
1272
1273
4410
4406
5629
1277
1278
1279
1280
1281
1282
1283
1284
1285
1286
1287
1288
4430
5624
1291
1292
1293
1294
1295
1296
1297
1298
1299
1300
1301
1302
1303
1304
1305
1306
1307
1308
1309
1310
1311
1312
1313
1314
1315
1316
4477
4485
1319
4496
1321
4488
5430
1324
1325
1326
1327
1328
1329
1330
1331
1332
1333
1334
1335
1336
1337
1338
5419
5412
1341
1342
1343
1344
1345
1346
1347
4540
1349
4549
4547
5305
1353
4551
1355
1356
1357
1358
1359
1360
1361
6123
4574
6141
5557
4575
1367
1368
4582
1370
5158
1372
1373
1374
5452
5465
4651
4593
4600
559
4603
5162
1383
1386
4622
4623
5407
5571
5188
4849
5416
5538
4640
4638
1395
4653
4883
2249
1399
4648
1401
1402
1403
1404
1405
5224
1407
1408
4671
1410
1411
1412
1413
1414
1415
1416
1417
1418
1419
1420
1421
1422
1423
1424
1425
1426
1427
4704
1429
2365
1431
181
2363
4747
4729
1436
4744
1438
1439
2393
1441
1442
1443
1444
1445
1446
1448
1448
1449
1450
1451
1452
1453
1454
1455
1456
1457
1458
1459
1460
5514
1462
5206
1464
1465
1466
4813
1468
1469
1470
1471
1472
1473
1474
1475
1476
1477
1478
4827
1480
1481
4842
5748
1687
1489
4850
4855
4924
1510
4860
4853
4858
4953
4926
2247
5747
5747
4888
6120
4896
4898
4921
4953
4900
1687
4906
4911
4939
1485
4926
4953
4936
4938
4950
4950
4941
4966
5730
4907
4906
1520
4951
552
2576
4969
4979
4593
1377
4977
1530
4981
4983
6182
1534
1535
1536
1537
1538
1539
1540
1541
1542
1543
1544
1545
1546
1547
1548
1549
5023
5026
1552
1553
5049
5676
2456
638
1558
1559
1560
1561
1562
1563
5991
1565
1566
1567
1568
1569
1570
1571
1572
1573
1574
1575
1576
1577
1578
1579
1580
1581
1582
1583
1584
1585
1586
239
1588
1589
1590
1591
1592
1593
1594
5238
5239
292
1598
1599
1600
1601
202
1603
1604
1605
1606
1607
1608
1609
1610
1611
1612
1613
1614
1615
1616
1617
1618
1619
5328
4916
2255
5421
5339
4868
5344
5599
1628
5636
5368
1631
5634
1633
5383
5632
1636
5570
1638
1639
5424
5448
5595
1643
5433
5435
1646
1647
5454
5451
1650
5467
1652
5496
5492
1655
1656
5551
1687
5554
1660
1661
1662
1663
1664
1665
1666
1667
4597
1669
1670
1671
1672
5661
1674
1675
1676
5675
1678
1679
1680
1681
1682
1683
1684
1400
5748
5750
1688
5751
1690
1691
1692
1693
1694
1695
1696
1697
1698
1699
1700
1701
1702
1703
1704
1705
1706
1707
1708
1709
1710
1711
1712
1713
1714
1715
1716
1717
1718
1719
1720
1721
1722
1723
1724
1725
1726
1727
1728
1729
1730
1731
1732
1733
1734
1735
1736
1737
1738
1739
1740
1741
1742
1743
1744
1745
1746
1747
1748
1749
1750
1751
1752
1753
1754
1755
1756
1757
1758
1759
1760
1761
1762
1763
1764
1765
1766
1767
1768
1769
1770
1771
1772
1773
1774
1775
1776
1777
1778
6000
1780
1781
1782
1783
1784
1785
1786
1787
1788
1789
1790
1791
1792
3506
1794
1795
1796
1797
1798
86
352
1801
1805
1803
1804
1805
1806
1807
1808
1809
1810
107
107
3013
3015
2150
1816
1817
1818
1819
1820
1821
93
1823
1824
4378
4378
4378
4378
2016
1846
1846
2016
3090
1846
1846
4378
1846
1846
1164
1846
4378
4378
1164
4378
379
3173
379
1849
3142
3064
942
3061
430
3073
1846
1846
1846
1845
1859
1860
1861
1862
1863
1864
1865
1866
1867
1868
1869
1870
1871
1872
1873
1874
1875
1876
1877
1878
1879
1880
1881
1882
1883
1884
1885
1886
1887
1888
1889
1890
1891
1892
1893
1894
1895
1896
1897
1898
1899
1900
1901
1902
1903
1904
1905
1906
1907
1908
1909
1910
1911
1912
1913
1914
1915
1916
1917
1918
1919
1920
1921
1922
1923
1924
1925
1926
1927
1928
1929
1930
1931
1932
1933
1934
1935
1936
1937
1938
1939
1940
1941
1942
1943
1944
1945
1949
1946
1948
3473
1950
1951
1952
1953
1954
1955
1956
1957
1958
1959
1960
1961
1962
1963
1964
1965
1966
1967
160
1969
39
142
1972
1973
1974
1975
1973
1977
1978
89
1981
3774
1982
1980
910
1985
1986
1987
3965
3090
3965
3140
1992
1993
1994
1995
1996
1997
1998
1999
2000
2001
2002
2003
2004
2005
2006
2007
2008
2009
1846
4378
1846
379
4378
4378
1849
1849
3141
2019
2020
2021
2022
2023
2024
2025
2026
2027
2028
2029
2030
2031
2032
2033
2034
2035
2036
2037
2038
2039
2040
2041
2042
2043
2044
2045
2046
2047
2048
2049
2050
2051
2052
2053
2054
2055
2056
2057
2058
2059
2060
2061
2062
2063
2064
2065
2066
2067
2068
2069
2070
2071
2072
2073
2074
2075
2076
2077
2078
2079
2080
2081
2082
2083
2084
2085
2086
2087
2088
2089
2090
2091
2092
2093
2094
2095
2096
2097
2098
2099
2100
2101
2102
2103
2104
2105
2106
2107
2108
2109
2110
2111
2112
2113
2114
2115
2116
2117
2118
2119
2120
2121
2122
2123
2124
2125
2126
2127
2128
2129
2130
4401
2132
2132
2134
2823
2137
2904
2138
2136
504
2141
2142
2143
2144
2145
2146
2147
2148
2955
2955
898
2955
2153
2154
97
2156
513
2157
2157
2160
2161
2162
2163
2164
2165
2166
2167
2168
3187
3187
2792
988
1827
1855
517
516
2180
2177
2179
2180
2183
2182
2183
2184
2184
2186
2187
2188
2189
2190
2191
2192
2193
172
2195
2196
529
2198
2199
2200
2201
2202
2203
2204
2205
2206
4814
2208
4813
4814
4754
2212
2213
2214
2215
2216
2217
2218
2219
2220
2221
2222
2223
2224
2225
6124
2247
2247
6124
2429
2247
2246
5721
2429
2247
2247
2247
2247
2246
1685
2247
6124
6124
1685
6124
4932
4932
4932
4931
556
4859
1490
4883
4859
4861
2247
1687
2247
2247
5946
2263
565
5946
2267
2265
2489
5987
591
5030
569
5030
5028
2275
2273
2275
668
2273
2278
2279
2278
2281
2282
2283
2284
2285
2286
2287
6168
2289
2290
2291
2292
2293
2294
2295
2296
2296
2298
2299
2300
2301
2302
2303
2304
2305
2306
2307
2265
2309
567
566
2312
2313
2314
2315
2316
2317
2318
563
563
563
563
2320
5048
2324
2330
2326
590
2331
587
587
587
2333
2333
6015
2336
2340
2336
2339
2277
667
2345
593
2342
2345
2346
2347
2348
2349
2350
2351
2352
2353
2354
2355
2356
2357
2358
2359
2360
2364
2361
1596
5237
1595
2368
2368
2368
2369
2370
2371
2372
2373
2374
2375
2376
2377
2378
604
5656
604
2380
2383
2384
2385
2386
2387
2388
2389
2390
2391
5531
1461
2394
2397
2396
2397
5748
4930
1497
5749
611
2402
2404
5644
2406
2407
2408
2409
2410
2411
2412
2413
2414
2415
2416
2417
2418
2419
2247
2248
2247
2247
6124
6124
6124
6124
6124
4931
4934
4957
2367
2367
601
2435
2436
2437
2438
2439
2440
2441
2442
2443
2444
2445
2446
2447
2448
2449
2450
2451
2452
6157
586
2454
638
2458
570
2321
2272
2461
2462
2463
2464
2465
2466
2467
2468
2469
5970
2471
2472
2473
2474
2475
2476
2477
2481
2479
2480
2481
2482
644
2484
2485
5967
647
647
2487
5969
2494
605
2491
5684
2495
2496
2497
564
2495
2500
2501
2502
2503
2504
2505
2506
2507
656
2509
2507
2511
2512
2513
2514
2515
2516
2517
2518
2519
2520
2521
2522
2523
2524
2525
2526
6018
5042
2280
577
2531
2532
2533
2534
2536
2542
2536
2538
2540
4624
679
2540
2543
2544
2545
2546
2547
2551
2551
687
4616
685
2552
2554
4753
2556
2557
2558
2559
2560
2561
2562
2564
2564
690
689
2567
2568
2569
2570
4975
4596
4597
4975
2229
694
695
6150
2553
2580
686
2582
2583
2584
2585
2586
4617
2589
4617
2590
2591
2592
2593
2594
2595
2596
2597
2598
2599
2600
2601
2602
2603
2604
2605
2606
2607
2608
2609
2610
2611
2612
2613
2614
2615
2616
2617
2618
2619
2620
2621
3868
2623
2624
2625
2626
2627
2628
2629
2630
2631
2632
2633
2634
2635
2636
2637
2638
2639
2640
2641
2642
2647
735
2645
737
2647
2648
2649
2650
2651
2652
2653
2654
2655
2656
2657
2658
2659
2660
2661
2662
2663
2664
2665
2666
2667
2668
2669
2670
2671
2672
2673
2674
2675
2676
2677
2678
2679
2680
2681
2682
2683
2684
2685
2686
2687
2688
2689
2690
2691
2692
2693
2694
2695
2696
2697
2698
2699
2700
2701
2702
2703
2704
2705
2706
2707
2708
2709
2710
2711
2712
2713
2714
2715
2716
2717
2718
2719
2720
2721
2722
2723
2724
2725
2726
2727
2728
2729
2730
2731
2732
2733
2734
2735
2736
2737
2738
2739
2740
2743
2742
3954
790
2741
2746
2747
2748
2749
2750
2751
2752
2753
2754
2755
2756
2757
2758
2759
2760
2761
2762
2763
1164
4378
4377
3956
2768
2769
2770
2771
2772
2773
2774
2775
2776
2777
2778
2777
811
2781
2784
499
2784
2782
2790
813
2788
2789
3764
2794
2791
819
3742
3961
1832
2844
2842
2843
2801
3386
824
2802
2801
2805
2806
2807
2810
829
829
2808
828
2815
831
2815
2813
2814
2818
2819
2821
2845
2820
2824
3639
832
3051
3055
936
3422
3054
837
2832
3654
2833
2835
2836
2837
2838
2839
842
950
3088
1848
949
2845
2846
2847
842
842
2849
2840
2852
2853
2854
2855
2856
2857
2858
2859
2860
2861
3471
2863
2864
2865
2866
2867
2868
2872
2869
874
2900
2873
2874
2875
2876
2878
2878
860
2877
859
2882
2883
2884
2885
2886
2887
2888
2889
2890
2891
2892
2893
2894
2895
2896
2897
2898
2899
2903
873
875
3480
2905
3500
2906
2907
2908
2909
2910
2911
2912
2913
2914
2915
2916
2917
2918
2919
2920
1947
2922
2923
2924
2925
2926
2927
2928
882
2930
2931
2932
2933
2934
2935
2936
2937
2939
2939
2940
2941
2942
2943
2944
2945
2946
2947
2948
2949
2952
2951
4392
351
106
111
108
6
2961
900
2958
2961
2962
2963
2964
2965
2968
2967
2980
903
2970
2971
2972
2973
2974
2975
2976
2977
2978
2979
3007
3013
3012
916
2984
2985
2986
2987
2988
2989
2990
2991
2992
2992
2994
2995
2997
3755
2998
2999
3000
3001
1983
889
3004
49
917
49
3008
3009
3010
3011
41
151
42
107
105
3017
101
3019
3020
3021
3022
3023
3024
3025
3026
3027
3028
3029
3030
3031
3032
3033
3034
3035
3036
3037
3038
3039
3040
3041
3042
3043
3044
1166
1166
1845
3993
1846
1846
3417
3058
3417
3419
3418
3074
3059
3075
3132
3074
3133
941
3133
3138
3056
3056
3057
939
3060
939
3057
3965
3140
3134
3136
3166
970
954
954
1846
4378
1846
1845
444
3090
3092
444
445
2018
3170
3171
952
4374
3171
3095
3096
3096
3132
3099
3100
3101
3102
3103
3104
4378
4378
4377
3973
3109
3110
3111
3112
3113
3114
3115
3116
3117
3118
3119
3120
3121
3057
935
935
3125
3126
3128
3135
3129
3135
3130
3134
3167
3166
3110
961
3135
3097
3097
3097
971
3169
3144
3145
3145
3146
3147
3148
3149
3150
3164
974
3164
4378
4378
1846
4378
4378
4378
1846
1845
3162
3163
3164
3165
3163
974
3168
3168
972
3147
839
2851
3164
3164
3164
3993
3162
3111
3181
3163
3175
3175
3183
3174
3974
6208
3974
3189
3190
3191
3192
3178
3179
3193
3196
3197
3196
2172
2169
3201
3202
3203
3204
3205
3206
3207
3208
3209
3210
3211
3212
3213
3214
3215
3216
3217
3218
3219
3220
3221
3222
3223
3224
3225
3226
3227
3228
3229
3230
3231
3232
3233
3234
3235
3236
3237
3238
3239
3240
3241
3242
3243
3244
3245
3246
3247
3248
3249
3250
3251
3252
3253
3254
3255
3256
3257
3258
3259
3260
3261
3262
3263
3264
3265
3266
3267
3268
3269
3270
3271
3272
3273
3274
3275
3276
3277
3278
3279
3280
3281
3282
3283
3284
3285
3286
3287
3288
3289
3290
3291
3292
3293
3294
3295
3296
3297
3298
3299
3300
3301
3302
3303
3304
3305
3306
3307
3308
3309
3310
3311
3312
3313
3314
3315
3316
3317
3318
3319
3320
3321
3322
3323
3324
3325
3326
3327
3328
3329
3331
3331
3332
3333
3334
3335
3336
3337
3338
3339
3340
3341
3342
3343
3344
3345
3346
3347
3348
3349
3350
3351
3352
3353
3354
3355
3356
3357
3358
3359
3360
3361
3362
3363
3364
3365
3366
3367
3368
3369
3459
3371
3372
3373
3374
3375
3378
1047
3378
1048
3376
3380
1049
3383
825
2803
2826
2828
2830
3389
3390
3391
3392
3393
3394
3395
3396
3397
3398
3399
3400
3401
3402
3401
3404
3403
864
3407
1057
3109
3113
3412
3110
3110
3135
961
3135
3420
968
1063
968
3130
3055
938
3409
3424
3410
3427
3428
3429
3430
3432
3435
1066
3434
3436
3438
1067
2880
862
861
3441
3442
3443
3444
2934
1068
126
3448
3449
3450
3451
3452
3453
3454
3455
3456
3457
3458
3460
3464
858
2960
3462
3463
3465
3466
3467
3468
3469
3470
2870
857
3473
3474
3475
3476
62
123
122
3481
3483
1079
3483
3484
3485
3486
3487
3488
3489
3490
3491
3492
3493
3494
3495
116
114
118
117
2964
3501
3504
908
3508
3502
3505
1085
3508
3509
3510
3511
3512
3513
3514
3515
3516
3517
3518
3519
3520
3521
3522
3523
3524
3525
3526
3527
3528
3529
3530
3531
3532
3533
3534
3535
3536
3537
3538
3539
2749
795
794
3540
3544
3545
3546
3547
3548
3549
3550
3551
3552
3553
3554
3555
3556
112
113
3559
3560
3561
3562
3563
3564
3568
3566
1096
3855
936
3067
3124
3787
381
4372
3570
3569
3071
3802
3575
2766
3955
3844
1840
3584
3585
3586
3587
3588
3589
3590
3591
3592
3593
3594
3595
3596
3597
3598
3599
3600
3601
3602
3603
3604
3605
3606
3607
3608
3609
3610
3611
3612
3613
3614
3615
3616
3617
3618
3619
3620
3621
3622
3623
3624
3625
3626
3627
3628
3629
3630
3631
3632
3634
3804
2158
511
3637
512
3638
1118
3641
3642
3656
3644
3645
3647
3660
1103
3649
3650
1120
3652
822
3573
822
3657
4380
1121
1107
3569
3661
3662
1122
3664
3665
3666
3667
3668
3669
3670
2745
791
3671
3674
3675
3676
3677
3678
3679
3684
3681
3682
3683
3016
3685
3686
3688
3836
3687
1128
3673
3691
817
1125
3695
3696
3697
3689
3699
3700
3701
3702
3703
3704
3705
3706
3707
3708
3709
3710
3711
3712
3713
3714
3715
3716
3717
3718
3716
3720
3721
3722
3723
3724
3725
3726
3727
3728
3729
3730
3731
3732
3733
3734
3735
3736
1134
3738
3739
3740
3741
3705
3743
3743
3745
3746
3747
3748
3749
3750
3751
3752
3753
3754
1976
888
3757
3758
3759
3760
3761
3762
3763
3765
3770
1132
3768
3816
3769
3770
3771
3772
3773
2943
3775
3777
2993
3778
3779
3780
3574
4379
3973
3971
1166
2016
3965
371
3045
3788
3791
1105
1104
3803
382
1166
3993
3177
3185
3579
3800
3066
4370
3804
3805
3806
3807
3808
3809
3810
3811
3812
3813
3814
3814
3815
3719
3817
3819
3822
1140
3822
1141
3824
3825
3826
3827
3828
3829
3830
3831
3832
3833
3834
3835
1124
3839
1129
3840
3841
3543
3952
3845
818
2792
3956
818
3848
3849
3850
3851
3852
3853
3854
3854
1149
3857
3858
3859
3860
3862
3862
1151
3864
3865
3866
3867
3868
3869
3870
3871
3872
3873
3874
3875
3876
3877
3878
3879
3880
3881
3882
3883
3884
3885
3886
3887
3888
3889
3890
3891
3892
3893
3894
3895
3896
3897
3898
3899
3900
3901
3902
3903
3904
3905
3906
3907
3908
3909
3910
3911
3912
3913
3914
3915
3916
3917
3918
3919
3920
3921
3922
3923
3924
3925
3926
3927
3928
3929
3930
3931
3932
3933
3934
3935
3936
3940
3938
1161
3940
3941
3942
3943
3944
3945
3946
3947
3948
3949
3950
3951
817
2793
3954
2793
2850
4376
4377
4378
846
3961
3962
3963
2018
3091
1166
1845
3975
3993
3975
3975
3993
1168
2848
3995
3976
3977
3978
3982
3980
1167
3982
3983
3984
3985
3986
3988
3988
3989
3164
3164
982
982
3198
990
3996
3997
3998
3999
4000
4001
4002
4003
4004
4005
4006
4007
4008
4009
4010
4011
4012
4013
4014
4015
4016
4017
4018
4019
4020
4021
4022
4023
4024
4025
4026
4027
4028
4029
4030
4031
4032
4033
4034
4035
4036
4037
4038
4039
4040
4041
4042
4043
4044
4045
4046
4047
4048
4049
4050
4051
4052
4053
4054
4055
4056
4057
4058
4059
4060
4061
4062
4063
4064
4065
4066
4067
4068
4069
4070
4071
4072
4073
4074
4075
4076
4077
4078
4079
4080
4081
4082
4083
4084
4085
4086
4087
4088
4089
4090
4091
4092
4093
4094
4095
4096
4097
4098
4099
4100
4101
4102
4103
4104
4105
4106
4107
4108
4109
4110
4111
4112
4113
4114
4115
4116
4117
4118
4119
4120
4121
4122
4123
4124
4125
4126
4127
4128
120
121
4131
4132
4133
4134
4135
4136
4137
4138
4139
4140
4141
4142
4143
4144
4145
4146
4147
4148
4149
4150
4151
4152
4153
4154
4155
4156
4157
4158
4159
4160
4161
4162
4163
4164
4165
4166
4167
4168
4169
4170
4171
4172
4173
4174
4175
4176
4177
4178
4179
4180
4181
4182
4183
4184
4185
4186
4187
4188
4189
4190
4191
4192
4193
4194
4195
4196
4197
4198
4199
4200
4201
4202
4203
4204
4205
4206
4207
4208
4209
4210
4211
4212
4213
4214
4215
4216
4217
4218
4219
4220
4221
4222
4223
4224
4225
4226
4227
4228
4229
4230
4231
4232
4233
4234
4235
4236
4237
4238
4239
4240
4241
4242
4243
4244
4245
4246
4247
4248
4249
4250
4251
4252
4253
4254
4255
4256
4257
4258
4259
4260
4261
4262
4263
4264
4265
4266
4267
4268
4269
4270
4271
4272
4273
4274
4275
4276
4277
4278
4279
4280
4281
4282
4283
4284
4285
4286
4287
4288
4289
4290
4291
4292
4293
4294
4295
4296
4297
4298
4299
4300
4301
4302
4303
4304
4305
4306
4307
4308
4309
4310
4311
4312
4313
4314
4315
4316
4317
4318
4319
4320
4321
4322
4323
4324
4325
4326
4327
4328
4329
4330
4331
4332
4333
4334
4335
4336
4337
4338
4339
4340
4341
4342
4343
4344
4345
4346
4347
4348
4349
4350
4351
4352
4353
4354
4355
4356
4357
4358
4359
4360
4361
4362
4363
4364
4365
4366
4367
4368
4369
941
3063
430
957
4374
4375
819
2850
846
4371
3842
838
3653
2797
4384
4385
4386
4387
4388
4389
4390
2139
4392
4393
4394
4395
4396
4397
4398
4399
4400
2133
1846
951
1846
3163
1276
4410
4409
5630
4474
4411
4412
4413
4414
4415
4416
4417
4418
4419
4420
4421
4422
4423
4424
4425
4426
4427
4428
4429
1291
4432
5612
4433
4433
4435
4436
4437
4438
4439
4440
4441
4442
4443
4444
4445
4446
4447
4448
4449
4450
4451
4452
4453
4455
4455
4456
1307
4458
4459
4460
4461
4462
4463
4464
4465
4466
4467
4468
4469
4470
4471
4472
4473
5487
4475
4473
1290
4431
4480
5625
4481
4482
1320
4484
4485
4489
4486
1323
5497
4490
4491
4492
4493
4494
4495
4496
4497
4498
4499
4500
4501
4502
4503
4504
4505
4506
4507
4508
4509
4510
4511
4512
4513
4514
4515
4516
4517
4518
4519
4520
4521
4522
4523
4524
4525
4526
4527
4528
4529
4530
4531
4532
4533
4534
4535
4536
4537
4537
4539
4540
4541
4542
4543
4544
4548
4545
1352
5711
624
4550
4551
4552
4553
4554
4555
4556
4557
4558
4559
4560
4561
4562
676
5394
4564
4566
5714
5714
6123
6124
2581
4571
2588
696
1365
5558
4576
4578
5550
2779
4580
810
4583
4586
4585
1366
678
4588
5521
4590
4591
1371
4594
5717
1376
4595
4594
4887
618
5544
4642
823
826
4605
5162
4606
4607
4608
4612
4612
1385
4621
4623
1381
5161
4615
4618
4604
1369
4620
2565
691
690
1388
5526
1637
4849
5188
4849
4850
1392
1370
4634
5416
5535
4639
4636
5498
4639
1396
5721
1496
2429
5721
690
4646
4645
4637
1393
4651
1394
4652
4653
4654
4655
4656
4657
4658
4659
4660
4661
5235
4663
4664
4665
4666
4667
4668
4669
4670
4671
4672
4673
4674
4675
4676
4677
4678
4679
4680
4681
4682
4683
4684
4685
4686
4687
4688
4689
4690
4691
4692
4693
4694
4695
4696
4697
4698
4699
4700
4701
4702
2544
683
4703
4706
4707
4708
4709
4710
4711
4712
4713
4714
4715
4716
4717
4718
4719
2361
1430
2363
4723
4727
4725
4726
4728
4746
1434
4730
4731
4732
4733
4734
4735
4736
4737
1437
4739
4740
4741
4742
4743
4744
4745
4748
1463
6020
4749
4750
4751
4752
4753
4754
1448
4756
4757
4758
4759
4760
4761
4762
4763
5264
4765
4766
4767
4768
5471
4770
4771
4772
4773
4774
4775
4776
4777
4778
4779
4780
4781
4782
4783
4784
4785
4786
4787
4788
4789
4790
4791
4792
4793
4794
4795
5513
4797
4799
5205
4798
2394
4802
1440
4805
4811
1471
4807
4808
4809
4810
212
4812
320
4814
4815
4816
4817
4818
4819
4820
4821
4822
4823
4824
4825
4826
4827
4828
4829
4826
4831
4832
4833
4834
4835
4836
4837
4838
4839
4840
4830
1479
5749
5748
1687
5749
2247
2247
5185
5186
5185
4856
1489
4855
1510
4874
1489
1511
4930
1511
1488
4856
4856
4853
1487
4854
4857
4857
1497
4929
4927
4924
4927
4926
1511
1515
2247
2249
2247
2247
5749
5749
5747
5749
4889
4957
5749
1499
4958
6119
4890
4893
4919
4927
4892
1501
3104
958
4897
4900
6124
2247
5730
6123
3113
960
979
4905
4909
4909
4911
4912
4913
4912
1485
4850
1485
967
969
3137
3137
4926
4927
4927
4953
960
4906
1515
1511
1515
4933
1512
4935
4933
4937
1508
4939
1507
4939
1515
4952
4950
6124
2247
2247
2247
2247
1687
4908
1506
1519
4949
1506
4950
4914
4955
1513
6121
4956
4959
4952
1522
1514
4949
4908
1506
4966
4905
4964
4961
4972
4965
5731
1689
6206
3192
4977
4976
4965
4981
4968
4978
1529
4982
2572
2571
4987
4988
4989
4990
4991
4992
4993
4994
4995
4996
4997
4998
4999
5000
5001
5002
5003
5004
5005
5006
5007
5008
5009
5010
5011
5012
5013
5014
5015
5016
5017
5018
5019
5020
5021
5022
5026
5025
5117
5026
5026
5030
5030
2260
5032
5032
5033
5034
5035
5037
5037
5040
661
6005
5041
5042
5043
5127
5045
5048
5046
5949
1555
1557
5050
2460
5053
5054
5055
5056
5057
5058
5059
5060
5061
5062
5063
5064
5065
5066
5067
5068
5069
5070
5071
5990
5991
5990
5075
5076
5077
6003
5079
5082
5081
6017
2510
657
2339
672
2339
5088
5089
5090
5091
5047
1554
5092
5095
5096
5097
5098
5099
5100
5101
5102
5103
5104
5105
5106
5107
5108
5109
5110
5111
5112
5113
2493
2493
2493
649
5118
5119
5120
5121
2324
2323
2272
5124
653
2455
1556
5129
5130
5131
5132
5133
5134
5135
5136
5137
5138
5139
5140
5141
5142
5143
5144
5145
5146
5147
5148
5149
5150
5151
5152
5153
5154
5157
5155
5157
1580
5156
5160
3385
2830
4627
5164
5165
5166
5167
5168
5169
5170
5171
5172
5173
5173
5175
5174
5177
5178
5182
960
5180
960
3137
4906
5187
969
3137
4850
5179
5189
5191
5192
5193
5194
5195
5196
1585
5198
5199
5200
5201
5202
5203
5204
5205
1588
5207
5208
4732
171
4726
4800
5213
5214
5215
5216
5217
5218
5219
5220
5221
5222
5225
1409
5225
5226
5227
5228
5229
5230
5231
5232
5233
5234
4669
1410
5240
5238
1593
5240
4723
1597
296
5244
5245
5246
5247
5248
5249
5250
5251
5252
5253
5254
5255
5256
5257
5258
5259
5260
5261
1602
5263
4705
1428
5266
5267
5268
5269
5270
5271
5272
5273
5274
609
5276
4479
5278
5279
5280
5281
5282
5283
5284
5285
5286
5287
5288
5289
5290
5291
5292
5293
5294
5295
5296
5297
5298
5299
5300
5301
4552
5302
5304
1354
5306
5307
5308
5309
5310
5311
5312
5313
5314
5315
5316
5317
5318
5319
5320
5321
5322
5323
5324
5325
5326
5327
1615
5329
4852
1390
4852
4870
1490
2251
5332
1621
5559
4915
5330
4569
4600
5600
5712
5345
5346
5347
5348
5349
5350
5351
5352
5353
5354
5355
5356
5357
5358
5359
5360
5361
5362
5363
5673
5365
5366
5370
1629
5367
5674
5371
5372
5633
5374
5375
5376
5377
5378
5379
5382
5380
5635
1635
5384
5385
5386
5387
5388
5389
5390
5391
5392
5393
4610
5561
5399
5396
1638
5399
5397
5571
5402
5403
5417
5405
5406
1382
5409
5163
5411
5422
1640
5410
5335
1380
5335
5420
1626
1641
5601
4629
5423
5596
1642
5425
5426
5427
5428
2433
519
5429
4546
1350
5432
1351
5436
5437
5438
5439
5440
5441
5442
5443
5444
5445
5446
5450
1648
5447
5594
5434
1644
5452
5434
5455
5456
5457
5449
5459
5460
5461
5462
4487
5463
1322
5466
5467
5468
5469
5470
5468
1651
5473
5474
5475
5476
5477
5478
5479
5480
5481
5482
5483
5484
5485
5329
5487
5488
1653
5495
4538
1316
1348
5491
5494
1654
2178
5462
1650
5500
5464
5502
5503
4688
5504
5505
5507
5508
5509
5510
5511
5512
5513
1656
5515
5516
5517
5518
5519
5520
5521
5522
5523
1364
4577
4572
5527
5528
5529
5530
5531
5532
5533
5534
5535
5539
5537
1622
6125
5727
1687
5727
5720
1496
548
5547
2401
1624
1625
5337
5560
558
5749
4844
4962
4970
1623
5408
4862
4866
5561
5562
5563
5564
5565
5566
5567
5568
5569
5568
4574
1363
5573
5574
5575
5576
5577
5578
5579
1663
5581
5582
5583
5584
5585
5586
5587
5588
5589
5590
5591
1645
5454
5435
5596
5597
5303
1649
5453
5709
5599
1378
1378
5604
5605
5606
5607
5608
5609
5610
5611
5612
5613
5614
5615
5616
5617
5618
5619
5620
5623
5621
5631
1670
5626
5610
5627
5628
1292
4434
4476
1274
5622
1634
4407
1275
5637
5638
5639
5640
5641
5642
5643
5646
5645
5646
5647
5648
5649
5650
5651
5652
5653
5654
1289
4478
5381
1630
5659
5660
5661
5662
5663
5664
5665
5666
5667
5668
5669
5670
5671
5672
1317
1275
1275
5674
5369
5678
5679
5680
5681
5682
5683
5365
5685
5686
5687
5688
5689
5690
5691
5692
5692
5695
5695
1681
5697
5698
5699
5700
5701
5702
5702
5704
5705
5706
5707
5708
1375
4597
5703
4596
6122
4650
6123
4960
5718
5719
5431
5749
4888
5749
5748
5749
1687
5749
5730
5749
1689
5751
4648
5732
5733
5734
5736
5736
1688
5738
5739
5740
5741
5742
5744
5744
5745
1515
4952
4952
1522
4984
1532
5752
5753
5754
5755
5756
5757
5758
5759
5760
5761
5762
5763
5764
5765
5766
5767
5768
5769
5770
5771
5772
5773
5774
5775
5776
5777
5778
5779
5780
5781
5782
5783
5784
5785
5786
5787
5788
5789
5790
5791
5792
5793
5794
5795
5796
5797
5798
5799
5800
5801
5802
5803
5804
5805
5806
5807
5808
5809
5810
5811
5812
5813
5814
5815
5816
5817
5818
5819
5820
5821
5822
5823
5824
5825
5826
5827
5828
5829
5830
5831
5832
5833
5834
5835
5836
5837
5838
5839
5840
5841
5842
5843
5844
5845
5846
5847
5848
5849
5850
5851
5852
5853
5854
5855
5856
5857
5858
5859
5860
5861
5862
5863
5864
5865
5866
5867
5868
5869
5870
5871
5872
5873
5874
5875
5876
5877
5878
5879
4719
293
5882
5883
5884
5885
5886
5887
5888
5889
5890
5891
5892
5893
5894
5895
5896
5897
5898
5899
5900
5901
5902
5903
5904
5905
5906
5907
5908
5909
5910
5911
5912
5913
5914
5915
5916
5917
5918
5919
5920
5921
5922
5923
5924
5925
5926
5927
5928
5929
5930
5931
5932
5933
5934
5935
5936
5937
5938
5939
5940
5941
5942
5943
5944
5945
5947
6135
1677
5676
5950
5951
5952
5953
5954
5955
5956
5957
5958
5959
5960
5961
5962
5963
5964
5965
5966
650
2496
2499
5970
5971
5972
5973
5974
5975
5976
5977
5978
5979
5980
5981
2489
651
2499
2270
5985
5986
5988
5989
5953
1768
5992
5993
5994
5995
1778
5997
5959
5998
1770
6001
6001
6002
6000
5998
6006
6007
6008
6009
6010
6011
6012
6013
6014
5124
5126
6017
5051
5986
5231
6021
6022
6023
6024
6025
6026
6027
6028
6029
6030
6031
6032
6033
6034
6035
6036
6037
6038
6039
6040
6041
6042
6043
6044
6045
6046
6047
6048
6049
6050
6051
6052
6053
6054
6055
6056
6057
6058
6059
6060
6061
6062
6063
6064
6065
6066
6067
6068
6069
6070
6071
6072
6073
6074
6075
6076
6077
6078
6079
6080
6081
6082
6083
6084
6085
6086
6087
6088
6089
6090
6091
6092
6093
6094
6095
6096
6097
6098
6099
6100
6101
6102
6103
6104
6105
6106
6107
6108
6109
6110
6111
6112
6113
1673
6115
4854
4858
4928
4899
1504
4910
1377
4649
4959
1492
5598
4634
5414
4601
6130
6131
6132
6133
6134
4408
6136
6137
6138
1387
6140
698
6142
6143
6144
6145
6146
2542
2247
1500
2247
1506
6152
6153
5693
6154
6156
586
6158
6155
4378
6124
6162
6163
6164
6165
6166
6167
6168
6169
6170
6171
6172
6173
6174
6175
6176
6177
6178
6179
6180
6181
6182
6183
2176
2576
6186
6187
6188
6189
6190
6191
1530
6193
6194
6195
6196
6197
6198
6199
6200
6201
6202
6203
1064
6205
1377
6207
819
6209
6210
6211
6212
6213
6214
6236
6235
6217
6218
6219
6220
6221
6222
6223
6224
6225
6226
6227
6228
6229
6230
6231
6232
6233
6234
6235
6236
6237
1064
6239
6240
6241
6242
6243
6244
6245
6246
6247
6248
6249
6250
6251
6252
6253
6254
6255
6256
6257
6258
6259
6260
6261
6262
6263
6264
6265
6266
6267
6268
6269
6291
6271
6272
6289
6290
6275
6276
6277
6278
6279
6280
6281
6282
6283
6284
6285
6286
6287
6288
6289
6290
6291
