0
95
100
3017
1972
5
6
7
8
118
2919
125
12
13
14
15
16
17
63
19
1979
352
2153
922
922
368
386
27
109
29
30
1083
2922
33
34
35
160
146
38
386
40
41
166
168
37
145
37
45
48
3012
50
1970
52
53
54
55
53
58
120
10
60
62
123
11
61
65
66
67
68
69
70
71
72
73
74
75
76
77
78
79
80
81
82
83
45
1800
1
92
24
921
2155
96
922
2153
922
3017
3018
922
3018
1972
3018
3018
368
103
5
105
106
107
108
109
110
111
112
113
114
115
117
3499
3498
116
121
4130
1078
124
3478
33
3445
3447
128
129
130
131
132
119
134
137
36
139
135
139
140
1971
142
26
144
1972
1972
99
148
149
150
151
152
152
154
155
155
157
158
159
1968
138
3
163
164
165
159
166
38
169
169
171
264
271
4816
2222
176
177
280
285
289
292
295
183
184
185
186
187
230
234
190
2389
529
2218
1474
1474
545
1472
198
199
282
1476
1602
4722
4729
205
206
331
309
209
1472
211
212
337
338
208
218
217
316
219
219
2224
222
223
180
224
231
227
231
230
181
291
294
232
182
4723
236
237
238
4732
240
241
242
243
244
245
246
247
248
249
250
252
253
254
233
2193
263
172
2197
195
269
2560
1473
1474
4816
1474
2559
4817
2222
4817
1474
4817
2222
4817
277
275
276
277
176
282
280
281
199
5319
284
201
286
290
287
202
5261
293
1432
5881
4724
1435
4727
4730
4731
299
300
301
302
303
288
179
308
306
310
207
310
311
2223
313
1472
312
175
268
2222
319
320
321
322
220
212
323
326
327
328
329
330
2221
307
174
334
335
336
329
209
337
320
340
1782
343
1783
345
346
347
348
349
1794
2953
352
353
1979
355
356
2883
1803
1805
361
364
6
1819
3034
3030
2976
907
368
3108
977
3970
959
1988
3108
1858
380
3959
977
3142
1846
3064
4370
3971
3971
27
386
387
388
389
390
391
392
393
394
395
396
397
398
399
400
401
402
403
404
405
406
407
408
409
410
411
412
413
414
415
416
417
418
419
420
1958
1956
423
424
425
2986
2975
3771
3992
3079
431
432
433
434
435
436
437
438
439
3971
3108
3971
380
3094
3143
2020
447
448
449
450
451
452
453
454
455
456
457
458
459
460
461
462
463
464
465
466
467
468
469
470
471
472
473
474
475
476
477
478
479
480
481
482
483
484
485
486
487
488
489
490
491
492
493
494
495
2835
2129
2132
3767
2824
501
502
3712
2901
876
506
2815
4393
509
2147
511
3635
2160
514
515
3188
3105
4498
2179
520
521
522
2184
524
525
2192
4749
1443
529
2389
531
532
533
4685
2199
2201
538
4835
177
2213
4831
4832
4788
4818
545
5727
5727
1687
5726
1496
5727
4882
4903
4903
5727
1512
556
4866
1490
1687
1687
198
563
564
565
566
567
568
569
570
571
572
573
574
575
576
577
578
579
580
581
582
583
584
585
586
587
588
589
590
591
592
593
594
595
596
597
598
599
600
5300
2373
603
604
605
5528
4940
1493
609
610
611
612
613
614
615
616
617
623
1687
5727
2247
1513
4889
601
625
626
627
628
629
630
631
632
633
634
635
636
637
638
639
640
641
642
643
644
645
646
647
648
649
650
651
652
653
654
655
656
657
658
659
660
661
662
663
664
665
666
667
668
669
670
671
672
673
674
1370
2540
2538
5524
4626
680
681
5472
5322
4705
685
2550
4617
688
689
2564
5399
692
693
4974
6253
2581
697
6139
1469
700
701
702
703
704
705
706
707
708
709
710
711
712
713
714
715
716
717
718
719
720
721
722
723
724
725
726
727
728
2753
3563
2634
3984
733
734
735
736
737
738
739
740
741
742
743
744
5325
746
747
748
750
2689
2688
2675
344
2679
2682
2684
787
2691
759
760
3630
2693
763
2699
765
766
767
768
769
770
771
3656
773
774
775
776
777
778
779
780
781
4536
2727
784
785
786
2737
2740
446
3541
2744
792
793
794
795
4557
797
798
799
2763
3634
3960
2768
4395
805
2773
2772
808
809
3385
2817
2785
813
2787
815
816
2795
2793
2849
3704
2798
381
823
824
2814
2804
827
829
2820
3638
3648
3816
3054
3053
2826
836
3780
3654
2837
840
3740
3741
3072
3967
2847
2851
847
3749
3560
2858
505
852
853
854
855
856
857
858
859
2879
3440
3439
863
2885
865
3623
867
868
3722
870
871
872
3482
874
2902
1084
2908
1948
1076
1950
878
911
2949
884
885
2943
2942
930
3037
3003
2951
2151
3618
2926
2915
114
111
29
109
900
3494
902
2969
2967
932
363
2978
908
1809
930
3444
912
360
151
2981
2983
1970
905
2979
906
2153
922
922
30
925
3761
3753
928
3028
1817
3040
3029
3992
3971
940
935
938
1063
3059
968
3076
3063
3056
3062
3136
6236
1847
3992
3992
3092
4373
4375
953
6236
955
956
957
958
3971
3113
3111
962
3148
964
965
3065
967
961
960
6236
3168
3145
6236
3162
3178
3174
3973
978
979
3111
3179
6215
3788
2173
3195
3184
6208
3974
989
990
991
2171
993
994
995
996
997
998
999
1000
1001
1002
1003
1004
1005
1006
1007
1008
1009
1010
1011
1012
1013
1014
1015
1016
1017
1018
1019
1020
1021
1022
1023
1024
1025
1026
1027
1028
1029
1030
1031
1032
1033
1034
1035
1036
1037
1038
1039
1040
1041
1042
1043
1044
1045
1046
1047
1048
3379
3382
1051
1052
1053
1054
1055
1056
3404
3406
3408
3113
3410
960
3421
1064
1065
1066
3437
33
1069
1070
1071
1072
2919
1074
1075
3475
3476
2922
2965
1080
1081
3490
1083
1961
1085
1086
1087
1088
1089
1090
1091
1092
1093
1094
1095
3542
1097
1098
1099
3567
3569
4379
1103
3802
3575
3957
2796
1108
1109
1110
1111
1112
1113
1114
1115
1116
1117
3814
3653
1120
4380
3837
1123
3671
789
1126
1127
3838
3693
3702
1131
1132
1133
1134
3751
3794
6239
3798
1139
1140
1141
1142
1143
1144
1145
1146
3956
1148
1149
1150
1151
1152
1153
1154
1155
1156
1157
1158
1159
1160
1161
3949
3976
4377
3992
3993
1167
3995
1169
1170
1171
1172
1173
1174
1175
1176
1177
1178
1179
1180
1181
1182
1183
1184
1185
1186
1187
1188
1189
1190
1191
1192
1193
1194
1195
1196
1197
1198
1199
1200
1201
1202
1203
1204
1205
1206
1207
1208
1209
1210
1211
1212
1213
1214
1215
1216
1217
1218
1219
1220
1221
1222
1223
1224
1225
1226
1227
1228
1229
1230
1231
1232
1233
1234
1235
1236
1237
1238
1239
1240
1241
1242
1243
1244
1245
1246
1247
1248
1249
1250
1251
1252
1253
1254
1255
1256
1257
1258
1259
1260
1261
1262
1263
1264
1265
1266
1267
1268
1269
1270
1271
1272
1273
1274
1275
1276
1277
1278
1279
1280
1281
1282
1283
1284
1285
1286
1287
1288
4431
5625
5612
1292
1293
1294
1295
1296
1297
1298
1299
1300
5740
5742
4447
4445
1305
1306
1307
1308
1309
1310
1311
1312
1313
1314
1315
1316
1317
1321
1320
4497
4495
1323
2178
4493
4500
1326
1327
1328
4501
5391
4510
4508
1333
4513
4515
1336
1337
1338
5404
4522
1341
1342
1343
1344
1345
1346
1347
1348
1349
624
1352
1354
1353
4551
4553
5588
1357
1358
1359
5395
676
6124
4571
6141
5557
4575
4579
1368
4615
4585
1371
1372
1373
4592
5717
5465
4651
4596
4642
2251
1381
1382
1383
4621
5397
2566
1387
5571
4629
1486
5538
5539
4640
5498
5500
1396
608
4843
4646
4649
1401
4657
1403
1404
1405
1406
1407
1408
5224
1410
4677
5204
1586
4679
1415
1416
4683
5384
5482
1420
1421
1422
1423
1424
5264
4701
4671
5324
4710
2365
1430
1596
1596
1463
1463
1436
4744
4741
5531
4834
2394
4751
5379
295
4712
1446
199
282
280
4760
1451
1452
4766
4768
4773
4839
4774
4775
2205
1460
4795
5207
1588
4794
4780
320
320
1456
1455
4785
2224
1472
2218
1474
1474
1476
1477
5510
4826
2215
4837
4830
5748
1687
4856
1485
4855
4871
1510
4858
4857
4861
4953
4906
5727
6149
4940
4888
6121
4896
1501
4919
4894
1504
1687
4905
1507
1508
4862
4906
4950
4936
4935
4949
4949
4964
4965
5729
4907
4905
5179
4951
5547
2578
4972
4980
6206
1377
4977
1530
5190
4983
1527
1534
1535
1536
1537
1538
1539
1540
1541
1542
1543
1544
1545
1546
1547
1548
1549
1550
1551
1552
1553
1554
1555
1556
1557
1558
1559
1560
1561
1562
1563
1564
1565
1566
1567
1568
1569
1570
1571
1572
1573
1574
1575
1576
1577
1578
1579
1580
1581
1582
5178
1584
5197
5201
4729
5215
1589
1590
1591
203
5230
1594
5238
1593
4722
4761
1599
5255
1601
1602
2376
1604
1605
1606
1607
1608
1609
1610
1611
1612
1613
1614
5304
1616
1617
1618
6138
5328
5330
558
5409
5336
5559
552
5716
1628
1629
1630
1631
1632
5376
1634
1635
5562
5570
5569
5414
1640
1627
5595
5427
4549
4546
1646
1647
5599
5453
5461
1651
1652
1653
1654
5512
4796
5549
5728
4970
1660
1661
1662
1663
1664
1665
1666
1667
1378
5605
5610
1671
1672
5646
1674
1675
1676
1677
1678
1679
1680
1681
1682
1683
1684
1400
5748
5749
1688
5751
1690
1691
1692
1693
1694
1695
1696
1697
1698
1699
1700
1701
1702
1703
1704
1705
1706
1707
1708
1709
1710
1711
1712
1713
1714
1715
1716
1717
1718
1719
1720
1721
1722
1723
1724
1725
1726
1727
1728
1729
1730
1731
1732
1733
1734
1735
1736
1737
1738
1739
1740
1741
1742
1743
1744
1745
1746
1747
1748
1749
1750
1751
1752
1753
1754
1755
1756
1757
1758
1759
1760
1761
1762
1763
1764
1765
1766
1767
1768
1769
1770
1771
1772
1773
1774
1775
1776
1777
1778
1779
1780
1782
1782
343
1781
1785
1786
1787
1788
1789
1790
1791
1792
1793
1794
1795
1796
1797
1977
1
1800
1801
357
357
1802
357
3201
3036
1810
358
3201
107
107
151
107
6
3033
1818
3033
365
2991
2989
2153
3019
2976
977
3108
977
3108
3970
3108
3108
3085
3045
3108
3108
3108
380
1847
380
2010
977
977
3107
977
1849
379
3971
1849
3141
942
4371
3062
3064
430
3971
3971
3108
3971
1859
1860
1861
1862
1863
1864
1865
1866
1867
1868
1869
1870
1871
1872
1873
1874
1875
1876
1877
1878
1879
1880
1881
1882
1883
1884
1885
1886
1887
1888
1889
1890
1891
1892
1893
1894
1895
1896
1897
1898
1899
1900
1901
1902
1903
1904
1905
1906
1907
1908
1909
1910
1911
1912
1913
1914
1915
1916
1917
1918
1919
1920
1921
1922
1923
1924
1925
1926
1927
1928
1929
1930
1931
1932
1933
1934
1935
1936
1937
1938
1939
1940
1941
1942
1943
1944
1945
3473
1949
1077
3473
3475
1952
1952
1952
3021
1957
1082
3020
2151
1959
1959
901
1955
3591
1964
1965
1966
1967
1968
1969
386
142
1972
2977
2975
2977
2978
1820
1974
921
3757
2998
889
3757
3037
2884
2884
1986
3048
3972
3048
3139
1992
1993
1994
1995
1996
1997
1998
1999
2000
2001
2002
2003
2004
2005
2006
2007
2008
2009
3971
3971
3971
3971
3971
3971
2018
444
3170
1951
420
1953
2022
2023
2024
2025
2026
2027
2028
2029
2030
2031
2032
2033
2034
2035
2036
2037
2038
2039
2040
2041
2042
2043
2044
2045
2046
2047
2048
2049
2050
2051
2052
2053
2054
2055
2056
2057
2058
2059
2060
2061
2062
2063
2064
2065
2066
2067
2068
2069
2070
2071
2072
2073
2074
2075
2076
2077
2078
2079
2080
2081
2082
2083
2084
2085
2086
2087
2088
2089
2090
2091
2092
2093
2094
2095
2096
2097
2098
2099
2100
2101
2102
2103
2104
2105
2106
2107
2108
2109
2110
2111
2112
2113
2114
2115
2116
2117
2118
2119
2120
2121
2122
2123
2124
2125
2126
2127
4401
2831
4401
2133
2823
499
2811
2825
2904
2905
2906
2136
504
2143
2142
4393
2143
2146
2146
506
2148
106
111
2953
899
2976
2154
922
2976
511
3636
2158
511
2161
2162
2163
2164
2165
2166
2167
2168
3187
2172
3187
988
517
3784
2174
1843
2180
2180
520
4499
2181
2182
2181
2184
2185
2185
2187
2188
2189
2190
2191
2192
2196
172
531
2196
4733
534
534
2198
534
4987
4835
4987
536
2204
4815
5441
320
275
276
2214
541
4831
2214
4818
2559
4790
4788
543
2221
2222
312
1472
2225
5727
5727
5727
5727
5726
5727
5727
1496
2401
5727
5727
5727
4903
1505
4903
2431
5727
5727
1518
5727
4934
4932
4933
4957
622
4858
4861
608
4858
6116
5727
1687
5727
5727
2260
2261
2262
2263
2264
2265
2266
2267
2268
2269
2270
2271
2272
2273
2274
2275
2276
2277
2278
2279
2280
2281
2282
2283
2284
2285
2286
2287
2288
2289
2290
2291
2292
2293
2294
2295
2296
2297
2298
2299
2300
2301
2302
2303
2304
2305
2306
2307
2308
2309
2310
2311
2312
2313
2314
2315
2316
2317
2318
2319
2320
2321
2322
2323
2324
2325
2326
2327
2328
2329
2330
2331
2332
2333
2334
2335
2336
2337
2338
2339
2340
2341
2342
2343
2344
2345
2346
2347
2348
2349
2350
2351
2352
2353
2354
2355
2356
2357
2358
2359
2360
5237
2364
5239
5237
1595
2368
2368
5298
4756
4753
4750
2557
1600
2377
2374
681
5351
4755
2379
2380
2381
2382
1457
4775
1457
4789
544
544
1473
4797
2390
2393
1480
5515
4684
2397
4684
4930
4876
4930
4844
2402
2403
2404
2405
2406
2407
2408
2409
2410
2411
2412
2413
2414
2415
2416
2417
2418
2419
5727
1687
5727
5727
5727
5727
5727
5727
5727
4889
1513
4889
2368
2366
601
2435
2436
2437
2438
2439
2440
2441
2442
2443
2444
2445
2446
2447
2448
2449
2450
2451
2452
2453
2454
2455
2456
2457
2458
2459
2460
2461
2462
2463
2464
2465
2466
2467
2468
2469
2470
2471
2472
2473
2474
2475
2476
2477
2478
2479
2480
2481
2482
2483
2484
2485
2486
2487
2488
2489
2490
2491
2492
2493
2494
2495
2496
2497
2498
2499
2500
2501
2502
2503
2504
2505
2506
2507
2508
2509
2510
2511
2512
2513
2514
2515
2516
2517
2518
2519
2520
2521
2522
2523
2524
2525
2526
2527
2528
2529
2530
2531
2532
2533
2534
6147
678
6147
4632
4625
1388
4611
4625
4704
1428
2545
2546
683
687
2549
687
2551
2552
2552
2554
4752
276
2558
4749
4790
1474
2561
4788
689
689
5399
5399
2567
2568
2569
2570
1528
1528
6206
4975
1658
4901
5545
1658
2553
2580
686
2582
2583
2584
2585
2586
2589
2589
6139
2590
2591
2592
2593
2594
2595
2596
2597
2598
2599
2600
2601
2602
2603
2604
2605
2606
2607
2608
2609
2610
2611
2612
2613
2614
2615
2616
2617
2618
2619
2620
2621
2622
2623
2624
2625
2626
2627
2628
2629
2630
2631
2632
2633
2754
796
2635
2638
2752
2639
2640
2641
2642
2643
2644
2645
2646
2647
2648
2649
2650
2651
2652
2653
2654
2655
2656
2657
2658
2659
2660
2661
3564
2663
2664
2665
2666
2667
2668
2669
2670
2671
2686
2689
2686
751
2674
2678
3738
3670
2677
2685
749
2681
3686
2736
2687
2690
342
758
2690
2691
2692
2693
2694
2694
2696
2697
2698
2699
2700
2701
2702
2703
2704
2705
2706
2707
2708
2709
2710
2711
2702
2713
764
2715
2716
2717
2718
2719
2720
2721
2722
2723
2724
2725
2726
782
2728
2729
2730
2731
2732
2733
2734
2738
2735
788
2739
2739
2740
3954
2020
3954
790
2743
2746
2747
2748
2749
2750
2727
783
4536
4555
2755
2756
2757
2758
2759
498
2130
3633
3633
3960
380
3960
3960
2770
2768
2144
2768
805
3792
2773
2776
2776
2780
2778
810
3384
811
2774
2784
807
806
2786
813
2788
2789
2790
2794
2791
819
820
3961
3786
3572
3787
372
2802
2801
3646
2802
2804
2805
2806
2807
2822
2820
512
3639
830
2814
831
831
2813
2814
2816
2819
2158
2159
3635
832
1118
3768
3422
3051
3422
2829
3423
2832
3778
837
2832
812
2836
2837
2838
3739
2836
1990
1989
383
1990
2159
2845
2847
2840
842
2848
839
2854
848
3748
2855
3559
3561
849
2857
2860
2861
2862
2863
2864
2865
2866
2867
2868
2869
2870
2871
2872
2859
2874
851
850
2880
2877
861
3438
862
2882
863
2882
865
2886
866
3624
2889
2891
3625
2892
2893
2894
2895
2896
2897
2898
2899
2900
873
874
2903
3500
2964
3501
2907
502
2909
2910
2907
2912
3497
3489
881
3496
2918
1947
880
2917
1946
1950
1948
2925
2947
883
2924
2948
2949
2948
2931
2932
2933
2931
2935
2936
1978
2938
2939
2942
885
3755
2996
887
2945
2946
4267
3466
911
893
2951
2950
893
106
111
109
6
2960
875
3462
2958
2962
2963
2962
2965
2970
356
2966
503
3711
929
2971
3029
929
363
363
363
1816
1819
2968
904
2980
903
3041
3042
2973
3041
2979
363
2978
2979
1806
909
1807
2992
3035
2978
3035
3000
3441
2999
361
361
3003
3012
916
3012
2979
906
2979
905
3014
151
42
107
105
3017
3018
2975
3022
3020
112
3025
926
3760
927
3027
762
3030
2696
2695
3031
2696
763
1818
364
1817
1804
3038
359
3043
365
3030
3028
3972
3972
3971
3992
3108
3108
3417
3058
3055
3419
3418
3075
940
3075
3134
3074
3077
941
946
3078
3058
3056
935
939
939
3066
3057
429
1991
3134
968
3166
3076
970
974
959
1847
440
3967
3972
3972
3992
1166
3090
1166
3091
952
951
4374
3171
3095
3096
3096
3098
3099
3100
3101
3102
3103
3104
977
977
3188
3971
3109
3109
3111
3112
3113
3114
3115
3116
963
3118
3119
3120
3121
935
3052
3052
3125
3126
3127
3110
3136
3110
960
3134
6236
3166
3110
961
960
3164
3164
954
3144
971
972
3146
3145
3146
3147
964
3149
3150
3164
6236
3164
1847
1847
1847
3108
3108
3108
3971
3971
3162
3111
6215
3165
3163
6236
3168
2837
972
3147
3169
3172
3164
3178
3175
3992
3179
3111
3179
980
3183
3193
985
3182
3188
6208
3973
3189
3190
3191
3192
3194
3194
989
3196
3197
3196
516
2170
3202
3720
3203
3204
3205
3206
3207
3208
3209
3210
3211
3212
3213
3214
3215
3216
3217
3218
3219
3220
3221
3222
3223
3224
3225
3226
3227
3228
3229
3230
3231
3232
3233
3234
3235
3236
3237
3238
3239
3240
3241
3242
3243
3244
3245
3246
3247
3248
3249
3250
3251
3252
3253
3254
3255
3256
3257
3258
3259
3260
3261
3262
3263
3264
3265
3266
3267
3268
3269
3270
3271
3272
3273
3274
3275
3276
3277
3278
3279
3280
3281
3282
3283
3284
3285
3286
3287
3288
3289
3290
3291
3292
3293
3294
3295
3296
3297
3298
3299
3300
3301
3302
3303
3304
3305
3306
3307
3308
3309
3310
3311
3312
3313
3314
3315
3316
3317
3318
3319
3320
3321
3322
3323
3324
3325
3326
3327
3328
3329
3330
3331
3332
3333
3334
3335
3336
3337
3338
3339
3340
3341
3342
3343
3344
3345
3346
3347
3348
3349
3350
3351
3352
3353
3354
3355
3356
3357
3358
3359
3360
3361
3362
3363
3364
3365
3366
3367
3368
3369
3370
3371
3372
3373
3374
3375
3376
3377
3378
3379
3376
3380
1049
3381
825
826
3386
3387
3388
3389
3390
3391
3392
3393
3394
3395
3396
3397
3398
3399
3400
3402
3402
3401
1056
3403
864
3405
1057
3412
1060
3409
3109
3110
960
961
3110
3418
3420
1063
3130
969
3051
3054
3424
3425
3426
3427
3428
3429
3430
3431
3432
3433
3434
3435
3435
1066
3436
350
1067
3441
3442
3443
1069
2931
33
3447
3001
3449
3450
3451
3452
3453
3454
3455
3456
3457
3458
3459
3460
3461
3463
3464
3464
2961
3465
3467
3468
3469
3470
3471
3472
3474
3474
1074
3476
124
3478
32
3480
3481
1079
3483
3484
3485
3486
3487
3488
3491
1081
3491
3492
3493
422
3495
117
30
31
3499
2964
1084
3502
3503
3504
3505
3506
3507
3508
4385
3510
3511
3512
3513
3514
3515
3516
3517
3518
3519
3520
3521
3522
3523
3524
3525
3526
3527
3528
3529
3530
3531
3532
3533
3534
3535
3536
3537
3538
3539
2749
795
794
3540
3544
3545
3546
3547
3548
3549
3550
3551
3552
3553
3554
3555
1954
112
113
3561
877
3562
1960
4556
1301
3568
3565
1096
3855
3124
3122
2828
3073
1851
4371
1101
3571
3570
3577
3579
4402
3958
1839
2798
3584
3585
3586
3587
3588
3589
3592
891
3617
3593
3594
3595
3596
3597
3598
3599
3600
3601
3602
3603
3604
3605
3606
3607
3608
3609
3610
3611
3612
3613
3614
3615
3616
3617
3618
3619
3620
3621
3622
801
2762
3626
3632
3627
3628
3629
3630
3631
3804
2808
828
1117
3636
3813
3637
3637
3815
3642
838
4383
3644
3645
3646
3647
3648
3649
3650
3651
3652
3573
1102
822
3583
3580
3657
2797
3660
3661
3662
1122
3840
3665
3666
3667
2019
2021
344
2741
791
3671
2742
3675
3676
3677
3679
3679
3678
3681
3682
3683
3680
2735
2737
3688
3836
3690
3843
1125
3673
817
1125
3695
3696
3697
1121
3699
2676
3700
752
2680
754
3703
3706
3707
3708
3709
3710
3711
1131
3713
3714
3715
3716
3717
3718
3817
3721
3721
761
3723
3724
3725
3726
3727
3728
3729
3730
3731
3732
3733
3734
3735
3736
3737
1784
3701
755
1130
3705
4390
2972
869
869
3032
2683
756
3754
428
3750
1058
3406
2978
930
3035
1987
3758
3407
1059
3762
3763
3764
3765
3766
3769
2771
2775
3770
2884
3752
3773
2998
3775
3776
3039
3779
3791
1136
1102
3795
3971
3108
3970
3084
1988
1137
3797
3789
1105
3579
3578
1104
3803
3972
3177
976
986
3800
3800
3071
3068
2846
3805
3806
3807
3808
3809
3810
3811
3812
3813
510
2769
803
3817
3818
3819
3820
3821
3822
3823
3824
3825
3826
3827
3828
3829
3830
3831
3832
3833
3834
3835
3692
3672
1129
3840
3841
3543
3953
1147
3955
2792
1164
1164
3848
1148
3850
3851
3852
3853
3854
3855
3856
3857
3858
3859
3860
3861
3862
3863
3864
3865
3866
3867
3868
3869
3870
3871
3872
3873
3874
3875
3876
3877
3878
3879
3880
3881
3882
3883
3884
3885
3886
3887
3888
3889
3890
3891
3892
3893
3894
3895
3896
3897
3898
3899
3900
3901
3902
3903
3904
3905
3906
3907
3908
3909
3910
3911
3912
3913
3914
3915
3916
3917
3918
3919
3920
3921
3922
3923
3924
3925
3926
3927
3928
3929
3930
3931
3932
3933
3934
3935
3936
3937
3938
3939
3940
3944
3977
3943
3944
3945
3946
3945
3948
3949
3950
3951
2792
818
3947
4376
4376
4377
4378
977
4378
3962
3669
3668
1166
4403
3972
3971
1166
3992
1166
1166
3993
3975
1168
3994
732
3985
2637
3979
3980
3981
3982
3983
3986
3984
783
3987
3988
3989
3164
3164
982
982
3198
990
3996
3997
3998
3999
4000
4001
4002
4003
4004
4005
4006
4007
4008
4009
4010
4011
4012
4013
4014
4015
4016
4017
4018
4019
4020
4021
4022
4023
4024
4025
4026
4027
4028
4029
4030
4031
4032
4033
4034
4035
4036
4037
4038
4039
4040
4041
4042
4043
4044
4045
4046
4047
4048
4049
4050
4051
4052
4053
4054
4055
4056
4057
4058
4059
4060
4061
4062
4063
4064
4065
4066
4067
4068
4069
4070
4071
4072
4073
4074
4075
4076
4077
4078
4079
4080
4081
4082
4083
4084
4085
4086
4087
4088
4089
4090
4091
4092
4093
4094
4095
4096
4097
4098
4099
4100
4101
4102
4103
4104
4105
4106
4107
4108
4109
4110
4111
4112
4113
4114
4115
4116
4117
4118
4119
4120
4121
4122
4123
4124
4125
4126
4127
4128
121
4130
4131
4132
4133
4134
4135
4136
4137
4138
4139
4140
4141
4142
4143
4144
4145
4146
4147
4148
4149
4150
4151
4152
4153
4154
4155
4156
4157
4158
4159
4160
4161
4162
4163
4164
4165
4166
4167
4168
4169
4170
4171
4172
4173
4174
4175
4176
4177
4178
4179
4180
4181
4182
4183
4184
4185
4186
4187
4188
4189
4190
4191
4192
4193
4194
4195
4196
4197
4198
4199
4200
4201
4202
4203
4204
4205
4206
4207
4208
4209
4210
4211
4212
4213
4214
4215
4216
4217
4218
4219
4220
4221
4222
4223
4224
4225
4226
4227
4228
4229
4230
4231
4232
4233
4234
4235
4236
4237
4238
4239
4240
4241
4242
4243
4244
4245
4246
4247
4248
4249
4250
4251
4252
4253
4254
4255
4256
4257
4258
4259
4260
4261
4262
4263
4264
4265
4266
3466
4268
4269
4270
4271
4272
4273
4274
4275
4276
4277
4278
4279
4280
4281
4282
4283
4284
4285
4286
4287
4288
4289
4290
4291
4292
4293
4294
4295
4296
4297
4298
4299
4300
4301
4302
4303
4304
4305
4306
4307
4308
4309
4310
4311
4312
4313
4314
4315
4316
4317
4318
4319
4320
4321
4322
4323
4324
4325
4326
4327
4328
4329
4330
4331
4332
4333
4334
4335
4336
4337
4338
4339
4340
4341
4342
4343
4344
4345
4346
4347
4348
4349
4350
4351
4352
4353
4354
4355
4356
4357
4358
4359
4360
4361
4362
4363
4364
4365
4366
4367
4368
4369
3060
3061
430
4373
4375
4375
2850
846
3173
382
3846
2833
3654
822
4384
2946
4386
4387
4388
4389
2972
2139
2950
3801
3020
508
4396
4397
4398
4399
4400
499
440
951
3108
3163
4406
4407
4408
4409
4410
4411
4412
4413
4414
4415
4416
4417
4418
4419
4420
4421
4422
4423
4424
4425
4426
4427
4428
4429
4432
1290
5624
1291
4430
4435
4436
4437
4438
4439
4440
4441
4442
4443
4444
1302
5742
1302
4445
4446
4450
4451
4452
4453
4454
4455
4456
4457
4458
4459
4460
4461
4462
4463
4464
4465
4466
4467
4468
4469
4470
4471
4449
4473
4474
4475
4476
4477
4478
4479
6114
4494
4484
4496
4494
4495
5497
4489
5430
518
5446
4543
4490
4485
4497
1325
4497
4500
4498
4499
4500
4501
4502
4503
4505
5393
4509
4506
4508
4509
1334
4514
4511
1336
5436
523
4516
4517
4518
4519
4507
1332
1331
4520
4524
4525
4526
4527
4528
4529
4530
4531
4532
4533
4534
4535
4536
4537
4538
4539
4540
4542
4544
4541
4544
5711
4548
5305
5703
2434
4554
1353
4550
1356
4554
1347
4557
5741
4558
4559
4560
4561
4562
2539
679
5394
2535
1518
1518
6124
4903
2581
4571
2588
2581
1365
5558
4576
4579
5550
4582
1369
5161
4583
4578
1367
1366
4586
4588
4589
4590
4591
1371
4595
5465
5501
1377
4593
550
2233
4869
559
4602
4602
4604
4605
4606
4607
4608
5397
4622
5400
5396
691
4618
1381
4614
1387
4618
4619
4620
2566
5396
2563
5401
5526
1637
5188
4628
4916
4849
5535
1370
4635
5536
5535
4639
4636
5498
4639
1396
2398
4869
4843
2398
2563
2564
2565
4637
1393
4648
1394
4654
4653
5507
4658
4655
1403
5321
4659
4660
4661
4662
4663
4664
4665
4666
4667
4668
4669
4670
1409
4656
1402
4674
4672
5202
1412
5200
5203
4676
4682
4682
1416
4681
4685
1418
5386
4687
4689
5387
4691
4692
4693
4694
4695
4696
4697
4698
4699
4700
1427
4705
1428
5322
5265
4706
4707
4708
4709
4710
4711
1431
5253
4714
4715
4718
203
2361
4716
2361
2365
1596
296
4748
296
204
4748
6020
1463
298
4800
297
4733
4734
4735
4736
4737
1437
4742
4740
2386
1656
4743
1462
4745
6020
5206
5231
4751
4751
5378
1443
276
276
199
281
4759
4757
5226
1426
2375
4762
4761
1603
4769
682
4765
533
4769
1479
4770
1479
4841
540
4776
2213
2212
4777
4767
1453
4779
1454
4839
4839
4776
4784
4773
4776
4774
1456
2206
1459
4791
2203
1480
1480
4834
4799
5205
4798
2203
4801
538
4811
4811
1465
4783
4787
4785
4783
4812
337
320
274
277
4816
4817
4775
1449
1449
4821
4822
4823
4824
5518
1329
4828
4504
4503
4829
4503
1328
542
4833
542
2200
535
4836
4840
541
4829
4826
1687
5748
1687
1687
5727
5727
5185
5186
4850
4856
1489
4871
4874
1489
1489
1488
4860
4872
4854
4856
1485
4853
4864
1487
4857
1491
4928
4875
4927
4924
1506
1510
1511
6255
5727
4843
2431
5727
4844
4844
4928
1687
4888
4888
4891
4890
1499
6120
1500
4893
4893
1502
4892
1501
4897
4898
4899
4900
5727
5727
1687
5729
6216
3113
4907
4905
4909
4910
4911
4912
4913
4914
1485
4852
4852
4918
4919
6235
6235
4926
1506
1506
4924
4906
4906
6255
4895
6255
4933
1512
4936
1513
4935
4936
4937
4938
4939
4952
4952
4950
5727
2249
5727
5727
5727
1687
4908
4908
1519
4951
1506
4950
4914
4955
4958
4938
4956
4959
4952
5748
4964
4949
1520
4908
4968
5180
4979
1517
4979
4979
5731
5731
5731
4976
4977
4976
4981
1531
5189
4978
1529
4982
4973
6251
4988
5480
4989
4990
4991
4992
4993
4994
4995
4996
4997
4998
4999
5000
5001
5002
5003
5004
5005
5006
5007
5008
5009
5010
5011
5012
5013
5014
5015
5016
5017
5018
5019
5020
5021
5022
5023
5024
5025
5026
5027
5028
5029
5030
5031
5032
5033
5034
5035
5036
5037
5038
5039
5040
5041
5042
5043
5044
5045
5046
5047
5048
5049
5050
5051
5052
5053
5054
5055
5056
5057
5058
5059
5060
5061
5062
5063
5064
5065
5066
5067
5068
5069
5070
5071
5072
5073
5074
5075
5076
5077
5078
5079
5080
5081
5082
5083
5084
5085
5086
5087
5088
5089
5090
5091
5092
5093
5094
5095
5096
5097
5098
5099
5100
5101
5102
5103
5104
5105
5106
5107
5108
5109
5110
5111
5112
5113
5114
5115
5116
5117
5118
5119
5120
5121
5122
5123
5124
5125
5126
5127
5128
5129
5130
5131
5132
5133
5134
5135
5136
5137
5138
5139
5140
5141
5142
5143
5144
5145
5146
5147
5148
5149
5150
5151
5152
5153
5154
5155
5155
5157
5158
5156
5159
4603
5162
5163
5164
5165
5166
5167
5168
5169
5170
5171
5172
5175
5173
5175
5174
5176
1417
5180
4905
5179
4906
6235
4906
5186
5187
4921
4849
5189
5190
5191
5192
5193
5194
5195
5196
5197
5195
5198
5199
1585
5200
1586
526
5208
1588
5207
5213
4730
4731
204
4798
4680
5214
1414
5216
5217
5218
5219
5220
5221
5222
5223
5224
5223
5227
5228
5225
4758
1450
5229
5232
5233
5234
5235
5236
5240
5238
1593
5240
296
1432
4727
5244
4764
5246
5247
5248
5249
5250
5251
5252
5254
5254
1601
5256
5257
5258
5259
290
5261
202
5263
1603
2376
5267
5270
5268
5269
2189
5271
5272
5273
5274
5275
5276
5277
5278
5279
5280
5281
5282
5283
5284
5285
5286
5287
5288
5289
5290
5291
5292
5293
5294
5295
5296
5297
5298
5299
5300
5301
4552
5302
1355
1354
5306
5307
5308
5309
5310
5311
5312
5313
5314
5315
5316
5317
1447
5319
286
1429
1429
5323
4710
1301
5327
5611
1615
5326
4916
4629
4915
6118
1492
6125
1621
5340
5339
1509
5331
2230
4642
4946
557
5345
5346
5347
5348
5349
5350
5353
1442
5378
5354
5355
5356
5357
5358
5359
5360
5361
5362
5363
5364
5365
5366
5367
5368
5369
5370
5371
5372
5373
5374
4693
1422
5375
5377
1633
5380
5381
5382
5383
1360
5392
5385
4565
5388
5389
5390
1636
5561
5393
4609
4613
1638
5398
5568
5569
5398
5570
5405
5403
5415
4634
5406
5407
5408
5409
5410
5411
5458
6130
1622
5335
1622
1379
1380
1626
2239
5163
5422
5596
1642
5425
4512
1335
5426
2367
2179
2433
4545
624
1350
4545
5436
5437
5438
5440
5469
5439
5442
5443
5444
5441
4541
5450
5598
5448
5592
5433
5718
5452
5434
5455
5456
5457
5419
5459
4481
1319
5460
4487
5463
1322
5466
5467
5468
5469
5470
5471
5472
5473
5474
5475
5477
5573
5478
5476
5481
5481
1330
5483
5484
5485
5486
5487
5488
5489
5490
5491
5492
1643
5494
5495
5496
518
5462
1650
1324
5464
5503
6136
1419
1419
4827
4492
5509
5178
1583
5508
606
4778
4795
4833
2396
5516
5177
5519
5520
5521
5522
5523
1364
4577
4572
5527
4684
5529
5530
1461
5532
5533
1481
5537
1657
5548
5552
5551
6253
1687
6253
2398
2399
5554
5555
1516
1624
5338
5337
1625
5560
5749
5748
4963
4969
1623
5408
4867
4865
4647
1399
5563
5564
5565
5566
5567
5567
5569
696
4574
4574
5574
5574
5575
5576
5577
5578
5579
5580
5581
5582
5583
5584
5585
5586
5587
5588
5589
5590
5591
1645
5453
5435
4547
5303
5303
1378
4597
5714
5712
1685
6123
5606
5605
5606
5604
5607
5608
1669
5609
1670
5613
5614
5615
5616
5617
5618
5619
5620
5621
5622
5623
5626
1673
5661
5627
5628
5629
1289
5631
5632
5633
5634
5635
5636
5637
5638
5639
5640
5641
5642
5643
5644
5645
5646
5647
5648
5649
5650
5651
5652
5653
5654
5655
5656
5657
5658
5659
5660
5662
5662
5663
5664
5665
5666
5667
5668
5669
5670
5671
5672
5673
5674
5675
5676
5677
5678
5679
5680
5681
5682
5683
5684
5685
5686
5687
5688
5689
5690
5691
5692
5693
5694
5695
5696
5697
5698
5699
5700
1683
5702
5702
5704
5705
5706
5707
5708
4593
4596
5703
6122
6123
4650
6124
4960
5719
5429
2433
4891
6149
1687
5748
1687
1687
1687
5730
5749
5730
5750
1689
5734
5732
6113
5735
5736
5737
5738
5739
1613
5741
1613
5743
5744
5745
4952
4952
1522
1522
4984
1532
5752
5753
5754
5755
5756
5757
5758
5759
5760
5761
5762
5763
5764
5765
5766
5767
5768
5769
5770
5771
5772
5773
5774
5775
5776
5777
5778
5779
5780
5781
5782
5783
5784
5785
5786
5787
5788
5789
5790
5791
5792
5793
5794
5795
5796
5797
5798
5799
5800
5801
5802
5803
5804
5805
5806
5807
5808
5809
5810
5811
5812
5813
5814
5815
5816
5817
5818
5819
5820
5821
5822
5823
5824
5825
5826
5827
5828
5829
5830
5831
5832
5833
5834
5835
5836
5837
5838
5839
5840
5841
5842
5843
5844
5845
5846
5847
5848
5849
5850
5851
5852
5853
5854
5855
5856
5857
5858
5859
5860
5861
5862
5863
5864
5865
5866
5867
5868
5869
5870
5871
5872
5873
5874
5875
5876
5877
5878
5879
293
5881
5882
5883
5884
5885
5886
5887
5888
5889
5890
5891
5892
5893
5894
5895
5896
5897
5898
5899
5900
5901
5902
5903
5904
5905
5906
5907
5908
5909
5910
5911
5912
5913
5914
5915
5916
5917
5918
5919
5920
5921
5922
5923
5924
5925
5926
5927
5928
5929
5930
5931
5932
5933
5934
5935
5936
5937
5938
5939
5940
5941
5942
5943
5944
5945
5946
5947
5948
5949
5950
5951
5952
5953
5954
5955
5956
5957
5958
5959
5960
5961
5962
5963
5964
5965
5966
5967
5968
5969
5970
5971
5972
5973
5974
5975
5976
5977
5978
5979
5980
5981
5982
5983
5984
5985
5986
5987
5988
5989
5990
5991
5992
5993
5994
5995
5996
5997
5998
5999
6000
6001
6002
6003
6004
6005
6006
6007
6008
6009
6010
6011
6012
6013
6014
6015
6016
6017
6018
6019
5231
6021
6022
6023
6024
6025
6026
6027
6028
6029
6030
6031
6032
6033
6034
6035
6036
6037
6038
6039
6040
6041
6042
6043
6044
6045
6046
6047
6048
6049
6050
6051
6052
6053
6054
6055
6056
6057
6058
6059
6060
6061
6062
6063
6064
6065
6066
6067
6068
6069
6070
6071
6072
6073
6074
6075
6076
6077
6078
6079
6080
6081
6082
6083
6084
6085
6086
6087
6088
6089
6090
6091
6092
6093
6094
6095
6096
6097
6098
6099
6100
6101
6102
6103
6104
6105
6106
6107
6108
6109
6110
6111
6112
6113
6114
6115
4854
4861
4860
4899
6121
6121
4650
1400
4959
4866
1362
1392
5416
1380
5428
6131
6132
6133
6134
6135
4771
6137
1442
5558
1449
698
6142
6143
6144
6145
6146
678
2431
1500
5727
1506
6152
6153
6154
6155
6156
6157
6158
6159
977
5727
6162
6163
6164
6165
6166
6167
6168
6169
6170
6171
6172
6173
6174
6175
6176
6177
6178
6179
6180
6181
1527
2171
2173
2578
6186
6187
6188
6189
6190
6191
1530
6193
6194
6195
6196
1064
6198
6199
6200
6201
6202
6203
1064
6205
1377
6207
3974
6209
4971
6240
3184
6213
6214
6215
979
6217
6218
6219
6220
6221
6222
6223
6224
6225
6226
6227
6228
6229
6230
6231
6270
6233
6234
6216
6215
3195
1064
6218
6240
6241
6242
6243
6244
6245
6246
6247
6248
6249
6250
6232
6252
6232
6210
6234
4980
6257
6258
6259
6260
6261
6262
6263
6264
6265
6266
6267
6268
6269
6270
6271
6272
6273
6274
6275
6276
6277
6278
6279
6280
6281
6282
6283
6284
6285
6286
6287
6288
6272
6271
6269
