45
94
2153
101
25
43
104
5
35
16
83
0
36
4390
51
50
70
74
138
130
921
1
2990
2977
2975
25
2971
43
107
107
164
53
61
85
3743
159
2986
99
154
2972
158
26
153
153
95
3009
145
2
26
386
39
2972
26
80
80
78
15
79
81
75
19
68
65
161
12
46
46
136
135
51
13
51
917
135
137
132
39
139
77
128
71
129
131
132
91
45
88
921
1821
23
1821
2153
2990
907
2991
101
2989
2975
101
101
101
101
25
170
43
170
104
170
104
107
104
104
148
148
164
148
56
40
56
165
60
57
64
66
66
0
44
47
3744
140
3744
137
36
165
35
146
918
160
146
141
142
905
905
2971
905
2987
2984
98
168
169
41
42
26
26
153
35
150
52
14
152
905
146
920
150
157
72
153
153
153
154
42
208
265
273
273
196
214
198
278
206
225
254
238
308
210
4780
222
243
246
303
300
194
2195
195
195
273
196
4770
214
4815
4815
319
224
232
171
5503
329
4787
4808
324
4771
330
323
325
324
316
173
316
4810
1453
197
197
4780
220
250
186
250
336
251
190
253
187
237
246
183
237
307
306
309
217
4806
219
4806
184
205
205
205
1465
221
247
185
248
190
301
302
173
2218
259
218
270
195
195
194
273
273
273
195
273
196
273
195
196
196
196
341
341
198
198
214
198
198
4815
4815
176
176
206
4815
335
336
225
211
229
188
228
236
171
182
215
216
310
6136
310
310
5502
336
206
331
207
5503
1469
6136
315
315
315
4771
315
4783
269
272
214
339
337
341
197
325
197
320
320
212
323
223
315
309
269
320
328
241
325
324
325
213
213
342
343
344
1785
2704
347
1791
3507
3439
27
1
427
921
45
3706
357
1803
1985
361
3036
104
365
3034
3030
2978
930
25
1843
3199
517
1843
1838
3199
3580
3199
3582
3199
4378
516
3572
1852
1843
1843
43
2971
387
388
389
390
391
392
393
394
395
396
397
398
399
400
401
402
403
404
405
406
407
408
409
410
411
412
413
414
415
416
417
418
419
420
103
134
423
424
425
3041
2978
428
1988
3072
431
432
433
434
435
436
437
438
439
516
1843
1843
3199
1847
1846
2020
447
448
449
450
451
452
453
454
455
456
457
458
459
460
461
462
463
464
465
466
467
468
469
470
471
472
473
474
475
476
477
478
479
480
481
482
483
484
485
486
487
488
489
490
491
492
493
494
495
2831
4381
499
2784
832
3616
2951
3745
2903
876
506
2815
508
509
510
2160
2159
2847
514
515
3199
3199
518
519
520
2182
522
4515
2186
5530
5270
5441
198
2195
194
4790
218
5466
534
2395
2201
538
4835
198
541
4829
4832
4776
4774
196
2244
4985
2244
2244
2241
4985
5344
5343
4985
4985
6123
694
2255
5333
2244
2244
214
563
564
565
566
567
568
569
570
571
572
573
574
575
576
577
578
579
580
581
582
583
584
585
586
587
588
589
590
591
592
593
594
595
596
597
598
599
600
601
334
603
604
605
606
5725
4869
609
610
611
612
613
614
615
616
617
694
2244
2244
4985
2247
2246
624
625
626
627
628
5217
630
631
632
633
634
635
636
637
638
639
640
641
642
643
644
645
646
647
648
649
650
651
652
653
654
655
656
657
658
659
660
661
662
663
664
665
666
667
668
669
670
671
672
673
674
4631
678
6127
4584
1388
5376
5378
4688
1428
4700
685
686
4617
688
2564
4646
2566
692
693
2574
4985
696
697
4576
4839
700
701
702
703
704
705
706
707
708
709
710
711
712
713
714
715
716
2623
2621
3856
3870
721
722
723
724
725
726
727
728
2752
730
731
3985
733
734
735
736
737
738
739
740
741
742
743
744
745
746
3728
748
2673
2689
2688
752
753
754
2682
2684
3686
758
759
3631
3632
2695
2697
2714
2699
3645
2715
3667
2706
770
771
3658
3651
774
775
776
777
3428
3535
2723
2725
782
783
784
785
786
2737
788
789
790
2744
792
793
794
795
2753
797
798
799
2131
2812
2170
2769
4395
805
3791
2772
808
809
3385
2817
3778
3377
2787
2789
3766
3693
6183
2793
820
1107
3655
3388
3387
2802
2804
827
829
2820
3639
3648
3816
3423
3124
2828
836
837
838
839
3119
840
2840
2798
1843
845
4376
3121
847
3593
850
505
3370
2862
2864
2875
856
2872
3460
3504
3449
2879
2881
863
2885
865
2762
3629
2888
3625
2893
2892
3681
3481
3462
2961
1084
2907
55
3477
61
55
85
85
2936
2938
1984
3756
3037
361
3003
3678
107
3679
0
56
35
5
107
107
3466
896
2917
3747
2970
3043
1819
1817
908
909
3037
2933
2944
2994
154
2968
2971
2972
3042
363
2978
2990
2975
2977
164
3024
3761
3753
928
3031
1817
931
3029
3046
1843
3058
3052
3054
3419
3060
940
941
4372
3066
1850
961
974
1843
3967
383
440
4403
3091
953
3138
955
3104
3102
958
1843
3113
3111
3115
3117
3148
3150
3071
967
961
960
3990
3142
3170
946
946
975
3797
1843
978
979
3111
3179
3993
2175
984
985
986
2171
3187
989
990
991
992
993
994
995
996
997
998
999
1000
1001
1002
1003
1004
1005
1006
1007
1008
1009
1010
1011
1012
1013
1014
1015
1016
1017
1018
1019
1020
1021
1022
1023
1024
1025
1026
1027
1028
1029
1030
1031
1032
1033
1034
1035
1036
1037
1038
1039
1040
1041
1042
1043
3434
1045
1046
3393
3395
3379
3382
1051
1052
1053
1054
1055
1056
3404
3406
3408
3113
3410
960
1063
1064
3430
1066
3440
85
3000
4385
1071
3457
83
2925
3470
2927
2920
61
3474
1080
164
134
53
901
3503
1086
1087
1088
1089
1090
1091
1092
1093
1094
1095
3542
1097
1098
1099
1100
3570
1102
3660
1104
1105
4380
3657
1108
1109
1110
1111
1112
3683
1114
1115
3805
3636
3814
1119
1120
1121
1122
1123
1124
1125
3696
3697
1128
3838
1130
2887
3718
1133
1134
1135
1136
517
3790
1139
1140
1141
1142
1143
1144
1145
1146
3842
1148
3853
1150
1151
1152
1153
1154
1155
1156
1157
1158
1159
1160
1161
3949
1163
2172
3785
6239
1167
3974
1169
1170
1171
1172
1173
1174
1175
1176
1177
1178
1179
1180
1181
1182
1183
1184
1185
1186
1187
1188
1189
1190
1191
1192
1193
1194
1195
1196
1197
1198
1199
1200
1201
1202
1203
1204
1205
1206
1207
1208
1209
1210
1211
1212
1213
1214
1215
1216
1217
1218
1219
1220
1221
1222
1223
1224
1225
1226
1227
1228
1229
1230
1231
1232
1233
1234
1235
1236
1237
1238
1239
1240
1241
1242
1243
1244
1245
1246
1247
1248
1249
1250
1251
1252
1253
1254
1255
1256
1257
1258
1259
1260
1261
1262
1263
1264
1265
1266
1267
1268
1269
1270
1271
1272
1273
1274
1275
1276
1277
1278
1279
1280
1281
1282
1283
1284
1285
1286
1287
1288
1289
1290
5612
4433
1293
1294
1295
1296
1297
1298
1299
1300
4557
5742
1303
1304
1305
1306
1307
1308
1309
1310
1311
1312
1313
1314
1315
1316
1317
4485
1319
1320
4495
1322
1323
4493
1325
1326
5393
4502
4504
5392
4522
4521
4508
4510
5427
4513
4518
1338
5419
5412
1341
1342
5194
4529
4528
5308
1347
1348
1349
1350
1351
1352
1353
1354
1355
1356
1357
1358
1359
679
2535
2574
4574
4577
1365
4579
5548
1368
4615
5535
5158
1652
4590
4592
1375
1376
4596
6182
1626
4601
4604
5163
1383
4622
5400
4621
5408
5572
4629
1486
1391
1392
1393
4637
1396
4914
4600
2244
1399
6122
683
5345
5354
4660
4662
5151
1407
4674
5225
4668
5268
5266
4676
5213
1415
1416
4683
4565
5386
4690
5389
524
4691
5484
1598
4757
5226
1603
4706
180
224
232
235
2197
171
4735
1438
5513
1461
4834
1440
1633
5440
238
225
319
4815
4815
278
5231
327
4712
5506
5471
1482
4840
540
540
2205
4792
1480
1438
4733
537
4770
4765
337
4839
4773
4776
4771
4770
195
273
195
319
4824
5510
1419
2215
1481
1479
5541
2244
4856
4852
4854
1488
1489
6118
4864
2251
1515
1506
4985
619
1505
2250
4888
6149
1501
4893
4928
1504
2244
4908
4910
4937
4867
1506
1515
4932
4957
1493
4942
5554
1517
694
1519
4908
1521
5749
6185
1524
1525
1526
2573
4975
1529
6192
1531
1532
1533
1534
1535
1536
1537
1538
1539
1540
1541
1542
1543
1544
1545
1546
1547
1548
1549
1550
1551
1552
1553
1554
1555
1556
1557
1558
1559
1560
1561
1562
1563
1564
1565
1566
1567
1568
1569
1570
1571
1572
1573
1574
1575
1576
5146
5196
1579
5168
1581
1582
5176
5192
5198
5202
171
1436
6131
5222
6022
188
4723
5233
180
235
232
1452
1599
334
319
224
2378
5533
1605
1606
1607
1608
1609
1610
1611
1612
1613
1614
1615
1616
1617
1618
277
1620
5332
5335
5340
1624
1625
5420
6126
1628
1629
1630
1631
1632
5443
1634
1635
5562
5570
5399
5418
1640
1641
1642
1643
1644
1645
1336
1646
1648
1649
1650
4686
5478
1653
1654
1655
4778
1657
695
5546
1660
1661
1662
1663
1664
1665
1666
1667
6182
1669
1670
1671
1672
1673
1674
1675
1676
1677
1678
1679
1680
1681
1682
5706
1684
2572
5541
6253
1688
5731
1690
1691
1692
1693
1694
1695
1696
1697
1698
1699
1700
1701
1702
1703
1704
1705
1706
1707
1708
1709
1710
1711
1712
1713
1714
1715
1716
1717
1718
1719
1720
1721
1722
1723
1724
1725
1726
1727
1728
1729
1730
1731
1732
1733
1734
1735
1736
1737
1738
1739
1740
1741
1742
1743
1744
1745
1746
1747
1748
1749
1750
1751
1752
1753
1754
1755
1756
1757
1758
1759
1760
1761
1762
1763
1764
1765
1766
1767
1768
1769
1770
1771
1772
1773
1774
1775
1776
1777
1778
1779
1780
1781
1782
1783
1784
1787
1785
3729
1788
346
1789
346
1792
3506
1794
1795
349
2
1824
88
45
353
357
357
1805
357
1810
3036
1806
358
3201
170
170
154
170
27
3033
1818
3033
3030
2977
2977
907
2977
2978
3199
1843
3199
1843
1843
1843
1843
517
517
1843
1843
1843
3582
1843
3582
3582
3199
3199
3199
3199
3958
3957
516
3958
4378
381
3574
944
381
2798
1843
1843
1843
1843
1859
1860
1861
1862
1863
1864
1865
1866
1867
1868
1869
1870
1871
1872
1873
1874
1875
1876
1877
1878
1879
1880
1881
1882
1883
1884
1885
1886
1887
1888
1889
1890
1891
1892
1893
1894
1895
1896
1897
1898
1899
1900
1901
1902
1903
1904
1905
1906
1907
1908
1909
1910
1911
1912
1913
1914
1915
1916
1917
1918
1919
1920
1921
1922
1923
1924
1925
1926
1927
1928
1929
1930
1931
1932
1933
1934
1935
1936
1937
1938
1939
1940
1941
1942
1943
1944
1945
10
59
55
1073
3477
1951
1952
1953
149
149
134
149
107
2149
898
3490
163
2953
1964
1965
1966
1967
905
2973
2972
905
3041
930
2978
930
3037
2990
2977
23
3757
3757
889
3757
3037
1986
1986
1987
1830
370
3083
1990
1992
1993
1994
1995
1996
1997
1998
1999
2000
2001
2002
2003
2004
2005
2006
2007
2008
2009
1843
1843
1843
1843
1843
1843
3958
3958
1845
2019
2020
2019
2022
2023
2024
2025
2026
2027
2028
2029
2030
2031
2032
2033
2034
2035
2036
2037
2038
2039
2040
2041
2042
2043
2044
2045
2046
2047
2048
2049
2050
2051
2052
2053
2054
2055
2056
2057
2058
2059
2060
2061
2062
2063
2064
2065
2066
2067
2068
2069
2070
2071
2072
2073
2074
2075
2076
2077
2078
2079
2080
2081
2082
2083
2084
2085
2086
2087
2088
2089
2090
2091
2092
2093
2094
2095
2096
2097
2098
2099
2100
2101
2102
2103
2104
2105
2106
2107
2108
2109
2110
2111
2112
2113
2114
2115
2116
2117
2118
2119
2120
2121
2122
2123
2124
2125
2126
2127
2835
2834
2835
2835
2825
2783
2823
2825
2901
873
2906
2136
2900
2143
2142
2143
2144
2145
2582
2147
2148
104
104
27
104
2975
2975
2975
2978
513
2157
513
2160
2161
2162
2163
2164
2165
2166
2167
2168
992
3200
992
2170
6184
2173
984
3200
2177
2178
2179
2180
2183
522
5488
2183
2184
523
2184
2188
525
5529
2191
2188
2388
259
4818
2388
218
534
534
2198
534
2204
4835
4987
536
2202
341
341
4767
341
198
4831
4829
4831
2214
4774
195
4774
4774
4775
4773
4784
315
4771
4773
4985
2244
2244
4985
2244
2244
2244
2242
2244
2244
4985
2244
1627
5343
1627
2244
4985
4985
4985
4985
5713
5713
6124
5715
694
559
559
4600
2253
2252
2244
2244
2244
2244
2260
2261
2262
2263
2264
2265
2266
2267
2268
2269
2270
2271
2272
2273
2274
2275
2276
2277
2278
2279
2280
2281
2282
2283
2284
2285
2286
2287
2288
2289
2290
2291
2292
2293
2294
2295
2296
2297
2298
2299
2300
2301
2302
2303
2304
2305
2306
2307
2308
2309
2310
2311
2312
2313
2314
2315
2316
2317
2318
2319
2320
2321
2322
2323
2324
2325
2326
2327
2328
2329
2330
2331
2332
2333
2334
2335
2336
2337
2338
2339
2341
2341
2342
2343
2344
2345
2346
2347
2348
2349
2350
2351
2352
2353
2354
2355
2356
2357
2358
2359
2360
228
228
235
181
180
2366
2367
2368
4814
4814
5445
4814
334
2558
2370
5352
1443
275
2379
2380
2381
2382
4774
4776
4777
4774
4789
4775
194
4797
2393
4795
1480
5515
2397
2396
4684
2232
2400
2230
547
2402
2403
2404
2405
2406
2407
2408
2409
2410
2411
2412
2413
2414
2415
2416
2417
2418
2419
2244
2244
2244
2244
2244
4985
2574
2244
4985
5715
2247
4904
2432
2433
2434
2435
2436
2437
2438
2441
2440
2441
2442
2443
2444
2445
2446
2447
2448
2449
2450
2451
2452
2453
2454
2455
2456
2457
2458
2459
2460
2461
2462
2463
2464
2465
2466
2467
2468
2469
2470
2471
2472
2473
2474
2475
2476
2477
2478
2479
2480
2481
2482
2483
2484
2485
2486
2487
2488
2489
2490
2491
2492
2493
2494
2495
2496
2497
2498
2499
2500
2501
2502
2503
2504
2505
2506
2507
2508
2509
2510
2511
2512
2513
2514
2515
2516
2517
2518
2519
2520
2521
2522
2523
2524
2525
2526
2527
2528
2529
2530
2531
2532
2533
2534
4632
4632
4632
4633
4625
5524
4624
4587
4703
4705
4670
2543
4704
2548
2549
2550
2551
2552
2553
2554
198
198
278
5441
4776
195
4776
4776
690
2564
2563
2563
2567
2568
2569
2570
1533
2574
1533
1533
6185
4986
2577
2576
2579
2580
2581
2582
2583
2584
2585
2586
2589
2588
6139
2590
2591
2592
2593
2594
2595
2596
2597
2598
2599
2600
2601
2602
2603
2604
2605
2606
2607
2608
2609
2610
2611
2612
2613
2614
2615
2616
2617
2618
2622
2619
719
3868
720
2624
2625
2626
2627
2628
2629
2630
2631
2632
2633
2638
729
2636
732
3984
2639
2640
2641
2642
2643
2644
2645
2646
2647
2648
2649
2650
2651
2652
2653
2654
2655
2656
2657
2658
2659
2660
2661
2662
2663
2664
2665
2666
2667
2668
4368
2670
2671
2674
750
2686
751
2672
2677
2678
2679
2680
2685
749
2681
757
3685
2687
2687
2688
758
2690
2691
2692
2694
3630
3630
2693
760
2702
764
2698
3644
2712
2707
768
2703
765
3665
2708
2709
2710
2711
2713
3698
773
772
2716
2717
2718
2719
2720
2722
3546
779
2721
778
2726
2727
2728
2729
2730
2731
2732
3727
2734
2735
2735
2737
2738
2739
2740
2743
2742
3954
790
2741
2746
2747
2748
2749
2750
2727
783
782
2751
2755
2756
2757
2758
2759
4401
2129
2132
2135
3199
3199
3199
1106
2770
2768
4395
2768
805
2773
2773
2776
2776
2777
2778
2779
3384
2781
806
2785
2774
806
2790
813
2786
816
3764
2791
6183
818
2791
2795
3583
3583
821
1107
2801
3386
824
2800
823
2805
2806
2807
3639
2820
2822
3640
2824
2814
3646
831
2813
825
2818
2819
2159
2821
512
3768
3640
3767
2827
3422
834
2826
2830
2832
3778
2833
2833
2832
2837
3168
3119
2836
2840
2796
1840
1843
2796
2845
2845
2847
2850
819
4376
846
3118
3121
2855
3118
3560
877
3585
2856
2861
3369
852
2860
780
2865
4391
2867
2868
874
2871
2871
2902
2859
2873
2138
2876
2878
3451
2878
2877
859
2882
2883
2884
2885
2886
3624
800
3627
866
3623
348
1790
2892
2896
3676
2897
2898
2899
875
3480
2960
2959
3482
1079
3501
3614
501
3615
2895
2895
40
164
54
53
164
60
59
64
60
59
62
55
65
66
0
65
66
85
66
44
1801
45
44
1978
887
1975
2940
886
910
2938
930
2998
1982
2939
1982
126
2926
21
3680
3678
105
27
104
104
107
104
860
2961
2960
3450
3495
2912
2963
1946
1131
3707
3712
3746
3708
929
3044
3029
929
1816
1819
1817
1816
1819
2969
2966
2969
2974
1819
1819
3042
363
363
363
2978
2978
1808
2993
1807
2992
3035
3035
3035
2935
2945
2935
1807
361
3003
903
2971
903
363
363
363
3041
152
42
153
170
170
2979
101
2978
148
148
148
3025
926
3760
927
3027
762
762
762
761
3722
2696
763
364
364
3036
3038
3039
3040
365
365
3030
3028
1842
1842
1843
1989
1843
1843
3055
935
3051
938
3417
3059
3056
940
3059
3060
3061
3062
3063
3073
3057
939
3065
3069
4370
3068
943
2843
2844
3166
3136
3163
3167
430
3969
1843
3199
1843
1843
370
370
384
378
3959
3105
1847
3090
950
3092
444
3095
3096
4403
3098
3099
3100
3100
3102
3103
3104
3199
1843
2170
1843
3413
3109
3415
3112
6235
3101
956
3114
957
3120
964
3149
965
3065
3122
3052
3125
3126
3127
3110
961
3110
960
3163
3990
3163
3109
961
3113
3969
3969
3086
1849
379
445
3141
3147
3146
4375
963
3116
962
1165
946
1165
3199
3199
3199
1843
1843
1843
1843
1843
3181
3162
6236
3165
3163
946
3168
3169
2018
3170
3173
4377
3153
3152
976
3796
4405
980
3180
3162
3185
3183
3184
3798
2169
987
2172
3189
3190
6192
3192
3193
3194
3195
3196
3197
3198
3200
3200
3202
3720
3203
3204
3205
3206
3207
3208
3209
3210
3211
3212
3213
3214
3215
3216
3217
3218
3219
3220
3221
3222
3223
3224
3225
3226
3227
3228
3229
3230
3231
3232
3233
3234
3235
3236
3237
3238
3239
3240
3241
3242
3243
3244
3245
3246
3247
3248
3249
3250
3251
3252
3253
3254
3255
3256
3257
3258
3259
3260
3261
3262
3263
3264
3265
3266
3267
3268
3269
3270
3271
3272
3273
3274
3275
3276
3277
3278
3279
3280
3281
3282
3283
3284
3285
3286
3287
3288
3289
3290
3291
3292
3293
3294
3295
3296
3297
3298
3299
3300
3301
3302
3303
3304
3305
3306
3307
3308
3309
3310
3311
3312
3313
3314
3315
3316
3317
3318
3319
3320
3321
3322
3323
3324
3325
3326
3327
3327
3329
3330
3330
3332
3333
3334
3335
3336
3337
3338
3339
3340
3341
3342
3343
3344
3345
3346
3347
3348
3349
3350
3351
3352
3353
3354
3355
3356
3357
3358
3359
3360
3361
3362
3363
3364
3365
3366
3367
3368
3371
1044
3534
3372
3373
3374
3375
3378
1047
3392
1048
3376
3380
1049
3381
2803
826
2829
835
836
3383
814
1050
3392
3393
3394
3395
3396
3397
3398
3399
3400
3401
3402
3401
3404
3403
864
3405
1057
3412
1060
3409
3109
3109
3113
961
3110
3418
3418
1063
3135
3137
3053
937
3424
3425
3426
3427
3428
3427
3430
3431
3432
3433
3434
3435
3438
3437
2880
862
861
912
3443
2946
2999
44
0
47
84
1070
3442
3508
3452
3453
3454
1072
3429
1065
3456
3459
3460
3459
3462
3463
3464
1069
2949
4267
3458
3469
781
858
2870
1073
2919
2924
2920
65
66
64
900
1074
3481
1076
2724
3484
3486
3487
3488
54
134
54
133
54
134
54
40
164
56
40
2962
1961
3504
3503
908
3502
3505
1085
2995
913
3510
3511
3512
3513
3514
3515
3516
3517
3518
3519
3520
3521
3522
3523
3524
3525
3526
3527
3528
3529
3530
3531
3532
3533
3533
1043
3536
3537
3538
3539
3540
3541
794
3543
3544
3545
3368
3547
3548
3549
3550
3551
3552
3553
3554
3555
163
148
148
2908
2911
502
1963
2754
796
3568
3565
1096
3855
3123
966
2828
2797
3653
3573
3575
3571
3577
3578
3579
1107
4380
4380
1107
3584
870
3586
3587
3588
3589
3618
105
1113
2894
3594
3595
3596
3597
3598
3599
3600
3601
3602
3603
3604
3605
3606
3607
3608
3609
3610
3611
3612
3613
872
872
3681
3616
3709
3619
3620
3621
3622
3633
2760
801
3634
2761
3629
2761
1116
1116
3804
2811
2808
2158
511
3637
3635
1118
3815
1119
4382
3656
3642
497
3647
3660
1103
3649
3650
3651
3652
3655
3653
4383
3656
3657
1121
3659
835
3661
3662
3663
3664
3666
4384
1123
3668
3669
3670
3671
3672
3673
3674
2705
3675
3699
3710
1127
356
3677
3695
1126
170
2736
787
3687
3688
3689
3690
3691
3692
1129
3694
3628
3628
867
3689
2700
2676
3700
3702
3703
3704
3705
2889
2889
2887
3682
3697
868
2890
3713
3714
3715
3717
3717
798
3716
3720
3721
3626
3723
3724
1790
3726
3566
718
3729
3730
3731
3732
3733
3734
3735
3736
3737
3738
3739
755
3741
3742
2973
2973
2891
2891
3032
2683
756
3750
3751
3752
1058
3754
3035
3037
3036
3758
3759
3407
1059
3762
3763
3765
3770
1132
3769
804
2775
3770
3771
3772
3775
2998
3775
3776
3777
3778
3779
3780
3654
3782
1843
2176
517
1840
375
2173
3788
983
3791
3792
3793
3794
3795
3784
3784
3789
1138
3800
3801
3070
3803
2846
3805
3806
3807
3808
2788
3810
3811
3819
3813
3814
2769
2771
3716
3719
3818
3820
3821
3822
3823
3824
3825
3826
3827
3828
3829
3830
3831
3832
3833
3834
3835
3836
3837
1128
3839
3840
3841
1128
3690
3843
3838
3843
2170
3848
3849
3850
3851
3852
1148
3852
3854
1149
3857
3858
3859
3860
3861
3862
3863
3864
3865
3866
3867
3869
3905
1152
3871
3872
2620
3874
3875
3876
3877
3878
3879
3880
3881
3882
3883
3884
3885
3886
3887
3888
3889
3890
3891
3892
3893
3894
3895
3896
3897
3898
3899
3900
3901
3902
3903
3904
3905
3906
3907
3908
3909
3910
3911
3912
3913
3914
3915
3916
3917
3918
3919
3920
3921
3922
3923
3924
3925
3926
3927
3928
3929
3930
3931
3932
3933
3934
3935
3936
3937
3938
3939
3940
3941
1162
3943
3944
3945
3946
3947
3948
3949
3950
3951
6183
6183
3954
2170
2169
2170
2170
1843
516
3961
3962
3963
378
2013
1842
1843
1842
1989
1842
3107
3785
3186
988
3973
3977
4367
3978
3979
3980
3981
3982
3983
3986
1094
3986
3987
3988
3989
1165
3972
933
1166
3975
1168
3996
3997
3998
3999
4000
4001
4002
4003
4004
4005
4006
4007
4008
4009
4010
4011
4012
4013
4014
4015
4016
4017
4018
4019
4020
4021
4022
4023
4024
4025
4026
4027
4028
4029
4030
4031
4032
4033
4034
4035
4036
4037
4038
4039
4040
4041
4042
4043
4044
4045
4046
4047
4048
4049
4050
4051
4052
4053
4054
4055
4056
4057
4058
4059
4060
4061
4062
4063
4064
4065
4066
4067
4068
4069
4070
4071
4072
4073
4074
4075
4076
4077
4078
4079
4080
4081
4082
4083
4084
4085
4086
4087
4088
4089
4090
4091
4092
4093
4094
4095
4096
4097
4098
4099
4100
4101
4102
4103
4104
4105
4106
4107
4108
4109
4110
4111
4112
4113
4114
4115
4116
4117
4118
4119
4120
4121
4122
4123
4124
4125
4126
4127
4128
60
57
4131
4132
4133
4134
4135
4136
4137
4138
4139
4140
4141
4142
4143
4144
4145
4146
4147
4148
4149
4150
4151
4152
4153
4154
4155
4156
4157
4158
4159
4160
4161
4162
4163
4164
4165
4166
4167
4168
4169
4170
4171
4172
4173
4174
4175
4176
4177
4178
4179
4180
4181
4182
4183
4184
4185
4186
4187
4188
4189
4190
4191
4192
4193
4194
4195
4196
4197
4198
4199
4200
4201
4202
4203
4204
4205
4206
4207
4208
4209
4210
4211
4212
4213
4214
4215
4216
4217
4218
4219
4220
4221
4222
4223
4224
4225
4226
4227
4228
4229
4230
4231
4232
4233
4234
4235
4236
4237
4238
4239
4240
4241
4242
4243
4244
4245
4246
4247
4248
4249
4250
4251
4252
4253
4254
4255
4256
4257
4258
4259
4260
4261
4262
4263
4264
4265
4266
883
3551
4269
4270
4271
4272
4273
4274
4275
4276
4277
4278
4279
4280
4281
4282
4283
4284
4285
4286
4287
4288
4289
4290
4291
4292
4293
4294
4295
4296
4297
4298
4299
4300
4301
4302
4303
4304
4305
4306
4307
4308
4309
4310
4311
4312
4313
4314
4315
4316
4317
4318
4319
4320
4321
4322
4323
4324
4325
4326
4327
4328
4329
4330
4331
4332
4333
4334
4335
4336
4337
4338
4339
4340
4341
4342
4343
4344
4345
4346
4347
4348
4349
4350
4351
4352
4353
4354
4355
4356
4357
4358
4359
4360
4361
4362
4363
4364
4365
4366
4367
4368
4369
3062
1850
1854
4373
4374
4375
818
3186
3186
4379
3690
4382
4382
3659
3650
890
4386
4387
4388
4389
932
2139
105
3801
148
508
4396
4397
4398
4399
4400
2783
1843
3965
1843
3163
4406
4407
4408
4409
4410
4411
4412
4413
4414
4415
4416
4417
4418
4419
4420
4421
4422
4423
4424
4425
4426
4427
4428
4429
4432
4431
5624
1291
4433
4435
4436
4437
4438
4439
4440
4441
4442
4443
4444
4446
5740
1302
4448
1301
4450
4451
4452
4453
4454
4455
4456
4457
4458
4459
4460
4461
4462
4463
4464
4465
4466
4467
4468
4469
4470
4471
4472
4473
4474
4475
4476
4477
4478
4479
4480
4484
4481
4483
4494
1321
4486
4487
4488
4489
4491
5446
4490
1318
4494
4495
4496
4497
4498
4499
4500
4505
1327
4501
5385
5392
4507
4520
1332
4506
1331
4512
5426
1334
4511
1335
4519
4516
4518
4519
4523
1339
1340
5458
4524
4525
4526
4527
1343
1343
4528
4532
5308
4533
4534
4535
4536
4537
4538
5486
4540
4541
4542
4541
4544
4545
4546
4547
4548
4549
4550
4551
4552
4553
4554
1347
4555
5741
4558
4559
4560
4561
4562
675
2540
2542
675
4985
5601
4985
4985
4573
4571
4573
4571
4579
4576
4575
1367
4579
4580
4581
5161
4583
1367
5537
4578
4585
4589
5521
5522
4588
1371
4593
4594
4595
4597
6182
5342
5343
1379
5342
4605
4602
1382
5162
4606
4607
4608
5400
4626
5401
4622
4621
4618
1381
4614
1387
5407
4619
4620
2565
691
2565
5526
5524
5401
4630
4627
1390
5188
4634
4635
4634
4634
1392
4640
1393
4636
1396
4955
2239
4598
2244
2239
4623
4646
4645
4650
1400
4596
1377
4912
4912
4653
5323
4655
5348
1429
4663
4530
4659
1406
5149
4664
4665
4666
6137
1427
1409
4701
5228
4656
4673
1401
4672
1411
5266
4677
4680
5214
4681
4682
4683
4684
4685
5387
5384
1418
5388
1361
4695
524
4692
4695
2187
4696
4697
4698
1426
4760
4759
5244
5264
5265
4764
5375
1423
4693
5375
680
335
224
211
319
335
228
188
228
187
228
180
232
234
182
237
171
182
295
2197
2196
2193
217
531
2388
4789
4741
4742
4735
4796
4742
1457
4778
2392
1438
2390
5209
2197
5209
5439
5439
1633
5439
198
198
4815
278
1414
5215
4679
4758
5259
4711
2365
4762
5467
5505
5472
5468
1420
1479
4772
1479
4842
2213
540
4841
2213
540
682
5506
4766
4769
4840
4840
4840
4839
1482
540
540
4776
2206
1459
4791
2203
4777
4777
4833
4736
4736
4734
5515
4803
4834
1453
220
4770
4839
4839
4776
4839
323
325
339
341
198
4784
196
4776
176
4814
176
4825
4822
1478
5518
4828
5482
1330
1329
4826
4503
1328
2214
2215
542
4836
4837
4838
4841
4830
4826
4827
2245
4843
2244
2245
2244
2244
4850
5185
4849
1485
4855
4854
4855
1489
4853
4858
4870
4860
4858
4857
4862
1487
4866
6116
1491
4865
5543
4641
4953
4954
4950
4927
4875
5723
2244
2244
2244
4985
555
555
560
547
4904
2250
2426
4886
623
4891
1498
4892
4893
4894
6149
4896
4897
4898
4899
4897
4985
2244
2244
2574
5182
4905
4907
1519
4900
1504
4909
4913
4939
1508
4862
4852
4863
4918
4919
4906
4906
1506
4950
4950
5746
4905
4908
5723
4883
5723
2248
556
4934
622
4938
4935
1507
6121
4911
1686
5728
1493
4985
4985
4985
2244
2244
2244
4951
4949
4951
1522
4949
1493
4936
4956
2430
4889
4960
6123
4941
5553
1516
1514
4966
4949
4967
1520
4969
5555
4971
4972
2571
2572
1527
4976
6192
4978
4979
4980
4981
4982
4983
4984
4986
4986
4988
5480
4989
4990
4991
4992
4993
4994
4995
4996
4997
4998
4999
5000
5001
5002
5003
5004
5005
5006
5007
5008
5009
5010
5011
5012
5013
5014
5015
5016
5017
5018
5019
5020
5021
5022
5023
5024
5025
5026
5027
5028
5029
5030
5031
5032
5033
5034
5035
5036
5037
5038
5039
5040
5041
5042
5043
5044
5045
5046
5047
5048
5049
5050
5051
5052
5053
5054
5055
5056
5057
5058
5059
5060
5061
5062
5063
5064
5065
5066
5067
5068
5069
5070
5071
5072
5073
5074
5075
5076
5077
5078
5079
5080
5081
5082
5083
5084
5085
5086
5087
5088
5089
5090
5091
5092
5093
5094
5095
5096
5097
5098
5099
5100
5101
5102
5103
5104
5105
5106
5107
5108
5109
5110
5111
5112
5113
5114
5114
5116
5117
5118
5119
5120
5121
5122
5123
5124
5125
5126
5127
5128
5129
5130
5131
5132
5133
5134
5135
5136
5137
5138
5139
5140
5141
5142
5143
5144
5145
5146
5147
5148
5150
5296
1578
5152
5153
5154
5157
5155
5166
1580
5156
5159
4603
4628
1389
5160
1374
5166
5167
5168
5169
5170
5171
5172
5173
5173
5175
5174
5176
1417
5180
5183
5179
4905
4906
4908
5185
5186
4926
4851
5189
5190
5144
1575
5191
1576
5171
1581
5196
5198
5199
5204
5201
1412
4676
5267
4736
1436
4745
5207
217
216
171
2193
1589
5272
5208
5218
1590
6021
5219
5193
5220
1584
1578
5223
5197
1413
5203
5201
4799
4748
4731
5221
1344
5232
5224
5235
1592
180
235
1592
234
188
182
5230
4763
1593
2363
4530
5248
5250
5251
5252
211
211
322
304
334
304
304
335
211
225
319
4761
2375
5269
1604
1460
5533
5271
5532
4793
1464
5274
5275
5276
5277
5278
5279
5280
5281
5282
5283
5284
5285
5286
5287
5288
5289
5290
5291
5292
5293
5294
5295
5295
5147
5298
5299
5300
5301
5302
5303
5304
5305
5306
5307
5147
5309
5310
5311
5312
5313
5314
5312
5316
5317
4814
176
4815
1429
4710
4707
681
4556
5326
5327
5328
5326
4917
5330
1509
4601
5335
5416
5336
5337
5338
5559
1621
5343
1626
6126
6126
5347
5346
1337
1424
5349
5350
5379
5379
1633
4694
5355
5356
5357
5358
5359
5360
5361
5362
5363
5364
5365
5366
5367
5368
5369
5370
5371
5372
5373
5374
4692
5442
1422
5376
5469
5380
5381
5382
5383
2541
5395
1360
4563
4566
677
1333
5561
5561
1636
4624
1385
5396
5396
5398
689
1637
5571
5404
5405
5417
1639
677
5409
1623
5421
5410
5411
1640
5410
5415
6129
5414
5420
5418
1641
5420
5331
5422
5423
5424
5425
5428
1643
6130
5429
5430
5431
5432
5433
5434
5435
4514
1336
5436
5470
5443
533
5436
5438
5437
4768
4543
5447
5448
5449
5450
5451
5452
5453
5454
5459
5457
5459
5449
4509
4482
5461
5462
5463
5464
5465
4689
4690
4689
5442
5456
1420
4688
5475
5473
5475
5476
5476
1359
5479
5480
5481
5385
5483
521
5485
5329
5487
5488
5489
5490
5491
5492
5493
5494
5495
5496
5497
5498
5499
1324
5501
4773
4770
1418
4687
5504
4492
1583
5178
5177
5508
5512
4777
1480
4833
5516
5517
5177
5519
5520
5523
1652
5527
1366
4577
1364
5527
4684
5511
1655
4795
5532
5533
5534
5536
5536
5537
5416
5539
2244
695
695
2238
552
2578
1523
5545
5548
5549
5550
5551
1622
5542
5542
5547
1659
5557
5558
4868
5560
4647
1399
5563
5564
4591
5566
5567
5568
5575
5570
1363
4572
5477
5573
5574
5576
5577
5578
5579
5580
5581
5582
5583
5584
5585
5586
5587
5588
5589
5590
5591
5592
5593
5594
5595
5596
5597
1648
5593
5601
1648
5601
2574
5604
5605
5606
5607
5608
5609
5610
5611
5612
5613
5614
5615
5616
5617
5618
5619
5620
5621
5622
5623
5624
5625
5626
5627
5628
5629
5630
5631
5632
5633
5634
5635
5636
5637
5638
5639
5640
5641
5642
5643
5644
5645
5646
5647
5648
5649
5650
5651
5652
5653
5654
5655
5656
5657
5658
5659
5660
5661
5662
5663
5664
5665
5666
5667
5668
5669
5670
5671
5672
5673
5674
5675
5676
5677
5678
5679
5680
5681
5682
5683
5684
5685
5686
5687
5688
5689
5690
5691
5692
6154
5694
5695
5696
5697
5699
1665
5700
1683
5702
5703
5704
5587
5705
5707
5708
6182
6182
5711
6182
2574
2571
2574
2572
5717
5718
5719
4901
618
2245
4843
2245
2244
2245
4904
5541
4973
5729
1528
5734
5733
6113
5735
5736
5737
5738
5739
1613
5741
1613
5743
5744
5745
1686
5728
1483
1687
5730
5751
5752
5753
5754
5755
5756
5757
5758
5759
5760
5761
5762
5763
5764
5765
5766
5767
5768
5769
5770
5771
5772
5773
5774
5775
5776
5777
5778
5779
5780
5781
5782
5783
5784
5785
5786
5787
5788
5789
5790
5791
5792
5793
5794
5795
5796
5797
5798
5799
5800
5801
5802
5803
5804
5805
5806
5807
5808
5809
5810
5811
5812
5813
5814
5815
5816
5817
5818
5819
5820
5821
5822
5823
5824
5825
5826
5827
5828
5829
5830
5831
5832
5833
5834
5835
5836
5837
5838
5839
5840
5841
5842
5843
5844
5845
5846
5847
5848
5849
5850
5851
5852
5853
5854
5855
5856
5857
5858
5859
5860
5861
5862
5863
5864
5865
5866
5867
5868
5869
5870
5871
5872
5873
5874
5875
5876
5877
5878
5879
187
228
5882
5883
5884
5885
5886
5887
5888
5889
5890
5891
5892
5893
5894
5895
5896
5897
5898
5899
5900
5901
5902
5903
5904
5905
5906
5907
5908
5909
5910
5911
5912
5913
5914
5915
5916
5917
5918
5919
5920
5921
5922
5923
5924
5925
5926
5927
5928
5929
5930
5931
5932
5933
5934
5935
5936
5937
5938
5939
5940
5941
5942
5943
5944
5945
5946
5947
5948
5949
5950
5951
5952
5953
5954
5955
5956
5957
5958
5959
5960
5961
5962
5963
5964
5965
5966
5967
5968
5969
5970
5971
5972
5973
5974
5975
5976
5977
5978
5979
5980
5981
5982
5983
5984
5985
5986
5987
5988
5989
5990
5991
5992
5993
5994
5995
5996
5997
5998
5999
6000
6001
6002
6003
6004
6005
6006
6007
6008
6009
6010
6011
6012
6013
6014
6015
6016
6017
6018
6019
4732
5315
1618
6023
6024
6025
6026
6027
6028
6029
6030
6031
6032
6033
6034
6035
6036
6037
6038
6039
6040
6041
6042
6043
6044
6045
6046
6047
6048
6049
6050
6051
6052
6053
6054
6055
6056
6057
6058
6059
6060
6061
6062
6063
6064
6065
6066
6067
6068
6069
6070
6071
6072
6073
6074
6075
6076
6077
6078
6079
6080
6081
6082
6083
6084
6085
6086
6087
6088
6089
6090
6091
6092
6093
6094
6095
6096
6097
6098
6099
6100
6101
6102
6103
6104
6105
6106
6107
6108
6109
6110
6111
6112
5301
6114
6115
4861
2254
1397
6119
6120
6121
1378
5714
4973
5334
5448
6128
6128
5418
5413
2394
6132
6133
6134
6135
4772
2546
5441
5558
4814
6141
6142
6143
6144
6145
6146
1370
2244
5721
2244
4949
6152
6153
6154
6155
6156
6157
6158
6159
1843
2244
6162
6163
6164
6165
6166
6167
6168
6169
6170
6171
6172
6173
6174
6175
6176
6177
6178
6179
6180
6181
1533
992
984
1524
6186
6187
6188
6189
6190
6191
6192
6193
6194
6195
6196
6238
6198
6199
6200
6201
6202
6203
1064
6205
4975
6207
3187
6254
6254
6240
6240
848
6214
6215
6216
6217
6218
6219
6220
6221
6222
6223
6224
6225
6226
6227
6228
6229
6230
6231
6270
6233
6234
6216
6215
6237
1064
6218
6240
6220
6242
6243
6244
6245
6246
6247
6248
6249
6250
6230
6252
6232
6254
6234
6256
6257
6258
6259
6260
6261
6262
6263
6264
6265
6266
6267
6268
6269
6270
6271
6272
6273
6274
6275
6276
6277
6278
6279
6280
6281
6282
6283
6284
6285
6286
6287
6288
6289
6290
6291
