0
1
2
3
4
5
106
2955
2913
9
10
11
12
13
14
15
16
17
18
19
20
21
921
923
922
368
143
27
28
109
30
31
1946
33
34
35
36
37
38
1970
40
41
42
43
44
45
46
47
48
49
50
51
48
53
54
55
56
57
58
59
60
61
62
63
64
65
66
67
68
69
70
71
72
73
74
75
76
77
78
79
80
81
82
83
84
85
86
87
88
89
90
91
92
1822
94
95
96
2155
98
99
3018
101
102
105
5
105
899
103
109
28
2956
2954
113
113
30
112
117
117
118
116
120
878
122
123
124
125
126
127
128
129
130
131
132
133
134
135
136
137
138
139
140
141
1971
143
144
145
146
147
148
149
150
151
152
153
154
3022
3022
157
158
159
160
161
162
156
164
165
166
167
168
169
170
171
172
173
174
175
176
177
178
179
180
181
182
183
184
185
186
187
188
189
190
191
192
193
194
195
196
314
198
199
282
201
202
203
204
205
206
207
208
209
210
211
212
213
214
215
216
217
218
219
220
221
222
223
224
225
226
227
228
229
230
231
232
233
234
235
236
237
238
239
240
241
242
243
244
245
246
247
248
249
250
251
252
253
254
255
256
257
258
259
260
261
262
263
264
265
266
267
268
269
270
271
272
273
274
275
276
277
176
282
280
281
199
283
284
285
286
287
288
289
290
4716
292
293
294
295
296
297
298
299
300
301
302
303
304
305
306
307
308
309
310
311
312
313
314
315
316
317
318
319
320
321
322
323
324
325
326
327
328
329
330
331
332
333
334
335
336
337
338
339
340
341
342
343
344
345
346
347
348
349
350
2953
21
1801
20
0
356
357
358
359
1806
3036
106
363
3034
3033
366
367
368
3785
3785
3796
1833
3072
3967
373
371
1832
3785
3142
2017
1850
3069
3087
3084
27
143
387
388
389
390
391
392
393
394
395
396
397
398
399
400
401
402
403
404
405
406
407
408
409
410
411
412
413
414
415
416
417
418
419
420
3591
901
423
424
425
426
2990
428
3151
3063
431
1993
433
434
435
436
437
438
439
3088
3785
3964
3967
3094
3143
446
447
448
449
450
451
452
453
454
455
456
457
458
459
460
461
462
463
464
465
466
467
468
469
470
471
472
473
474
475
476
477
478
479
480
481
482
483
484
485
486
487
488
489
490
491
492
493
494
495
496
497
2131
2783
2135
501
502
503
504
505
506
507
508
509
510
511
512
513
514
515
977
3784
518
519
520
521
522
523
524
525
526
1447
4752
192
191
531
258
533
534
535
2200
2202
4835
276
540
541
4832
2384
2386
196
548
1484
2401
2233
4869
548
4644
1398
2230
1484
4931
2431
4866
2252
4881
4884
198
563
564
565
566
567
568
569
570
571
572
573
574
575
576
577
578
579
580
581
582
583
584
585
586
587
588
589
590
591
592
593
594
595
596
597
598
599
600
601
5257
603
604
605
606
4930
4860
4479
610
611
612
613
614
615
616
617
4887
4882
548
2230
4934
4889
624
625
626
627
628
629
630
631
632
633
634
635
636
637
638
639
640
641
642
643
644
645
646
647
648
649
650
651
652
653
654
655
656
657
658
659
660
661
662
663
664
665
666
667
668
669
670
671
672
673
674
675
676
677
678
679
680
681
682
4704
4702
685
686
687
688
689
690
691
692
693
1518
5542
696
697
698
699
700
701
702
703
704
705
706
707
708
709
710
711
3851
713
714
715
716
3874
3728
2621
2623
721
722
723
724
725
726
727
728
2754
730
731
2638
733
734
735
736
737
738
739
740
741
742
743
744
745
746
2666
748
749
2689
2688
752
753
754
755
756
757
758
759
760
761
762
763
764
765
766
767
768
769
770
771
772
773
774
775
776
777
778
779
780
781
782
783
784
785
2732
2737
788
3674
2744
3672
2750
2748
3542
3541
4556
797
798
799
800
2763
1847
803
3769
805
806
2774
808
809
810
811
812
813
814
815
816
2792
4376
819
820
2797
3573
823
824
825
826
827
2810
2822
3639
831
832
2830
2828
3387
3388
3780
2833
839
840
841
842
4372
373
845
2851
847
848
849
850
851
852
853
854
855
856
857
858
859
860
861
862
863
3406
865
866
867
868
869
870
871
872
873
874
875
876
877
3476
3473
3473
31
4267
2948
21
3000
2940
2937
3756
1807
3004
3592
4392
3618
11
118
114
2956
109
28
900
901
2965
903
904
905
906
2977
908
909
1984
3466
3441
913
151
3013
916
917
918
919
920
921
922
923
30
925
926
927
928
3028
3037
931
932
3991
3796
3052
3124
3423
3054
3066
3058
3060
3062
3071
4370
945
3133
384
3151
4403
3091
3093
952
3102
954
955
3115
3117
3104
3966
960
961
3150
3148
964
965
3570
967
968
969
3133
971
972
3167
3167
3180
3176
3971
978
979
961
981
6215
3790
2175
3195
3184
3187
3974
989
990
991
2171
993
994
995
996
997
998
999
1000
1001
1002
1003
1004
1005
1006
1007
1008
1009
1010
1011
1012
1013
1014
1015
1016
1017
1018
1019
1020
1021
1022
1023
1024
1025
1026
1027
1028
1029
1030
1031
1032
1033
1034
1035
1036
1037
1038
1039
1040
1041
1042
1043
1044
1045
1046
1047
1048
1049
1050
1051
1052
1053
1054
1055
1056
3408
1058
1059
1060
1061
1062
3419
1064
1065
1066
1067
33
3466
1070
1071
1072
10
3474
1075
3474
902
1946
1079
1080
422
3494
31
1084
1085
1086
1087
1088
1089
1090
1091
1092
1093
1094
1095
3567
1097
1098
1099
3662
1101
3795
1103
1104
1105
1837
3583
1108
1109
1110
1111
1112
1113
1114
1115
1116
1117
1118
4382
1120
1121
3663
1123
3692
3694
1126
1127
3843
3845
1130
1131
1132
1133
1134
1135
1136
3797
3799
1139
1140
1141
1142
3830
1144
1145
1146
3957
3853
3856
1150
1151
3870
1153
3888
1155
1156
1157
1158
1159
1160
1161
1162
1163
4378
3991
3993
1167
1168
1169
1170
1171
1172
1173
1174
1175
1176
1177
1178
1179
1180
1181
1182
1183
1184
1185
1186
1187
1188
1189
1190
1191
1192
1193
1194
1195
1196
1197
1198
1199
1200
1201
1202
1203
1204
1205
1206
1207
1208
1209
1210
1211
1212
1213
1214
1215
1216
1217
1218
1219
1220
1221
1222
1223
1224
1225
1226
1227
1228
1229
1230
1231
1232
1233
1234
1235
1236
1237
1238
1239
1240
1241
1242
1243
1244
1245
1246
1247
1248
1249
1250
1251
1252
1253
1254
1255
1256
1257
1258
1259
1260
1261
1262
1263
1264
1265
1266
1267
1268
1269
1270
1271
1272
1273
5632
5636
4410
1277
1278
1279
1280
1281
1282
1283
1284
1285
1286
1287
1288
5630
4431
4433
5487
1293
1294
1295
1296
1297
1298
1299
1300
4446
1302
1303
1304
1305
1306
1307
1308
1309
1310
1311
1312
1313
1314
4475
5492
5656
1318
1319
4496
4495
1322
5430
1324
1325
1326
1327
1328
1329
1330
1331
1332
1333
1334
1335
1336
1337
1338
1339
4522
1341
1342
1343
1344
1345
1346
1347
5493
4540
1350
5435
4547
1353
5305
5304
4553
1357
1358
1359
1360
1361
2427
1363
1364
1365
1366
1367
1368
1369
1370
1371
1372
1373
1374
4597
1376
4650
6122
4601
5335
1381
1382
1383
4612
1385
1386
1387
1388
5163
4629
4634
5536
1393
1394
1395
1396
6118
2233
1399
4959
2547
1402
1403
1404
1405
1406
1407
1408
1409
1410
1411
1412
1413
1414
1415
1416
5178
1418
1419
1420
1421
1422
1423
1424
5245
1426
1427
5265
1429
1595
2365
1596
1596
1463
204
192
4744
1438
2391
2203
4802
4751
1443
182
4712
4714
199
282
4753
1450
1451
1452
1453
1454
1455
1456
4778
4789
1459
1460
2393
5207
5206
1464
1465
4813
4813
1468
1469
1470
2224
314
193
195
194
201
1477
1478
1479
4834
1481
1482
5747
4846
4852
4916
4864
4854
4856
4861
4867
6116
1493
1494
2230
4929
4930
4891
1499
1500
4899
1502
1503
4910
5724
5184
4937
1508
5332
1494
1493
1512
1513
4942
4942
4963
4967
5727
1519
1520
1521
1522
5546
2577
4971
4980
4975
1528
1529
1530
1531
1532
2573
1534
1535
1536
1537
1538
1539
1540
1541
1542
1543
1544
1545
1546
1547
1548
1549
1550
1551
1552
1553
1554
1555
1556
1557
1558
1559
1560
1561
1562
1563
1564
1565
1566
1567
1568
1569
1570
1571
1572
1573
1574
1575
1576
1577
1578
1579
1580
1581
1582
1583
1584
1585
1586
204
1588
1589
1590
1591
181
1593
1594
5238
5239
203
1598
1599
602
1600
202
1603
1604
1605
1606
1607
1608
1609
1610
1611
1612
1613
1614
5328
1616
1617
1618
1619
5425
5340
5552
1623
1624
1625
5342
2240
1628
1629
1630
1631
1632
1633
1634
5383
1636
1637
1638
6128
5412
5420
5450
5427
1644
5454
1646
1647
5601
5599
1650
1651
1652
1653
5496
1655
1461
1657
5554
5556
1660
1661
1662
1663
1664
1665
1666
1667
5713
5610
5612
1671
1672
5625
1674
1675
1676
1677
1678
1679
1680
1681
1682
1683
1684
6124
5747
5749
1688
1689
1690
1691
1692
1693
1694
1695
1696
1697
1698
1699
1700
1701
1702
1703
1704
1705
1706
1707
1708
1709
1710
1711
1712
1713
1714
1715
1716
1717
1718
1719
1720
1721
1722
1723
1724
1725
1726
1727
1728
1729
1730
1731
1732
1733
1734
1735
1736
1737
1738
1739
1740
1741
1742
1743
1744
1745
1746
1747
1748
1749
1750
1751
1752
1753
1754
1755
1756
1757
1758
1759
1760
1761
1762
1763
1764
1765
1766
1767
1768
1769
1770
1771
1772
1773
1774
1775
1776
1777
1778
1779
1780
1781
1782
1783
1781
1785
1786
1787
1788
1789
1790
1791
1792
1793
1794
1795
1796
355
1801
86
85
355
1805
1803
1804
1805
1810
361
1808
1809
3201
103
103
3013
105
106
1818
364
3033
1818
1820
1821
1822
1823
1824
3785
3785
3785
3785
1989
3085
3785
1990
1990
3785
3967
3785
1832
1833
1829
3786
934
3785
3783
3785
445
1849
2017
2018
3141
944
1852
3069
4371
1853
3085
3085
3785
3087
1859
1860
1861
1862
1863
1864
1865
1866
1867
1868
1869
1870
1871
1872
1873
1874
1875
1876
1877
1878
1879
1880
1881
1882
1883
1884
1885
1886
1887
1888
1889
1890
1891
1892
1893
1894
1895
1896
1897
1898
1899
1900
1901
1902
1903
1904
1905
1906
1907
1908
1909
1910
1911
1912
1913
1914
1915
1916
1917
1918
1919
1920
1921
1922
1923
1924
1925
1926
1927
1928
1929
1930
1931
1932
1933
1934
1935
1936
1937
1938
1939
1940
1941
1942
1943
1944
1945
3476
3476
902
902
3474
1951
1952
1953
421
1962
3494
421
4392
1959
1960
1961
1962
1963
1964
1965
1966
1967
1968
1969
1970
1971
1972
1976
427
1975
2997
353
1978
89
1983
1980
890
360
889
1985
1986
1987
429
3048
1991
3079
1992
431
1994
1995
1996
1997
1998
1999
2000
2001
2002
2003
2004
2005
2006
2007
2008
2009
3045
3045
3045
3964
3045
3785
444
3090
3170
2019
2020
2021
2022
2023
2024
2025
2026
2027
2028
2029
2030
2031
2032
2033
2034
2035
2036
2037
2038
2039
2040
2041
2042
2043
2044
2045
2046
2047
2048
2049
2050
2051
2052
2053
2054
2055
2056
2057
2058
2059
2060
2061
2062
2063
2064
2065
2066
2067
2068
2069
2070
2071
2072
2073
2074
2075
2076
2077
2078
2079
2080
2081
2082
2083
2084
2085
2086
2087
2088
2089
2090
2091
2092
2093
2094
2095
2096
2097
2098
2099
2100
2101
2102
2103
2104
2105
2106
2107
2108
2109
2110
2111
2112
2113
2114
2115
2116
2117
2118
2119
2120
2121
2122
2123
2124
2125
2126
2127
2128
2129
2128
2131
2133
4401
2132
2135
2136
2137
2138
2139
2140
2143
2142
2143
2144
2145
2146
2147
2148
28
899
2950
29
2153
2154
2155
2156
2157
2158
2158
2160
2161
2162
2163
2164
2165
2166
2167
2168
3186
3107
987
3188
3788
3788
983
2174
2177
2177
2179
2180
2181
2182
2183
2184
2185
2186
2187
2188
2189
2190
2191
2192
2196
257
531
2196
258
2199
2395
535
2198
2205
2204
4987
4836
2205
4815
5445
4813
4815
528
2214
2213
4831
542
2219
266
543
2383
544
2221
2222
315
2224
2225
1484
548
548
1484
550
548
2233
2400
550
548
548
548
2234
5543
4878
2234
5540
1484
5540
1484
622
2248
4931
623
4885
1492
2255
2254
6117
4866
548
4884
5541
548
2260
2261
2262
2263
2264
2265
2266
2267
2268
2269
2270
2271
2272
2273
2274
2275
2276
2277
2278
2279
2280
2281
2282
2283
2284
2285
2286
2287
2288
2289
2290
2291
2292
2293
2294
2295
2296
2297
2298
2299
2300
2301
2302
2303
2304
2305
2306
2307
2308
2309
2310
2311
2312
2313
2314
2315
2316
2317
2318
2319
2320
2321
2322
2323
2324
2325
2326
2327
2328
2329
2330
2331
2332
2333
2334
2335
2336
2337
2338
2339
2340
2341
2342
2343
2344
2345
2346
2347
2348
2349
2350
2351
2352
2353
2354
2355
2356
2357
2358
2359
2360
5237
2364
5239
5237
5238
2366
2367
2368
2369
5318
1448
2369
602
2374
2375
2376
2377
2378
2381
2379
2381
2382
2385
1458
4796
1656
2388
2388
262
2394
1441
2390
5515
4803
2395
2396
2397
607
4875
2399
1497
2403
2403
2404
609
2406
2407
2408
2409
2410
2411
2412
2413
2414
2415
2416
2417
2418
2419
5725
4882
5725
5725
5725
548
1505
5725
548
623
4957
4886
2432
2433
2434
2435
2436
2437
2438
2439
2440
2441
2442
2443
2444
2445
2446
2447
2448
2449
2450
2451
2452
2453
2454
2455
2456
2457
2458
2459
2460
2461
2462
2463
2464
2465
2466
2467
2468
2469
2470
2471
2472
2473
2474
2475
2476
2477
2478
2479
2480
2481
2482
2483
2484
2485
2486
2487
2488
2489
2490
2491
2492
2493
2491
2495
2496
2497
2498
2499
2500
2501
2502
2503
2504
2505
2506
2507
2508
2509
2510
2511
2512
2513
2514
2515
2516
2517
2518
2519
2520
2521
2522
2523
2524
2525
2526
2527
2528
2529
2530
2531
2532
2533
2534
2535
2536
2537
2538
2542
2540
2541
6147
2544
4703
2545
2543
683
2548
2549
2550
2551
2552
2553
2554
2558
279
4753
4749
543
270
2561
4818
2566
689
2566
2566
2567
2568
2569
2570
4973
4974
1527
4904
2578
2578
1523
5545
2579
2580
2581
2582
2583
2584
2585
2586
2587
2588
2589
2590
2591
2592
2593
2594
2595
2596
2597
2598
2599
2600
2601
2602
2603
2604
2605
2606
2607
2608
2609
4369
2611
2612
2613
2614
2615
2616
2617
2618
2620
3873
718
2619
717
2624
2625
2626
2627
2628
2629
2630
2631
2632
2633
2635
3563
2636
2637
729
2639
2640
2641
2642
2643
2644
2645
2646
2647
2648
2649
2650
2651
2652
2653
2654
2655
2656
2657
2658
2659
2660
2661
2662
2663
2664
2665
2666
2667
2671
2668
2670
2671
2674
750
2686
2675
2676
2677
2678
2679
2680
2681
2682
2683
2684
2685
2687
2687
342
758
2690
2691
2692
2693
2694
2695
2696
2697
2698
2699
2700
2701
2702
2703
2704
2705
2706
2707
2708
2709
2710
2711
2712
2713
2714
2715
2716
2717
2718
2719
2720
2721
2722
2723
2724
2725
2726
2727
2728
2729
2730
2731
2732
2731
2734
2738
2735
788
2738
2739
2740
2745
789
2741
791
3671
2749
2746
794
3540
795
2753
2751
4555
796
2755
2756
2757
2758
2759
2130
2761
2760
498
1855
371
3047
4404
2768
2769
4395
804
2772
2773
2774
2775
2776
2777
2778
2779
2780
2781
2782
2783
2782
2785
2786
2787
2788
2789
2790
2791
2793
2850
2794
2795
2844
822
3572
2798
2800
2801
2802
2803
2804
2805
2806
2807
2811
2810
2822
2823
2811
2813
2814
2815
2816
2817
2818
2819
512
2159
2822
2825
2824
2825
2826
2826
835
3386
2830
2831
2832
837
2834
2835
2836
2837
2838
2839
2840
843
3072
373
1854
2821
2845
513
2848
2849
2848
839
2852
2853
2854
2855
2856
3559
2858
2859
2860
2861
2862
2863
2864
2865
2866
2867
2868
2869
2870
2871
2872
2873
2874
2875
2876
2877
2878
2879
2880
2881
2882
2883
2884
864
2886
2887
2888
2889
2890
2891
2892
2893
2894
2895
2896
2897
2898
2899
2900
2901
2902
2903
2904
2905
2906
2907
2908
2909
2910
2911
117
30
3492
31
116
120
1077
32
120
3476
3473
31
123
3475
125
62
3475
2948
3475
126
2949
21
66
2933
2933
2935
2945
2945
887
2999
2942
2943
912
3000
4385
3475
1074
4267
2951
3617
891
893
28
2956
28
106
2958
2959
2960
2961
2962
2963
2964
2965
2966
2967
2968
2969
2970
2971
2972
2973
2974
2978
2976
930
2978
2979
2980
2981
2982
2983
2984
2985
2986
2987
2988
2989
907
2991
2992
2993
1808
2995
2998
2996
3037
3444
3444
911
360
1807
3004
3012
917
3012
3008
3009
3010
3011
3014
151
42
103
105
3017
101
3019
113
1958
113
3023
3024
3025
3026
3027
762
3030
3030
3031
3032
3033
3034
3035
364
3036
3038
3039
3040
3041
1819
365
3029
948
3969
3966
3153
3785
3968
3053
936
3422
937
3051
3057
3065
935
3059
939
3060
939
941
3061
3067
943
3122
3070
3068
3070
966
430
3064
3074
3075
3134
3077
946
3152
1833
3967
1833
1833
949
3086
3140
949
950
950
3094
952
952
3093
3171
3095
4373
3097
3098
953
3101
3114
957
3100
956
3785
3785
977
3970
3109
3110
3111
3112
3113
3116
962
3149
963
3118
3119
3120
3121
3123
3569
834
3103
958
3127
3128
3129
3130
3131
3132
3133
3134
3135
3136
3414
954
6236
3097
3144
971
3144
3144
3145
3146
3147
964
3120
965
6236
970
6236
371
3967
371
3785
3785
3785
3045
3964
3162
3163
974
3165
3134
970
3168
3169
972
3171
3169
3172
3175
974
975
3991
3163
3179
981
3166
3183
3193
985
3182
3188
988
3973
3189
3190
3191
3192
3194
3194
3195
3196
3197
3198
1843
3199
3202
3202
3203
3204
3205
3206
3207
3208
3209
3210
3211
3212
3213
3214
3215
3216
3217
3218
3219
3220
3221
3222
3223
3224
3225
3226
3227
3228
3229
3230
3231
3232
3233
3234
3235
3236
3237
3238
3239
3240
3241
3242
3243
3244
3245
3246
3247
3248
3249
3250
3251
3252
3253
3254
3255
3256
3257
3258
3259
3260
3261
3262
3263
3264
3265
3266
3267
3268
3269
3270
3271
3272
3273
3274
3275
3276
3277
3278
3279
3280
3281
3282
3283
3284
3285
3286
3287
3288
3289
3290
3291
3292
3293
3294
3295
3296
3297
3298
3299
3300
3301
3302
3303
3304
3305
3306
3307
3308
3309
3310
3311
3312
3313
3314
3315
3316
3317
3318
3319
3320
3321
3322
3323
3324
3325
3326
3327
3328
3329
3330
3331
3332
3333
3334
3335
3336
3337
3338
3339
3340
3341
3342
3343
3344
3345
3346
3347
3348
3349
3350
3351
3352
3353
3354
3355
3356
3357
3358
3359
3360
3361
3362
3363
3364
3365
3366
3367
3368
3369
3370
3371
3372
3373
3374
3375
3376
3377
3378
3379
3380
3381
3382
3383
3384
3385
3386
3387
3388
3389
3390
3391
3392
3393
3394
3395
3396
3397
3398
3399
3400
3403
3402
3405
1057
3407
3406
3407
1059
3409
3410
3411
3412
3135
3414
3136
3416
3055
3417
938
3420
3421
2827
833
3424
3425
3426
3427
3428
3429
3430
3431
3432
3433
3434
3435
3436
3437
3438
3439
3440
1069
1069
3441
3466
126
125
127
911
3449
3450
3451
3452
3453
3454
3455
3456
3457
3458
3459
3460
3461
3462
3463
3464
3465
3467
3467
3468
3469
3470
3471
3472
902
3483
3474
902
123
124
122
3480
3481
3482
3483
3484
3485
3486
3487
3488
3492
422
3492
2963
2963
901
2963
117
30
31
117
3500
3501
3502
3503
3504
3505
3506
3507
3508
3509
3510
3511
3512
3513
3514
3515
3516
3517
3518
3519
3520
3521
3522
3523
3524
3525
3526
3527
3528
3529
3530
3531
3532
3533
3534
3535
3536
3537
3538
3539
3543
790
1096
3841
3544
3545
3546
3547
3548
3549
3550
3551
3552
3553
3554
3555
1962
113
113
3559
3560
3561
3562
3564
5325
3566
3727
1100
3565
3569
3570
3571
381
1102
4379
3575
3576
3577
3578
3579
2796
4402
2799
821
3584
3585
3586
3587
3588
3589
3590
3590
3592
3593
3594
3595
3596
3597
3598
3599
3600
3601
3602
3603
3604
3605
3606
3607
3608
3609
3610
3611
3612
3613
3614
3615
3616
3615
3618
3619
3620
3621
3622
2762
3624
3625
3626
3627
3628
3629
3630
3631
3632
2134
2812
3635
3636
3637
3638
3639
3640
3641
3642
3643
3644
3645
3646
3647
3648
3649
3650
3651
3649
3654
3781
3653
3659
1107
3658
4383
3660
3652
786
1120
3661
3665
3666
3667
3668
3669
3670
3673
1124
3691
1125
3675
3676
3677
3678
3679
3680
3681
3682
3683
3684
2736
787
3689
3687
3689
4380
3693
1129
3952
817
3695
3696
3697
3698
3699
3700
3701
3702
3703
3704
3705
3706
3707
3708
3709
3710
3711
3712
3713
3714
3715
3716
3717
3718
3719
3720
3721
3722
3723
3724
3725
3726
2733
747
3729
3730
3731
3732
3733
3734
3735
3736
3737
1784
3739
3740
3741
3742
3743
3744
3745
3746
3747
3748
3749
3750
3751
3752
3753
3754
2996
1984
361
3758
3759
3760
3761
3762
3763
3764
3765
3766
2784
3767
807
3770
3771
3772
3773
1981
3775
3776
3777
3778
3779
1136
3782
3794
3968
1137
3796
1990
3073
3789
3798
1138
3791
3792
3793
3794
3803
1165
976
3185
986
3800
3801
3802
3070
3804
3805
3806
3807
3808
3809
3810
3811
3812
3813
3814
3815
3816
3817
3818
3819
3820
3821
3822
3823
3824
3825
3826
3827
3828
2747
793
792
3829
3833
3834
3835
3838
3836
3842
1122
3664
3840
3847
3846
2766
3953
6160
380
3849
3852
3848
1148
3854
1149
3855
3568
719
3857
3858
3859
3860
3861
3862
3863
3864
3865
3866
3867
2622
3868
720
3871
3872
2667
3874
3875
3876
3877
3878
3879
3880
3881
3882
3883
3887
1154
3886
3890
1152
3889
4368
3891
3892
3893
3894
3895
3896
3897
3898
3899
3900
3901
3902
3903
3904
3869
3905
3907
3908
3909
3910
3911
3912
3913
3914
3915
3916
3917
3918
3919
3920
3921
3922
3923
3924
3925
3926
3927
3928
3929
3930
3931
3932
3933
3934
3935
3936
3937
3938
3939
3940
3941
3942
3943
3944
3947
3945
3954
3948
3949
3950
3951
818
1164
2743
3960
4377
1847
440
959
1845
3961
3962
3963
3965
3092
948
3966
1165
3153
3972
1166
3992
3975
3974
3994
3976
3977
3978
3979
3980
3981
3982
3983
2752
3984
3986
3987
3988
3989
6236
6236
3164
982
3198
3995
3996
3997
3998
3999
4000
4001
4002
4003
4004
4005
4006
4007
4008
4009
4010
4011
4012
4013
4014
4015
4016
4017
4018
4019
4020
4021
4022
4023
4024
4025
4026
4027
4028
4029
4030
4031
4032
4033
4034
4035
4036
4037
4038
4039
4040
4041
4042
4043
4044
4045
4046
4047
4048
4049
4050
4051
4052
4053
4054
4055
4056
4057
4058
4059
4060
4061
4062
4063
4064
4065
4066
4067
4068
4069
4070
4071
4072
4073
4074
4075
4076
4077
4078
4079
4080
4081
4082
4083
4084
4085
4086
4087
4088
4089
4090
4091
4092
4093
4094
4095
4096
4097
4098
4099
4100
4101
4102
4103
4104
4105
4106
4107
4108
4109
4110
4111
4112
4113
4114
4115
4116
4117
4118
4119
4120
4121
4122
4123
4124
4125
4126
4127
4128
120
878
4131
4132
4133
4134
4135
4136
4137
4138
4139
4140
4141
4142
4143
4144
4145
4146
4147
4148
4149
4150
4151
4152
4153
4154
4155
4156
4157
4158
4159
4160
4161
4162
4163
4164
4165
4166
4167
4168
4169
4170
4171
4172
4173
4174
4175
4176
4177
4178
4179
4180
4181
4182
4183
4184
4185
4186
4187
4188
4189
4190
4191
4192
4193
4194
4195
4196
4197
4198
4199
4200
4201
4202
4203
4204
4205
4206
4207
4208
4209
4210
4211
4212
4213
4214
4215
4216
4217
4218
4219
4220
4221
4222
4223
4224
4225
4226
4227
4228
4229
4230
4231
4232
4233
4234
4235
4236
4237
4238
4239
4240
4241
4242
4243
4244
4245
4246
4247
4248
4249
4250
4251
4252
4253
4254
4255
4256
4257
4258
4259
4260
4261
4262
4263
4264
4265
4266
1074
4268
4269
4270
4271
4272
4273
4274
4275
4276
4277
4278
4279
4280
4281
4282
4283
4284
4285
4286
4287
4288
4289
4290
4291
4292
4293
4294
4295
4296
4297
4298
4299
4300
4301
4302
4303
4304
4305
4306
4307
4308
4309
4310
4311
4312
4313
4314
4315
4316
4317
4318
4319
4320
4321
4322
4323
4324
4325
4326
4327
4328
4329
4330
4331
4332
4333
4334
4335
4336
4337
4338
4339
4340
4341
4342
4343
4344
4345
4346
4347
4348
4349
4350
4351
4352
4353
4354
4355
4356
4357
4358
4359
4360
4361
4362
4363
4364
4365
4366
4367
2669
3906
3069
3062
942
4374
4375
3147
846
3173
379
382
3582
4381
838
3655
4384
3509
4386
4387
4388
4389
4390
4391
891
4393
421
4395
4396
4397
4398
4399
4400
4401
1833
951
3785
3134
4407
5635
4408
4406
1274
4411
4412
4413
4414
4415
4416
4417
4418
4419
4420
4421
4422
4423
4424
4425
4426
4427
4428
4429
4434
1289
4430
1292
5629
4435
4436
4437
4438
4439
4440
4441
4442
4443
4444
4445
1302
4447
4448
4445
4450
4451
4452
4453
4454
4455
4456
4457
4458
4459
4460
4461
4462
4463
4464
4465
4466
4467
4468
4469
4470
4471
4472
4476
4473
1316
5631
4478
5655
1317
4477
4484
4482
1320
4494
1321
4486
4487
4488
5497
4490
4491
4492
4493
4497
1325
518
4497
4498
4499
4500
4501
4502
4503
4504
4505
4506
4507
4508
4509
4510
4511
4512
4513
4514
4515
4516
4517
4518
4519
4520
4521
4522
4523
4524
4525
4526
4527
4528
4529
4530
4531
4532
4533
4534
4535
4536
4538
5491
4537
1348
4542
4542
4541
4544
4545
5432
1351
4548
4549
4552
1354
5302
1355
4550
4557
1301
5740
4558
4559
4560
4561
4562
4563
4564
4565
4566
2232
4946
6150
2230
4571
4572
4573
4574
4575
4576
4577
4578
4579
4580
4581
4582
4583
4584
4585
4586
4587
4588
4589
4590
4591
4592
4596
4594
4595
4650
4596
4600
4598
5333
1380
4602
4603
4604
4605
4606
4607
4608
4611
4611
4611
4622
4612
4614
4615
4616
4617
4618
4619
4620
691
4622
4621
4624
4625
4626
4628
5162
1389
4627
4631
4632
4633
1392
4635
4636
4637
4638
4639
4640
1397
2253
2233
5544
4623
690
4645
4648
1393
4649
4651
4652
4653
4654
4658
4655
4657
5321
4659
4660
4661
4662
4663
4664
4665
4666
4667
4668
4669
4670
4671
4672
4673
1401
4675
4676
4677
4678
4679
4680
4681
4682
1417
4684
4685
4686
4687
4688
4689
4690
4691
4692
4693
4694
4695
4696
4697
4698
4700
5244
4701
1425
4705
1428
5264
4706
4707
4708
4709
4710
4713
1431
5259
1601
4711
4718
181
2361
231
2364
1595
1596
294
4748
235
295
4748
4748
1463
297
4731
297
192
4734
4735
4736
4737
4738
4739
4743
4741
4742
4745
1462
6131
6020
5206
6020
4749
4749
4751
4752
279
276
199
281
4757
4758
4759
4760
4761
4762
4763
4764
4765
4766
4767
4768
4769
4770
4771
4772
4773
4777
4774
540
4833
1480
4779
4780
4781
4782
4783
4784
4785
4786
4787
4775
1457
4788
4791
4792
4793
2206
4797
4795
4834
4799
5205
4798
537
1464
2203
4811
4811
1471
4807
4808
4809
4810
4812
213
320
4815
277
4816
273
4790
4820
2372
4819
4822
4823
4824
4825
4826
4827
4828
4829
4830
4831
4832
542
4835
542
4837
4837
4838
4839
4840
4841
4842
5723
5746
5722
1686
5541
5541
4851
4849
5188
1486
4857
1487
4853
1485
4862
4854
4858
1488
1487
4863
4915
1491
4868
4865
1509
5559
608
4859
4871
1488
4873
4874
4860
4954
548
2233
2233
2230
1497
4883
4930
1497
1498
4888
5721
1499
4958
4890
4890
4892
4893
4894
4895
4896
4900
4897
1504
4909
1484
5541
5726
1518
4905
4906
4907
4908
4911
1507
4939
4912
4913
4914
4917
1390
5330
4898
4919
4920
4921
4922
4923
4873
4925
5182
5184
1511
1503
4954
4933
1512
1513
1513
4935
4936
4937
4938
4913
1515
1515
1493
2230
2230
548
548
548
4881
4949
6151
4951
6255
6151
1493
4955
4956
1513
4958
4956
4932
4964
5747
1517
6255
4966
6151
4967
4968
4972
4969
1526
4979
4974
5729
1528
4976
4977
4978
4979
4980
4981
4982
4983
4984
2244
4985
4988
4988
4989
4990
4991
4992
4993
4994
4995
4996
4997
4998
4999
5000
5001
5002
5003
5004
5005
5006
5007
5008
5009
5010
5011
5012
5013
5014
5015
5016
5017
5018
5019
5020
5021
5022
5023
5024
5025
5026
5027
5028
5028
5030
5031
5032
5033
5034
5035
5036
5037
5038
5039
5040
5041
5042
5043
5044
5045
5046
5047
5048
5049
5050
5051
5052
5053
5054
5055
5056
5057
5058
5059
5060
5061
5062
5063
5064
5065
5066
5067
5068
5069
5070
5071
5072
5073
5074
5075
5076
5077
5078
5079
5080
5081
5082
5083
5084
5085
5086
5087
5088
5089
5090
5091
5092
5093
5094
5095
5096
5097
5098
5099
5100
5101
5102
5103
5104
5105
5106
5107
5108
5109
5110
5111
5112
5113
5114
5115
5116
5117
5118
5119
5120
5121
5122
5123
5124
5125
5126
5127
5128
5129
5130
5131
5132
5133
5134
5135
5136
5137
5138
5139
5140
5141
5142
5143
5144
5145
5146
5147
5148
5149
5150
5151
5152
5153
5154
5155
5156
5157
5158
5159
5160
5161
5162
5163
5164
5165
5166
5167
5168
5169
5170
5171
5172
5174
5176
5175
5177
5177
5178
5179
5180
5181
5182
5183
5184
4850
5185
5187
4630
5189
5190
5191
5192
5193
5194
5195
5196
5197
5198
5199
5200
5201
5202
5203
5204
5208
1588
1589
5208
297
298
295
4798
5213
5214
5215
5216
5217
5218
5219
5220
5221
5222
5223
5224
5225
5226
5227
5228
5229
5230
5231
5232
5233
5234
5235
5236
5240
5238
1593
5240
235
181
296
5244
1598
5246
5247
5248
5249
5250
5251
5252
5258
5258
2373
5256
5257
5256
5256
4711
290
4712
285
4764
1603
5266
5267
5268
5269
5270
5271
5272
5273
5274
5275
5276
5277
5278
5279
5280
5281
5282
5283
5284
5285
5286
5287
5288
5289
5290
5291
5292
5293
5294
5295
5296
5297
5298
5299
5300
5301
5303
5597
1615
1352
5306
5307
5308
5309
5310
5311
5312
5313
5314
5315
5316
5317
2378
286
286
5322
5324
5323
5324
4449
5329
5326
1620
5486
5331
5421
1621
5334
6125
1622
5336
5337
5338
5339
5340
4598
1379
4599
2241
5345
5346
5347
5348
5349
5350
5351
5352
5353
5354
5355
5356
5357
5358
5359
5360
5361
5362
5363
5364
5365
5366
5367
5368
5369
5370
5371
5372
5373
5374
5375
5376
5377
5378
5379
5380
5381
5380
1634
5384
5385
5386
5387
5388
5389
5390
5391
5392
5393
5394
5395
5396
5397
5398
5399
5400
5401
5402
5403
5404
5405
5406
5407
5408
5409
5413
5410
1340
6130
5416
5414
5538
5418
6129
5419
1626
5421
5411
1642
1640
1349
5426
5427
5428
5429
5430
5431
5432
5433
5451
1645
5436
5437
5438
5439
5440
5441
5442
5443
5444
5445
4543
5447
6126
5449
1648
5453
5452
5709
1649
5455
5456
5457
5458
5459
5460
5461
5462
5463
5464
5465
5466
5467
5468
5469
5470
5471
5472
5473
5474
5475
5476
5573
5478
5479
5480
5481
5482
5483
5484
5485
4539
1315
5488
5489
5490
5494
1654
1643
5495
5495
5496
2178
5498
5499
5500
5501
2225
5503
5504
5505
5506
5507
5508
5509
5510
5511
5512
4795
2393
538
5516
5517
5518
5519
5520
5521
5522
5523
5524
5525
5526
5527
5528
5529
5530
2390
5532
5533
5534
5535
5536
5537
5539
5551
1658
5553
1658
5544
4870
5547
1659
5555
5548
5549
5550
5551
1625
1483
1516
4970
1525
5557
5558
5559
1625
5561
5562
5563
5564
5565
5566
5567
5568
5569
5570
5571
5572
5573
5574
5575
5576
5577
5578
5579
5580
5581
5582
5583
5584
5585
5586
5587
1356
5589
5590
5591
5593
5598
5592
5594
5595
5596
5603
5710
4569
1627
2425
5715
5607
1669
5606
5608
5609
5611
1670
5327
1291
5613
5614
5615
5616
5617
5618
5619
5620
5621
5622
5621
4432
1290
5624
5627
5628
4474
1276
5623
1635
5633
5634
5382
1629
5637
5638
5639
5640
5641
5642
5644
6114
5645
1673
5647
5648
5649
5650
5651
5652
5653
5654
4409
5656
5657
5658
5659
5660
5626
5661
5663
5664
5665
5666
5667
5668
5669
5670
5671
5672
5673
5674
5675
5676
5677
5678
5679
5680
5681
5682
5683
5684
5685
5686
5687
5688
5689
5690
5691
5692
5693
5694
5695
5696
5697
5698
5699
5700
5701
5702
5703
5704
5705
5706
5707
5708
1378
5714
5711
5716
557
6123
618
2246
5717
5718
5719
1496
4891
5723
5746
1686
5722
5728
1687
5748
5730
5750
5731
5732
5733
5734
5735
5736
5737
5738
5739
5740
5741
5742
5743
5744
5745
1515
1515
4952
1522
4984
5751
5752
5753
5754
5755
5756
5757
5758
5759
5760
5761
5762
5763
5764
5765
5766
5767
5768
5769
5770
5771
5772
5773
5774
5775
5776
5777
5778
5779
5780
5781
5782
5783
5784
5785
5786
5787
5788
5789
5790
5791
5792
5793
5794
5795
5796
5797
5798
5799
5800
5801
5802
5803
5804
5805
5806
5807
5808
5809
5810
5811
5812
5813
5814
5815
5816
5817
5818
5819
5820
5821
5822
5823
5824
5825
5826
5827
5828
5829
5830
5831
5832
5833
5834
5835
5836
5837
5838
5839
5840
5841
5842
5843
5844
5845
5846
5847
5848
5849
5850
5851
5852
5853
5854
5855
5856
5857
5858
5859
5860
5861
5862
5863
5864
5865
5866
5867
5868
5869
5870
5871
5872
5873
5874
5875
5876
5877
5878
5879
4716
293
5882
5883
5884
5885
5886
5887
5888
5889
5890
5891
5892
5893
5894
5895
5896
5897
5898
5899
5900
5901
5902
5903
5904
5905
5906
5907
5908
5909
5910
5911
5912
5913
5914
5915
5916
5917
5918
5919
5920
5921
5922
5923
5924
5925
5926
5927
5928
5929
5930
5931
5932
5933
5934
5935
5936
5937
5938
5939
5940
5941
5942
5943
5944
5945
5946
5947
5948
5949
5950
5951
5952
5953
5954
5955
5956
5957
5958
5959
5960
5961
5962
5963
5964
5965
5966
5967
5968
5969
5970
5971
5972
5973
5974
5975
5976
5977
5978
5979
5980
5981
5982
5983
5984
5985
5986
5987
5988
5989
5990
5991
5992
5993
5994
5995
5996
5997
5998
5999
6000
6001
6002
6003
6004
6005
6006
6007
6008
6009
6010
6011
6012
6013
6014
6015
6016
6017
6018
6019
5231
6021
6022
6023
6024
6025
6026
6027
6028
6029
6030
6031
6032
6033
6034
6035
6036
6037
6038
6039
6040
6041
6042
6043
6044
6045
6046
6047
6048
6049
6050
6051
6052
6053
6054
6055
6056
6057
6058
6059
6060
6061
6062
6063
6064
6065
6066
6067
6068
6069
6070
6071
6072
6073
6074
6075
6076
6077
6078
6079
6080
6081
6082
6083
6084
6085
6086
6087
6088
6089
6090
6091
6092
6093
6094
6095
6096
6097
6098
6099
6100
6101
6102
6103
6104
6105
6106
6107
6108
6109
6110
6111
6112
6113
4480
5662
4865
6116
1490
6120
6121
6121
1400
4960
556
5560
5343
6127
1391
5415
5428
6131
6132
6133
6134
6135
6136
2546
4750
6139
2369
6141
6142
6143
6144
6145
6146
6147
2234
1500
5541
6151
6152
6153
6154
6155
6156
6157
6158
6159
3785
5725
6162
6163
6164
6165
6166
6167
6168
6169
6170
6171
6172
6173
6174
6175
6176
6177
6178
6179
6180
6181
2573
2171
2175
2577
6186
6187
6188
6189
6190
6191
1530
6193
6194
6195
6196
6238
6198
6199
6200
6201
6202
6203
6238
6205
1528
6207
3974
6209
6210
6211
6240
6213
6214
6215
6216
6217
6218
6219
6220
6221
6222
6223
6224
6225
6226
6227
6228
6229
6230
6231
6232
6233
6234
6216
6215
6237
1064
6218
6240
6218
6242
6243
6244
6245
6246
6247
6248
6249
6250
6251
6252
6253
6254
6234
6256
6257
6258
6259
6260
6261
6262
6263
6264
6265
6266
6267
6268
6269
6270
6271
6272
6273
6274
6275
6276
6277
6278
6279
6280
6281
6282
6283
6284
6285
6286
6287
6288
6289
6274
6291
