46
91
95
98
102
5
6
7
134
53
17
65
132
51
50
72
78
83
68
129
354
352
23
923
922
368
386
27
108
108
114
118
10
3445
137
35
146
145
168
143
164
154
42
43
45
162
37
1797
52
41
48
39
152
56
56
16
80
60
57
17
81
18
63
68
75
67
67
161
12
76
71
76
14
131
132
74
13
130
70
19
70
19
19
73
1797
1800
1799
91
90
1979
94
2
96
97
98
3
101
2155
3017
102
25
3018
102
103
104
103
106
107
110
108
111
111
112
112
8
115
133
116
9
133
57
58
59
63
3446
66
0
85
130
34
139
34
135
40
40
36
146
36
135
140
144
1971
1971
143
1968
99
99
3
148
149
150
151
153
153
154
156
163
157
157
166
1968
138
2
163
35
15
42
167
43
169
170
332
333
174
272
2222
176
177
178
179
224
230
234
303
184
223
241
249
253
244
190
530
2197
2217
2560
4816
545
1472
198
199
200
201
5262
1592
5211
300
206
331
309
338
197
335
324
213
214
208
215
217
317
220
323
1471
219
212
225
336
187
225
229
252
188
228
233
254
189
233
183
183
183
236
242
241
247
240
246
246
302
222
248
243
186
243
251
190
245
2193
2195
2193
2197
264
264
267
2389
271
268
196
273
196
2222
196
1474
4817
2222
4817
274
275
276
277
278
279
280
281
282
283
284
285
286
288
304
180
5261
231
230
5880
4725
1444
4725
4732
5209
184
221
299
301
205
211
305
308
306
311
207
310
311
2223
2221
197
2223
318
318
331
319
320
321
322
325
213
325
327
334
328
337
330
312
307
316
334
335
330
339
214
339
341
341
2686
1782
1784
345
346
347
348
349
1794
362
352
353
354
46
356
2883
1803
1802
3003
3036
6
3042
364
3029
3019
367
368
3047
934
3045
371
3072
3047
373
1829
2843
934
4403
3966
1851
3803
3045
3046
27
386
387
388
389
390
391
392
393
394
395
396
397
398
399
400
401
402
403
404
405
406
407
408
409
410
411
412
413
414
415
416
417
418
419
420
3021
3497
423
424
425
426
2989
1986
3151
3063
431
432
433
434
435
436
437
438
439
3966
3047
3045
1829
3138
3140
2019
447
448
449
450
451
452
453
454
455
456
457
458
459
460
461
462
463
464
465
466
467
468
469
470
471
472
473
474
475
476
477
478
479
480
481
482
483
484
485
486
487
488
489
490
491
492
493
494
495
2835
2129
498
499
500
3592
1963
503
873
2906
506
2815
2776
509
510
511
512
2160
514
515
3106
3784
4496
519
520
521
522
523
524
525
2192
4756
4754
2197
530
317
532
533
4685
2199
2201
4803
4833
177
4840
4830
2214
1470
267
545
548
548
2401
2233
4869
2234
4641
4643
2234
548
6149
5722
5560
2252
2401
4843
198
5048
2262
2492
566
567
568
569
2322
571
572
573
574
575
576
577
578
579
580
581
582
583
584
585
2323
5047
5094
2327
2331
6016
592
593
594
595
596
597
598
599
600
601
5255
2380
4409
6135
2397
4940
4860
609
610
611
612
613
614
615
616
617
5722
2401
548
2230
4929
4930
624
625
626
627
628
629
630
631
632
633
634
635
636
2449
2459
639
640
641
642
643
644
645
646
647
648
649
650
651
652
2272
654
655
656
5072
658
659
660
661
662
663
664
665
666
667
668
669
5044
5043
672
673
674
4632
2542
2538
678
4624
680
681
682
683
4703
685
686
687
688
689
2564
5396
692
693
6150
5540
696
697
4576
699
700
701
702
703
704
705
706
707
708
709
710
711
712
713
714
715
716
3874
3728
719
720
721
722
723
724
725
726
727
728
2635
730
731
2637
733
734
735
736
737
738
739
740
741
742
743
744
4472
746
2666
748
2685
2736
2674
2676
2678
2680
3740
848
757
2735
2729
760
761
3031
763
764
2699
766
767
768
769
770
2710
772
773
774
775
776
777
778
2722
2724
781
4555
2751
4534
785
786
4543
2737
2742
3541
791
3831
3830
794
2750
5325
797
798
799
800
801
2011
2771
3769
805
806
2774
808
809
810
2817
812
3377
2787
2789
3766
2791
4377
3172
3742
2798
3573
823
824
825
826
827
828
829
830
831
832
836
835
3387
3388
3780
2833
952
3102
991
3169
1853
1833
845
3170
958
1530
849
850
2138
2861
853
854
855
856
857
3461
859
860
3440
3439
863
2885
2886
866
867
868
869
870
871
872
1079
2871
875
3501
2908
4129
2927
2927
9
2931
2931
2941
2945
886
887
1975
1984
890
2950
897
2953
65
54
155
111
108
108
900
1956
2918
903
904
905
2985
2976
908
1809
888
2932
912
913
151
3013
916
39
2986
2988
3010
23
922
923
114
925
3761
3750
928
929
2978
3039
932
3153
3046
3124
2828
2830
3423
3071
3052
3056
4370
3570
3069
3418
3074
371
1991
1991
1991
3077
3133
3418
3074
3418
3131
3129
1063
3046
1062
3416
967
955
3099
3126
1101
1063
3418
1063
3076
3097
954
4405
4405
3193
3176
3968
3409
1060
3416
3194
3178
3790
2175
3195
3184
988
3973
989
3165
3111
987
993
994
995
996
997
998
999
1000
1001
1002
1003
1004
1005
1006
1007
1008
1009
1010
1011
1012
1013
1014
1015
1016
1017
1018
1019
1020
1021
1022
1023
1024
1025
1026
1027
1028
1029
1030
1031
1032
1033
1034
1035
1036
1037
1038
1039
1040
1041
3366
3368
3371
1045
1046
3393
3395
3379
3382
1051
1052
3397
3399
3533
1056
3404
3406
3408
3421
3426
3419
3054
1064
1065
3433
3437
3445
1069
1070
1071
1072
17
2947
1075
2924
2920
10
2965
1080
3497
3497
118
1961
1085
1086
1087
1088
1089
1090
1091
1092
1093
3985
3949
1096
1097
1098
1099
1100
3576
3795
1103
3578
1105
1837
821
1108
1109
1110
1111
1112
1113
1114
1115
1116
1117
1118
4382
3689
3657
1122
1123
3673
1125
1126
3682
3843
3952
3741
1131
1132
1133
1134
3751
1136
3797
1138
1139
1140
1141
1142
3835
3834
1145
1146
3960
3851
1149
1150
1151
1152
1153
1154
1155
1156
1157
1158
1159
1160
1161
3942
1163
1848
3153
933
1167
3993
1169
1170
1171
1172
1173
1174
1175
1176
1177
1178
1179
1180
1181
1182
1183
1184
1185
1186
1187
1188
1189
1190
1191
1192
1193
1194
1195
1196
1197
1198
1199
1200
1201
1202
1203
1204
1205
1206
1207
1208
1209
1210
1211
1212
1213
1214
1215
1216
1217
1218
1219
1220
1221
1222
1223
1224
1225
1226
1227
1228
1229
1230
1231
1232
1233
1234
1235
1236
1237
1238
1239
1240
1241
1242
1243
1244
1245
1246
1247
1248
1249
1250
1251
1252
1253
1254
1255
1256
1257
1258
1259
1260
1261
1262
1263
1264
1265
1266
1267
1268
1269
1270
1271
1272
1273
4476
4407
4474
1277
1278
1279
1280
1281
1282
1283
1284
1285
1286
1287
1288
4434
4432
1291
5487
1293
1294
1295
1296
1297
1298
1299
1300
4445
5732
5733
4448
1305
1306
1307
1308
1309
1310
1311
1312
1313
1314
1315
1316
4478
1318
1319
1320
1321
1322
1323
1395
4495
1326
1327
1328
4828
1330
1331
1332
1333
1334
1335
1336
1337
1338
1339
1340
1341
1342
1343
1344
1345
1346
5740
1348
1349
4549
1351
1352
1353
1354
1355
1356
1357
1358
1359
5394
4563
2427
4572
5525
1365
4578
1367
1368
1369
1370
5158
5522
4590
4592
4597
4595
1400
6123
1380
5335
1381
4604
1383
4612
5400
691
1387
5526
5163
1389
4634
5536
1499
1512
1529
1501
6118
2233
4646
4889
1401
1402
1403
1404
1405
1406
1407
1408
5224
1410
1411
5204
5203
1414
1415
1416
4683
1418
1419
1420
1421
1422
1423
1424
5264
1426
4671
5324
1429
4712
4712
181
1432
1435
4726
4733
4738
4735
4739
4795
2391
4749
1443
234
227
326
199
200
280
1450
602
5238
1453
1454
1455
4784
4775
1468
2205
1460
2385
1462
1463
4802
1465
4813
320
4786
1469
4810
1471
1472
2217
4816
2560
201
1477
5510
1479
4774
4837
1482
4941
4843
4916
4629
4867
4857
4852
6116
1509
4866
4871
5186
2234
4940
4940
2399
4925
4871
5187
5186
4871
4922
4843
5183
1502
4893
1621
5186
4871
4895
1503
6151
6151
4963
4979
5724
5179
5183
4981
4965
5546
2577
4971
4980
4974
5729
4908
3113
1531
1522
2571
1534
1535
1536
1537
1538
1539
1540
1541
1542
1543
1544
1545
1546
1547
1548
1549
1550
5026
1552
1553
5369
5370
2455
2457
1558
1559
1560
1561
1562
1563
5991
1565
1566
1567
1568
1569
1570
1571
1572
1573
1574
1575
1576
1577
1578
1579
5168
1581
5171
5178
1584
5197
5201
5211
1588
1589
1590
1591
230
5239
1594
1431
1596
1592
4761
1599
1601
4714
5262
2376
1604
1605
1606
1607
1608
1609
1610
1611
1612
5742
5706
1615
1616
1617
1618
1619
1620
5340
5552
1623
1624
5338
1379
2238
1628
5382
1630
1631
1632
1633
1634
5623
1636
5570
1638
6128
5449
5420
1642
1643
1644
1645
1646
1647
5601
5599
5499
1651
5478
1653
1654
5512
2386
5549
5554
5556
1660
1661
1662
1663
1664
1665
1666
1667
5715
1669
1670
1671
1672
1673
1674
1675
1676
5674
1678
1679
1680
1681
1682
5698
1684
618
4941
4962
1688
5749
1690
1691
1692
1693
1694
1695
1696
1697
1698
1699
1700
1701
1702
1703
1704
1705
1706
1707
1708
1709
1710
1711
1712
1713
1714
1715
1716
1717
1718
1719
1720
1721
1722
1723
1724
1725
1726
1727
1728
1729
1730
1731
1732
1733
1734
1735
1736
1737
1738
1739
1740
1741
1742
1743
1744
1745
1746
1747
1748
1749
1750
1751
1752
1753
1754
1755
1756
1757
1758
1759
1760
1761
1762
1763
1764
1765
1766
1767
1768
1769
1770
1771
1772
1773
1774
1775
1776
1777
1778
1779
1780
342
2687
1781
2688
1787
1786
1787
1788
1789
1790
1791
1792
1793
1054
1795
1796
1797
1798
1799
355
1801
1803
1803
1803
357
1810
361
1808
358
3201
107
107
914
3015
6
1819
1816
365
3043
1820
2153
97
1823
1974
934
934
934
934
1833
371
371
373
1990
3047
3047
3047
1832
3786
1829
2842
3783
934
3783
934
3086
949
3966
948
4403
1852
382
3068
944
1850
3785
3785
3785
3045
1859
1860
1861
1862
1863
1864
1865
1866
1867
1868
1869
1870
1871
1872
1873
1874
1875
1876
1877
1878
1879
1880
1881
1882
1883
1884
1885
1886
1887
1888
1889
1890
1891
1892
1893
1894
1895
1896
1897
1898
1899
1900
1901
1902
1903
1904
1905
1906
1907
1908
1909
1910
1911
1912
1913
1914
1915
1916
1917
1918
1919
1920
1921
1922
1923
1924
1925
1926
1927
1928
1929
1930
1931
1932
1933
1934
1935
1936
1937
1938
1939
1940
1941
1942
1943
1944
1945
1073
1073
2920
1073
2927
1783
1952
1951
3557
3557
3497
3557
897
1962
1959
901
1955
421
1966
1965
1966
1967
1968
1969
143
1971
1972
427
2991
1975
427
1977
1978
1979
3774
2943
1982
1980
910
1805
357
1985
429
3048
429
3078
1992
1993
1994
1995
1996
1997
1998
1999
2000
2001
2002
2003
2004
2005
2006
2007
2008
2009
3047
3047
3047
3045
3047
3047
948
948
3138
1953
420
344
2022
2023
2024
2025
2026
2027
2028
2029
2030
2031
2032
2033
2034
2035
2036
2037
2038
2039
2040
2041
2042
2043
2044
2045
2046
2047
2048
2049
2050
2051
2052
2053
2054
2055
2056
2057
2058
2059
2060
2061
2062
2063
2064
2065
2066
2067
2068
2069
2070
2071
2072
2073
2074
2075
2076
2077
2078
2079
2080
2081
2082
2083
2084
2085
2086
2087
2088
2089
2090
2091
2092
2093
2094
2095
2096
2097
2098
2099
2100
2101
2102
2103
2104
2105
2106
2107
2108
2109
2110
2111
2112
2113
2114
2115
2116
2117
2118
2119
2120
2121
2122
2123
2124
2125
2126
2127
2131
496
2130
2131
2132
2133
2134
2135
2904
2905
505
2136
2140
2143
2142
4393
508
2145
2146
2147
2148
106
111
2957
111
920
2154
2155
3010
2157
2158
2157
2160
2161
2162
2163
2164
2165
2166
2167
2168
3186
3107
3187
977
2174
3788
983
2174
2178
5497
2179
518
2181
2182
2183
2184
2185
2186
2187
2188
2188
2190
2191
1582
2196
2193
333
2196
532
534
534
2201
4988
2204
5515
4987
536
2202
4814
4814
320
275
4754
2213
4841
541
2213
269
273
2561
1470
267
2221
2222
2223
2224
2225
548
548
548
548
550
2233
2233
2400
550
2234
2230
2234
5543
4644
2234
5543
2232
4845
4847
4845
1497
1497
4929
1497
5722
2255
558
2251
1492
4865
2233
4843
548
2233
2263
2263
565
5948
2264
2265
2266
6019
2268
5028
2271
5028
570
2273
2274
2275
2276
2277
2278
2279
2280
2281
2282
2283
2284
2285
2286
2287
2288
2289
2290
2291
2292
2293
2294
2295
2296
2297
2298
2299
2300
2301
2302
2303
2304
2305
2306
2307
2308
2309
2310
2311
2312
2313
2314
2315
2316
2317
2318
2320
2324
2320
563
5046
5046
2325
2329
588
2329
2332
2332
587
5092
2333
2334
6015
2336
2337
2338
2339
2340
2341
2342
2343
2344
2345
2346
2347
2348
2349
2350
2351
2352
2353
2354
2355
2356
2357
2358
2359
2360
4718
4718
1432
2361
1431
2366
2367
2368
6140
2369
4756
4819
1601
2374
1451
2376
2377
2370
604
604
4408
2379
4818
4809
2384
544
264
2388
2389
2392
1439
4742
4796
2390
534
2395
4684
607
4875
607
4844
2402
2403
2404
2405
2406
2407
2408
2409
2410
2411
2412
2413
2414
2415
2416
2417
2418
2419
2233
2401
2233
548
548
2234
561
561
2230
1497
4928
5723
2432
2433
2434
2435
2436
2437
2438
2439
2440
2441
2442
2443
2444
2445
2446
2447
2448
2449
2450
2451
2452
2454
5123
590
2453
638
2321
586
2458
2461
2462
2463
2464
2465
2466
2467
2468
2469
2470
2471
2472
2473
2474
2475
2476
2477
2478
2479
2480
2481
2482
2483
2484
2485
2486
2488
2488
2489
647
2491
5947
2491
2494
2495
2496
2497
2498
2499
2500
2500
2502
2503
2504
2505
2506
2507
2508
2509
2510
2511
2512
2513
2514
2501
2516
2517
2518
2519
2520
2521
2522
2523
2524
2528
2526
670
5042
2529
2530
2531
2532
2533
2534
2536
6147
2536
675
2540
4625
2539
2542
683
4704
2545
2546
2547
2548
2549
2550
2551
2552
2553
2554
4756
276
1449
4753
2561
1474
4816
1470
689
689
2566
5399
2567
2568
2569
2570
4904
1518
4973
4904
5545
695
1523
5545
2579
2580
2581
2582
2583
2584
2585
2586
2589
698
6139
2590
2591
2592
2593
2594
2595
2596
2597
2598
2599
2600
2601
2602
2603
2604
2605
2606
2607
2608
2609
2610
2611
2612
2613
2614
2615
2616
2617
2618
2620
3873
718
2622
2623
2624
2625
2626
2627
2628
2629
2630
2631
2632
2633
2634
2635
2636
2637
2634
2639
2640
2641
2642
2643
2644
2645
2646
2647
2648
2649
2650
2651
2652
2653
2654
2655
2656
2657
2658
2659
2660
2661
2662
2663
2664
2665
746
2664
2668
2669
2670
2671
2673
3685
750
2672
749
2675
751
2677
752
3748
755
2854
756
2685
750
2689
2674
2736
2687
758
759
2693
2694
2695
2696
2697
2698
2699
2698
2701
2702
2703
2704
2705
765
2707
2708
2709
2710
2711
2712
2713
2714
2715
2716
2717
2718
2719
2720
2725
778
2721
781
2725
2730
2753
2726
784
4533
2734
2732
2731
2734
787
787
787
2735
2738
788
2743
446
3954
790
2741
2747
3829
793
2749
792
796
729
4556
3563
2755
2756
2757
2758
2759
2760
2761
2762
2763
1830
1829
1855
1831
2770
2768
4395
804
2772
2773
2774
2772
2776
2777
2778
2779
3384
2781
2782
2783
2784
2785
2790
813
2786
816
3764
819
2793
846
2848
2794
2844
822
3572
2798
2800
2801
2802
2803
2804
2805
2806
2807
2808
829
2822
2811
2812
2813
2814
2815
2813
2817
2818
2819
512
2159
2822
2823
2824
2825
2829
2829
835
3386
3388
2831
2832
837
2831
2835
3147
4374
3117
3146
3144
843
3787
1833
381
2845
2846
2847
3144
971
3142
3171
3101
6192
3191
3103
2856
3559
2858
2859
2860
780
2862
2863
3484
2865
2866
2867
2868
2870
3471
858
2872
2873
2874
851
2876
2880
2878
861
3438
862
2886
2883
2882
865
2886
2887
2888
2889
2890
2891
2892
2893
2894
2895
2896
2897
2898
2899
2903
3482
874
3480
3500
2964
876
2907
502
3590
2910
2911
133
155
119
9
134
57
58
59
57
58
2927
118
63
894
66
18
894
2931
2926
0
85
2933
0
2935
2936
2937
2938
2939
2940
885
2942
2942
2944
912
2946
2926
2926
2932
351
2953
2954
351
106
111
108
6
2960
2959
3462
2961
2963
3495
2962
3476
2966
2967
2968
2969
2970
2971
2972
2973
2974
2979
906
2975
363
3041
2980
3013
2982
2983
2985
2985
2986
2984
906
2988
2989
2989
2992
2993
3002
2995
2977
2977
930
3000
3441
2999
1983
889
890
41
3006
41
2987
3009
919
918
154
151
42
107
103
3017
3018
919
115
3557
115
3023
926
3760
3026
3027
929
3044
3028
869
3032
3030
3034
1817
3036
3035
1804
909
359
3041
3042
3043
3044
933
933
3046
3153
3785
3785
2827
834
2826
833
3422
3067
3122
936
3057
3065
939
3066
3060
3061
3123
966
3569
3802
3070
3802
3570
4372
942
3058
3058
940
3059
3077
946
371
3047
371
1833
1988
1988
1991
1988
3969
1988
3139
3133
946
3077
3133
3075
3075
3074
3075
3418
3128
3128
3129
3418
3131
934
3785
959
3046
3413
3416
3412
3412
1060
3127
967
3127
955
3103
953
3125
3126
3569
3571
2828
3418
1063
3418
3418
3418
3418
1063
940
3074
3075
3420
3420
3421
946
946
946
3097
951
954
3097
3095
3095
3098
3099
3127
967
3152
3076
973
1829
3047
1829
3047
3047
3047
3785
3045
980
3415
3178
3179
3075
3076
3096
3093
954
954
3093
3091
975
3180
975
3174
980
3415
3194
3415
3183
3193
985
3182
977
3973
3971
6235
6235
3109
6235
3194
989
3195
6215
3162
6236
517
1843
3202
3720
3203
3204
3205
3206
3207
3208
3209
3210
3211
3212
3213
3214
3215
3216
3217
3218
3219
3220
3221
3222
3223
3224
3225
3226
3227
3228
3229
3230
3231
3232
3233
3234
3235
3236
3237
3238
3239
3240
3241
3242
3243
3244
3245
3246
3247
3248
3249
3250
3251
3252
3253
3254
3255
3256
3257
3258
3259
3260
3261
3262
3263
3264
3265
3266
3267
3268
3269
3270
3271
3272
3273
3274
3275
3276
3277
3278
3279
3280
3281
3282
3283
3284
3285
3286
3287
3288
3289
3290
3291
3292
3293
3294
3295
3296
3297
3298
3299
3300
3301
3302
3303
3304
3305
3306
3307
3308
3309
3310
3311
3312
3313
3314
3315
3316
3317
3318
3319
3320
3321
3322
3323
3324
3325
3326
3327
3328
3329
3330
3331
3332
3333
3334
3335
3336
3337
3338
3339
3340
3341
3342
3343
3344
3345
3346
3347
3348
3349
3350
3351
3352
3353
3354
3355
3356
3357
3358
3359
3360
3361
3362
3363
3364
3361
3366
3365
1039
2723
3369
779
3372
3373
3374
3375
3378
1047
3392
1048
3376
3380
1049
2787
3384
3385
2801
824
823
814
3390
3391
3394
3393
3394
3395
3400
1052
3396
1055
3400
2885
865
2885
1056
864
864
3405
1057
3412
1060
3424
3416
3420
3421
3420
3418
3053
3051
937
3055
938
2826
836
3425
3425
1064
3427
3428
3429
3430
3434
3431
1044
3534
3432
3435
1066
3436
350
1067
3441
3442
3443
2999
0
66
85
21
3449
3450
3451
3452
3453
3454
3455
3456
3457
3458
3370
3459
852
3463
3464
3460
1069
911
4267
3468
3469
3470
2862
3472
2919
880
2924
2917
63
3446
59
3481
3483
1079
1076
3484
3485
3486
3487
3488
116
3497
3498
2912
3498
1081
3498
134
155
54
116
2962
1084
3502
3503
3504
3505
3506
3507
3508
3509
3510
3511
3512
3513
3514
3515
3516
3517
3518
3519
3520
3521
3522
3523
3524
3525
3526
3527
3528
3529
3530
3367
3532
1043
3535
3546
3537
4367
1095
3539
3540
795
3542
3543
3544
3545
3428
3547
3548
3549
3550
3551
3552
3553
3554
3555
2913
112
112
3561
3560
3562
1960
3563
5325
3565
3727
3567
3568
3571
1101
3660
3574
1102
4379
3579
1103
3575
1105
3579
2796
2843
2799
2797
3584
3585
3586
3587
3588
3589
3591
2956
2951
3593
3594
3595
3596
3597
3598
3599
3600
3601
3602
3603
3604
3605
3606
3607
3608
3609
3610
3611
3612
3613
3614
3615
3616
3617
3618
3619
3620
3621
3622
3623
3624
3625
3626
3627
3628
3629
3630
3631
3632
3633
3634
3635
3636
3637
3638
3639
3640
3641
4381
1119
3644
3645
3646
3647
3648
3649
3650
3651
3652
3654
3781
3654
3659
1107
3656
4383
3647
3661
3662
3663
3664
3665
3666
3667
3670
753
3738
2745
3672
3673
789
3675
3676
3677
3678
3679
3680
3681
1126
3683
3015
3686
5446
3690
1128
1121
4380
3694
3691
2792
3961
3695
3696
3697
3698
2700
3701
3739
1130
3703
3704
3742
3706
3707
3708
3709
3710
3711
3712
3713
3714
3715
3716
3717
3718
3719
3720
3721
3722
2899
3724
3725
3726
2733
747
3729
3730
3731
3732
3733
3734
3735
3736
3737
751
2836
2838
2840
2840
3744
3744
3745
3746
3747
2852
2853
3754
428
3751
1058
3771
907
888
3037
1987
931
3407
1059
3762
3763
3765
3770
1132
2784
3767
807
3770
2884
3772
3773
2943
3775
3777
3777
3778
3779
3778
3782
1136
1137
1137
3796
3787
3073
3789
3798
3790
3791
3792
3793
3794
3794
3177
976
3185
3799
3800
3801
3577
1104
3804
3805
3806
3807
3808
2788
815
3811
3812
3813
3814
803
3768
3817
3818
3819
3820
3821
3822
3823
3824
3825
3826
3827
3828
3832
1143
1144
3833
3833
3834
3835
3692
1124
3842
3839
3840
3841
802
2767
443
3957
3159
2015
3850
3848
3850
712
3849
1148
3854
3855
3856
3857
3858
3859
3860
3861
3862
3863
3864
3865
3866
3867
3868
3869
3870
3871
3872
2667
703
3875
3876
3877
3878
3879
3880
3881
3882
3883
3884
3885
3886
3887
3888
3889
3890
3891
3892
3893
3894
3895
3896
3897
3898
3899
3900
3901
3902
3903
3904
3905
3906
3907
3908
3909
3910
3911
3912
3913
3914
3915
3916
3917
3918
3919
3920
3921
3922
3923
3924
3925
3926
3927
3928
3929
3930
3931
3932
3933
3934
3935
3936
3937
3938
3939
3940
3941
3942
3943
3941
3946
3948
3945
3944
1162
3950
3951
3956
3960
3947
380
1846
1847
3967
3967
3966
3704
3962
3963
3048
1991
933
3046
933
3153
3796
1165
3174
3972
3975
3992
3976
3976
3978
3979
3980
3981
3982
3983
2638
732
3984
3987
3988
3989
3152
973
3175
3175
6236
982
3996
3997
3998
3999
4000
4001
4002
4003
4004
4005
4006
4007
4008
4009
4010
4011
4012
4013
4014
4015
4016
4017
4018
4019
4020
4021
4022
4023
4024
4025
4026
4027
4028
4029
4030
4031
4032
4033
4034
4035
4036
4037
4038
4039
4040
4041
4042
4043
4044
4045
4046
4047
4048
4049
4050
4051
4052
4053
4054
4055
4056
4057
4058
4059
4060
4061
4062
4063
4064
4065
4066
4067
4068
4069
4070
4071
4072
4073
4074
4075
4076
4077
4078
4079
4080
4081
4082
4083
4084
4085
4086
4087
4088
4089
4090
4091
4092
4093
4094
4095
4096
4097
4098
4099
4100
4101
4102
4103
4104
4105
4106
4107
4108
4109
4110
4111
4112
4113
4114
4115
4116
4117
4118
4119
4120
4121
4122
4123
4124
4125
4126
4127
4128
57
58
4131
4132
4133
4134
4135
4136
4137
4138
4139
4140
4141
4142
4143
4144
4145
4146
4147
4148
4149
4150
4151
4152
4153
4154
4155
4156
4157
4158
4159
4160
4161
4162
4163
4164
4165
4166
4167
4168
4169
4170
4171
4172
4173
4174
4175
4176
4177
4178
4179
4180
4181
4182
4183
4184
4185
4186
4187
4188
4189
4190
4191
4192
4193
4194
4195
4196
4197
4198
4199
4200
4201
4202
4203
4204
4205
4206
4207
4208
4209
4210
4211
4212
4213
4214
4215
4216
4217
4218
4219
4220
4221
4222
4223
4224
4225
4226
4227
4228
4229
4230
4231
4232
4233
4234
4235
4236
4237
4238
4239
4240
4241
4242
4243
4244
4245
4246
4247
4248
4249
4250
4251
4252
4253
4254
4255
4256
4257
4258
4259
4260
4261
4262
4263
4264
4265
4266
883
4268
4269
4270
4271
4272
4273
4274
4275
4276
4277
4278
4279
4280
4281
4282
4283
4284
4285
4286
4287
4288
4289
4290
4291
4292
4293
4294
4295
4296
4297
4298
4299
4300
4301
4302
4303
4304
4305
4306
4307
4308
4309
4310
4311
4312
4313
4314
4315
4316
4317
4318
4319
4320
4321
4322
4323
4324
4325
4326
4327
4328
4329
4330
4331
4332
4333
4334
4335
4336
4337
4338
4339
4340
4341
4342
4343
4344
4345
4346
4347
4348
4349
4350
4351
4352
4353
4354
4355
4356
4357
4358
4359
4360
4361
4362
4363
4364
4365
4366
3977
4368
4369
3068
3069
4371
3074
3132
3098
379
444
3965
3803
3580
2834
838
3653
4384
4385
4386
4387
4388
4389
4390
2139
2954
4393
3557
2775
4396
4397
4398
4399
4400
4401
371
946
3785
3075
4410
1274
4406
1276
4473
4411
4412
4413
4414
4415
4416
4417
4418
4419
4420
4421
4422
4423
4424
4425
4426
4427
4428
4429
4433
4430
1291
1292
5629
4435
4436
4437
4438
4439
4440
4441
4442
4443
4444
4447
4447
5732
1303
4445
4450
4451
4452
4453
4454
4455
4456
4457
4458
4459
4460
4461
4462
4463
4464
4465
4466
4467
4468
4469
4470
4471
1304
4475
4474
4475
1316
4431
1289
4477
1290
4481
4482
4483
4484
4485
4486
4487
4488
4489
4492
4491
4654
1324
4494
1321
1320
4494
4497
4499
1325
4501
4502
1329
5482
4505
4506
4507
4508
4509
4510
4511
4512
4513
4514
4515
4516
4517
4518
4519
4520
4521
4522
4523
4524
4525
4526
4527
4528
4529
4530
4531
4532
4533
4534
4535
4557
4537
4538
4539
4540
4543
4541
4543
4542
4545
4546
4547
4548
4549
4550
4551
4552
4553
4554
1301
4449
4446
4558
4559
4560
4561
4562
2536
2541
4564
2537
4878
4878
2256
2234
4573
1364
6141
4571
4575
4576
4575
4578
4579
4580
4581
4582
4583
4584
4585
4584
4587
4589
5521
1372
4588
1371
4596
4594
1377
4960
4596
4642
4600
5333
1380
4602
4603
4604
4602
4606
4607
4608
4626
4611
4626
5397
4622
4614
4615
4616
4617
4618
4619
4620
691
5397
2565
4625
5524
5401
5162
5162
1389
4628
4635
1370
4631
1392
5535
6121
1513
4936
4910
6119
1397
2253
550
5544
2565
2564
4623
4931
4957
4932
4649
4976
4898
4977
4655
4656
4657
4658
4659
4660
4661
4662
4663
4664
4665
4666
4667
4668
4669
4670
1409
4672
4673
4674
4675
4678
1412
5200
1413
4680
4682
4682
1416
4681
4685
4686
4687
4688
4689
4690
4691
4692
4693
4694
4695
4696
4697
4698
4699
5244
1427
4705
1428
5322
1428
4706
4707
4708
4709
4710
4715
1445
4711
1446
305
231
230
231
226
4716
4712
4717
232
235
233
234
4723
4724
1435
4732
4730
236
532
2196
531
4734
4736
1436
1438
4737
2388
4741
4740
4744
4745
4746
4747
4748
2558
1447
4751
4752
279
276
282
281
4759
4758
5226
4760
4762
5258
1452
1603
4765
4766
4767
4768
4769
4770
4771
4772
4773
4776
1456
4839
4776
4774
4779
4780
4804
4813
4787
1455
4783
4786
4787
4785
4788
1468
4791
4792
4793
4801
1457
4789
4778
4798
4799
4731
2394
1441
4797
212
212
4806
4807
1469
4807
4810
324
213
320
275
277
4816
4817
4809
4821
4821
4821
4822
4823
4824
5518
4827
4827
1419
4826
1479
4829
4831
2215
4777
2215
2200
535
4836
4773
1482
4842
4842
1483
4941
4843
1483
548
548
4630
5188
4627
1390
4863
4862
1485
1486
4915
1487
4858
4854
4864
4917
5330
1509
5559
4868
5332
5559
608
1490
4856
4855
1489
4850
4872
1493
5543
2233
5543
2234
2398
2398
4940
2398
5723
4930
2398
4930
4928
1511
1493
4874
5186
4874
4871
4874
4920
1063
1510
4920
548
548
4843
1505
5180
5183
5180
5180
4919
4922
4919
4918
4918
4893
5330
4629
5331
1063
1063
5186
5187
5186
4874
4874
4871
5187
5187
1493
1493
1493
4928
4929
1503
4928
4894
4892
1502
4894
4919
4942
1514
4873
2234
2234
2230
548
2233
2401
1520
5184
4968
4965
4874
4873
4896
1500
4928
4925
4890
4891
4964
4961
1517
4967
1521
1494
4981
1520
4972
4969
1526
4979
1518
5727
5729
6216
4905
6216
4981
1531
4981
6255
4949
6255
2242
2244
4988
5480
4989
4990
4991
4992
4993
4994
4995
4996
4997
4998
4999
5000
5001
5002
5003
5004
5005
5006
5007
5008
5009
5010
5011
5012
5013
5014
5015
5016
5017
5018
5019
5020
5021
5022
1551
5024
5025
5026
5027
5028
5029
2261
5022
5032
5033
5034
5035
5036
5037
5038
5039
5040
5041
5045
637
589
5120
5049
1554
1555
5367
2456
1556
1557
5053
5054
5055
5056
5057
5058
5059
5060
5061
5062
5063
5064
5065
5066
5067
5068
5069
2452
5071
5074
1564
5990
5075
5076
5077
5078
5079
5080
5081
5082
5083
5084
5085
5086
5085
5088
5089
5090
5091
5093
5677
613
5095
5096
5097
5098
5099
5100
5101
5102
5103
5104
5105
5106
5107
5108
5109
5110
5111
5112
5113
2497
5116
2493
1551
5118
5119
5121
5121
587
587
2460
5124
5126
2328
5127
5129
5130
5131
5132
5133
5134
5135
5136
5137
5138
5139
5140
5141
5142
5143
5144
5145
5146
5147
5148
5149
5150
5151
5152
5153
5154
5157
5155
5166
1580
5156
5159
5161
4605
1382
5164
5165
5166
5167
5168
5170
5170
1581
5169
5175
5173
5175
5174
5176
1417
5180
5183
5189
5187
5186
5187
4851
4849
4850
4627
5190
5190
5191
5192
5193
5194
5196
5196
1578
5195
5198
5199
1585
5200
1586
526
5205
5206
5207
5208
4732
5209
1444
4731
5213
5214
5215
5216
5217
5218
5219
5220
5221
5222
5151
5224
5223
5227
5228
5225
5229
5230
5231
5232
5233
5234
5235
5236
2364
2365
5239
5237
232
230
4725
5246
4764
5247
5240
5248
5249
5250
5251
5252
4711
4711
4714
5259
2373
4713
4713
305
5261
227
326
5265
5324
5266
5270
5268
5269
2189
5271
5272
5273
5274
5275
5276
5277
5278
5279
5280
5281
5282
5283
5284
5285
5286
5287
5288
5289
5290
5291
5292
5293
5294
5295
5296
5297
5298
5299
5300
6113
5302
5303
5304
5305
5306
5307
5308
5309
5310
5311
5312
5313
5314
5315
5316
5317
2370
5319
286
5321
5322
5323
5324
4449
5329
5327
5328
5486
5331
5421
1621
5334
6125
1622
5337
5337
1624
5336
1623
4598
4601
4598
552
5345
5346
5347
5348
5349
5350
5351
6138
5353
5354
5355
5356
5357
5358
5359
5360
5361
5362
5363
5364
5365
5366
5368
5380
1630
1629
5371
5372
5373
5374
5375
5376
5377
5378
5379
5383
5381
1635
5621
5384
5385
5386
5387
5388
5389
5390
5391
5392
5393
679
4610
1638
5398
5570
5399
1637
5572
5405
5403
1639
6127
5406
5407
5408
5407
5412
1640
5458
5413
5416
5416
5538
5418
5415
5417
5342
5409
5422
5423
5447
5425
5426
5427
5428
5429
5430
5431
5432
5433
5434
5435
5436
5437
5438
5439
5440
5441
5442
5443
5444
4814
5446
5448
6126
1641
1648
5451
5452
4597
5454
5455
5456
5457
5419
5459
5462
5461
5498
5463
5501
5465
5466
5467
5468
5469
5470
5471
5472
5473
5474
5475
5476
5477
5478
5479
5480
5481
5482
5483
5484
5485
5486
1315
5488
5489
5490
5491
5492
5493
5494
5495
5496
5497
4640
4637
4639
4648
5502
5503
5504
5505
5506
4652
5509
5528
1583
5508
606
1458
2383
1480
2396
5516
5177
5519
5520
5523
1652
5527
4586
1366
5525
5527
4684
5529
5530
4742
5532
5533
5534
5535
1657
5537
5539
5551
4846
4846
1658
5544
4870
5547
1659
5555
5548
5549
5550
5549
5551
1483
1516
4970
6210
5557
5558
5339
1625
5561
5562
5563
5564
5565
1373
5567
5568
5569
4574
1363
4572
5573
5574
5575
5576
5577
5578
5579
5580
5581
5582
5583
5584
5585
5586
5587
5588
5589
5590
5591
5592
5598
5594
5595
5596
5597
5603
5712
4569
5344
2425
2426
5604
5605
5606
5604
5608
5609
5610
5611
5612
5613
5614
5615
5616
5617
5618
5619
5620
5621
5622
5623
5612
5624
5626
5627
5628
4474
5629
5492
5631
5633
5634
5632
5635
5637
5638
5639
5640
5641
5642
5643
5644
5645
5646
5647
5648
5649
5650
5651
5652
5653
5654
5630
5655
5657
5658
5659
5660
5661
5662
5663
5664
5665
5666
5667
5668
5669
5670
5671
5672
5656
5636
1275
5674
5658
5678
5679
5680
5681
5682
5683
5684
5685
5686
5687
5688
5689
5690
5691
5692
5693
5694
5695
5696
5697
5698
5699
5700
5698
5702
5703
5704
5699
1683
5707
5708
1378
1685
5711
557
2250
2247
561
5722
5717
5718
5719
4844
4940
1483
4941
1483
4843
1483
5553
4962
5728
5748
5730
5701
1684
5701
5735
5736
5737
5738
5739
1302
5742
5734
5743
5744
5745
4942
1514
4964
4964
5748
1522
5752
5753
5754
5755
5756
5757
5758
5759
5760
5761
5762
5763
5764
5765
5766
5767
5768
5769
5770
5771
5772
5773
5774
5775
5776
5777
5778
5779
5780
5781
5782
5783
5784
5785
5786
5787
5788
5789
5790
5791
5792
5793
5794
5795
5796
5797
5798
5799
5800
5801
5802
5803
5804
5805
5806
5807
5808
5809
5810
5811
5812
5813
5814
5815
5816
5817
5818
5819
5820
5821
5822
5823
5824
5825
5826
5827
5828
5829
5830
5831
5832
5833
5834
5835
5836
5837
5838
5839
5840
5841
5842
5843
5844
5845
5846
5847
5848
5849
5850
5851
5852
5853
5854
5855
5856
5857
5858
5859
5860
5861
5862
5863
5864
5865
5866
5867
5868
5869
5870
5871
5872
5873
5874
5875
5876
5877
5878
5879
228
5880
5882
5883
5884
5885
5886
5887
5888
5889
5890
5891
5892
5893
5894
5895
5896
5897
5898
5899
5900
5901
5902
5903
5904
5905
5906
5907
5908
5909
5910
5911
5912
5913
5914
5915
5916
5917
5918
5919
5920
5921
5922
5923
5924
5925
5926
5927
5928
5929
5930
5931
5932
5933
5934
5935
5936
5937
5938
5939
5940
5941
5942
5943
5944
5945
1677
5675
5676
5676
2410
5951
5952
5953
5954
5955
5956
5957
5958
5959
5960
5961
5962
5963
5964
5965
5966
5967
5968
5984
5970
5971
5972
5973
5974
5975
5976
5977
5978
5979
5980
5981
5982
5983
569
2270
5986
5987
5988
631
5953
5991
5992
5993
5994
5995
5996
5997
5998
5999
6000
6001
6002
6003
6004
6005
6006
6007
6008
6009
6010
6011
6012
6013
6014
5125
652
6017
5128
5987
6020
6021
6022
6023
6024
6025
6026
6027
6028
6029
6030
6031
6032
6033
6034
6035
6036
6037
6038
6039
6040
6041
6042
6043
6044
6045
6046
6047
6048
6049
6050
6051
6052
6053
6054
6055
6056
6057
6058
6059
6060
6061
6062
6063
6064
6065
6066
6067
6068
6069
6070
6071
6072
6073
6074
6075
6076
6077
6078
6079
6080
6081
6082
6083
6084
6085
6086
6087
6088
6089
6090
6091
6092
6093
6094
6095
6096
6097
6098
6099
6100
6101
6102
6103
6104
6105
6106
6107
6108
6109
6110
6111
6112
1683
5625
6115
4865
6116
6117
4874
4923
4923
556
623
1496
5560
5341
4633
4634
5414
6130
4745
6132
6133
6134
4408
6136
6137
4755
6139
4819
4576
6142
6143
6144
6145
6146
6147
5543
1493
548
4874
6152
6153
6154
6155
6156
5122
6158
6159
3047
561
6162
6163
6164
6165
6166
6167
6168
6169
6170
6171
6172
6173
6174
6175
6176
6177
6178
6179
6180
6181
2571
987
2175
2577
6186
6187
6188
6189
6190
6191
3113
6193
6194
6195
6196
6197
6198
6199
6200
6201
6202
6203
6238
6205
5729
6207
3973
6209
6209
6211
6211
6213
6214
6215
1061
6217
6218
6219
6220
6221
6222
6223
6224
6225
6226
6227
6228
6229
6230
6231
6232
6233
6234
3410
3180
6237
1064
976
6211
6218
6242
6243
6244
6245
6246
6247
6248
6249
6250
6251
6252
6253
6254
4967
6256
6257
6258
6259
6260
6261
6262
6263
6264
6265
6266
6267
6268
6291
6270
6290
6289
6273
6274
6275
6276
6277
6278
6279
6280
6281
6282
6283
6284
6285
6286
6287
6288
6289
6274
6291
