0
1
2
3
4
5
6
7
8
9
10
11
12
13
14
15
16
17
18
19
20
21
921
97
2155
25
143
27
109
2956
30
31
32
33
34
35
36
37
38
39
40
3007
42
43
44
45
46
47
48
49
50
51
52
53
54
55
56
57
58
59
60
61
62
63
64
65
66
67
68
69
70
71
72
73
74
75
76
77
78
79
80
81
82
83
84
85
86
87
88
88
90
91
92
1822
94
95
96
923
98
99
100
100
102
103
104
105
106
107
2149
899
2152
111
3022
113
114
115
116
117
118
119
120
121
122
123
123
125
126
127
128
129
130
131
132
133
134
135
136
137
138
139
140
142
1971
143
141
145
146
147
148
149
150
151
153
153
3012
155
156
157
158
159
160
161
162
163
164
165
166
167
168
169
170
171
172
173
174
272
176
276
281
179
180
5242
182
183
184
185
186
187
188
189
190
191
192
193
194
195
196
197
198
6138
6138
201
202
203
204
205
206
207
208
209
210
211
212
213
214
215
216
217
218
219
220
221
222
223
224
225
226
227
228
229
230
231
232
233
234
232
236
237
238
239
240
241
242
243
244
245
246
247
248
249
250
251
252
253
254
255
256
257
258
259
260
261
262
263
264
265
266
267
268
271
270
271
272
273
277
274
2558
277
278
1447
2557
1448
6138
286
283
1601
286
287
288
289
290
291
1597
293
235
295
294
297
297
299
300
301
302
303
304
305
306
307
308
309
310
311
315
312
314
2223
316
317
318
319
320
321
322
323
4811
325
284
327
328
329
330
331
332
333
334
335
336
337
338
339
2209
341
2688
343
344
345
346
347
348
3507
3439
351
21
2937
20
2933
356
357
358
359
360
361
106
363
364
365
366
367
25
517
517
375
1840
2798
1840
2796
2799
3580
517
1845
3156
3572
4379
375
517
27
143
387
388
389
390
391
392
393
394
395
396
397
398
399
400
401
402
403
404
405
406
407
408
409
410
411
412
413
414
415
416
417
418
419
420
421
3494
423
424
425
426
427
428
1990
3073
2670
1993
433
434
435
436
437
438
439
4402
517
375
377
3089
2016
2742
447
448
449
450
451
452
453
454
455
456
457
458
459
460
461
462
463
464
465
466
467
468
469
470
471
472
473
474
475
476
477
478
479
480
481
482
483
484
485
486
487
488
489
490
491
492
493
494
495
496
497
2763
499
500
501
502
503
2140
2138
506
507
508
509
510
2160
2820
2847
514
515
3199
2176
518
519
520
521
522
4511
524
525
5204
6138
2558
192
191
2195
2197
533
534
2200
2202
2394
5515
276
4839
4841
2215
2561
2220
196
695
695
6148
2239
552
553
4599
5343
5344
2244
2247
621
6125
5333
4879
6148
198
563
564
565
566
567
568
569
570
571
572
573
574
575
576
577
578
579
580
581
582
583
584
585
586
587
588
589
590
591
592
593
594
595
596
597
598
599
600
601
1451
603
604
605
606
2398
4870
609
610
611
612
613
614
615
616
617
551
1495
2240
5344
2249
2429
624
625
626
627
628
629
630
631
632
633
634
635
636
637
638
639
640
641
642
643
644
645
646
647
648
649
650
651
652
653
654
655
656
657
658
659
660
661
662
663
664
665
666
667
668
669
670
671
672
673
674
675
2541
677
4625
4611
680
681
682
2547
684
685
686
2548
688
2564
4646
2565
692
693
4985
2576
696
697
2588
2222
700
701
3876
2596
704
705
706
707
708
709
710
711
712
713
714
715
716
3874
3728
2621
2623
721
722
723
724
725
726
727
728
2754
730
731
2638
733
734
735
736
737
738
739
740
741
742
743
744
745
746
2666
3900
2682
2673
2675
3702
2679
3704
755
756
2684
2689
759
760
761
762
763
2714
2699
2701
2715
768
2706
770
771
772
773
774
775
776
777
778
779
780
781
782
783
784
785
786
3686
2737
3674
2744
3672
2750
2748
3542
3541
4556
797
798
799
800
801
3581
803
804
805
2774
807
808
809
810
811
812
3377
814
2789
3766
3952
3955
4376
820
4383
3653
823
824
825
3385
827
828
2809
2810
831
832
3423
3124
835
836
837
838
3172
3168
2838
2848
3572
2796
845
4378
847
848
2858
850
2875
852
853
854
855
856
857
858
859
3450
2879
2881
863
2885
865
866
867
868
869
870
871
872
2901
874
875
2906
3560
881
880
2919
2915
882
883
885
2945
886
2940
3756
889
890
891
892
893
11
895
896
110
2956
109
900
901
902
903
904
905
2976
907
908
909
910
2949
3443
913
1813
915
916
917
918
2991
2156
921
2155
97
30
925
926
927
928
929
930
931
932
3797
3784
3058
3052
3054
3419
3062
3059
3061
1853
3068
1851
3134
3078
2799
1990
1990
3087
4403
3091
3096
3138
3098
3100
4373
3103
517
3110
3163
3114
4375
3145
3150
3071
3127
3132
3130
3078
3143
3170
3990
3990
3176
3798
517
3165
3112
3163
3180
3992
2175
984
3184
6212
2169
2172
3195
3995
3197
992
993
994
995
996
997
998
999
1000
1001
1002
1003
1004
1005
1006
1007
1008
1009
1010
1011
1012
1013
1014
1015
1016
1017
1018
1019
1020
1021
1022
1023
1024
1025
1026
1027
1028
1029
1030
1031
1032
1033
1034
1035
1036
1037
1038
1039
1040
1041
1042
1043
1044
1045
1046
1047
1048
3379
1050
1051
1052
1053
1794
1055
3402
3401
3754
3405
3110
1061
3130
3421
1064
1065
3437
3440
33
1069
1070
1071
1072
1073
3475
1075
1950
1077
32
3482
1080
1081
1956
31
3501
3503
1086
1087
1088
1089
1090
1091
1092
1093
1094
1095
3567
1097
1098
1099
1100
1101
3781
1103
1104
1105
3582
1107
1108
1109
1110
1111
1112
1113
1114
1115
1116
3636
3639
1119
1120
1121
3663
1123
3836
3694
1126
1127
3690
3838
1130
1131
3718
1133
1134
1135
1136
3788
1138
1139
1140
1141
1142
1143
1144
1145
1146
1106
3853
3856
1150
1151
3870
1153
3888
1155
1156
1157
1158
1159
1160
1161
1162
1163
2766
3796
3046
1167
3973
1169
1170
1171
1172
1173
1174
1175
1176
1177
1178
1179
1180
1181
1182
1183
1184
1185
1186
1187
1188
1189
1190
1191
1192
1193
1194
1195
1196
1197
1198
1199
1200
1201
1202
1203
1204
1205
1206
1207
1208
1209
1210
1211
1212
1213
1214
1215
1216
1217
1218
1219
1220
1221
1222
1223
1224
1225
1226
1227
1228
1229
1230
1231
1232
1233
1234
1235
1236
1237
1238
1239
1240
1241
1242
1243
1244
1245
1246
1247
1248
1249
1250
1251
1252
1253
1254
1255
1256
1257
1258
1259
1260
1261
1262
1263
1264
1265
1266
1267
1268
1269
1270
1271
1272
1273
1274
1275
4410
1277
1278
1279
1280
1281
1282
1283
1284
1285
1286
1287
1288
5630
4431
4433
5487
1293
1294
1295
1296
1297
1298
1299
1300
4446
1302
1303
1304
1305
1306
1307
1308
1309
1310
1311
1312
1313
1314
1315
1316
1317
1318
1319
4483
4485
1322
1323
1324
4495
1326
1327
1328
4826
1330
4520
4521
4508
4506
5426
5459
1337
1338
5419
5412
1341
1342
1343
1344
1345
1346
1347
1348
1349
1350
1351
1352
1353
1354
1355
1356
1357
1358
1359
1360
1361
5602
4574
4572
1365
5525
4578
1368
1369
1370
5158
5522
4590
1374
1375
1376
1377
5710
5342
4601
4615
1382
1383
1384
4612
1386
4617
5401
5331
1486
1391
1392
1393
1394
1395
1396
4642
2239
1399
6123
4674
1402
1403
1404
1405
1406
1407
1408
1409
1410
1411
4677
4679
1414
1415
1416
5173
1418
1419
1420
1421
1422
1423
1424
4702
1426
1427
4704
5323
1595
2365
4722
1433
1434
1435
529
4738
2195
4739
5514
1439
5353
4751
5211
4712
1601
6138
6138
279
1450
2375
1452
1453
1454
1455
4783
4790
2559
4791
1460
2386
4744
4747
4802
1465
1466
320
4810
1469
4816
1471
197
193
195
194
201
1477
1478
1479
1457
1481
4773
5553
695
4856
4852
4861
4860
1489
2254
4864
2251
1511
1494
553
2398
2398
5720
1499
1500
1501
1502
1503
4899
695
1520
4910
4937
4867
1494
1511
4933
4958
1515
1515
5554
4963
2242
1519
1506
1521
1522
2577
1524
1525
1526
2573
4975
1529
3191
1531
1532
1533
1534
1535
1536
1537
1538
1539
1540
1541
1542
1543
1544
1545
1546
1547
1548
1549
1550
1551
1552
1553
1554
1555
1556
1557
1558
1559
1560
1561
1562
1563
1564
1565
1566
1567
1568
1569
1570
1571
1572
1573
1574
1575
1576
1577
1578
1579
1580
1581
1582
5176
1584
1585
5203
204
1588
1589
1590
1591
4717
1593
1594
5238
1596
203
5245
1599
5257
602
202
5265
1604
1605
1606
1607
1608
1609
1610
1611
1612
1613
1614
1615
1616
1617
1618
2377
1620
5332
5335
1623
1624
1625
1626
5601
1628
1629
1630
1631
1632
1633
1634
1635
1636
5397
5399
1639
1640
1641
1642
6130
1644
1645
5455
1647
1648
1649
1650
1651
5478
1653
1654
1655
2220
1657
5542
1659
1660
1661
1662
1663
1664
1665
1666
1667
5600
5610
5612
1671
1672
5625
1674
1675
1676
1677
1678
1679
1680
1681
1682
1683
1684
1362
5553
5726
1688
1689
1690
1691
1692
1693
1694
1695
1696
1697
1698
1699
1700
1701
1702
1703
1704
1705
1706
1707
1708
1709
1710
1711
1712
1713
1714
1715
1716
1717
1718
1719
1720
1721
1722
1723
1724
1725
1726
1727
1728
1729
1730
1731
1732
1733
1734
1735
1736
1737
1738
1739
1740
1741
1742
1743
1744
1745
1746
1747
1748
1749
1750
1751
1752
1753
1754
1755
1756
1757
1758
1759
1760
1761
1762
1763
1764
1765
1766
1767
1768
1769
1770
1771
1772
1773
1774
1775
1776
1777
1778
1779
1780
1784
1782
1783
3738
1785
1786
1787
1788
1789
1790
1791
1793
3506
350
1795
349
1799
1798
86
85
2936
1802
1803
1804
1805
1806
1807
1808
1809
1810
107
107
1813
1814
106
1816
1817
1818
1819
1820
1821
1822
1823
1824
517
517
517
517
375
517
1840
2796
375
1840
1840
517
2799
2799
3580
2799
2176
2176
2176
2176
2013
380
3082
442
1848
3574
3574
1851
381
3572
517
517
517
375
1862
1860
1861
1862
1863
1864
1865
1866
1867
1868
1869
1870
1871
1872
1873
1874
1875
1876
1877
1878
1879
1880
1881
1882
1883
1884
1885
1886
1887
1888
1889
1890
1891
1892
1893
1894
1895
1896
1897
1898
1899
1900
1901
1902
1903
1904
1905
1906
1907
1908
1909
1910
1911
1912
1913
1914
1915
1916
1917
1918
1919
1920
1921
1922
1923
1924
1925
1926
1927
1928
1929
1930
1931
1932
1933
1934
1935
1936
1937
1938
1939
1940
1941
1942
1943
1944
1945
2921
2918
2923
1946
2922
1951
1952
1953
1954
3556
422
1954
1958
1959
3562
1084
1962
1963
1966
1965
1966
1964
1968
1969
1970
1971
1972
1976
1974
888
1976
1977
1978
88
1980
1981
1982
1980
1984
1985
1986
1987
373
3786
3787
3072
1995
431
1994
1995
1996
1997
1998
1999
2000
2001
2002
2003
2004
2005
2006
2007
2008
2009
517
517
517
4402
517
517
383
384
3088
2021
446
3668
2022
2023
2024
2025
2026
2027
2028
2029
2030
2031
2032
2033
2034
2035
2036
2037
2038
2039
2040
2041
2042
2043
2044
2045
2046
2047
2048
2049
2050
2051
2052
2053
2054
2055
2056
2057
2058
2059
2060
2061
2062
2063
2064
2065
2066
2067
2068
2069
2070
2071
2072
2073
2074
2075
2076
2077
2078
2079
2080
2081
2082
2083
2084
2085
2086
2087
2088
2089
2090
2091
2092
2093
2094
2095
2096
2097
2098
2099
2100
2101
2102
2103
2104
2105
2106
2107
2108
2109
2110
2111
2112
2113
2114
2115
2116
2117
2118
2119
2120
2121
2122
2123
2124
2125
2126
2127
2130
2129
2760
2131
2132
2132
2134
2135
2139
2136
851
4391
2140
2141
2142
2141
2144
2148
2146
2147
3811
108
108
2151
2152
1821
2153
923
366
513
2159
2845
513
2161
2162
2163
2164
2165
2166
2167
2168
2170
3200
992
2170
6184
2175
984
6184
2177
2178
2179
2180
2183
2182
2183
523
2186
4514
2187
2188
5270
2190
2191
2192
216
257
256
2193
258
2201
2198
536
2204
537
1440
2203
2206
4794
274
2208
320
275
2558
540
4840
2213
540
194
266
270
2560
193
2221
175
2223
2224
2225
2244
695
695
2244
2239
553
695
552
2239
553
553
553
5344
5341
5344
553
2244
2244
4985
695
2250
557
2246
618
2425
559
5334
4642
559
2252
695
6148
695
695
2260
2261
2262
2263
2264
2265
2266
2267
2268
2269
2270
2271
2272
2273
2274
2275
2276
2277
2278
2279
2280
2281
2282
2283
2284
2285
2286
2287
2288
2289
2290
2291
2292
2293
2294
2295
2296
2297
2298
2299
2300
2301
2302
2303
2304
2305
2306
2307
2308
2309
2310
2311
2312
2313
2314
2315
2316
2317
2318
2319
2320
2321
2322
2323
2324
2325
2326
2327
2328
2329
2330
2331
2332
2333
2334
2335
2336
2337
2338
2339
2340
2341
2342
2343
2344
2345
2346
2347
2348
2349
2350
2351
2352
2353
2354
2355
2356
2357
2358
2359
2360
2364
2361
2363
5237
5238
2366
2367
2368
2378
2378
1619
2370
5257
2376
1603
5324
681
2374
2379
2379
2381
2382
2216
2559
2216
2220
2389
2387
262
5531
4739
4742
1656
2392
2395
2396
2397
2233
2400
550
2234
2402
2403
2404
2405
2406
2407
2408
2409
2410
2411
2412
2413
2414
2415
2416
2417
2418
2419
554
1495
695
4570
2240
553
4567
2240
553
618
2429
2421
2432
2433
2434
2435
2436
2437
2438
2439
2440
2441
2442
2443
2444
2445
2446
2447
2448
2449
2450
2451
2452
2453
2454
2455
2456
2457
2458
2459
2460
2461
2462
2463
2464
2465
2466
2467
2468
2469
2470
2471
2472
2473
2474
2475
2476
2477
2478
2479
2480
2481
2482
2483
2484
2485
2486
2487
2488
2489
2490
2491
2492
2493
2494
2495
2496
2497
2498
2499
2500
2501
2502
2503
2504
2505
2506
2507
2508
2509
2510
2511
2512
2513
2514
2515
2516
2517
2518
2519
2520
2521
2522
2523
2524
2525
2526
2527
2528
2529
2530
2531
2532
2533
2534
2535
2536
2537
2538
2540
4624
679
2539
2546
2543
2545
6137
1401
2549
2552
2550
2551
2552
2553
2554
199
527
282
4750
270
270
195
2561
690
2564
2565
2563
2567
2568
2569
2570
2574
2574
1533
2574
6185
6185
1524
2575
2580
5567
2581
2582
2583
2584
2584
2586
686
2588
2587
2590
2591
2592
2593
2594
2599
702
2595
2598
3879
2600
2601
2602
2603
2604
2605
2606
2607
2608
2609
2610
2611
2612
2613
2614
2615
2616
2617
2618
2620
3873
718
2619
717
2624
2625
2626
2627
2628
2629
2630
2631
2632
2633
2634
3563
2636
2637
729
2639
2640
2641
2642
2643
2644
2645
2646
2647
2648
2649
2650
2651
2652
2653
2654
2655
2656
2657
2658
2659
2660
2661
2662
2663
2664
2665
2666
2664
2671
2668
748
3899
2676
749
2672
752
3700
2680
2677
754
3703
2681
2682
2683
2684
2681
2674
2686
751
750
2690
2691
2692
2693
2694
2695
2696
2697
2702
764
2698
767
2712
2707
768
2703
765
3665
2708
2709
2710
2711
2712
2713
2714
2715
2716
2717
2718
2719
2720
2721
2722
2723
2724
2725
2726
2727
2728
2729
2730
2731
2732
2733
2734
2736
3685
787
2735
2739
2740
2745
789
2741
791
3671
2749
2746
794
3540
795
2753
2751
4555
796
2755
2756
2757
2758
2759
2760
2761
2762
2763
3581
3580
377
3581
2768
2769
2770
2771
2775
2772
807
2775
508
2777
2778
2779
2780
2781
2784
499
2784
2782
2790
813
2786
816
3764
818
3953
3956
2793
2792
821
3655
2797
3583
2800
2801
2802
3384
2804
2805
2806
2807
2808
2809
2809
2812
2812
2816
2814
2815
2816
2817
2818
2819
2821
2845
829
2823
2824
2825
2827
3422
834
2829
833
2831
2832
2833
2834
2835
839
3169
2837
2840
2851
2798
2798
2796
2798
2846
2846
845
846
2850
4377
3173
2852
2853
2854
2855
2859
2856
850
2859
2860
2861
2862
2863
2864
2865
2866
2867
2868
2869
2870
2871
2872
2873
2874
2875
2876
2878
3449
860
2877
859
2882
2883
2882
865
2886
2887
2888
2889
2890
2891
2892
2893
2894
2895
2896
2897
2898
2899
2900
504
2902
2903
2137
2904
505
2907
877
2909
2910
2911
2916
2913
2912
895
2916
2920
2917
1073
2920
2918
880
881
3477
2925
2926
61
2925
2929
2928
2932
3448
884
2931
2936
2939
887
2939
2944
886
885
2942
3774
2946
912
4385
2930
2947
2949
2950
2951
2952
2953
2149
2152
899
106
2961
2959
2958
2961
2964
2963
3500
2965
2966
2967
2968
2969
2970
2971
2972
2973
2974
2975
2976
2977
2978
2979
2980
2981
2982
2983
906
2985
2986
2988
2989
2990
2990
427
2992
2993
2994
2995
2996
2997
2998
2999
3000
3001
1983
889
3004
3005
3006
3007
3010
920
3019
3011
3012
151
42
107
105
922
100
1974
3020
3021
3020
3023
3024
3025
3026
3027
3028
3029
3030
3031
3032
3033
3034
3035
3036
3037
3038
3039
3040
3041
3042
3043
3044
3786
3784
517
1990
517
517
3055
935
3051
938
3417
3060
939
940
941
3061
942
4371
3064
4372
3066
4370
943
3069
1852
3068
943
843
1854
3077
3075
970
3063
430
1991
1840
2799
2799
2796
3786
3786
1990
3786
1832
1832
3964
950
3965
3092
3090
3097
3097
3140
954
3095
3102
957
4373
953
3103
517
517
1843
517
3111
961
3162
978
3109
957
3101
3117
4374
964
3146
3148
965
3071
3122
936
3099
3125
955
3129
3132
968
3128
3133
3078
970
3136
3166
3414
1991
1991
1991
445
1849
2018
3143
972
972
3171
3147
963
962
1991
3990
1991
2799
1840
2799
517
517
517
517
375
3164
3167
3174
982
970
3990
971
3142
444
3094
379
1846
976
3176
976
3797
974
3178
975
3167
3185
3182
986
3798
516
2169
516
3190
3196
991
3189
3183
3193
985
3198
990
3994
3200
3200
3201
3202
3203
3204
3205
3206
3207
3208
3209
3210
3211
3212
3213
3214
3215
3216
3217
3218
3219
3220
3221
3222
3223
3224
3225
3226
3227
3228
3229
3230
3231
3232
3233
3234
3235
3236
3237
3237
3239
3240
3241
3242
3243
3244
3245
3246
3247
3248
3249
3250
3251
3252
3253
3254
3255
3256
3257
3258
3259
3260
3261
3262
3263
3264
3265
3266
3267
3268
3269
3270
3271
3272
3273
3274
3275
3276
3277
3278
3279
3280
3281
3282
3283
3284
3285
3286
3287
3288
3289
3290
3291
3292
3293
3294
3295
3296
3297
3298
3299
3300
3301
3302
3303
3304
3305
3306
3307
3308
3309
3310
3311
3312
3313
3314
3315
3316
3317
3318
3319
3320
3321
3322
3323
3324
3325
3326
3327
3328
3329
3330
3331
3332
3333
3334
3335
3336
3337
3338
3339
3340
3341
3342
3343
3344
3345
3346
3347
3348
3349
3350
3351
3352
3353
3354
3355
3356
3357
3358
3359
3360
3361
3362
3363
3364
3365
3366
3367
3368
3369
3370
3371
3372
3373
3374
3375
3378
1047
3378
1048
3376
3380
1049
3383
3384
3385
3386
3387
3388
3389
3390
3391
3392
3393
3394
3395
3396
3397
3398
3399
3400
3402
3402
3401
3402
3403
864
1058
3403
3409
3410
3411
961
3136
3414
3166
968
3418
3420
1063
3420
3421
3051
3054
3424
3425
3426
3427
3428
3429
3430
3431
3435
3433
3434
3436
3440
1067
2877
862
861
3441
3442
3443
3444
126
11
127
3001
3449
3450
3451
3452
3453
3454
3455
3456
3457
3458
3459
3460
3461
2960
3462
3463
3465
4267
3467
3468
3469
3470
3471
3472
1949
3473
1076
3476
62
123
10
3480
3481
873
3483
3484
3485
3486
3487
3488
2914
1081
2914
3492
3493
3494
3495
2916
896
895
117
2905
876
3504
3503
3504
3502
3505
1085
3508
3509
3510
3511
3512
3513
3514
3515
3516
3517
3518
3519
3520
3521
3522
3523
3524
3525
3526
3527
3528
3529
3530
3531
3532
3533
3534
3535
3536
3537
3538
3539
3543
790
1096
3841
3544
3545
3546
3547
3548
3549
3550
3551
3552
3553
3554
3555
3556
3022
113
2857
849
3559
3561
3564
5325
3566
3727
1100
3565
3123
966
3571
822
3654
3573
3575
3576
3577
3578
3579
1107
3582
1107
3659
3584
3585
3586
3587
3588
3589
3590
3591
3592
3593
3594
3595
3596
3597
3598
3599
3600
3601
3602
3603
3604
3605
3606
3607
3608
3609
3610
3611
3612
3613
3614
3615
3616
3617
3618
3619
3620
3621
3622
3623
3624
3625
3626
3627
3628
3629
3630
3631
3632
3633
3634
512
511
3635
2822
830
3640
3641
3642
3643
3644
3645
3646
3647
3648
3649
3650
3651
3652
3653
3654
3655
3656
3657
3658
3659
3660
3661
3662
3663
3664
3666
3666
3667
3669
3963
753
3673
1124
3691
1125
3675
3676
769
3678
3679
3680
3681
1126
3683
3684
2685
757
3687
3687
3689
3690
3691
3692
1129
3693
3696
3699
3697
3698
2700
3700
3701
3702
3703
3704
3705
3706
3707
3708
3709
3710
3711
3712
3713
3714
3715
3716
3717
3718
3716
3720
3721
3722
3723
3724
3725
3726
3727
747
3729
3730
3731
3732
3733
3734
3735
3736
3737
2678
3739
3740
842
819
3743
3744
3745
3746
3747
3748
3749
3750
3751
3752
3750
3754
3755
910
3757
3758
3759
3753
3760
3762
3763
3765
3770
1132
3767
3768
3769
3770
2884
3772
3773
3774
3775
3776
3777
3778
3779
3780
3781
3782
2174
2174
3784
2796
2844
983
3790
983
3791
3792
3793
3794
3795
1137
3789
1138
1138
3800
4393
3802
3803
3804
3805
3806
3807
3808
3809
815
3812
3819
1117
3637
3815
3816
3719
3817
3818
3820
3821
3822
3823
3824
3825
3826
3827
3828
2747
793
792
3832
3833
3834
3835
3688
1122
1128
3837
3839
3840
3843
4380
1106
3842
1106
1106
3849
3852
3850
1148
3854
1149
3855
3568
719
3857
3858
3859
3860
3861
3862
3863
3864
3865
3866
3867
2622
3868
720
3871
3872
2667
703
3875
3876
3877
3878
3879
3880
3881
3882
3883
3884
3885
3886
3890
1152
3889
4368
3891
3892
3893
3894
3895
3896
3897
3898
2597
3900
3901
3902
3903
3904
3869
3905
3907
3908
3909
3910
3911
3912
3913
3914
3915
3916
3917
3918
3919
3920
3921
3922
3923
3924
3925
3926
3927
3928
3929
3930
3931
3932
3933
3934
3935
3936
3937
3938
3939
3940
3941
3942
3943
3944
3945
3946
3947
3948
3949
3950
3951
3845
3844
2743
3846
802
2767
1839
1837
2765
2795
3961
3962
1833
3084
3786
517
3784
1990
3784
3783
3796
977
3188
3971
3976
3977
3978
3979
3980
3981
3982
3983
2752
3985
3986
3987
3988
3989
1991
3177
3177
3972
1166
1168
3996
3997
3998
3999
4000
4001
4002
4003
4004
4005
4006
4007
4008
4009
4010
4011
4012
4013
4014
4015
4016
4017
4018
4019
4020
4021
4022
4023
4024
4025
4026
4027
4028
4029
4030
4031
4032
4033
4034
4035
4036
4037
4038
4039
4040
4041
4042
4043
4044
4045
4046
4047
4048
4049
4050
4051
4052
4053
4054
4055
4056
4057
4058
4059
4060
4061
4062
4063
4064
4065
4066
4067
4068
4069
4070
4071
4072
4073
4074
4075
4076
4077
4078
4079
4080
4081
4082
4083
4084
4085
4086
4087
4088
4089
4090
4091
4092
4093
4094
4095
4096
4097
4098
4099
4100
4101
4102
4103
4104
4105
4106
4107
4108
4109
4110
4111
4112
4113
4114
4115
4116
4117
4118
4119
4120
4121
4122
4123
4124
4125
4126
4127
4128
4129
121
4131
4132
4133
4134
4135
4136
4137
4138
4139
4140
4141
4142
4143
4144
4145
4146
4147
4148
4149
4150
4151
4152
4153
4154
4155
4156
4157
4158
4159
4160
4161
4162
4163
4164
4165
4166
4167
4168
4169
4170
4171
4172
4173
4174
4175
4176
4177
4178
4179
4180
4181
4182
4183
4184
4185
4186
4187
4188
4189
4190
4191
4192
4193
4194
4195
4196
4197
4198
4199
4200
4201
4202
4203
4204
4205
4206
4207
4208
4209
4210
4211
4212
4213
4214
4215
4216
4217
4218
4219
4220
4221
4222
4223
4224
4225
4226
4227
4228
4229
4230
4231
4232
4233
4234
4235
4236
4237
4238
4239
4240
4241
4242
4243
4244
4245
4246
4247
4248
4249
4250
4251
4252
4253
4254
4255
4256
4257
4258
4259
4260
4261
4262
4263
4264
4265
4266
2948
4268
4269
4270
4271
4272
4273
4274
4275
4276
4277
4278
4279
4280
4281
4282
4283
4284
4285
4286
4287
4288
4289
4290
4291
4292
4293
4294
4295
4296
4297
4298
4299
4300
4301
4302
4303
4304
4305
4306
4307
4308
4309
4310
4311
4312
4313
4314
4315
4316
4317
4318
4319
4320
4321
4322
4323
4324
4325
4326
4327
4328
4329
4330
4331
4332
4333
4334
4335
4336
4337
4338
4339
4340
4341
4342
4343
4344
4345
4346
4347
4348
4349
4350
4351
4352
4353
4354
4355
4356
4357
4358
4359
4360
4361
4362
4363
4364
4365
4366
4367
2669
3906
1852
1850
381
951
3093
952
1164
3960
380
1102
3657
4381
4382
4383
4384
4385
4386
4387
4388
4389
4390
4391
4392
2143
1957
4395
4396
4397
4398
4399
4400
2133
2799
949
517
970
4406
4407
4408
4409
4410
4411
4412
4413
4414
4415
4416
4417
4418
4419
4420
4421
4422
4423
4424
4425
4426
4427
4428
4429
4434
1289
4430
1292
5629
4435
4436
4437
4438
4439
4440
4441
4442
4443
4444
4445
1302
4447
4448
4445
4450
4451
4452
4453
4454
4455
4456
4457
4458
4459
4460
4461
4462
4463
4464
4465
4466
4467
4468
4469
4470
4471
4472
4473
4474
4475
4476
4478
5655
4479
4477
4482
4482
1319
4481
1318
4486
4487
4488
4489
4490
4491
4492
4493
4484
1321
1320
4494
4498
4499
4500
4501
4502
4829
4504
4505
1332
4521
1332
4508
4507
1334
4510
4509
4513
4512
4516
4517
4518
4519
4523
1339
1340
5458
4524
4525
4526
4527
4528
4529
4530
4531
4532
4533
4534
4535
4536
4537
4538
4539
4540
4543
4541
5446
4544
4545
4546
4547
4548
4549
4550
4551
4552
4553
4554
4557
1301
5740
4558
4559
4560
4561
4562
4563
4564
4565
4566
5344
1627
5344
5344
4571
1363
4571
4574
4577
698
6141
1366
4575
4580
4581
4582
4583
4586
4584
5524
678
4589
5521
1372
4588
1371
4593
4594
4595
1378
5709
4599
5341
4598
1379
4602
5161
4604
4605
4606
4607
4608
4612
4609
4609
1386
1386
4616
1369
2551
687
4614
685
4620
4623
4622
4645
4626
1388
5400
4630
4628
1390
4851
4631
4632
4633
4634
4635
4636
4637
4638
4639
4640
4598
4600
2239
4598
4645
4646
4647
4648
4649
6122
4651
4652
4912
4654
4656
4656
4657
4655
4659
4660
4661
4662
4663
4664
4665
4666
4667
4668
4669
4670
4671
4672
4673
4674
4675
4680
4677
4676
1414
4680
4681
4682
5175
4681
4685
4686
4687
4688
4689
4690
4691
4692
4693
4694
4695
4696
4697
4698
4699
4700
4701
4702
2544
683
4703
4706
4707
4708
4709
1429
4713
1431
5258
2373
4711
4718
4717
2362
4716
2361
2365
1433
4723
4724
4725
4726
4727
4728
4729
5210
4731
5209
529
2193
2195
2194
4737
4738
530
4737
2387
2389
4740
1437
4740
4728
1434
4746
1442
1442
5353
4749
199
2558
6138
279
4757
4758
4757
4760
4764
4761
4763
5264
4765
4766
4767
4768
4769
4770
4771
4772
4773
1456
4785
4784
4774
4789
4779
4780
4781
4782
4786
4783
4786
4810
4787
4809
2562
2561
1464
4793
4793
4802
2385
2384
4796
4800
4798
5212
2390
2391
1461
4804
223
4806
4810
699
4816
4816
4811
213
320
274
277
269
273
2561
2369
2370
6140
4822
4823
4824
4825
1479
4827
4827
4830
4842
541
2214
4777
4778
4833
1459
4836
4838
4784
4773
1482
4842
5540
2401
695
5542
695
695
4850
5185
4849
1485
4854
4858
1488
1489
4853
4859
4870
608
1490
4857
4862
6116
4866
2255
1491
4865
4641
1397
4871
1511
4924
4874
608
2399
553
2239
553
553
2230
2230
2398
2230
4948
4885
560
4891
4888
4890
4891
4892
4893
4894
4895
4896
4898
4898
1501
4897
2244
695
695
2244
3113
5180
979
4908
4900
1504
4909
4913
4939
1508
4867
4852
4915
3126
967
3131
5182
4922
4923
4924
4925
5182
5184
4928
4929
4930
4934
2248
1513
4957
4938
4935
1507
6121
4911
5746
5747
4954
5344
5344
553
695
695
4879
4949
4950
4951
4952
4953
4954
4936
1512
4889
1499
556
6124
1516
5554
1516
1515
4965
4950
4967
4968
4970
5555
4971
4972
2571
4973
1527
3192
1530
4978
4979
4980
4981
4982
4983
4984
4986
4986
538
4988
4989
4990
4991
4992
4993
4994
4995
4996
4997
4998
4999
5000
5001
5002
5003
5004
5005
5006
5007
5008
5009
5010
5011
5012
5013
5014
5015
5016
5017
5018
5019
5020
5021
5022
5023
5024
5025
5026
5027
5028
5029
5030
5031
5032
5033
5034
5035
5036
5037
5038
5039
5040
5041
5042
5043
5044
5045
5046
5047
5048
5049
5050
5051
5052
5053
5054
5055
5056
5057
5058
5059
5060
5061
5062
5063
5064
5065
5066
5067
5068
5069
5070
5071
5072
5073
5074
5075
5076
5077
5078
5079
5080
5081
5082
5083
5084
5085
5086
5087
5088
5089
5090
5091
5092
5093
5094
5095
5096
5097
5098
5099
5100
5101
5102
5103
5104
5105
5106
5107
5108
5109
5110
5111
5112
5113
5114
5115
5116
5117
5118
5119
5120
5121
5122
5123
5124
5125
5126
5127
5128
5129
5130
5131
5132
5133
5134
5135
5136
5137
5138
5139
5140
5141
5142
5143
5144
5145
5146
5147
5148
5149
5150
5151
5152
5153
5154
5157
5155
5157
1580
5156
5160
5161
5162
5163
5164
5165
5166
5167
5168
5169
5170
5171
5172
1056
3404
5175
1057
3408
5174
5179
5180
5181
5182
5183
5184
5186
5187
5187
4849
5189
5190
5191
5192
5193
5194
5195
5196
1585
5198
5199
5202
1586
4678
1413
1412
4799
1463
1462
5208
5210
297
182
5212
5213
5214
5215
5216
5217
5218
5219
5220
5221
5222
5223
5224
5225
4759
5226
5228
5229
5230
5231
5232
5233
5234
5235
5236
5237
1452
5239
5240
235
181
294
5244
1425
5246
5247
5248
5249
5250
5251
5252
5258
5256
5257
4762
1451
4762
5256
4713
290
4712
1601
4705
1428
5266
5266
5268
5269
5270
5271
5272
6131
5274
5275
5276
5277
5278
5279
5280
5281
5282
5283
5284
5285
5286
5287
5288
5289
5290
5291
5292
5293
5294
5295
5296
5297
5298
5299
5300
5301
5302
5303
5304
5305
5306
5307
5308
5309
5310
5311
5312
5313
5314
5315
5316
5317
2378
2372
286
4658
5321
1403
5322
4449
5329
5326
5328
5486
4917
1621
1509
1380
5335
1380
5336
5337
5338
5339
5340
5343
1626
5343
5343
5345
5346
5347
5348
5349
5350
4709
5351
5353
5354
5355
5356
5357
5358
5359
5360
5361
5362
5363
5364
5365
5366
5367
5368
5369
5370
5371
5372
5373
5374
5375
5376
5377
5378
5379
5380
5381
5382
5383
5384
5385
5386
5387
5388
5389
1333
5391
5392
5393
5395
5395
2566
691
5396
689
5400
1637
5404
5402
5404
5405
5406
5407
5408
5409
5410
5411
5412
5413
5415
6129
5414
5417
5418
5419
5420
5421
5422
5423
5424
5425
1331
5428
4522
5429
5430
5431
5432
5433
5434
5435
1336
5457
5437
5439
5440
5441
5442
5443
5444
5445
4491
5447
5448
5449
5450
5451
5452
5453
5454
5455
5456
5390
5458
1333
5460
5461
5462
5463
5464
5465
5466
5467
5468
5469
5470
5471
5472
5473
5474
5475
5476
5476
5478
5479
5480
5481
5482
5483
5484
5485
5486
1315
5488
5489
5490
5491
5492
5493
5494
5495
5496
5497
5498
5499
5500
5501
5502
5503
5504
5505
5506
5507
5508
5178
5177
5511
5512
543
2220
4795
5516
5517
1059
5519
5520
5523
1652
5523
5526
1364
5572
5527
4684
5529
5530
2389
5532
5533
5534
5535
5536
5537
5416
5539
695
5542
695
552
4642
2578
5546
5545
5548
5549
5550
5551
1622
1658
1658
5547
5556
5557
6139
4868
6125
5561
5562
5563
5564
5565
1373
5569
1638
5575
5398
5571
5571
5477
5573
5574
5576
5577
5578
5579
5580
5581
5582
5583
5584
5585
5586
5587
5588
5589
5590
5591
5592
5593
5594
5595
5596
5597
5598
5598
5601
5601
1627
5600
5607
5605
5606
5608
5609
5611
1670
5327
1291
5613
5614
5615
5616
5617
5618
5619
5620
5621
5622
5623
4432
1290
5624
5627
5628
4474
1276
5631
5632
5633
5634
5635
5636
5637
5638
5639
5640
5641
5642
5643
5644
5645
5646
5647
5648
5649
5650
5651
5652
5653
5654
4409
5656
5657
5658
5659
5660
5626
5662
5663
5664
5665
5666
5667
5668
5669
5670
5671
5672
5673
5674
5675
5676
5677
5678
5679
5680
5681
5682
5683
5684
5685
5686
5687
5688
5689
5690
5691
5692
5693
5694
5695
5696
5697
5698
5699
5700
5701
5702
5703
5704
5705
5706
5707
5708
5599
1668
5711
1668
5602
5712
4568
4569
5717
5718
5719
2257
5720
5540
2401
5542
695
5540
5540
5553
4974
5729
1528
5732
5733
5734
5735
5736
5737
5738
5739
5742
5741
5742
5743
5744
5745
5746
5747
4962
5749
5750
5751
5752
5753
5754
5755
5756
5757
5758
5759
5760
5761
5762
5763
5764
5765
5766
5767
5768
5769
5770
5771
5772
5773
5774
5775
5776
5777
5778
5779
5780
5781
5782
5783
5784
5785
5786
5787
5788
5789
5790
5791
5792
5793
5794
5795
5796
5797
5798
5799
5800
5801
5802
5803
5804
5805
5806
5807
5808
5809
5810
5811
5812
5813
5814
5815
5816
5817
5818
5819
5820
5821
5822
5823
5824
5825
5826
5827
5828
5829
5830
5831
5832
5833
5834
5835
5836
5837
5838
5839
5840
5841
5842
5843
5844
5845
5846
5847
5848
5849
5850
5851
5852
5853
5854
5855
5856
5857
5858
5859
5860
5861
5862
5863
5864
5865
5866
5867
5868
5869
5870
5871
5872
5873
5874
5875
5876
5877
5878
5879
291
293
5882
5883
5884
5885
5886
5887
5888
5889
5890
5891
5892
5893
5894
5895
5896
5897
5898
5899
5900
5901
5902
5903
5904
5905
5906
5907
5908
5909
5910
5911
5912
5913
5914
5915
5916
5917
5918
5919
5920
5921
5922
5923
5924
5925
5926
5927
5928
5929
5930
5931
5932
5933
5934
5935
5936
5937
5938
5939
5940
5941
5942
5943
5944
5945
5946
5947
5948
5949
5950
5951
5952
5953
5954
5955
5956
5957
5958
5959
5960
5961
5962
5963
5964
5965
5966
5967
5968
5969
5970
5971
5972
5973
5974
5975
5976
5977
5978
5979
5980
5981
5982
5983
5984
5985
5986
5987
5988
5989
5990
5991
5992
5993
5994
5995
5996
5997
5998
5999
6000
6001
6002
6003
6004
6005
6006
6007
6008
6009
6010
6011
6012
6013
6014
6015
6016
6017
6018
6019
4748
6021
6022
6023
6024
6025
6026
6027
6028
6029
6030
6031
6032
6033
6034
6035
6036
6037
6038
6039
6040
6041
6042
6043
6044
6045
6046
6047
6048
6049
6050
6051
6052
6053
6054
6055
6056
6057
6058
6059
6060
6061
6062
6063
6064
6065
6066
6067
6068
6069
6070
6071
6072
6073
6074
6075
6076
6077
6078
6079
6080
6081
6082
6083
6084
6085
6086
6087
6088
6089
6090
6091
6092
6093
6094
6095
6096
6097
6098
6099
6100
6101
6102
6103
6104
6105
6106
6107
6108
6109
6110
6111
6112
6113
4480
6115
1492
2251
2253
6119
6119
6120
5714
1685
5716
5334
6126
6127
6128
6129
5413
4743
6132
6133
6134
6135
6136
6137
5352
2589
2370
4573
6142
6143
6144
6145
6146
2542
553
6149
695
4953
6152
6153
6154
6155
6156
6157
6158
6159
517
4570
6162
6163
6164
6165
6166
6167
6168
6169
6170
6171
6172
6173
6174
6175
6176
6177
6178
6179
6180
6181
1533
992
984
1524
6186
6187
6188
6189
6190
6191
3191
6193
6194
6195
6196
6197
6198
6199
6200
6201
6202
6203
6238
6205
4975
6207
2172
6209
6209
6211
6211
6213
6214
6215
6216
6217
6218
6219
6220
6221
6222
6223
6224
6225
6226
6227
6228
6229
6230
6231
6232
6233
6234
6216
6236
6237
6238
6239
6240
6241
6242
6243
6244
6245
6246
6247
6248
6249
6250
6251
6252
6253
6254
6234
6256
6257
6258
6259
6260
6261
6262
6263
6264
6265
6266
6267
6268
6269
6270
6271
6272
6273
6274
6275
6276
6277
6278
6279
6280
6281
6282
6283
6284
6285
6286
6287
6288
6273
6274
6270
