3448
1799
88
94
102
5
111
113
117
3476
32
33
2926
128
70
55
2921
1950
2947
64
20
2999
921
1822
922
368
26
27
28
1963
30
902
3483
33
12
40
136
44
38
39
3495
41
42
43
84
1
352
86
50
72
71
51
48
1948
31
121
2923
32
32
32
1946
124
1074
33
1076
2929
882
883
2930
81
60
81
80
2924
63
2925
19
75
59
59
57
880
880
123
86
3001
885
20
354
354
1979
88
1979
921
23
90
97
923
3018
99
3018
3018
25
2151
104
2151
108
2149
109
109
29
110
113
113
30
30
2963
2963
902
31
902
902
3474
1074
1074
33
2949
2949
73
73
131
68
67
31
117
161
37
135
2934
137
140
141
142
143
144
147
145
162
149
3021
35
151
52
153
154
30
114
158
53
159
160
2931
91
114
119
9
166
167
168
169
170
5210
2194
260
264
175
2208
527
1619
285
2365
203
204
236
248
241
336
231
292
4724
188
191
4800
2389
266
270
196
197
5445
5352
5352
201
202
5240
204
303
335
207
215
209
210
288
212
213
214
255
529
2197
172
219
220
221
242
223
1431
180
4721
5253
291
4718
203
293
296
4722
4727
296
297
182
4726
298
250
186
249
187
234
232
189
243
190
187
224
228
230
230
4717
257
2194
257
192
262
260
261
530
261
173
263
193
265
268
269
194
273
272
273
528
2211
6138
4752
2208
5352
2371
276
5352
283
283
201
286
290
5258
202
290
293
203
1452
296
204
296
298
1434
190
301
245
244
183
5259
1600
307
332
306
208
310
311
313
313
314
315
317
333
318
319
320
321
322
323
324
325
2369
6140
330
329
336
331
171
172
4819
305
227
337
338
339
341
341
342
343
344
345
346
347
348
1796
1793
3591
2999
2938
20
2999
3710
357
1804
1987
1808
361
106
363
364
365
1824
2942
368
1856
1830
3968
1829
3072
372
2842
1838
377
3106
3141
1847
1853
3068
3968
371
27
26
387
388
389
390
391
392
393
394
395
396
397
398
399
400
401
402
403
404
405
406
407
408
409
410
411
412
413
414
415
416
417
418
419
420
1963
1961
423
424
425
426
1973
3754
3991
3063
431
432
433
434
435
436
437
438
439
3088
2010
3968
6160
3091
3170
2742
447
448
449
450
451
452
453
454
455
456
457
458
459
460
461
462
463
464
465
466
467
468
469
470
471
472
473
474
475
476
477
478
479
480
481
482
483
484
485
486
487
488
489
490
491
492
493
494
495
812
2129
2135
3769
2824
2910
2908
503
504
505
2142
2816
4393
3763
2145
3819
2158
2160
514
515
3107
1842
2178
519
520
521
522
523
524
525
5204
199
4750
4800
191
4736
4731
533
534
4837
2205
4794
2203
6138
4776
541
542
2216
2387
196
546
2227
2233
4878
5544
2237
552
553
2241
555
2248
557
558
559
5725
5725
5445
563
564
565
566
567
568
569
570
571
572
573
574
575
576
577
578
579
580
581
582
583
584
585
586
587
588
589
590
591
592
593
594
595
596
597
598
599
600
601
1451
603
604
605
5512
2399
4859
609
610
611
612
613
614
615
616
617
618
4948
620
2425
2430
4886
624
625
626
627
628
629
630
631
632
633
634
635
636
637
638
639
640
641
642
643
644
645
646
647
648
649
650
651
652
653
654
655
656
657
658
659
660
661
662
663
664
665
666
667
668
669
670
671
672
673
674
4632
2539
677
5524
4624
4708
681
682
683
4702
685
686
687
688
689
690
691
692
693
694
695
2581
2819
698
699
700
701
702
703
704
705
706
707
708
709
710
711
3850
713
714
715
716
717
718
719
720
721
722
723
724
725
726
727
728
2638
730
731
732
733
734
735
736
737
738
739
740
741
742
743
744
745
3735
2666
748
3685
2735
2686
2675
753
754
2681
4490
5446
2738
759
760
761
762
763
764
765
766
767
768
769
770
771
2715
2714
2717
775
776
777
778
3535
2723
781
782
783
4534
3734
2732
4541
4542
3674
2744
791
792
793
794
795
2754
3394
798
799
498
3634
802
2768
4395
3800
2773
2772
2778
5152
4582
2780
806
3380
3381
2788
2790
817
818
2849
820
2797
3573
4605
2801
2803
4603
827
829
2159
3638
2814
803
833
2826
2829
4628
3780
2833
2837
2855
3748
2839
3073
3786
845
3172
4653
5507
849
850
851
3370
853
854
855
856
857
3464
3502
2878
2877
3505
863
3403
3402
3623
867
868
869
870
871
872
873
874
875
876
877
2965
3483
3483
2965
1069
3466
3441
3441
1982
2946
1980
3003
913
3590
1963
3617
3466
902
3494
110
1963
28
2959
1961
2965
903
2967
905
906
2990
3503
3039
1980
3465
1070
2995
151
151
916
51
918
3010
920
921
922
1822
30
925
3024
927
928
929
2998
3759
932
3992
3970
3055
3422
937
938
3057
3418
3059
3061
3067
4370
3135
3166
372
3991
3140
3092
3096
4374
3103
3098
3127
4900
3100
4898
371
5183
3413
4911
3114
3149
4913
3123
4919
3135
4926
3163
3146
3147
4405
3162
3180
3176
3971
3112
4907
3416
3411
3165
3790
2175
3195
3184
3187
6208
3425
3197
3191
6183
993
994
995
996
997
998
999
1000
1001
1002
1003
1004
1005
1006
1007
1008
1009
1010
1011
1012
1013
1014
1015
1016
1017
1018
1019
1020
1021
1022
1023
1024
1025
1026
1027
1028
1029
1030
1031
1032
1033
1034
1035
1036
1037
1038
1039
1040
1041
1042
1043
3434
3373
5164
3378
5157
5156
5159
5167
1052
1053
1054
1055
1056
1057
3407
3761
5183
5181
4926
1063
5190
1065
3432
3436
33
3450
3451
1071
1072
3474
3467
1075
3467
2965
3483
3482
1080
901
901
902
3501
1085
1086
1087
1088
1089
1090
1091
1092
1093
1094
1095
1096
1097
1098
1099
1100
3571
1102
3647
3577
3579
1106
3583
1108
1109
1110
1111
1112
3616
1114
1115
1116
3811
3814
4382
3651
3658
3663
1123
1124
1125
1126
1127
3690
1129
3701
1131
3764
1133
3737
3752
3793
3797
3799
1139
1140
1141
1142
3832
1144
1145
1146
1147
3849
1149
1150
1151
1152
1153
1154
1155
1156
1157
1158
1159
1160
1161
1162
1163
1164
3992
3993
1167
3995
1169
1170
1171
1172
1173
1174
1175
1176
1177
1178
1179
1180
1181
1182
1183
1184
1185
1186
1187
1188
1189
1190
1191
1192
1193
1194
1195
1196
1197
1198
1199
1200
1201
1202
1203
1204
1205
1206
1207
1208
1209
1210
1211
1212
1213
1214
1215
1216
1217
1218
1219
1220
1221
1222
1223
1224
1225
1226
1227
1228
1229
1230
1231
1232
1233
1234
1235
1236
1237
1238
1239
1240
1241
1242
1243
1244
1245
1246
1247
1248
1249
1250
1251
1252
1253
1254
1255
1256
1257
1258
1259
1260
1261
1262
1263
1264
1265
1266
1267
1268
1269
1270
1271
1272
1273
1274
1275
1276
1277
1278
1279
1280
1281
1282
1283
1284
1285
1286
1287
1288
1289
1290
1291
1292
1293
1294
1295
1296
1297
1298
1299
1300
4556
4446
1303
1304
1305
1306
1307
1308
1309
1310
1311
1312
1313
1314
1315
1316
1317
4481
4486
4489
4494
1322
1323
5460
4497
1326
1327
1328
1329
1330
1331
1332
1333
1334
1335
1336
1337
1338
1339
1340
1341
1342
1343
1344
4531
5297
1347
1348
1349
1350
1351
1352
1353
1354
1355
1356
1357
1358
1359
5394
4563
1362
4571
6141
1365
4575
4579
1368
1369
4585
1371
4590
1373
1374
1375
1376
1377
1378
4601
1380
4618
5409
1383
4613
5400
1386
1387
5572
1389
1390
4634
1392
4956
1394
5498
1396
2253
4643
1399
4960
1401
1402
1403
1404
1405
1406
1407
1408
1409
1410
1411
4677
4679
1414
1415
1416
1417
1418
1419
1420
1421
1422
1423
1424
5245
1426
4701
1428
1429
1452
1452
5240
5240
5231
5231
4798
4799
4740
4743
2390
4745
5353
5378
4746
202
5318
5352
5352
276
1450
2375
4763
1453
4768
1455
4785
1458
2219
4792
1460
5531
5205
5231
1464
1465
340
320
4810
4808
2561
221
197
2389
270
266
201
1477
1478
1479
4778
5534
1482
607
548
1485
4916
4864
4854
4856
6117
4868
2255
4872
4874
4879
5723
1686
5721
4890
4895
1501
4922
1511
1504
1505
1494
4910
4937
1509
4874
4872
4933
4958
1493
1493
1516
1517
1518
1519
1494
1521
1522
1523
1524
1525
1526
1527
1528
1529
4977
1531
1532
6182
1534
1535
1536
1537
1538
1539
1540
1541
1542
1543
1544
1545
1546
1547
1548
1549
1550
1551
1552
1553
1554
1555
1556
1557
1558
1559
1560
1561
1562
1563
1564
1565
1566
1567
1568
1569
1570
1571
1572
1573
1574
1575
1576
1577
1578
1579
1580
1581
1582
5510
1584
1585
5203
204
5229
1589
1590
1591
5237
5247
1594
1452
5247
5240
1598
1599
1451
1451
202
1603
1604
1605
1606
1607
1608
1609
1610
1611
1612
1613
1614
1615
1616
1617
1618
2377
1620
1621
1622
1623
1624
1625
1626
1627
1628
1629
1630
1631
1632
5376
1634
1635
1636
5570
5568
1639
1640
1641
1642
1643
1644
1645
1646
1647
1648
1649
5463
1651
5522
1653
1654
1655
4742
1657
1658
1659
1660
1661
1662
1663
1664
1665
1666
1667
1668
1669
1670
1671
1672
1673
1674
1675
1676
1677
1678
1679
1680
1681
1682
1683
1684
1685
607
1687
1688
1689
1690
1691
1692
1693
1694
1695
1696
1697
1698
1699
1700
1701
1702
1703
1704
1705
1706
1707
1708
1709
1710
1711
1712
1713
1714
1715
1716
1717
1718
1719
1720
1721
1722
1723
1724
1725
1726
1727
1728
1729
1730
1731
1732
1733
1734
1735
1736
1737
1738
1739
1740
1741
1742
1743
1744
1745
1746
1747
1748
1749
1750
1751
1752
1753
1754
1755
1756
1757
1758
1759
1760
1761
1762
1763
1764
1765
1766
1767
1768
1769
1770
1771
1772
1773
1774
1775
1776
1777
1778
1779
1780
1781
1782
1783
1784
1785
1786
1787
1788
1789
1790
1791
1795
1793
1054
1795
1796
885
2938
885
2999
885
1985
1802
359
1985
1809
360
909
3038
358
103
107
151
105
106
1816
1817
1818
1819
1823
1820
921
1823
367
4404
1857
3106
3160
1833
384
1829
3786
3085
372
372
1856
1838
844
1837
375
378
3049
1841
3105
2018
445
440
444
3143
4371
944
3069
942
4372
384
383
3967
3968
1859
1860
1861
1862
1863
1864
1865
1866
1867
1868
1869
1870
1871
1872
1873
1874
1875
1876
1877
1878
1879
1880
1881
1882
1883
1884
1885
1886
1887
1888
1889
1890
1891
1892
1893
1894
1895
1896
1897
1898
1899
1900
1901
1902
1903
1904
1905
1906
1907
1908
1909
1910
1911
1912
1913
1914
1915
1916
1917
1918
1919
1920
1921
1922
1923
1924
1925
1926
1927
1928
1929
1930
1931
1932
1933
1934
1935
1936
1937
1938
1939
1940
1941
1942
1943
1944
1945
3483
3483
2965
3483
3483
1951
1952
1953
1959
1959
901
1962
1963
1960
3562
1084
1959
502
1964
1965
1966
1967
1969
3743
39
142
1972
888
1973
888
3756
887
887
354
3002
1983
3004
2994
889
1986
3771
428
3969
1165
948
3078
1992
1993
1994
1995
1996
1997
1998
1999
2000
2001
2002
2003
2004
2005
2006
2007
2008
2009
2013
2013
442
440
2013
2014
444
3090
3094
2021
2020
3668
2022
2023
2024
2025
2026
2027
2028
2029
2030
2031
2032
2033
2034
2035
2036
2037
2038
2039
2040
2041
2042
2043
2044
2045
2046
2047
2048
2049
2050
2051
2052
2053
2054
2055
2056
2057
2058
2059
2060
2061
2062
2063
2064
2065
2066
2067
2068
2069
2070
2071
2072
2073
2074
2075
2076
2077
2078
2079
2080
2081
2082
2083
2084
2085
2086
2087
2088
2089
2090
2091
2092
2093
2094
2095
2096
2097
2098
2099
2100
2101
2102
2103
2104
2105
2106
2107
2108
2109
2110
2111
2112
2113
2114
2115
2116
2117
2118
2119
2120
2121
2122
2123
2124
2125
2126
2127
4401
2835
4401
499
2825
2825
2823
3768
2136
2137
2138
2139
2140
507
507
2815
2143
2146
2582
506
509
28
108
28
29
1821
2154
923
366
511
3636
2157
2160
2161
2162
2163
2164
2165
2166
2167
2168
2172
2170
987
3186
2174
3788
983
2173
2177
2178
2179
2177
2181
2182
2183
2184
2185
2186
2187
2188
2189
2190
2191
2192
529
257
2194
1436
5212
2200
535
4836
536
2206
537
2202
1459
4791
275
277
320
275
6138
2212
2213
2214
2215
1473
193
2217
2220
2387
2221
2222
315
210
2225
2228
2228
2228
555
2234
549
2256
550
5543
2235
2235
4877
2238
2239
2238
2241
2242
2243
2244
547
2249
2246
622
2431
618
2252
2252
559
2251
558
2256
5725
2258
2256
2260
2261
2262
2263
2264
2265
2266
2267
2268
2269
2270
2271
2272
2273
2274
2275
2276
2277
2278
2279
2280
2281
2282
2283
2284
2285
2286
2287
2288
2289
2290
2291
2292
2293
2294
2295
2296
2297
2298
2299
2300
2301
2302
2303
2304
2305
2306
2307
2308
2309
2310
2311
2312
2313
2314
2315
2316
2317
2318
2319
2320
2321
2322
2323
2324
2325
2326
2327
2328
2329
2330
2331
2332
2333
2334
2335
2336
2337
2338
2339
2340
2341
2342
2343
2344
2345
2346
2347
2348
2349
2350
2351
2352
2353
2354
2355
2356
2357
2358
2359
2360
1452
1452
5247
1452
1452
2366
2367
2368
286
2378
199
286
1451
2374
2375
2376
681
2374
2379
2380
2381
2382
544
2219
2386
4741
2195
2195
530
2391
4745
1439
2390
1441
2396
5516
2396
2400
608
4869
5722
2402
2403
2404
2405
2406
2407
2408
2409
2410
2411
2412
2413
2414
2415
2416
2417
2418
2419
2420
619
2422
2420
2424
551
2424
6161
4946
2431
623
4885
2432
2433
2434
2435
2436
2437
2438
2439
2440
2441
2442
2443
2444
2445
2446
2447
2448
2449
2450
2451
2452
2453
2454
2455
2456
2457
2458
2459
2460
2461
2462
2463
2464
2465
2466
2467
2468
2469
2470
2471
2472
2473
2474
2475
2476
2477
2478
2479
2480
2481
2482
2483
2484
2485
2486
2487
2488
2489
2490
2491
2492
2493
2494
2495
2496
2497
2498
2499
2500
2501
2502
2503
2504
2505
2506
2507
2508
2509
2510
2511
2512
2513
2514
2515
2516
2517
2518
2519
2520
2521
2522
2523
2524
2525
2526
2527
2528
2529
2530
2531
2532
2533
2534
6147
6147
2536
675
2540
4625
2540
678
2544
4703
2545
2546
2547
2548
2549
2550
2548
2552
2553
2554
5352
5352
276
5352
2560
194
270
2559
2563
2564
2565
2566
2567
2568
2569
2570
2571
2572
2573
2574
2575
2576
2577
2578
2579
2580
2581
2583
3762
697
2586
2818
2587
2588
2589
2590
2591
2592
2593
2594
2595
2596
2597
2598
2599
2600
2601
2602
2603
2604
2605
2606
2607
2608
2609
2610
2611
2612
2613
2614
2615
2616
2617
2618
2619
2620
2621
2622
2623
2624
2625
2626
2627
2628
2629
2630
2631
2632
2633
2634
2634
2636
2637
2638
2639
2640
2641
2642
2643
2644
2645
2646
2647
2648
2649
2650
2651
2652
2653
2654
2655
2656
2657
2658
2659
2660
2661
2662
2663
2665
3875
746
2664
2668
2669
2670
2671
750
2736
2689
2674
2673
2677
2678
2679
2680
757
2685
2684
4491
3686
758
2687
2688
2738
2690
2739
2692
2693
2694
2695
2696
2697
2698
2699
2700
2701
2698
2703
2704
2705
2706
2707
2708
2709
2710
2711
2702
2712
764
767
2716
2717
2718
2719
2716
2722
3546
779
2721
778
2726
2727
2728
2729
2730
2734
785
2731
3732
788
2737
4542
788
2740
4544
2745
789
2741
2744
2745
2746
2747
2748
2749
2750
2752
3984
2751
729
2755
3393
2757
2758
3806
2133
2128
2134
500
2765
3156
3959
2764
2144
2147
2144
2770
805
805
2772
2776
3801
2779
809
4580
810
2777
2774
807
2775
806
2787
3381
814
2786
813
2791
2792
2793
2794
2795
2798
822
3572
2796
2804
823
2800
826
4602
2805
2806
2807
2822
2820
512
3640
830
2817
825
2813
811
3384
2781
808
2158
2157
3635
3816
3815
804
2830
2827
2826
836
2830
2832
3778
837
2831
2782
2838
840
2852
3740
2836
3787
3787
3786
843
513
2845
2847
2840
842
2851
3169
848
4654
3749
3121
2856
2857
2858
2859
2860
3369
2862
2863
2864
2865
2866
2867
2868
2869
2870
3463
2872
2873
2874
2875
2876
2881
859
2877
862
3505
2885
2883
864
3401
865
2887
2888
2889
2890
2891
2892
2893
2894
2895
2896
2899
2898
3723
2900
2901
2902
2903
2904
2905
2906
2907
2908
2907
2910
2911
2963
901
2963
902
2963
3474
3483
3474
3474
3483
3483
2965
1074
3467
3466
1074
3467
3466
3467
3444
1069
3000
911
2945
912
2944
3443
3443
2946
3441
2943
1982
3509
1070
3509
3467
3467
1069
3590
3592
3590
891
109
29
109
108
2879
2959
2879
2961
2964
2962
2964
1079
2970
356
2966
2969
3711
2971
2972
2973
2974
2975
2989
2977
2978
2979
41
27
49
2983
2984
2985
2986
2987
2988
2991
427
3019
2993
3777
2992
2995
2998
910
3757
3442
3442
1069
2994
360
913
49
51
49
3008
3009
3010
3011
41
151
42
103
2151
3017
3018
1974
1962
1962
113
3023
925
3023
3026
3027
3028
3029
3030
3031
3032
3033
3034
3035
3036
3757
3040
931
3758
3041
3042
3043
3044
3972
3972
371
3992
959
959
3051
3051
3422
3054
3055
3058
935
3417
940
3056
3060
939
941
3063
3052
3065
936
943
3068
3071
3122
430
3064
3075
3418
3136
3074
3167
974
3083
3080
3083
1832
1165
1165
3991
1165
950
3965
3092
3093
951
4373
952
3099
953
3095
955
3125
3104
956
3100
958
4897
3108
3108
977
934
3113
1062
3109
979
4905
3115
4909
3115
3101
965
3120
3150
4912
3124
834
2827
3126
4918
967
969
3135
3137
4921
3136
3166
3136
960
3110
4906
974
974
954
972
3144
3171
3145
963
3148
963
3116
962
4911
974
3163
3164
3080
6160
3082
3160
3160
2012
383
3968
3111
3415
3162
978
961
3163
3119
3168
3171
4375
971
3142
973
3181
975
3153
980
3412
981
3415
3183
3193
985
3182
3188
988
3973
3192
3189
1530
4976
3194
3424
989
3190
991
3196
3199
3199
3201
3202
3203
3204
3205
3206
3207
3208
3209
3210
3211
3212
3213
3214
3215
3216
3217
3218
3219
3220
3221
3222
3223
3224
3225
3226
3227
3228
3229
3230
3231
3232
3233
3234
3235
3236
3237
3238
3239
3240
3241
3242
3243
3244
3245
3246
3247
3248
3249
3250
3251
3252
3253
3254
3255
3256
3257
3258
3259
3260
3261
3262
3263
3264
3265
3266
3267
3268
3269
3270
3271
3272
3273
3274
3275
3276
3277
3278
3279
3280
3281
3282
3283
3284
3285
3286
3287
3288
3289
3290
3291
3292
3293
3294
3295
3296
3297
3298
3299
3300
3301
3302
3303
3304
3305
3306
3307
3308
3309
3310
3311
3312
3313
3314
3315
3316
3317
3318
3319
3320
3321
3322
3323
3324
3325
3326
3327
3328
3329
3330
3331
3332
3333
3334
3335
3336
3337
3338
3339
3340
3341
3342
3343
3344
3345
3346
3347
3348
3349
3350
3351
3352
3353
3354
3355
3356
3357
3358
3359
3360
3361
3362
3363
3364
3365
3366
3367
3368
3371
1044
3534
1046
1046
5154
3372
3379
3376
1048
5155
1049
3382
5159
3382
3385
5161
3388
3386
5162
1050
3383
5160
1048
3378
1051
5166
3396
3397
3398
3399
3400
3401
3402
1057
3404
3408
3405
3760
3408
1060
5180
1061
1062
960
4906
3110
3137
3419
1063
3419
1063
1063
2827
3423
3426
1064
5189
3427
3428
3429
3430
3399
3399
3431
1055
1794
350
3435
3439
3506
2880
3442
3449
1070
3450
2949
33
2949
1069
3449
3450
3451
3452
3453
3454
3455
3456
3457
3458
3433
1066
3459
861
3440
3437
2961
3465
900
3468
3469
3470
3471
3472
3483
3483
3467
2965
1074
1074
3474
3480
3480
3482
3481
3484
3485
3486
3487
3488
2963
901
2962
2962
2962
1961
2962
2963
30
902
2963
3500
3501
3502
1085
3504
3505
3506
3507
3508
3508
3510
3511
3512
3513
3514
3515
3516
3517
3518
3519
3520
3521
3522
3523
3524
3525
3526
3527
3528
3529
3530
3531
3532
3533
3533
1043
3536
3537
3538
3539
3540
3541
3542
3543
3544
3545
3546
3547
3548
3549
3550
3551
3552
3553
3554
3555
1959
113
113
3559
3560
3561
3562
2635
3563
3565
3727
3567
3568
2828
3569
835
381
1102
1851
3576
3660
1101
3575
1103
2799
3581
3580
821
3584
3585
3586
3587
3588
3589
2909
3590
501
3593
3594
3595
3596
3597
3598
3599
3600
3601
3602
3603
3604
3605
3606
3607
3608
3609
3610
3611
3612
3613
2895
3614
3616
3615
3617
3619
3620
3621
3622
801
2762
3625
3626
3627
3628
3629
3630
3631
3632
2808
828
1117
3812
3813
3637
3814
2769
3641
3642
3643
3644
3645
2802
824
3646
3650
4384
773
3649
3654
3781
3653
3643
3656
772
4383
3387
3652
786
1120
3661
3665
3666
3667
3669
3669
3670
3671
3672
3673
3674
3675
3676
3677
3618
3679
893
3681
3682
3683
2953
787
4543
3689
3687
3698
1121
3691
3692
3693
3694
3695
3696
3697
2713
3699
749
755
752
3703
3704
3705
3706
3707
3708
3709
3710
3707
3712
3713
3714
3715
3716
3717
3765
3817
3720
3721
3722
3723
3724
3725
3726
2733
747
3729
3730
3731
3733
3736
1123
1134
3736
3737
3738
755
2683
3739
3741
3744
3744
3745
3746
3747
756
4492
3753
3750
927
3025
1058
910
1980
1807
3751
1135
3025
926
3375
1045
3377
3377
2790
2775
2770
2775
1047
3406
3772
3772
890
3773
3775
3776
3779
3791
1136
3782
3794
934
1137
3046
373
3073
3789
3798
1138
3792
3800
1105
3578
3795
933
976
3185
986
3648
3648
3570
3802
2846
3805
3806
3807
3808
3390
3809
3810
815
2148
510
2768
2768
3817
2789
2789
3820
3821
3822
3823
3824
3825
3826
3827
3828
3829
3829
3831
3832
3833
3834
3835
3688
1122
1128
3664
3840
3841
3842
3843
3844
3845
2767
3847
3830
793
1143
3848
3852
3853
3854
3855
3856
3857
3858
3859
3860
3861
3862
3863
3864
3865
3866
3867
3868
3869
3870
3871
3872
3873
3874
3875
3876
3877
3878
3879
3880
3881
3882
3883
3884
3885
3886
3887
3888
3889
3890
3891
3892
3893
3894
3895
3896
3897
3898
3899
3900
3901
3902
3903
3904
3905
3906
3907
3908
3909
3910
3911
3912
3913
3914
3915
3916
3917
3918
3919
3920
3921
3922
3923
3924
3925
3926
3927
3928
3929
3930
3931
3932
3933
3934
3935
3936
3937
3938
3939
3940
3941
3942
3943
3944
3945
3946
3947
3948
3949
3950
3951
3952
3953
3954
3955
3956
3957
3958
2014
3960
3961
3962
3963
949
4403
3972
371
3972
3992
1166
1166
3993
3975
1168
3994
3976
3977
3978
3979
3980
3981
3982
3983
3984
3985
3986
3987
3988
3989
974
3164
3164
982
3198
990
3996
3997
3998
3999
4000
4001
4002
4003
4004
4005
4006
4007
4008
4009
4010
4011
4012
4013
4014
4015
4016
4017
4018
4019
4020
4021
4022
4023
4024
4025
4026
4027
4028
4029
4030
4031
4032
4033
4034
4035
4036
4037
4038
4039
4040
4041
4042
4043
4044
4045
4046
4047
4048
4049
4050
4051
4052
4053
4054
4055
4056
4057
4058
4059
4060
4061
4062
4063
4064
4065
4066
4067
4068
4069
4070
4071
4072
4073
4074
4075
4076
4077
4078
4079
4080
4081
4082
4083
4084
4085
4086
4087
4088
4089
4090
4091
4092
4093
4094
4095
4096
4097
4098
4099
4100
4101
4102
4103
4104
4105
4106
4107
4108
4109
4110
4111
4112
4113
4114
4115
4116
4117
4118
4119
4120
4121
4122
4123
4124
4125
4126
4127
4128
902
902
4131
4132
4133
4134
4135
4136
4137
4138
4139
4140
4141
4142
4143
4144
4145
4146
4147
4148
4149
4150
4151
4152
4153
4154
4155
4156
4157
4158
4159
4160
4161
4162
4163
4164
4165
4166
4167
4168
4169
4170
4171
4172
4173
4174
4175
4176
4177
4178
4179
4180
4181
4182
4183
4184
4185
4186
4187
4188
4189
4190
4191
4192
4193
4194
4195
4196
4197
4198
4199
4200
4201
4202
4203
4204
4205
4206
4207
4208
4209
4210
4211
4212
4213
4214
4215
4216
4217
4218
4219
4220
4221
4222
4223
4224
4225
4226
4227
4228
4229
4230
4231
4232
4233
4234
4235
4236
4237
4238
4239
4240
4241
4242
4243
4244
4245
4246
4247
4248
4249
4250
4251
4252
4253
4254
4255
4256
4257
4258
4259
4260
4261
4262
4263
4264
4265
4266
3465
4268
4269
4270
4271
4272
4273
4274
4275
4276
4277
4278
4279
4280
4281
4282
4283
4284
4285
4286
4287
4288
4289
4290
4291
4292
4293
4294
4295
4296
4297
4298
4299
4300
4301
4302
4303
4304
4305
4306
4307
4308
4309
4310
4311
4312
4313
4314
4315
4316
4317
4318
4319
4320
4321
4322
4323
4324
4325
4326
4327
4328
4329
4330
4331
4332
4333
4334
4335
4336
4337
4338
4339
4340
4341
4342
4343
4344
4345
4346
4347
4348
4349
4350
4351
4352
4353
4354
4355
4356
4357
4358
4359
4360
4361
4362
4363
4364
4365
4366
4367
4368
4369
3066
3062
942
3102
957
3117
4376
3173
379
382
3657
2834
838
3655
3666
3509
4386
4387
4388
4389
4390
4391
3590
831
1962
508
4396
4397
4398
4399
4400
499
844
3097
959
961
4406
4407
4408
4409
4410
4411
4412
4413
4414
4415
4416
4417
4418
4419
4420
4421
4422
4423
4424
4425
4426
4427
4428
4429
4430
4431
4432
4433
4434
4435
4436
4437
4438
4439
4440
4441
4442
4443
4444
4449
1301
4447
4448
5325
4450
4451
4452
4453
4454
4455
4456
4457
4458
4459
4460
4461
4462
4463
4464
4465
4466
4467
4468
4469
4470
4471
4472
4473
4474
4475
4476
4477
4478
4479
4480
1320
4483
4486
1320
4484
4486
4487
4488
4489
1318
4485
4493
4482
4496
4494
5497
518
2180
4499
4498
4501
4502
4503
4504
4505
4506
4507
4508
4509
4510
4511
4512
4513
4514
4515
4516
4517
4518
4519
4520
4521
4522
4523
4524
4525
4526
4527
4532
4529
4530
1346
5308
4533
4534
4535
4536
4537
4538
4539
4540
1325
1325
4495
4500
4545
4546
4547
4548
4549
4550
4551
4552
4553
4554
2753
796
4555
4558
4559
4560
4561
4562
2536
2541
4564
2537
2240
4567
4569
554
4573
4573
4573
4571
4575
4576
4576
4575
4579
4580
4581
4582
5153
4578
1367
1366
4586
4588
4589
4590
4591
4592
4593
4594
4595
4596
4597
4600
4598
4600
1380
4604
4603
5407
1382
4606
4607
4608
1385
4611
4626
4622
1386
4614
4615
2551
4617
4618
4619
4620
4621
4622
4623
1388
5526
5401
4627
4628
4629
4630
4635
1370
4631
4634
5535
4636
4637
4638
4638
4640
4642
4642
4643
4641
4645
4646
4647
4648
4959
4650
4651
1395
1396
5500
4655
4656
4657
4658
4659
4660
4661
4662
5149
4664
4665
4666
4667
4668
4669
4699
4671
4672
4673
4674
4675
4680
4677
4676
1414
4680
4681
4682
4683
4684
4685
4686
4687
4688
4689
4690
4691
4692
4693
4694
4695
4696
4697
4698
4700
4700
1426
1425
4705
4704
5264
4706
4707
4708
4708
4710
5256
1452
4762
1451
5256
5238
5240
1452
5238
1452
1452
5240
1593
1593
5239
6020
1593
1593
5231
4747
1463
1434
4800
4738
4736
4744
4744
4799
4743
1462
1438
4739
1462
5205
5207
1593
5231
5230
5353
5351
5353
4751
5352
6138
5352
276
4758
4758
4757
4760
4761
4761
4763
4764
4769
4766
4767
533
4769
4770
4771
4772
4773
4775
4788
1456
4774
1457
4779
4780
212
341
4786
4783
4786
4807
4787
4809
2384
2562
4793
4792
4793
1464
1461
2385
2393
1588
1588
5206
4802
6131
2394
223
223
4806
4810
699
4810
4810
329
213
320
528
4752
267
273
1470
178
286
178
4822
4823
4824
4822
4826
4827
4828
4829
4830
4831
4832
4833
4797
4835
4838
1481
5534
4839
4840
4841
4842
2401
607
1505
2401
2232
2232
4849
4850
5188
4852
4853
1487
4855
4856
4857
4861
1490
4858
6116
4862
4867
4864
4868
4866
4867
4868
4869
6118
4855
1488
4871
1489
4860
4875
4879
1398
4879
4877
5722
5722
5723
5724
4887
1498
4882
4891
4888
1500
6149
4892
4893
4924
1503
4896
4897
4898
4899
4900
4901
4902
4903
4904
5182
5183
4907
1520
4909
4910
4911
4913
4939
1508
1509
4917
5332
4918
4919
4921
5187
4927
4953
4871
4954
5187
1494
5746
5746
4875
4934
4931
1513
4957
4938
4935
1507
6121
4911
4876
4876
1493
1495
1495
2235
4946
2259
560
4966
4873
4951
1514
4871
1493
4936
1512
4889
1499
4932
556
4941
4962
4963
1514
4966
4873
4967
1520
4969
4970
4971
4972
4973
4974
4975
4978
1529
4978
4979
4980
4981
4982
4983
4984
4985
4986
2204
4988
4989
4990
4991
4992
4993
4994
4995
4996
4997
4998
4999
5000
5001
5002
5003
5004
5005
5006
5007
5008
5009
5010
5011
5012
5013
5014
5015
5016
5017
5018
5019
5020
5021
5022
5023
5024
5025
5026
5027
5028
5029
5030
5031
5032
5033
5034
5035
5036
5037
5038
5039
5040
5041
5042
5043
5044
5045
5046
5047
5048
5049
5050
5051
5052
5053
5054
5055
5056
5057
5058
5059
5060
5061
5062
5063
5064
5065
5066
5067
5068
5069
5070
5071
5072
5073
5074
5075
5076
5077
5078
5079
5080
5081
5082
5083
5084
5085
5086
5087
5088
5089
5090
5091
5092
5093
5094
5095
5096
5097
5098
5099
5100
5101
5102
5103
5104
5105
5106
5107
5108
5109
5110
5111
5112
5113
5114
5115
5116
5117
5118
5119
5120
5121
5122
5123
5124
5125
5126
5127
5128
5129
5130
5131
5132
5133
5134
5135
5136
5137
5138
5139
5140
5141
5142
5143
5144
5145
5146
5147
5148
5150
5296
1578
5154
5153
5164
5158
5156
5158
5158
5159
5159
5161
5163
5421
5160
5165
1580
5167
1580
5169
5170
5171
5172
5173
5174
5175
5176
5518
1583
1520
5183
5181
5187
5187
1494
5185
5185
5186
5188
5189
5190
5191
5192
5193
5194
5195
5196
5197
5198
5199
5202
1586
4678
1413
1412
1588
5231
1589
5208
1434
1434
204
5206
5213
5214
5215
5216
5217
5218
5219
5220
5221
5222
5223
5224
5225
4759
5226
5227
5229
5230
5230
5232
5233
5234
5235
5236
5247
4763
5247
5247
296
5237
296
5244
5245
5246
5247
5248
5249
5250
5251
5252
4762
4762
1451
4762
2375
4762
4762
290
290
202
201
5264
5265
5266
5267
5268
5269
5270
5271
5272
5273
5274
5275
5276
5277
5278
5279
5280
5281
5282
5283
5284
5285
5286
5287
5288
5289
5290
5291
5292
5293
5294
5295
5295
1577
5298
5299
5300
5301
5302
5303
5304
5305
5306
5307
5147
5309
5310
5311
5312
5313
5314
5315
5316
5317
2374
178
286
5321
5322
5323
5324
3564
5326
5327
5328
5329
5330
5331
5332
5333
5334
5335
5336
5337
5338
5339
5340
5341
1379
5343
5344
5345
5346
5347
5348
5349
5350
4709
5351
680
5354
5355
5356
5357
5358
5359
5360
5361
5362
5363
5364
5365
5366
5367
5368
5369
5370
5371
5372
5373
5374
4693
5376
5375
5377
1633
5380
5381
5382
5383
1360
5385
5386
4565
5388
5389
5390
5391
5392
5393
679
4610
5396
5397
5570
5399
1637
5571
5402
5403
5404
5405
5406
5407
5408
5409
5410
5411
5412
5413
5416
5414
5416
5417
5418
5419
5420
5421
5422
5423
5424
5425
5426
5427
5428
5429
5430
5431
5432
5433
5434
5435
5436
5437
5438
5440
5440
5439
5442
5443
5444
1443
1321
5447
5448
5449
5450
5451
5452
5453
5454
5455
5456
5457
5458
5459
1319
4487
5461
4487
5464
5465
5466
5467
5468
5469
5470
5471
5472
5473
5474
5475
5476
5477
1652
5479
5480
5481
5482
5483
5484
5485
5486
5487
5488
5489
5490
5491
5492
5493
5494
5495
5496
5497
1650
5499
5462
5501
5502
5503
5504
5505
5506
1324
5511
5508
1478
5511
1655
2383
5531
1440
5517
5517
4825
5519
5520
5521
1372
5521
5525
4577
1364
5523
606
5529
5530
1439
5532
5533
5534
5537
5536
5548
5538
5539
5540
5541
5542
4644
1397
5545
5546
5547
5548
5549
5550
5551
5552
2401
5554
5555
5556
5557
5558
5559
5560
5561
5562
5563
5564
5565
5566
5567
696
5569
4574
4574
4572
5573
5574
5575
5576
5577
5578
5579
5580
5581
5582
5583
5584
5585
5586
5587
5588
5589
5590
5591
5592
5593
5594
5595
5596
5597
5598
5599
5600
5601
5602
5603
5604
5605
5606
5607
5608
5609
5610
5611
5612
5613
5614
5615
5616
5617
5618
5619
5620
5621
5622
5623
5624
5625
5626
5627
5628
5629
5630
5631
5632
5633
5634
5635
5636
5637
5638
5639
5640
5641
5642
5643
5644
5645
5646
5647
5648
5649
5650
5651
5652
5653
5654
5655
5656
5657
5658
5659
5660
5661
5662
5663
5664
5665
5666
5667
5668
5669
5670
5671
5672
5673
5674
5675
5676
5677
5678
5679
5680
5681
5682
5683
5684
5685
5686
5687
5688
5689
5690
5691
5692
5693
5694
5695
5696
5697
5698
5699
5700
5701
5702
5703
5704
5705
5706
5707
5708
5709
5710
5711
5712
5713
5714
5715
5716
5717
5718
5719
4882
1496
2401
607
2401
1505
4843
5727
4844
5729
5730
5731
5732
5733
5734
5735
5736
5737
5738
5739
4557
5741
5742
5743
5744
5745
4876
4876
4941
5749
5750
5751
5752
5753
5754
5755
5756
5757
5758
5759
5760
5761
5762
5763
5764
5765
5766
5767
5768
5769
5770
5771
5772
5773
5774
5775
5776
5777
5778
5779
5780
5781
5782
5783
5784
5785
5786
5787
5788
5789
5790
5791
5792
5793
5794
5795
5796
5797
5798
5799
5800
5801
5802
5803
5804
5805
5806
5807
5808
5809
5810
5811
5812
5813
5814
5815
5816
5817
5818
5819
5820
5821
5822
5823
5824
5825
5826
5827
5828
5829
5830
5831
5832
5833
5834
5835
5836
5837
5838
5839
5840
5841
5842
5843
5844
5845
5846
5847
5848
5849
5850
5851
5852
5853
5854
5855
5856
5857
5858
5859
5860
5861
5862
5863
5864
5865
5866
5867
5868
5869
5870
5871
5872
5873
5874
5875
5876
5877
5878
5879
5238
1452
5882
5883
5884
5885
5886
5887
5888
5889
5890
5891
5892
5893
5894
5895
5896
5897
5898
5899
5900
5901
5902
5903
5904
5905
5906
5907
5908
5909
5910
5911
5912
5913
5914
5915
5916
5917
5918
5919
5920
5921
5922
5923
5924
5925
5926
5927
5928
5929
5930
5931
5932
5933
5934
5935
5936
5937
5938
5939
5940
5941
5942
5943
5944
5945
5946
5947
5948
5949
5950
5951
5952
5953
5954
5955
5956
5957
5958
5959
5960
5961
5962
5963
5964
5965
5966
5967
5968
5969
5970
5971
5972
5973
5974
5975
5976
5977
5978
5979
5980
5981
5982
5983
5984
5985
5986
5987
5988
5989
5990
5991
5992
5993
5994
5995
5996
5997
5998
5999
6000
6001
6002
6003
6004
6005
6006
6007
6008
6009
6010
6011
6012
6013
6014
6015
6016
6017
6018
6019
5230
6021
6022
6023
6024
6025
6026
6027
6028
6029
6030
6031
6032
6033
6034
6035
6036
6037
6038
6039
6040
6041
6042
6043
6044
6045
6046
6047
6048
6049
6050
6051
6052
6053
6054
6055
6056
6057
6058
6059
6060
6061
6062
6063
6064
6065
6066
6067
6068
6069
6070
6071
6072
6073
6074
6075
6076
6077
6078
6079
6080
6081
6082
6083
6084
6085
6086
6087
6088
6089
6090
6091
6092
6093
6094
6095
6096
6097
6098
6099
6100
6101
6102
6103
6104
6105
6106
6107
6108
6109
6110
6111
6112
6113
6114
6115
4866
1492
2254
6119
6119
6120
6122
6123
6124
6125
6126
6127
6128
5415
6130
6131
6132
6133
6134
6135
6136
6137
5351
6139
286
698
6142
6143
6144
6145
6146
678
6148
4929
6150
4871
6152
6153
5693
6155
6156
6157
6158
6159
2014
6161
6162
6163
6164
6165
6166
6167
6168
6169
6170
6171
6172
6173
6174
6175
6176
6177
6178
6179
6180
6181
6182
6183
2175
1524
6186
6187
6188
6189
6190
6191
4977
6193
6194
6195
6242
6197
6198
6199
6200
6201
6202
6203
6204
6205
1528
6207
6208
6209
6210
6237
6237
6213
6214
6215
6216
6217
6218
6219
6220
6221
6222
6223
6224
6225
6226
6227
6228
6229
6230
6231
6232
6233
6234
6235
6215
6237
6238
6239
6240
6241
6242
6243
6244
6245
6246
6247
6248
6249
6250
6251
6252
6253
6254
6255
6256
6257
6258
6259
6260
6261
6262
6263
6264
6265
6266
6267
6268
6269
6270
6271
6272
6273
6274
6275
6276
6277
6278
6279
6280
6281
6282
6283
6284
6285
6286
6287
6288
6289
6290
6291
