126
45
3
99
144
3680
2951
2951
897
117
2915
124
73
14
3012
35
133
120
62
78
20
2934
23
24
24
142
52
3678
3617
3592
892
1081
881
2924
77
107
1968
135
27
52
115
168
170
27
46
37
161
46
49
38
49
48
41
116
114
116
134
31
2912
121
9
32
2920
124
122
11
33
65
61
158
165
15
150
17
82
17
72
69
165
53
164
55
57
59
47
127
84
1
2
90
94
147
24
97
24
3
101
24
101
102
101
101
144
893
3678
3618
2951
893
2951
3592
2951
2951
2950
891
2955
29
3022
3558
2913
3022
2912
2914
2915
2917
2917
2927
894
3446
69
70
76
19
74
30
113
132
137
130
12
13
51
143
143
52
39
1972
36
136
105
106
104
27
154
154
168
29
109
151
3013
169
1971
67
145
28
3015
134
170
170
27
27
27
258
173
267
271
315
198
276
199
284
202
1592
1444
183
222
4811
330
224
181
234
190
2387
4733
1474
1474
4817
545
197
198
4751
4751
5319
1602
1432
1435
300
562
2221
309
340
197
305
212
339
214
218
218
215
317
219
220
221
222
4812
227
227
180
288
291
228
292
4719
296
235
295
4725
239
236
171
297
241
241
240
243
244
254
246
247
247
250
336
187
229
188
188
2196
259
2193
532
194
265
1474
194
195
269
4817
1474
4817
272
273
1474
545
315
545
277
277
199
277
198
4751
199
199
4751
279
281
283
200
4715
4715
1445
5263
4716
4717
4716
4723
4726
4724
4732
4730
248
2224
299
302
205
179
326
308
306
310
207
1472
311
312
312
197
312
2222
2222
331
275
198
320
274
323
324
323
178
177
209
338
321
313
217
174
177
322
335
338
338
214
341
341
342
343
344
345
346
347
348
349
3436
3618
2934
353
20
126
3710
357
1803
1805
361
3036
2951
1819
3034
3030
2976
2989
142
1825
1842
371
1831
373
3157
375
2765
377
1842
379
380
381
382
959
3047
3678
52
387
388
389
390
391
392
393
394
395
396
397
398
399
400
401
402
403
404
405
406
407
408
409
410
411
412
413
414
415
416
417
418
419
420
3592
421
423
424
425
2986
2975
3771
3969
430
431
432
433
434
435
436
437
438
439
440
378
959
443
444
445
446
447
448
449
450
451
452
453
454
455
456
457
458
459
460
461
462
463
464
465
466
467
468
469
470
471
472
473
474
475
476
477
478
479
480
481
482
483
484
485
486
487
488
489
490
491
492
493
494
495
2835
2129
2135
3767
2824
3614
2907
3712
504
505
2141
2815
2776
509
2147
511
2158
2847
514
515
516
517
4497
519
520
2184
522
523
524
525
526
4751
5379
4733
2387
531
258
5470
4685
2199
2201
538
4835
1443
2213
4829
4832
4775
4788
545
5725
5540
5722
561
4869
2232
5543
4944
2231
1505
4932
5727
4865
2251
5722
5724
198
563
564
565
566
567
568
569
570
571
572
573
574
575
576
577
578
579
580
581
582
583
584
585
586
587
588
589
590
591
592
593
594
595
596
597
598
599
600
601
2370
603
604
2382
5528
5746
4860
609
610
611
612
613
614
615
616
617
4887
4884
1505
6150
4957
4889
2434
625
626
627
628
629
630
631
632
633
634
635
636
637
638
639
640
641
642
643
644
645
646
647
648
649
650
651
652
653
654
655
656
657
658
659
660
6004
662
663
664
665
666
667
668
669
670
671
672
673
674
1370
4624
675
5525
5401
5375
4709
5472
4704
684
4619
2550
4617
688
689
2564
5399
692
693
4904
5542
2579
2586
6139
4787
700
701
702
703
704
705
706
707
708
709
710
711
712
713
714
715
716
717
718
719
720
721
722
723
724
725
726
727
728
729
730
731
732
733
734
735
736
737
738
739
740
741
742
743
744
745
746
747
748
749
750
751
752
753
754
755
2683
2685
758
759
760
3630
762
763
764
765
766
767
768
769
770
771
772
773
774
775
776
777
778
779
780
781
782
783
784
785
786
787
788
2742
790
791
792
793
794
795
796
797
798
799
2763
3634
802
2768
4395
805
2773
2772
808
809
3385
2817
2785
3377
2787
815
3766
817
818
819
820
821
822
823
824
2802
2804
827
829
2821
3638
3648
803
2830
2828
835
836
837
838
839
840
841
842
843
3083
845
846
2855
2854
849
850
851
852
853
854
855
856
857
3461
2878
2958
3462
2880
863
2885
865
3625
867
868
869
870
2894
2896
873
874
875
3561
2911
3492
1949
1949
3493
2947
2925
2933
884
2942
1978
2977
3037
1980
3615
3592
1113
124
2913
2149
2951
3592
3617
3481
1959
2963
503
356
932
3041
363
908
1809
930
4267
912
2994
27
2967
903
48
905
2979
906
23
24
24
892
925
3761
927
928
3032
1817
931
3044
3048
934
3052
3124
833
3054
939
3058
941
942
943
1852
3075
3077
374
3969
948
950
951
952
953
3133
3129
3114
957
3103
3108
3110
945
3149
963
964
3120
966
3128
3075
3135
3167
971
972
3152
3152
975
976
977
978
3112
945
981
982
983
984
985
986
987
988
989
990
991
992
993
994
995
996
997
998
999
1000
1001
1002
1003
1004
1005
1006
1007
1008
1009
1010
1011
1012
1013
1014
1015
1016
1017
1018
1019
1020
1021
1022
1023
1024
1025
1026
1027
1028
1029
1030
1031
1032
1033
1034
1035
1036
1037
1038
1039
1040
1041
1042
1043
1044
1045
1046
3393
3395
3379
3382
1051
1052
3397
3399
1055
1056
3404
3406
1057
3110
1061
3135
3419
1064
1065
3433
3464
2924
3466
1070
1071
1072
2915
3474
1075
3473
3492
881
2964
1080
1958
421
1081
1960
1085
1086
1087
1088
1089
1090
1091
1092
1093
1094
1095
1096
1097
1098
1099
1100
1101
1102
1103
1104
1105
1106
1107
1108
1109
1110
1111
1112
872
1114
1115
1116
1117
3814
1119
1120
1121
1122
1123
1124
1125
3677
3682
1128
1129
1130
3708
3718
1133
1134
1135
1136
1137
1138
1139
1140
1141
1142
1143
1144
1145
1146
1147
1148
1149
1150
1151
1152
1153
1154
1155
1156
1157
1158
1159
1160
1161
1162
1163
1164
3048
1166
1167
1168
1169
1170
1171
1172
1173
1174
1175
1176
1177
1178
1179
1180
1181
1182
1183
1184
1185
1186
1187
1188
1189
1190
1191
1192
1193
1194
1195
1196
1197
1198
1199
1200
1201
1202
1203
1204
1205
1206
1207
1208
1209
1210
1211
1212
1213
1214
1215
1216
1217
1218
1219
1220
1221
1222
1223
1224
1225
1226
1227
1228
1229
1230
1231
1232
1233
1234
1235
1236
1237
1238
1239
1240
1241
1242
1243
1244
1245
1246
1247
1248
1249
1250
1251
1252
1253
1254
1255
1256
1257
1258
1259
1260
1261
1262
1263
1264
1265
1266
1267
1268
1269
1270
1271
1272
1273
4410
1275
5630
1277
1278
1279
1280
1281
1282
1283
1284
1285
1286
1287
1288
4431
5625
5612
4433
1293
1294
1295
1296
1297
1298
1299
1300
1301
1302
1303
1304
1305
1306
1307
1308
1309
1310
1311
1312
1313
1314
5487
1316
1317
4491
4482
4484
4543
1322
4489
4492
4542
1326
1327
1328
4501
5391
4520
5402
5406
4506
1335
1336
1337
1338
5417
5412
1341
1342
1343
1344
1345
1346
1347
1348
1349
4549
4547
5305
1353
1354
1355
1356
1357
1358
1359
5561
2541
5715
4571
6141
5557
4575
4579
1368
4615
1367
5158
1372
1373
4592
4594
5464
4651
4596
4601
5335
4602
4605
1383
4623
5398
2565
5407
1363
4628
4627
4634
5536
4640
4638
4654
4653
6118
2233
4646
4649
1401
1402
1403
1404
1405
1406
1407
1408
5224
1410
1411
1412
5203
1414
1415
1416
4683
5385
5482
1420
5388
4692
4691
1424
1425
4701
4671
5265
4707
2365
4721
1596
1596
1463
4747
1436
4744
4741
4742
4834
2394
5378
1633
204
290
1449
4751
4751
199
1450
2378
1452
682
533
1482
4839
4776
4776
2205
1460
4778
5207
5206
4794
1453
4768
198
4784
1455
1456
1453
197
1474
4817
1474
5319
1477
1478
4827
2215
1481
4842
5748
5724
4849
4630
4857
4855
5185
4861
4863
6116
4953
5187
2232
4930
5747
4891
6120
4896
4898
4920
4923
4900
5726
5182
4911
4913
4917
4926
4953
4936
4938
6151
6151
4963
4967
5727
4907
5183
5181
4951
5546
2577
4971
4980
4975
5731
4977
3191
5190
4983
2573
1534
1535
1536
1537
1538
1539
1540
1541
1542
1543
1544
1545
1546
1547
1548
1549
1550
1551
1552
1553
1554
1555
1556
1557
1558
1559
1560
1561
1562
1563
1564
1565
1566
1567
1568
1569
1570
1571
1572
1573
1574
1575
1576
1577
1578
1579
5168
1581
5171
5178
1584
5197
5201
1435
1588
1589
1590
1591
203
1593
1594
5238
5239
1432
1598
1599
2372
4820
1602
2376
1604
1605
1606
1607
1608
1609
1610
1611
1612
1613
1614
5304
1616
1617
1618
1442
1620
5331
5552
5409
5337
5339
5342
5602
1628
1629
1630
1631
1632
5376
1634
5632
1636
5568
5567
6128
5424
1641
5594
1643
1644
1645
5437
5444
5593
5453
5462
5467
1652
1653
1654
1655
1457
5549
5554
5556
1660
1661
1662
1663
1664
1665
1666
1667
5712
1669
1670
1671
1672
1673
1674
1675
1676
1677
1678
1679
1680
1681
1682
1683
1684
6124
5748
5749
1688
5751
1690
1691
1692
1693
1694
1695
1696
1697
1698
1699
1700
1701
1702
1703
1704
1705
1706
1707
1708
1709
1710
1711
1712
1713
1714
1715
1716
1717
1718
1719
1720
1721
1722
1723
1724
1725
1726
1727
1728
1729
1730
1731
1732
1733
1734
1735
1736
1737
1738
1739
1740
1741
1742
1743
1744
1745
1746
1747
1748
1749
1750
1751
1752
1753
1754
1755
1756
1757
1758
1759
1760
1761
1762
1763
1764
1765
1766
1767
1768
1769
1770
1771
1772
1773
1774
1775
1776
1777
1778
1779
1780
1781
1782
1783
1784
1785
1786
1787
1788
1789
1790
1791
1792
1793
3435
1795
1796
47
162
84
127
44
357
1803
1802
357
1810
361
1806
358
3201
893
893
904
3678
2951
1818
1818
3033
365
2991
2991
97
2156
2976
1842
1842
1841
370
1829
3049
369
1829
1833
1825
1836
1827
376
3156
2764
1840
1841
1842
1843
1841
1845
1846
380
1848
1849
1850
1851
1852
1853
1854
3049
3049
3049
959
1859
1860
1861
1862
1863
1864
1865
1866
1867
1868
1869
1870
1871
1872
1873
1874
1875
1876
1877
1878
1879
1880
1881
1882
1883
1884
1885
1886
1887
1888
1889
1890
1891
1892
1893
1894
1895
1896
1897
1898
1899
1900
1901
1902
1903
1904
1905
1906
1907
1908
1909
1910
1911
1912
1913
1914
1915
1916
1917
1918
1919
1920
1921
1922
1923
1924
1925
1926
1927
1928
1929
1930
1931
1932
1933
1934
1935
1936
1937
1938
1939
1940
1941
1942
1943
1944
1945
3476
3476
3492
902
3473
1951
1952
1953
3591
3591
421
891
3592
502
2908
1959
3590
2909
1964
1965
1966
1967
39
4390
52
143
102
2977
2975
2977
2977
920
3010
90
2998
2996
2943
3757
930
1805
2884
1986
1988
1989
1990
1991
1992
1993
1994
1995
1996
1997
1998
1999
2000
2001
2002
2003
2004
2005
2006
2007
2008
2009
3106
3106
3106
959
3105
3105
2016
2017
2018
2019
2020
2021
2022
2023
2024
2025
2026
2027
2028
2029
2030
2031
2032
2033
2034
2035
2036
2037
2038
2039
2040
2041
2042
2043
2044
2045
2046
2047
2048
2049
2050
2051
2052
2053
2054
2055
2056
2057
2058
2059
2060
2061
2062
2063
2064
2065
2066
2067
2068
2069
2070
2071
2072
2073
2074
2075
2076
2077
2078
2079
2080
2081
2082
2083
2084
2085
2086
2087
2088
2089
2090
2091
2092
2093
2094
2095
2096
2097
2098
2099
2100
2101
2102
2103
2104
2105
2106
2107
2108
2109
2110
2111
2112
2113
2114
2115
2116
2117
2118
2119
2120
2121
2122
2123
2124
2125
2126
2127
4401
496
4401
499
2825
2825
2811
2825
2136
2137
2138
2139
2140
2143
2142
4393
2143
2145
2146
506
2145
2951
2951
3617
2951
24
24
24
2976
513
2158
2157
2160
2161
2162
2163
2164
2165
2166
2167
2168
2169
2170
2171
2172
2173
2174
2175
2176
2180
518
2179
4498
2183
2182
2183
523
2185
2186
2185
2188
2189
2190
2191
2192
172
2193
259
218
192
534
534
2198
534
2204
4835
4987
536
2202
5441
5439
1454
277
1443
4831
541
4831
2214
4788
1474
4788
4788
4790
312
315
312
197
4771
1505
1505
1505
5540
2233
561
548
2400
2233
561
5725
561
549
4643
2235
2230
4848
4903
2245
5540
2430
2248
4931
623
4885
1492
2255
2254
6117
4866
1484
5724
1484
1484
2260
2260
2262
2263
2264
2265
2266
2267
2268
2269
2270
2271
2272
2273
2274
2275
2276
2277
2278
2279
2280
2281
2282
2283
2284
2285
2286
2287
2288
2289
2290
2291
2292
2293
2294
2295
2296
2297
2298
2299
2300
2301
2302
2303
2304
2305
2306
2307
2308
2309
2310
2311
2312
2313
2314
2315
2316
2317
2318
2319
2319
2321
2322
2320
2324
2323
2329
2327
2328
2330
2330
5122
2332
2333
2334
2335
2336
2337
2338
2339
2340
2341
2342
2343
2344
2345
2346
2347
2348
2349
2350
2351
2352
2353
2354
2355
2356
2357
2358
2359
2360
2364
2364
5239
5237
1595
2366
2366
2368
4750
6138
4751
4750
2369
2377
2374
681
5353
5352
2380
2380
2379
2382
4775
4775
4774
4788
1470
4809
194
4795
2392
4796
1480
4797
2199
2397
4684
2399
4875
2399
5723
2402
2403
2404
2405
2406
2407
2408
2409
2410
2411
2412
2413
2414
2415
2416
2417
2418
2419
1484
4882
1484
4845
1505
2232
2421
4845
5725
4886
4889
1498
2367
2367
601
2435
2436
2437
2438
2439
2440
2441
2442
2443
2444
2445
2446
2447
2448
2449
2450
2451
2452
2453
2454
2455
2456
2457
2458
2459
2460
2461
2462
2463
2464
2465
2466
2467
2468
2469
2470
2471
2472
2473
2474
2475
2476
2477
2478
2479
2480
2481
2482
2483
2484
2485
2486
2487
2488
2489
2490
2494
2492
2493
5684
2495
2496
2497
2498
2499
2500
2501
2502
2503
2504
2505
2506
2507
2508
2509
2510
2511
2512
2513
2514
2515
2516
2517
2518
2519
2520
2521
2522
2523
2524
2525
2526
2527
2528
2529
2530
2531
2532
2533
2534
678
678
2542
4632
1388
5572
4626
4625
2544
4703
2545
2546
683
687
2551
687
4616
685
2552
2554
4751
4751
4751
5378
4788
1474
4785
1456
689
2564
2564
5399
2567
2568
2569
2570
2572
4973
1527
2572
2578
2578
1523
5545
2553
2553
686
2584
2583
2585
507
2586
4617
2589
4617
2590
2591
2592
2593
2594
2595
2596
2597
2598
2599
2600
2601
2602
2603
2604
2605
2606
2607
2608
2609
2610
2611
2612
2613
2614
2615
2616
2617
2618
2619
2620
2621
2622
2623
2624
2625
2626
2627
2628
2629
2630
2631
2632
2633
2634
2635
2636
2637
732
2639
2640
2641
2642
2643
2644
2645
2646
2647
2648
2649
2650
2651
2652
2653
2654
2655
2656
2657
2658
2659
2660
2661
2662
2663
2664
2665
2666
2667
2668
2669
2670
2671
2672
2673
2674
2675
2676
2677
2678
2679
2680
2681
2682
2683
2681
2685
2686
2687
2688
2689
2690
2691
2692
2693
2694
2695
2696
2697
2698
2699
2700
2701
2702
2703
2704
2705
2706
2707
2708
2709
2710
2711
2712
2713
2714
2715
2716
2717
2718
2719
2720
2721
2722
2723
2724
2725
2726
2727
2728
2729
2730
2731
2732
2733
2734
2735
2736
2737
2738
2739
2740
2743
446
2743
790
2741
2746
2747
2748
2749
2750
2751
3984
2753
729
2755
2756
2757
2758
2759
2132
2130
3633
500
2764
2765
2766
2767
2770
2768
508
2770
805
805
2773
2776
2776
2780
2778
810
3384
811
2774
2784
807
806
2790
813
2788
2789
3764
2791
2792
2793
2794
2795
2796
2797
2798
2799
2801
2801
824
2800
823
2805
2806
2807
2822
2821
2820
3639
830
2814
3646
831
2813
825
2816
2819
2159
2159
512
3816
1118
3768
2826
2826
2828
2829
2830
2832
3778
2833
2831
812
2836
2837
2838
2839
2840
2841
2842
844
2844
2845
2845
2847
2848
2849
2850
2851
2838
2852
841
2855
2856
2857
2858
2859
2860
2861
2862
2863
2864
2865
2866
2867
2868
2869
3471
858
2872
2873
2874
2875
2876
2879
860
2960
3440
2877
2882
2883
2882
865
2886
2887
3624
2889
2890
3625
2893
2893
870
2892
348
2897
2898
2899
2900
2901
2902
2903
2904
876
2906
871
2911
2910
871
3593
3021
892
1957
2913
3020
2914
1077
881
2912
3476
1949
3492
2917
1950
2924
2917
1076
2947
1076
33
2926
127
33
1801
2935
353
2936
2936
2942
2933
427
1976
2944
884
2946
3475
3475
2948
3617
3615
3617
3617
2951
2951
3592
2951
2958
2959
2960
2961
1961
901
1084
2962
3711
3710
2970
503
3711
2974
2974
932
3747
363
363
363
1819
3042
2966
2967
2968
2969
3041
3042
2973
3041
3041
2979
2975
2979
1808
2993
360
2995
2978
2978
3035
911
3444
2949
3757
3037
1983
2968
903
38
2985
2985
2979
905
168
27
170
893
3618
101
101
2979
2950
891
2950
3023
3024
3760
3026
3027
762
3028
762
3031
3032
2696
763
1816
364
1817
1804
3039
359
3043
3043
3029
929
3045
3046
3047
429
370
3050
3053
936
3422
3423
3051
3056
3057
935
3059
3060
3061
3062
3063
3064
3067
3066
3122
3068
3069
3070
3071
3072
3073
3059
940
3074
941
3078
3990
1836
374
1835
372
3966
3968
3969
3966
3088
3087
3090
3091
3092
3093
3094
3095
3096
3097
3132
3099
3102
957
3102
953
3101
3105
370
3107
3108
3111
3416
980
978
3109
3116
3116
3149
963
3118
3119
3120
3118
3123
3123
834
3099
3125
955
968
968
3420
3130
3134
970
3166
3416
945
3110
3990
3990
3139
3141
3142
3141
3144
3145
3146
3147
3148
3149
3149
3079
946
3151
3154
3155
3154
1827
1825
1827
3106
959
3162
4405
3164
3165
3076
946
3168
3169
3170
3171
3172
3173
3153
973
3176
3177
3181
980
3180
3076
3182
3183
3184
3185
3186
3187
3188
3190
3190
991
3189
3193
3194
3195
3196
3197
3198
3199
3200
3202
3720
3203
3204
3205
3206
3207
3208
3209
3210
3211
3212
3213
3214
3215
3216
3217
3218
3219
3220
3221
3222
3223
3224
3225
3226
3227
3228
3229
3230
3231
3232
3233
3234
3235
3236
3237
3238
3239
3240
3241
3242
3243
3244
3245
3246
3247
3248
3249
3250
3251
3252
3253
3254
3255
3256
3257
3258
3259
3260
3261
3262
3263
3264
3265
3266
3267
3268
3269
3270
3271
3272
3273
3274
3275
3276
3277
3278
3279
3280
3281
3282
3283
3284
3285
3286
3287
3288
3289
3290
3291
3292
3293
3294
3295
3296
3297
3298
3299
3300
3301
3302
3303
3304
3305
3306
3307
3308
3309
3310
3311
3312
3313
3314
3315
3316
3317
3318
3319
3320
3321
3322
3323
3324
3325
3326
3327
3328
3329
3330
3331
3332
3333
3334
3335
3336
3337
3338
3339
3340
3341
3342
3343
3344
3345
3346
3347
3348
3349
3350
3351
3352
3353
3354
3355
3356
3357
3358
3359
3360
3361
3362
3363
3364
3365
3366
3367
3368
3369
3370
3371
3372
3373
3374
3375
3378
1047
3392
1048
3376
3380
1049
3381
2803
826
3386
3387
3388
3389
3390
1050
3392
3393
3394
3395
3400
1052
3396
1055
3400
3402
3402
3401
1056
3403
864
3405
1057
980
3412
3411
3416
3416
3110
945
3420
3055
3417
938
3418
1063
2827
833
3424
3425
3426
3427
3428
3429
3430
3434
3431
1044
3434
3432
3437
1066
1067
3438
3463
3444
1069
3443
3466
894
2927
3446
883
3449
3465
3451
3452
3453
3454
3455
3456
3457
3458
3370
3459
852
3463
3464
3460
3467
1074
3483
3468
3469
3470
3471
3472
902
902
3474
2963
2917
2917
2915
3480
1079
3500
2965
3484
3485
3486
3487
3488
1955
421
1955
901
3494
421
3556
3020
892
2913
3558
3501
3562
3502
3503
3504
3505
3506
3507
3508
3509
3510
3511
3512
3513
3514
3515
3516
3517
3518
3519
3520
3521
3522
3523
3524
3525
3526
3527
3528
3529
3530
3531
3532
3533
3534
3535
3536
3537
3538
3539
3540
3541
3542
3543
3544
3545
3546
3547
3548
3549
3550
3551
3552
3553
3554
3555
3591
2950
891
3559
3560
877
2908
3563
3564
3565
3566
3567
3568
3569
3570
3571
3572
3573
3574
3575
3576
3577
3578
3579
3580
3581
3582
3583
3584
3585
3586
3587
3588
3589
501
501
3614
3585
3594
3595
3596
3597
3598
3599
3600
3601
3602
3603
3604
3605
3606
3607
3608
3609
3610
3611
3612
3613
2895
2895
872
3614
3616
3619
3620
3621
3622
801
801
3626
3632
800
3628
2761
3631
3631
1116
2808
828
1117
3636
3813
3637
1118
3815
3641
3642
3643
3644
3645
3647
3647
3648
3649
3650
3651
3652
3653
3654
3655
3656
3657
3658
3659
3660
3661
3662
3663
3664
3665
3666
3667
3668
3669
3670
2745
3672
3673
789
3675
3676
3677
3709
3709
3679
3676
1126
3681
3618
3685
3686
3687
3688
3689
3690
3691
3692
3693
3694
3695
3696
3697
3698
3699
3700
3701
3702
3703
3704
3705
3697
3706
3708
3683
1127
3707
1131
3713
3714
3715
3716
3717
3718
3716
3720
3721
761
3723
3724
3725
3726
3727
3728
3729
3730
3731
3732
3733
3734
3735
3736
3737
3738
3739
3740
3741
3742
2972
2972
3745
3745
3746
3748
3748
3754
428
3752
1058
3771
2978
930
3035
1987
3759
3407
1059
3762
3763
3765
3770
1132
3769
804
2775
3770
2884
3772
3773
2997
3775
3776
3777
3779
3791
3780
3781
3782
3783
3784
3785
3786
3787
3788
3789
3790
3791
3792
3793
3794
3795
3796
3797
3798
3799
3800
3801
3802
3803
3805
3805
3806
3807
3808
3809
3810
3811
3812
510
510
2769
2771
3817
3818
3819
3820
3821
3822
3823
3824
3825
3826
3827
3828
3829
3830
3831
3832
3833
3834
3835
3836
3837
3838
3839
3840
3841
3842
3843
3844
3845
3846
3847
3848
3849
3850
3851
3852
3853
3854
3855
3856
3857
3858
3859
3860
3861
3862
3863
3864
3865
3866
3867
3868
3869
3870
3871
3872
3873
3874
3875
3876
3877
3878
3879
3880
3881
3882
3883
3884
3885
3886
3887
3888
3889
3890
3891
3892
3893
3894
3895
3896
3897
3898
3899
3900
3901
3902
3903
3904
3905
3906
3907
3908
3909
3910
3911
3912
3913
3914
3915
3916
3917
3918
3919
3920
3921
3922
3923
3924
3925
3926
3927
3928
3929
3930
3931
3932
3933
3934
3935
3936
3937
3938
3939
3940
3941
3942
3943
3944
3945
3946
3947
3948
3949
3950
3951
3952
3953
3954
3955
3956
3957
3958
1844
3960
3961
3962
3963
3087
949
3045
3047
3046
429
3970
3971
3972
3973
3974
3975
3976
3977
3978
3979
3980
3981
3982
3983
3985
3985
3986
3987
3988
3989
3079
3151
3992
3993
3994
3995
3996
3997
3998
3999
4000
4001
4002
4003
4004
4005
4006
4007
4008
4009
4010
4011
4012
4013
4014
4015
4016
4017
4018
4019
4020
4021
4022
4023
4024
4025
4026
4027
4028
4029
4030
4031
4032
4033
4034
4035
4036
4037
4038
4039
4040
4041
4042
4043
4044
4045
4046
4047
4048
4049
4050
4051
4052
4053
4054
4055
4056
4057
4058
4059
4060
4061
4062
4063
4064
4065
4066
4067
4068
4069
4070
4071
4072
4073
4074
4075
4076
4077
4078
4079
4080
4081
4082
4083
4084
4085
4086
4087
4088
4089
4090
4091
4092
4093
4094
4095
4096
4097
4098
4099
4100
4101
4102
4103
4104
4105
4106
4107
4108
4109
4110
4111
4112
4113
4114
4115
4116
4117
4118
4119
4120
4121
4122
4123
4124
4125
4126
4127
4128
2912
2914
4131
4132
4133
4134
4135
4136
4137
4138
4139
4140
4141
4142
4143
4144
4145
4146
4147
4148
4149
4150
4151
4152
4153
4154
4155
4156
4157
4158
4159
4160
4161
4162
4163
4164
4165
4166
4167
4168
4169
4170
4171
4172
4173
4174
4175
4176
4177
4178
4179
4180
4181
4182
4183
4184
4185
4186
4187
4188
4189
4190
4191
4192
4193
4194
4195
4196
4197
4198
4199
4200
4201
4202
4203
4204
4205
4206
4207
4208
4209
4210
4211
4212
4213
4214
4215
4216
4217
4218
4219
4220
4221
4222
4223
4224
4225
4226
4227
4228
4229
4230
4231
4232
4233
4234
4235
4236
4237
4238
4239
4240
4241
4242
4243
4244
4245
4246
4247
4248
4249
4250
4251
4252
4253
4254
4255
4256
4257
4258
4259
4260
4261
4262
4263
4264
4265
4266
1074
4268
4269
4270
4271
4272
4273
4274
4275
4276
4277
4278
4279
4280
4281
4282
4283
4284
4285
4286
4287
4288
4289
4290
4291
4292
4293
4294
4295
4296
4297
4298
4299
4300
4301
4302
4303
4304
4305
4306
4307
4308
4309
4310
4311
4312
4313
4314
4315
4316
4317
4318
4319
4320
4321
4322
4323
4324
4325
4326
4327
4328
4329
4330
4331
4332
4333
4334
4335
4336
4337
4338
4339
4340
4341
4342
4343
4344
4345
4346
4347
4348
4349
4350
4351
4352
4353
4354
4355
4356
4357
4358
4359
4360
4361
4362
4363
4364
4365
4366
4367
4368
4369
4370
4371
4372
4373
4374
4375
4376
4377
4378
4379
4380
2834
4382
4383
4384
2946
4386
4387
4388
4389
2971
4391
3592
3801
891
508
4396
4397
4398
4399
4400
499
947
4403
3106
3076
4409
4406
4408
5655
1276
4411
4412
4413
4414
4415
4416
4417
4418
4419
4420
4421
4422
4423
4424
4425
4426
4427
4428
4429
4432
1290
5624
1291
4430
4435
4436
4437
4438
4439
4440
4441
4442
4443
4444
4445
4446
4447
4448
4449
4450
4451
4452
4453
4454
4455
4456
4457
4458
4459
4460
4461
4462
4463
4464
4465
4466
4467
4468
4469
4470
4471
4472
4474
5629
1315
4473
4480
4477
4479
4480
4485
1318
4481
1321
5446
4483
1319
4488
1320
2684
757
756
4490
4495
4541
4494
1325
4498
4499
4500
4501
4502
4503
4505
5393
1332
4521
5403
4508
4507
1334
4510
4509
4514
4515
4516
4517
4518
4519
1339
5404
4523
5419
4524
4525
4526
4527
4528
4529
4530
4531
4532
4533
4534
4535
4536
4539
4538
5486
4540
2737
788
787
4544
4548
4545
1352
5711
624
4550
4551
4552
4553
4554
4555
4556
4557
4558
4559
4560
4561
4562
2539
4610
5394
2536
2428
621
2427
2258
2588
4573
2588
2581
1365
5558
4576
4575
1365
4582
1369
5161
4583
4578
1367
1366
1366
4589
5521
4590
4588
1371
4595
1376
5501
1377
4593
4600
4598
5333
1380
4605
4602
4605
4605
4606
4607
4608
5397
4622
1637
5396
2565
1381
1381
4614
4618
4604
1369
4620
2563
5396
690
5571
4572
5570
836
4628
4628
2830
5535
4585
4635
1392
5535
4639
4636
1395
4652
1396
5544
2253
5543
5544
690
2564
4646
4637
1393
4648
1394
2853
847
848
4655
4656
4657
5321
4659
4660
4661
4662
4663
4664
4665
4666
4667
4669
5235
4670
1409
4672
4673
4674
4675
4676
4677
4678
4679
4680
4681
4682
1416
4681
4685
1418
5386
4687
4689
5387
4695
524
4691
4694
4695
4696
4697
4698
4699
4700
1427
4702
4705
1428
5264
1423
1423
4693
4708
4706
4714
4712
1601
1449
285
4716
203
2361
293
2361
2365
1596
296
4746
296
204
4748
4748
4747
298
4731
298
192
4734
2388
4736
4737
4744
4742
4743
4818
2385
4745
1462
4745
6020
1463
6020
5378
5378
5377
5379
4751
1443
4751
199
4759
4758
5226
4760
4761
4762
4763
4764
5471
682
4769
5470
5471
4772
4772
5506
4842
540
4776
4840
2213
540
4765
4766
4767
4768
4839
4840
4839
4784
4773
4776
4776
4776
2206
4792
4793
2203
4777
4774
4833
4799
5205
4798
5515
4801
4834
4767
329
1453
4784
1455
4784
4784
337
339
198
277
277
195
545
1456
4749
4749
279
4822
4823
4824
5518
1329
4828
4504
1329
4826
4503
1328
2212
2215
542
2200
535
4836
4841
4841
4830
1479
1686
5747
5724
5728
1484
5541
3423
3054
833
4851
1485
4853
4856
4850
4852
4854
4858
1488
1487
1486
4916
4862
4867
1491
4917
1509
608
4859
1489
4871
4874
5186
4872
4954
561
2230
2230
2232
5723
5723
5746
1686
5721
4891
1496
4890
1499
6119
1500
4893
4918
1510
4892
1501
3104
958
4897
3115
4903
1484
5726
1518
3113
1062
979
4905
962
4909
962
3121
965
4912
1390
4630
4629
3126
3131
969
3137
4921
4927
4927
4953
960
5183
4954
4925
1515
4933
1512
4935
1513
4937
1508
4939
1507
3150
1515
4942
4950
2258
2232
5725
5725
1484
5722
4908
5184
1519
4949
1494
4950
4914
4955
4958
6121
4956
4959
1514
4961
1517
4966
1520
5184
1521
5180
4972
4969
1526
4979
4974
5729
1528
3192
1530
4976
4981
1531
5189
4978
1529
4982
2244
4985
4988
5480
4989
4990
4991
4992
4993
4994
4995
4996
4997
4998
4999
5000
5001
5002
5003
5004
5005
5006
5007
5008
5009
5010
5011
5012
5013
5014
5015
5016
5017
5018
5019
5020
5021
5022
5023
5024
5025
5026
5027
5029
5030
5030
5031
5032
5033
5034
5035
5036
5037
5038
5039
5040
5041
5042
5043
5044
5045
5046
5047
5949
5049
5050
5051
5052
5053
5053
5055
5056
5057
5058
5059
5060
5061
5062
5063
5064
5065
5066
5067
5068
5069
5070
5071
5072
5073
5074
5075
5076
5077
5078
5079
5080
5081
5082
5083
5084
5085
5086
5087
5088
5089
5090
5091
5092
5093
5094
5095
5096
5097
5098
5099
5100
5101
5102
5103
5104
5105
5106
5107
5108
5109
5110
5111
5112
5113
5114
5115
5116
5117
5118
5119
5120
5121
2325
5123
5124
5125
5126
5127
5128
5129
5130
5131
5132
5133
5134
5135
5136
5137
5138
5139
5140
5141
5142
5143
5144
5145
5146
5147
5148
5149
5150
5151
5152
5153
5154
5157
5155
5166
1580
5156
5159
4603
5162
5162
5164
5165
5166
5167
5168
5170
5170
1581
5169
5175
5173
5175
5174
5176
1417
1060
1062
1061
960
3421
5183
938
3419
1063
4630
3426
1064
5191
5192
5193
5194
5196
5196
1578
5195
5198
5200
1585
5202
1586
5204
5208
1588
5207
5208
298
4730
4726
4798
5213
5214
5215
5216
5217
5218
5219
5220
5221
5222
5151
1406
5223
5227
5228
5225
5229
5230
5231
5232
5233
5234
5235
5236
5237
5238
1593
5240
4723
4717
4724
5244
5245
5246
5247
5248
5249
5250
5251
5252
5255
1600
6140
5257
5318
602
2373
201
5263
290
286
4764
5265
5266
5267
5268
5269
5270
5271
5272
5273
5274
5275
5276
5277
5278
5279
5280
5281
5282
5283
5284
5285
5286
5287
5288
5289
5290
5291
5292
5293
5294
5295
5296
5297
5298
5299
5300
5301
4552
5302
5304
1354
5306
5307
5308
5309
5310
5311
5312
5313
5314
5315
5316
5317
6138
200
200
5321
5322
5323
4710
5325
5326
5611
1615
5326
4629
1389
5330
559
6125
1622
5340
1623
5336
1621
5421
4599
1379
5341
2240
5345
5346
5347
5348
5349
5350
680
5378
5377
4694
5355
5356
5357
5358
5359
5360
5361
5362
5363
5364
5365
5366
5367
5368
5369
5370
5371
5372
5373
5374
4693
1422
5375
5375
5376
5380
5381
5635
5383
1360
5392
5385
1360
1361
4566
5389
1636
1636
5393
4612
4647
1638
1638
5568
5569
5398
4574
1639
5405
5418
6127
677
1382
5409
1382
5410
5411
5412
5413
5416
5414
5538
5418
6129
5420
5420
5163
5423
5595
1642
5425
1331
5427
4522
2433
5497
5429
4546
1350
5434
5435
5436
1336
5438
5469
5469
5440
5438
5442
1646
5439
3686
5450
1648
5447
5592
5451
5452
1375
5451
5455
5456
5459
5449
1333
4493
5460
1324
5461
1650
5463
5456
5467
5466
5443
1647
5468
1651
5473
5474
5475
5476
5477
5478
5479
5481
5481
1330
5483
5484
5485
5329
1292
5488
5489
5490
5491
5492
5493
5494
5495
5496
4496
5500
5498
5507
5499
4771
4771
5504
5504
5505
3749
5509
5178
1583
5511
5509
4774
4778
4833
2396
5517
5177
5519
5520
5523
5522
5523
1364
4577
4573
5527
4684
5529
5530
4796
5532
5533
5534
5537
1657
5548
5539
5551
5541
5553
1658
550
4870
5547
1659
5555
5550
1624
5557
5338
1625
1483
1516
4970
1525
1623
5408
5332
5559
5562
1399
5563
5564
5565
5566
5567
2580
5569
696
696
4571
5573
5574
5575
5576
5577
5578
5579
5580
5581
5582
5583
5584
5585
5586
5587
5588
5589
5590
5591
5454
1649
1645
5595
5596
5303
5599
5709
5603
5600
1362
5713
5604
5605
5606
5607
5608
5609
5610
5611
5612
5613
5614
5615
5616
5617
5618
5619
5620
5621
5622
5623
5624
5625
5626
5627
5628
4434
1289
4476
1274
5633
5634
4407
1275
5637
5638
5639
5640
5641
5642
5643
5644
5645
5646
5647
5648
5649
5650
5651
5652
5653
5654
4478
5656
5657
5658
5659
5660
5661
5662
5663
5664
5665
5666
5667
5668
5669
5670
5671
5672
5673
5674
5675
5676
5677
5678
5679
5680
5681
5682
5683
5684
5685
5686
5687
5688
5689
5690
5691
5692
5693
5694
5695
5696
5697
5698
5699
5700
5701
5702
5703
5704
5705
5706
5707
5708
4597
1378
5703
1685
5716
6122
557
2247
5717
5718
5719
4883
4929
1686
5747
5728
5724
5728
1687
5748
5730
5750
1689
5732
5733
5734
5735
5736
5737
5738
5739
5740
5741
5742
5743
5744
5745
1515
4952
4952
1522
4984
1532
5752
5753
5754
5755
5756
5757
5758
5759
5760
5761
5762
5763
5764
5765
5766
5767
5768
5769
5770
5771
5772
5773
5774
5775
5776
5777
5778
5779
5780
5781
5782
5783
5784
5785
5786
5787
5788
5789
5790
5791
5792
5793
5794
5795
5796
5797
5798
5799
5800
5801
5802
5803
5804
5805
5806
5807
5808
5809
5810
5811
5812
5813
5814
5815
5816
5817
5818
5819
5820
5821
5822
5823
5824
5825
5826
5827
5828
5829
5830
5831
5832
5833
5834
5835
5836
5837
5838
5839
5840
5841
5842
5843
5844
5845
5846
5847
5848
5849
5850
5851
5852
5853
5854
5855
5856
5857
5858
5859
5860
5861
5862
5863
5864
5865
5866
5867
5868
5869
5870
5871
5872
5873
5874
5875
5876
5877
5878
5879
4716
4716
5882
5883
5884
5885
5886
5887
5888
5889
5890
5891
5892
5893
5894
5895
5896
5897
5898
5899
5900
5901
5902
5903
5904
5905
5906
5907
5908
5909
5910
5911
5912
5913
5914
5915
5916
5917
5918
5919
5920
5921
5922
5923
5924
5925
5926
5927
5928
5929
5930
5931
5932
5933
5934
5935
5936
5937
5938
5939
5940
5941
5942
5943
5944
5945
5946
5947
5948
5948
5950
5951
5952
5953
5954
5955
5956
5957
5958
5959
5960
5961
5962
5963
5964
5965
5966
5967
5968
5969
5970
5971
5972
5973
5974
5975
5976
5977
5978
5979
5980
5981
5982
5983
5984
5985
5986
5987
5988
5989
5990
5991
5992
5993
5994
5995
5996
5997
5998
5999
6000
6001
6002
6003
1779
6005
6006
6007
6008
6009
6010
6011
6012
6013
6014
6015
6016
6017
6018
6019
5231
6021
6022
6023
6024
6025
6026
6027
6028
6029
6030
6031
6032
6033
6034
6035
6036
6037
6038
6039
6040
6041
6042
6043
6044
6045
6046
6047
6048
6049
6050
6051
6052
6053
6054
6055
6056
6057
6058
6059
6060
6061
6062
6063
6064
6065
6066
6067
6068
6069
6070
6071
6072
6073
6074
6075
6076
6077
6078
6079
6080
6081
6082
6083
6084
6085
6086
6087
6088
6089
6090
6091
6092
6093
6094
6095
6096
6097
6098
6099
6100
6101
6102
6103
6104
6105
6106
6107
6108
6109
6110
6111
6112
6113
6114
6115
4864
6116
1490
4899
1504
4910
4650
1400
556
5560
1627
4631
1391
5415
5413
6131
6132
6133
6134
6135
4770
6137
5378
1387
4750
698
6142
6143
6144
6145
6146
4625
2230
4895
1484
1494
6152
6153
6154
6155
6156
6157
6158
6159
378
4845
6162
6163
6164
6165
6166
6167
6168
6169
6170
6171
6172
6173
6174
6175
6176
6177
6178
6179
6180
6181
2573
992
984
2577
6186
6187
6188
6189
6190
6191
3191
6193
6194
6195
6196
6204
6198
6199
6200
6201
6202
6203
6238
6205
5731
6207
988
6210
6210
6211
6212
6213
6214
6215
6216
6217
6218
6219
6220
6221
6222
6223
6224
6225
6226
6227
6228
6229
6230
6231
6232
6233
6234
6235
6236
6237
6238
6239
6240
6241
6242
6243
6244
6245
6246
6247
6248
6249
6250
6251
6252
6253
6254
6255
6256
6257
6258
6259
6260
6261
6262
6263
6264
6265
6266
6267
6268
6269
6270
6271
6272
6273
6274
6275
6276
6277
6278
6279
6280
6281
6282
6283
6284
6285
6286
6287
6288
6289
6290
6291
