355
1
2
3
4
5
6
3020
8
9
59
883
12
13
14
15
16
82
18
19
20
21
93
1821
24
25
26
27
2151
899
30
31
122
33
34
35
36
37
38
39
40
41
42
43
44
45
46
44
48
49
50
51
52
53
881
2918
56
60
57
17
81
2925
61
18
83
65
2934
67
68
69
70
71
72
74
74
73
76
77
78
79
80
81
82
75
1797
1800
86
87
88
89
90
91
94
23
96
95
3017
2153
100
99
100
101
102
103
5
105
108
3015
2149
899
2152
111
112
113
114
115
116
117
118
119
4129
121
10
62
123
11
126
127
128
129
130
131
132
133
134
135
136
137
138
139
140
1968
142
143
1968
145
146
147
148
149
150
3013
152
153
154
155
156
157
158
159
160
161
162
163
164
165
166
167
168
169
170
217
260
2388
271
2222
320
2207
1601
4715
4716
233
236
307
1471
222
242
251
245
237
301
262
255
1656
1458
4818
4817
2224
340
1449
1449
5260
5880
235
297
308
330
318
316
329
2224
336
323
4811
213
218
218
2196
333
221
197
1471
221
219
187
249
252
187
253
253
233
4717
189
237
236
234
238
183
332
171
248
247
248
248
183
246
303
184
300
190
243
190
190
246
244
172
259
256
216
4742
261
544
5531
2219
267
2562
2385
1470
2222
2561
2384
2561
2222
2561
2210
2210
539
2208
340
4819
4821
4821
1449
1446
1446
4715
5319
1445
4712
4719
5262
1592
232
5242
182
239
295
258
258
300
310
205
303
306
4712
1431
309
309
207
318
311
313
2221
2221
2224
2221
174
174
268
321
209
328
206
197
325
197
4713
4713
223
212
241
2221
208
4735
335
330
249
324
324
4811
339
214
342
343
344
1785
346
347
348
3506
3436
2953
21
887
20
884
3710
2883
1803
1805
1810
3036
1815
1819
3034
3030
2989
1975
25
2764
1841
844
377
2841
2767
1840
3581
3581
1841
444
2766
381
382
372
3080
27
26
387
388
389
390
391
392
393
394
395
396
397
398
399
400
401
402
403
404
405
406
407
408
409
410
411
412
413
414
415
416
417
418
419
420
421
901
423
424
425
918
2975
1986
3045
1991
431
432
433
434
435
436
437
438
439
441
2764
1834
2767
1989
3090
446
447
448
449
450
451
452
453
454
455
456
457
458
459
460
461
462
463
464
465
466
467
468
469
470
471
472
473
474
475
476
477
478
479
480
481
482
483
484
485
486
487
488
489
490
491
492
493
494
495
496
497
2131
2783
2823
501
2908
3712
2139
2138
506
507
508
509
510
511
3635
2160
514
515
516
517
518
519
520
2182
522
4515
524
1604
5200
2372
275
255
262
4739
4738
5470
4685
2199
2201
2204
4987
322
2213
4829
4832
4775
194
4817
2238
2238
4643
2239
4642
553
4599
5343
553
2238
623
2425
558
5333
4643
4643
340
563
564
565
566
567
568
569
570
571
572
573
574
575
576
577
578
579
580
581
582
583
584
585
586
587
588
589
590
591
592
593
594
595
596
597
598
599
600
601
4762
603
604
605
5528
2400
6118
609
610
611
612
613
614
615
616
617
4878
1398
2238
553
4886
1496
624
625
626
627
628
629
630
631
632
633
634
635
636
637
638
639
640
641
642
643
644
645
646
647
648
649
650
651
652
653
654
655
656
657
658
659
660
661
662
663
664
665
666
667
668
669
670
671
672
673
674
2538
4563
677
4587
679
5353
2377
5472
683
1410
685
686
687
688
689
690
5397
692
693
4568
695
696
697
698
4787
700
701
702
703
704
705
706
707
708
709
710
711
712
713
714
715
716
717
718
2621
720
721
722
723
724
725
726
727
728
2638
730
731
732
733
734
735
736
737
738
739
740
741
742
743
744
745
746
747
748
2673
2689
751
2675
753
754
749
757
3686
758
759
760
3626
762
763
764
765
766
767
768
2706
770
771
772
773
774
775
776
777
3428
779
2723
781
782
783
784
785
786
2737
788
789
790
791
792
793
3542
795
2754
797
798
799
2761
3633
3846
2769
804
805
3779
2774
808
809
810
811
2832
3377
814
815
816
817
3956
846
820
3583
2797
823
2801
825
826
827
2810
512
3639
2814
3816
937
3124
2828
2830
2833
4382
3144
3148
2838
839
1854
1840
2847
379
965
3749
849
850
2875
2861
2863
854
855
856
4391
852
2877
3462
3464
2880
863
2885
865
3624
3628
2889
2891
870
871
872
2136
2870
2869
505
3560
902
3475
1076
3476
911
2949
885
2945
886
2940
930
361
1983
891
1958
893
2929
9
1082
110
899
2151
2872
1961
1079
2969
2967
2973
3041
2978
3504
1809
2998
3444
3443
913
151
2981
2983
3006
905
906
906
93
24
1821
30
925
3761
3753
349
3032
3035
3040
3044
3046
370
3418
3055
938
1063
3059
3420
3074
3064
3057
944
3413
4405
377
3045
1989
1989
946
3093
955
946
3416
3126
953
967
1825
3414
3413
3104
3102
957
956
3067
1062
3413
1062
4405
952
952
3152
3152
3175
3177
3106
3136
6235
3413
3179
3167
983
2175
3183
3185
3187
3974
3194
982
3111
2171
993
994
995
996
997
998
999
1000
1001
1002
1003
1004
1005
1006
1007
1008
1009
1010
1011
1012
1013
1014
1015
1016
1017
1018
1019
1020
1021
1022
1023
1024
1025
1026
1027
1028
1029
1030
1031
1032
1033
1034
1035
1036
1037
1038
1039
1040
1041
1042
1043
1044
1045
1046
3393
3395
3379
1050
1051
1052
3397
3399
1055
1056
1057
3406
3408
3414
3410
1062
3421
3426
1065
3433
3460
33
1069
1070
1071
1072
1073
3467
1075
1074
902
122
2901
1080
422
3494
31
876
3502
1086
1087
1088
1089
1090
1091
1092
1093
1094
1095
3567
1097
1098
1099
1100
3571
1102
3647
1104
1105
1106
3657
1108
1109
1110
1111
1112
1113
1114
1115
1116
1117
3814
1119
1120
1121
1122
1123
1124
1125
3677
3682
1128
1129
3702
3708
1132
1133
1134
3759
1136
1137
3789
1139
1140
1141
1142
1143
1144
1145
1146
1147
3853
3856
1150
1151
3870
1153
3888
1155
1156
1157
1158
1159
1160
1161
1162
1163
3957
3046
3969
1167
3994
1169
1170
1171
1172
1173
1174
1175
1176
1177
1178
1179
1180
1181
1182
1183
1184
1185
1186
1187
1188
1189
1190
1191
1192
1193
1194
1195
1196
1197
1198
1199
1200
1201
1202
1203
1204
1205
1206
1207
1208
1209
1210
1211
1212
1213
1214
1215
1216
1217
1218
1219
1220
1221
1222
1223
1224
1225
1226
1227
1228
1229
1230
1231
1232
1233
1234
1235
1236
1237
1238
1239
1240
1241
1242
1243
1244
1245
1246
1247
1248
1249
1250
1251
1252
1253
1254
1255
1256
1257
1258
1259
1260
1261
1262
1263
1264
1265
1266
1267
1268
1269
1270
1271
1272
1273
1274
1275
1276
1277
1278
1279
1280
1281
1282
1283
1284
1285
1286
1287
1288
1289
1290
1291
1292
1293
1294
1295
1296
1297
1298
1299
1300
4556
1302
1303
1304
1305
1306
1307
1308
1309
1310
1311
1312
1313
1314
1315
1316
1317
4485
4483
4496
4495
1322
1323
1318
1325
1326
1327
1328
4504
5386
1331
1332
1333
1334
1335
4513
1337
1338
1339
1340
4607
1342
1343
1344
1345
1346
1347
1348
1349
1350
1351
1352
1353
1354
5304
1356
1357
1358
1359
4565
1361
5344
1363
1364
1365
4578
1367
1368
1369
1370
5158
1372
1373
1374
1375
1376
1400
5714
5342
4601
1381
1382
1383
4609
4626
4612
1387
1388
4629
4916
6128
4634
1512
4637
1395
1508
559
2239
1399
556
1401
1402
1403
1404
4661
4663
1407
1408
1406
1405
4680
4678
5227
1414
1415
1416
4683
5387
4687
4689
5390
1422
1423
1424
684
1427
1409
1428
1429
231
231
235
1596
1463
4747
4744
1462
2391
1441
538
4801
4749
1443
239
4718
5253
1449
1449
4821
4760
4761
4763
682
4768
1482
540
4777
4774
2205
4793
4797
5207
1463
4794
1453
209
209
4776
1455
1456
4780
2224
1656
4818
1458
5260
2190
5511
4827
2215
4838
4842
4843
5540
5186
4850
4853
4871
5187
6117
4857
2255
1493
5183
553
2398
2398
2398
4890
4876
1502
5183
1493
1501
1398
5182
4899
1504
4915
5182
1493
4958
1499
4942
4942
4962
4961
2428
4927
5182
4968
6255
1523
2577
4970
4972
4975
4974
1519
979
4979
1522
2573
1534
1535
1536
1537
1538
1539
1540
1541
1542
1543
1544
1545
1546
1547
1548
1549
1550
1551
1552
1553
1554
1555
1556
1557
1558
1559
1560
1561
1562
1563
1564
1565
1566
1567
1568
1569
1570
1571
1572
1573
1574
1575
1576
1577
5150
1579
5168
5196
5195
5178
1584
5151
5225
297
1588
1589
1590
1591
233
5230
1594
4763
5239
235
1425
1599
287
5259
5880
4764
5268
1605
1606
1607
1608
1609
1610
1611
1612
1613
1614
5328
1616
1617
1618
2370
1620
5331
5335
1623
1624
1625
5420
1627
1628
1629
1630
1631
1632
1633
1634
1635
1636
5401
1638
1639
1640
1641
1642
1643
1644
1645
5437
5444
1648
1649
5461
5467
1652
1653
1654
5517
4795
5536
1658
1659
1660
1661
1662
1663
1664
1665
1666
1667
5600
1669
5612
1671
1672
1673
1674
1675
1676
1677
1678
1679
1680
1681
1682
1683
1684
5715
4843
4843
1688
5750
1690
1691
1692
1693
1694
1695
1696
1697
1698
1699
1700
1701
1702
1703
1704
1705
1706
1707
1708
1709
1710
1711
1712
1713
1714
1715
1716
1717
1718
1719
1720
1721
1722
1723
1724
1725
1726
1727
1728
1729
1730
1731
1732
1733
1734
1735
1736
1737
1738
1739
1740
1741
1742
1743
1744
1745
1746
1747
1748
1749
1750
1751
1752
1753
1754
1755
1756
1757
1758
1759
1760
1761
1762
1763
1764
1765
1766
1767
1768
1769
1770
1771
1772
1773
1774
1775
1776
1777
1778
1779
1780
1781
1782
1783
1784
1787
1786
3729
1788
1786
1790
1791
350
3439
3432
1793
3507
2936
887
86
884
2936
357
357
1802
357
1810
1810
1806
358
3201
1814
1814
915
3684
106
1818
1818
3033
365
1973
2156
23
367
2991
1841
1841
1841
2764
1840
1838
377
1840
2841
377
377
2767
3581
377
3581
3580
1843
1841
1843
1841
3088
2017
2012
3087
444
1851
1851
382
1850
381
376
376
376
372
1859
1860
1861
1862
1863
1864
1865
1866
1867
1868
1869
1870
1871
1872
1873
1874
1875
1876
1877
1878
1879
1880
1881
1882
1883
1884
1885
1886
1887
1888
1889
1890
1891
1892
1893
1894
1895
1896
1897
1898
1899
1900
1901
1902
1903
1904
1905
1906
1907
1908
1909
1910
1911
1912
1913
1914
1915
1916
1917
1918
1919
1920
1921
1922
1923
1924
1925
1926
1927
1928
1929
1930
1931
1932
1933
1934
1935
1936
1937
1938
1939
1940
1941
1942
1943
1944
1945
3474
3474
902
3474
3475
1951
1952
1953
1955
3556
3494
1955
1958
1960
3561
3501
1959
502
1964
1965
1966
1967
144
3743
1970
142
4
2977
2975
930
930
2942
2943
89
889
1984
1982
3003
3037
1985
1986
1985
3047
3047
371
429
1992
1993
1994
1995
1996
1997
1998
1999
2000
2001
2002
2003
2004
2005
2006
2007
2008
2009
2765
2764
2765
3158
2764
2764
3084
1830
3090
2019
2020
2021
2022
2023
2024
2025
2026
2027
2028
2029
2030
2031
2032
2033
2034
2035
2036
2037
2038
2039
2040
2041
2042
2043
2044
2045
2046
2047
2048
2049
2050
2051
2052
2053
2054
2055
2056
2057
2058
2059
2060
2061
2062
2063
2064
2065
2066
2067
2068
2069
2070
2071
2072
2073
2074
2075
2076
2077
2078
2079
2080
2081
2082
2083
2084
2085
2086
2087
2088
2089
2090
2091
2092
2093
2094
2095
2096
2097
2098
2099
2100
2101
2102
2103
2104
2105
2106
2107
2108
2109
2110
2111
2112
2113
2114
2115
2116
2117
2118
2119
2120
2121
2122
2123
2124
2125
2126
2127
2129
2129
2128
496
2135
4401
2132
2825
2139
2139
851
4391
4391
2141
2142
2141
2144
2145
2146
2147
2148
108
108
28
110
2156
24
2153
2989
2158
2158
2158
511
2161
2162
2163
2164
2165
2166
2167
2168
2172
2169
987
3186
2173
2174
2173
2176
2177
2178
2179
2180
2183
2182
5488
2184
2184
523
2187
526
5204
5271
2192
5198
4740
256
4739
4737
1437
534
534
2198
534
536
2204
4988
536
2205
319
176
209
319
275
4831
541
4831
2214
4789
2385
4789
4775
194
2221
699
2221
2224
6136
2238
2238
2238
2238
552
2239
2239
4641
552
553
553
553
553
5341
5344
553
695
2240
2244
695
4885
4885
4886
5720
4878
2252
6125
5333
2252
558
2241
4643
2241
2241
2260
2261
2262
2263
2264
2265
2266
2267
2268
2269
2270
2271
2272
2273
2274
2275
2276
2277
2278
2279
2280
2281
2282
2283
2284
2285
2286
2287
2288
2289
2290
2291
2292
2293
2294
2295
2296
2297
2298
2299
2300
2301
2302
2303
2304
2305
2306
2307
2308
2309
2310
2311
2312
2313
2314
2315
2316
2317
2318
2319
2320
2321
2322
2323
2324
2325
2326
2327
2328
2329
2330
2331
2332
2333
2334
2335
2336
2337
2338
2339
2340
2341
2342
2343
2344
2345
2346
2347
2348
2349
2350
2351
2352
2353
2354
2355
2356
2357
2358
2359
2360
1433
181
5239
5240
291
2366
2367
2368
602
1451
2369
2373
287
2374
4764
2376
1619
1451
2379
2380
2381
2382
4778
4774
1480
4796
266
266
5531
4803
1441
1440
5515
4803
2397
2397
2397
550
4869
1397
2233
2402
2403
2404
2405
2406
2407
2408
2409
2410
2411
2412
2413
2414
2415
2416
2417
2418
2419
2241
1398
2241
2241
2238
553
2240
2238
553
5720
5721
2230
2432
2433
2434
2435
2436
2437
2438
2439
2440
2441
2442
2443
2444
2445
2446
2447
2448
2449
2450
2451
2452
2453
2454
2455
2456
2457
2458
2459
2460
2461
2462
2463
2464
2465
2466
2467
2468
2469
2470
2471
2472
2473
2474
2475
2476
2477
2478
2479
2480
2481
2482
2483
2484
2485
2486
2487
2488
2489
2490
2491
2492
2493
2494
2495
2496
2497
2498
2499
2500
2501
2502
2503
2504
2505
2506
2507
2508
2509
2510
2511
2512
2513
2514
2515
2516
2517
2518
2519
2520
2521
2522
2523
2524
2525
2526
2527
2528
2529
2530
2531
2532
2533
2534
2535
2535
2537
2538
2542
2542
676
2536
2546
2543
5236
6137
2547
2549
2549
2550
2551
2552
2553
2554
4820
4819
4819
177
4788
2384
4788
4775
2566
2564
691
2566
2567
2568
2569
2570
2571
2572
1527
2574
2575
2576
2577
2578
2579
2580
2581
2582
2583
2584
2584
2586
2587
2588
2589
2590
2591
2592
2593
2594
2595
2596
2597
2598
2599
2600
2601
2602
2603
2604
2605
2606
2607
2608
2609
2610
2611
2612
2613
2614
2615
2616
2617
2618
2619
2620
718
2622
2623
2624
2625
2626
2627
2628
2629
2630
2631
2632
2633
2637
2634
2636
2637
732
2639
2640
2641
2642
2643
2644
2645
2646
2647
2648
2649
2650
2651
2652
2653
2654
2655
2656
2657
2658
2659
2660
2661
2662
2663
2664
2665
2666
2667
2668
2669
2670
2671
2674
750
2686
751
2672
2678
2678
2679
2677
3685
2673
2685
3686
3685
2686
2687
2688
2689
2690
2691
2692
2694
3630
761
2696
2697
2698
2699
2700
2701
2702
2703
2704
2703
2706
2707
2708
2709
2710
2708
2712
2713
2714
2715
2716
2717
2718
2719
2720
2722
3546
779
2721
778
2726
2727
2728
2729
2730
2731
2732
2733
2734
2735
2735
2737
2738
2739
2740
2741
2742
2743
2744
2745
2746
2747
794
3540
2750
2752
3984
2751
729
2755
2756
2757
2758
2759
2130
2761
2760
498
3581
3581
3846
3846
2768
2769
2770
2771
2773
2773
806
2772
2776
2777
2778
2779
2780
2781
2785
812
2782
3778
2786
2787
2788
2789
3764
2793
818
4377
819
2791
2799
821
2796
3580
2800
2801
2802
2803
2804
2805
2806
2807
3639
2822
2822
2824
2811
2816
2813
507
2818
811
2818
2819
512
2159
3638
832
3640
2825
2827
3053
834
2826
833
2834
2831
838
4381
2835
3146
3145
3119
2837
971
2844
2844
1840
2798
2159
2821
513
3142
2851
3173
3141
3118
3121
2854
3149
2859
2856
2858
2859
2860
2861
2860
2863
2864
2865
2866
2867
2868
3472
3472
3471
857
2873
2874
2875
2876
3440
861
3463
3440
2880
2882
2883
2882
2885
2886
2888
3627
867
2887
866
2892
2893
2894
2895
2896
2897
2898
2899
2140
2136
2870
2140
2136
2137
2138
2911
877
2907
2910
2911
3493
1956
3493
1077
3495
1949
3473
1950
1946
3473
3475
902
2947
2948
882
2927
2948
2949
2948
3448
2999
2941
2932
2938
2938
2940
2939
2944
886
2945
2943
3774
2946
912
4385
2948
4267
911
2950
2951
2952
893
2149
2152
899
106
2871
2869
2871
874
2905
2964
2904
873
2970
356
2966
503
3711
2974
2971
932
3747
363
2979
2978
1817
363
2968
904
2980
903
2985
3041
905
2985
2985
2979
2975
2975
2992
908
360
3508
3037
930
3037
3000
3441
3000
1807
361
3002
2982
916
49
2984
2984
906
2986
41
3013
42
103
105
98
101
2976
1957
1954
4394
3023
926
3760
3752
3027
3031
3028
762
3722
869
2696
763
364
364
3036
1804
3038
359
3042
3043
3029
929
934
3785
1826
3045
376
1842
3417
3417
3055
3419
3418
3075
940
3420
3075
3074
3063
3061
3078
430
3058
3056
935
3066
4370
3071
3065
3787
1854
945
3416
3415
3076
3079
3151
377
377
377
377
1830
3049
3045
3047
1830
1829
1989
429
429
954
4403
3415
3098
946
3415
3416
3127
3103
3099
3127
3126
1841
1841
1844
1825
3412
3414
3412
6235
1060
3100
3104
3100
3102
3116
3117
3101
962
935
936
3051
3128
3131
1062
1062
3413
3414
1062
3415
946
3415
3414
3413
3414
3079
3151
3079
3094
3094
3094
952
4374
4374
4374
957
3101
956
3151
3152
3151
3581
2767
377
2767
2764
2767
376
1831
3181
980
973
3166
3415
3152
4375
3171
3091
3093
3170
2018
3153
973
3174
3046
980
3412
3178
980
3176
975
3182
976
3186
988
977
3110
961
3112
960
3180
981
3193
3163
3165
974
3199
3199
3202
3720
3203
3204
3205
3206
3207
3208
3209
3210
3211
3212
3213
3214
3215
3216
3217
3218
3219
3220
3221
3222
3223
3224
3225
3226
3227
3228
3229
3230
3231
3232
3233
3234
3235
3236
3237
3238
3239
3240
3241
3242
3243
3244
3245
3246
3247
3248
3249
3250
3251
3252
3253
3254
3255
3256
3257
3258
3259
3260
3261
3262
3263
3264
3265
3266
3267
3268
3269
3270
3271
3272
3273
3274
3275
3276
3277
3278
3279
3280
3281
3282
3283
3284
3285
3286
3287
3288
3289
3290
3291
3292
3293
3294
3295
3296
3297
3298
3299
3300
3301
3302
3303
3304
3305
3306
3307
3308
3309
3310
3311
3312
3313
3314
3315
3316
3317
3318
3319
3320
3321
3322
3323
3324
3325
3326
3328
3328
3329
3330
3331
3332
3333
3334
3335
3336
3337
3338
3339
3340
3341
3342
3343
3344
3345
3346
3347
3348
3349
3350
3351
3352
3353
3354
3355
3356
3357
3358
3359
3360
3361
3362
3363
3364
3365
3366
3367
3368
3369
3370
3371
3372
3373
3374
3375
3378
1047
3392
1048
3376
3380
1049
3383
3384
3385
2829
835
836
3389
3390
3391
3392
3393
3394
3395
3400
1052
3396
1055
3400
3401
3402
3403
3404
3403
864
3405
3408
3412
1060
3409
3414
3414
3414
3413
1062
3420
3420
1063
3416
1062
3055
938
3411
3424
1061
3427
3428
3429
3430
3434
3431
1044
3534
1066
3437
3433
1067
3438
3464
3441
3442
3443
3444
2932
2929
127
2999
3449
860
2878
3452
3453
3454
3455
3456
3457
3458
3370
3370
852
858
858
3459
2961
3465
2959
3468
3469
3470
2862
853
3483
3481
1074
2965
2930
123
10
504
504
504
2903
3484
3485
3486
3487
3488
3492
422
3492
2962
2963
901
2963
116
114
118
117
2137
2906
2881
3502
2881
862
862
3505
859
3509
3398
3511
3512
3513
3514
3515
3516
3517
3518
3519
3520
3521
3522
3523
3524
3525
3526
3527
3528
3529
3530
3531
3532
3533
3534
3535
3536
3537
3538
3539
3543
3541
1096
3841
3544
3545
3546
3547
3548
3549
3550
3551
3552
3553
3554
3555
1962
113
113
2857
849
3559
3559
2635
3563
3566
3566
1100
3565
834
3123
2828
3572
822
3574
3575
3660
3577
3578
1103
3582
1106
4380
1107
3584
3585
3586
3587
3588
3589
3590
3591
3592
3593
3594
3595
3596
3597
3598
3599
3600
3601
3602
3603
3604
3605
3606
3607
3608
3609
3610
3611
3612
3613
3614
3615
3616
3617
3618
3619
3620
3621
3622
2762
800
3623
801
3629
766
3629
3632
3631
3804
500
2812
3635
3636
3637
3637
1118
3815
3641
3642
3643
3644
3645
2802
824
3646
3649
3650
3651
3652
3655
3653
4383
3656
3657
3658
3659
835
3661
3662
3663
3664
3665
3666
3667
3668
3669
3670
3671
3672
3673
3674
2705
3676
769
3679
3679
3678
3681
1126
3683
3680
2736
787
3687
3688
3689
3690
3691
3692
3693
3694
3696
3699
3695
3698
2700
2672
2676
752
2680
3704
3705
3697
3706
868
3709
1127
3707
1131
3713
3714
3715
3716
3717
3718
3719
3721
3721
3625
3723
3724
3725
3726
3727
3728
3729
3730
3731
3732
3733
3734
3735
3736
3737
3738
3701
755
3741
2849
3744
4390
2890
3745
3747
2683
756
3754
428
1135
1058
3771
930
2996
361
1987
931
3407
1059
3762
3763
3765
3770
3766
3767
3768
3769
3770
2884
3775
3775
1984
1085
3503
3503
3778
3779
837
3654
3782
1842
3784
3783
375
2844
3788
3789
3790
3791
3792
3793
3794
3795
3785
3796
3797
3798
3800
3801
966
3803
2846
3805
3806
3807
3808
3809
3810
3811
3812
3813
3814
3815
803
3817
3818
3819
3820
3821
3822
3823
3824
3825
3826
3827
3828
3829
3830
3831
3832
3833
3834
3835
3836
3837
3838
3839
3840
3841
3842
3843
3844
3845
3844
3844
3848
3852
3850
3851
3854
1149
3855
3568
719
3857
3858
3859
3860
3861
3862
3863
3864
3865
3866
3867
2622
3868
3870
3871
3872
3873
3874
3875
3876
3877
3878
3879
3880
3881
3882
3883
3884
3885
3886
3887
1152
3889
3890
3891
3892
3893
3894
3895
3896
3897
3898
3899
3900
3901
3902
3903
3904
3869
3905
3907
3908
3909
3910
3911
3912
3913
3914
3915
3916
3917
3918
3919
3920
3921
3922
3923
3924
3925
3926
3927
3928
3929
3930
3931
3932
3933
3934
3935
3936
3937
3938
3939
3940
3941
3942
3943
3944
3945
3946
3947
3948
3949
3950
3951
3952
3953
3954
3847
3955
3847
802
2767
3958
3961
3962
3963
3047
1989
934
1826
3050
3045
3050
3967
3046
3970
3975
3969
3976
3977
3978
3979
3980
3981
3982
3983
3985
3985
3986
3987
3988
3989
3151
3151
3153
3990
3990
3993
3996
3997
3998
3999
4000
4001
4002
4003
4004
4005
4006
4007
4008
4009
4010
4011
4012
4013
4014
4015
4016
4017
4018
4019
4020
4021
4022
4023
4024
4025
4026
4027
4028
4029
4030
4031
4032
4033
4034
4035
4036
4037
4038
4039
4040
4041
4042
4043
4044
4045
4046
4047
4048
4049
4050
4051
4052
4053
4054
4055
4056
4057
4058
4059
4060
4061
4062
4063
4064
4065
4066
4067
4068
4069
4070
4071
4072
4073
4074
4075
4076
4077
4078
4079
4080
4081
4082
4083
4084
4085
4086
4087
4088
4089
4090
4091
4092
4093
4094
4095
4096
4097
4098
4099
4100
4101
4102
4103
4104
4105
4106
4107
4108
4109
4110
4111
4112
4113
4114
4115
4116
4117
4118
4119
4120
4121
4122
4123
4124
4125
4126
4127
4128
58
121
4131
4132
4133
4134
4135
4136
4137
4138
4139
4140
4141
4142
4143
4144
4145
4146
4147
4148
4149
4150
4151
4152
4153
4154
4155
4156
4157
4158
4159
4160
4161
4162
4163
4164
4165
4166
4167
4168
4169
4170
4171
4172
4173
4174
4175
4176
4177
4178
4179
4180
4181
4182
4183
4184
4185
4186
4187
4188
4189
4190
4191
4192
4193
4194
4195
4196
4197
4198
4199
4200
4201
4202
4203
4204
4205
4206
4207
4208
4209
4210
4211
4212
4213
4214
4215
4216
4217
4218
4219
4220
4221
4222
4223
4224
4225
4226
4227
4228
4229
4230
4231
4232
4233
4234
4235
4236
4237
4238
4239
4240
4241
4242
4243
4244
4245
4246
4247
4248
4249
4250
4251
4252
4253
4254
4255
4256
4257
4258
4259
4260
4261
4262
4263
4264
4265
4266
3466
4268
4269
4270
4271
4272
4273
4274
4275
4276
4277
4278
4279
4280
4281
4282
4283
4284
4285
4286
4287
4288
4289
4290
4291
4292
4293
4294
4295
4296
4297
4298
4299
4300
4301
4302
4303
4304
4305
4306
4307
4308
4309
4310
4311
4312
4313
4314
4315
4316
4317
4318
4319
4320
4321
4322
4323
4324
4325
4326
4327
4328
4329
4330
4331
4332
4333
4334
4335
4336
4337
4338
4339
4340
4341
4342
4343
4344
4345
4346
4347
4348
4349
4350
4351
4352
4353
4354
4355
4356
4357
4358
4359
4360
4361
4362
4363
4364
4365
4366
4367
4368
4369
3062
942
4372
3098
3096
4373
4378
1846
1848
4379
4380
4381
1119
3659
4384
3509
4386
4387
4388
4389
2972
2866
4392
4393
1955
4395
4396
4397
4398
4399
4400
2835
377
3079
376
3415
4406
4407
4408
4409
4410
4411
4412
4413
4414
4415
4416
4417
4418
4419
4420
4421
4422
4423
4424
4425
4426
4427
4428
4429
4430
4431
4432
4433
4434
4435
4436
4437
4438
4439
4440
4441
4442
4443
4444
4445
1301
4447
4448
4449
4450
4451
4452
4453
4454
4455
4456
4457
4458
4459
4460
4461
4462
4463
4464
4465
4466
4467
4468
4469
4470
4471
4472
4473
4474
4475
4476
4477
4478
4479
4480
4484
4481
1320
4494
1321
4489
4486
4488
4489
5446
5446
4491
4485
4494
4495
4496
4497
4498
4499
4500
4505
4502
4503
5482
4505
4506
4507
4508
4509
4510
4512
4512
1334
4511
1335
4516
4516
4518
4519
4520
4521
4522
4523
4525
4606
1342
1341
4528
4529
4530
4531
4532
4533
4534
4535
4536
4537
4538
4539
4540
4541
4542
4541
4544
4545
4546
4547
4548
4549
4550
4551
5302
1355
4554
2753
796
4555
4558
4559
4560
4561
4562
2537
4563
1361
4566
5344
5344
5344
553
4571
4572
4573
4574
4575
4576
4577
1367
4579
4580
4581
4582
4583
4585
4585
4584
4632
4589
5521
4590
4591
1371
4593
4594
4595
6122
4597
4599
5341
4598
5342
4602
4603
4604
4605
4606
4607
4608
4611
679
4611
1385
4612
4616
4615
4616
4617
4618
4619
4620
4622
5400
4621
2540
678
4626
4630
4627
1390
4851
4633
675
6127
1391
4631
4955
4956
4638
4914
4936
4598
4600
2239
4598
4623
690
4647
4959
4932
4960
4648
4912
4913
5507
4655
4656
4657
4658
4659
4660
4661
4659
4663
4664
4665
4666
4667
5235
4662
4669
5224
4672
4673
4674
4675
1413
4676
5203
5226
4679
4681
4682
4683
4681
1415
4690
1418
4686
1421
5388
4691
4692
4693
4694
4695
4696
4697
4698
4668
4670
4671
2545
2544
4704
4703
4709
4707
680
5351
4710
1430
4720
2365
5254
4721
230
232
181
4717
181
231
235
182
4746
234
239
4746
4748
4747
4798
4798
171
1437
4740
1439
4743
4745
1462
1441
4745
193
2390
4745
5207
6131
4748
1463
6020
4752
276
1443
274
4819
539
1449
4821
4759
4757
5227
4701
4764
4761
1598
5264
4769
5472
4769
533
5471
5506
4772
5506
4842
540
540
2213
2212
4833
4765
4766
4767
1454
4839
4840
4776
4784
4773
4776
4777
4774
2206
1459
4793
537
4834
1480
538
4799
5205
4799
537
4794
538
4779
220
1453
4784
1455
1456
1456
323
4811
209
319
2208
1468
2561
4774
1600
326
1601
4822
4823
4824
5518
4828
1419
5482
1329
4826
4503
1328
542
4835
4988
2200
535
4836
4841
4841
4830
1479
548
2401
4643
1658
2241
2241
5185
5186
4850
5185
4874
4855
4874
5187
1489
4858
4859
4860
4861
4856
1485
4864
4867
4865
4862
1509
2253
559
1494
4872
5184
5183
4875
2399
2239
2239
2239
553
2233
2233
2398
2230
2230
1496
2233
4929
4929
1503
2399
4873
4922
1494
1493
4894
4918
4919
4893
4898
554
2241
2237
4569
5180
5180
6235
1520
4897
4899
4897
4911
4900
1507
4852
4849
1486
4920
5182
5182
5182
5183
1494
6151
1493
5182
5182
2399
2399
607
4889
4957
1499
4888
6120
6121
1504
6120
4900
4844
4844
4942
553
553
553
2238
2241
4643
4966
6151
6255
4941
6151
4942
4938
4933
4888
4890
4934
2430
1483
5553
4962
4941
4966
6151
4964
1520
4963
1516
4969
4963
4973
557
4973
4906
4907
1506
1517
4972
1521
4950
4951
1515
4985
4985
4988
5480
4989
4990
4991
4992
4993
4994
4995
4996
4997
4998
4999
5000
5001
5002
5003
5004
5005
5006
5007
5008
5009
5010
5011
5012
5013
5014
5015
5016
5017
5018
5019
5020
5021
5022
5023
5024
5025
5026
5027
5028
5029
5030
5031
5032
5033
5034
5035
5036
5037
5038
5039
5040
5041
5042
5043
5044
5045
5046
5047
5048
5049
5050
5051
5052
5053
5054
5055
5056
5057
5058
5059
5060
5061
5062
5063
5064
5065
5066
5067
5068
5069
5070
5071
5072
5073
5074
5075
5076
5077
5078
5079
5080
5081
5082
5083
5084
5085
5086
5087
5088
5089
5090
5091
5092
5093
5094
5095
5096
5097
5098
5099
5100
5101
5102
5103
5104
5105
5106
5107
5108
5109
5110
5111
5112
5113
5114
5115
5116
5117
5118
5119
5120
5121
5122
5123
5124
5125
5126
5127
5128
5129
5130
5131
5132
5133
5134
5135
5136
5137
5138
5139
5140
5141
5142
5143
5144
5145
5146
5147
5148
4531
1346
5149
5152
5153
5154
5157
5155
5166
1580
5156
5160
5161
4628
1389
5164
5165
5166
5167
5168
1581
1581
5196
5171
4683
1417
1416
5178
5178
1417
5180
5180
5179
5182
5182
5182
5187
5187
5183
4849
5181
5189
5191
5192
5193
5194
1578
5296
5151
5197
5197
1585
5223
1586
5228
5202
5205
5206
5207
5208
258
258
239
192
5213
5214
5215
5216
5217
5218
5219
5220
5221
5222
5151
1406
5151
5228
5225
5223
5229
5230
5231
5232
5233
5234
4662
1405
5247
4763
1593
5247
234
232
295
4699
4702
4700
5246
5248
5249
5250
5251
5252
289
289
5259
202
4761
289
289
1445
5262
4719
4715
4705
5264
1411
4677
5214
1460
1412
5266
5272
5273
5172
5275
5276
5277
5278
5279
5280
5281
5282
5283
5284
5285
5286
5287
5288
5289
5290
5291
5292
5293
5294
5296
5297
5297
5298
5299
5300
5301
5303
5597
1615
5305
5306
5307
5308
5309
5310
5311
5312
5313
5314
5315
5316
5317
1451
4714
5319
5321
5322
5323
5324
3564
5329
5326
1620
5329
1390
4629
5330
4601
5335
1380
5336
5337
5338
5339
5331
5343
1626
5343
5343
5345
5346
5347
5348
5349
5350
4755
2371
4751
5354
5355
5356
5357
5358
5359
5360
5361
5362
5363
5364
5365
5366
5367
5368
5369
5370
5371
5372
5373
5374
5375
5376
5377
5378
5379
5380
5381
5382
5383
5387
5384
1418
1361
5389
5389
1333
5391
5392
5393
4564
5394
5396
5400
5398
5399
4626
1388
5402
5403
5404
5405
5406
5407
5408
5409
5410
5411
5412
5413
6129
6129
5415
5417
5417
5419
5420
1389
5422
5423
5424
5425
5426
5427
5428
5429
5430
5431
5432
5433
5434
5435
4514
1336
5436
5440
5469
198
5438
5442
1646
278
4543
5447
5448
5449
5450
5451
5452
5453
5454
5457
5455
5459
5458
4509
4481
1319
4482
4487
5463
1322
5456
1420
5466
5443
1647
5468
1651
5473
5474
5475
5476
5477
5478
5479
5481
5481
5386
4697
5484
5485
5486
5487
5488
5489
5490
5491
5492
5493
5494
5495
5496
5497
5460
1650
4493
5464
6136
4771
4688
5504
5505
4490
5512
606
5508
1655
5516
1480
4797
4835
2396
1481
5177
5519
5520
5523
5522
5527
5524
5525
5526
5527
4684
5530
5532
2393
5533
5534
4792
4635
1392
5535
5416
5538
5542
5540
5542
552
4642
5545
5546
5547
5548
5549
5550
5551
5552
1658
5554
5555
5555
5557
5558
5332
5560
5561
5562
5563
5564
5565
5566
5567
5568
5569
5570
5571
5572
5573
5574
5575
5576
5577
5578
5579
5580
5581
5582
5583
5584
5585
5586
5587
5588
5589
5590
5591
5592
5593
5594
5595
5596
5596
5601
5598
1627
5601
1627
5602
5604
5605
5606
5607
5609
5611
1670
5327
1291
5613
5614
5615
5616
5617
5618
5619
5620
5621
5622
5623
5624
5625
5624
5627
5628
5629
5630
5631
5632
5633
5634
5635
5636
5637
5638
5639
5640
5641
5642
5643
5644
5645
1673
5647
5648
5649
5650
5651
5652
5653
5654
5655
5656
5657
5658
5659
5660
5626
5662
5663
5664
5665
5666
5667
5668
5669
5670
5671
5672
5673
5674
5675
5676
5677
5678
5679
5680
5681
5682
5683
5684
5685
5686
5687
5688
5689
5690
5691
5692
5693
5694
5695
5696
5697
5698
5699
5700
5701
5702
5703
5704
5705
5706
5707
5708
5709
1668
5711
5603
4568
1685
4567
2426
5717
5718
5719
2233
2398
548
2401
5541
4643
5541
561
4843
1518
5726
5729
5732
5733
5734
5735
5736
5737
5738
5739
4557
5741
5742
5743
5744
5745
4844
4844
4844
4844
5747
5749
5752
5753
5754
5755
5756
5757
5758
5759
5760
5761
5762
5763
5764
5765
5766
5767
5768
5769
5770
5771
5772
5773
5774
5775
5776
5777
5778
5779
5780
5781
5782
5783
5784
5785
5786
5787
5788
5789
5790
5791
5792
5793
5794
5795
5796
5797
5798
5799
5800
5801
5802
5803
5804
5805
5806
5807
5808
5809
5810
5811
5812
5813
5814
5815
5816
5817
5818
5819
5820
5821
5822
5823
5824
5825
5826
5827
5828
5829
5830
5831
5832
5833
5834
5835
5836
5837
5838
5839
5840
5841
5842
5843
5844
5845
5846
5847
5848
5849
5850
5851
5852
5853
5854
5855
5856
5857
5858
5859
5860
5861
5862
5863
5864
5865
5866
5867
5868
5869
5870
5871
5872
5873
5874
5875
5876
5877
5878
5879
1592
5242
5882
5883
5884
5885
5886
5887
5888
5889
5890
5891
5892
5893
5894
5895
5896
5897
5898
5899
5900
5901
5902
5903
5904
5905
5906
5907
5908
5909
5910
5911
5912
5913
5914
5915
5916
5917
5918
5919
5920
5921
5922
5923
5924
5925
5926
5927
5928
5929
5930
5931
5932
5933
5934
5935
5936
5937
5938
5939
5940
5941
5942
5943
5944
5945
5946
5947
5948
5949
5950
5951
5952
5953
5954
5955
5956
5957
5958
5959
5960
5961
5962
5963
5964
5965
5966
5967
5968
5969
5970
5971
5972
5973
5974
5975
5976
5977
5978
5979
5980
5981
5982
5983
5984
5985
5986
5987
5988
5989
5990
5991
5992
5993
5994
5995
5996
5997
5998
5999
6000
6001
6002
6003
6004
6005
6006
6007
6008
6009
6010
6011
6012
6013
6014
6015
6016
6017
6018
6019
6020
6021
6022
6023
6024
6025
6026
6027
6028
6029
6030
6031
6032
6033
6034
6035
6036
6037
6038
6039
6040
6041
6042
6043
6044
6045
6046
6047
6048
6049
6050
6051
6052
6053
6054
6055
6056
6057
6058
6059
6060
6061
6062
6063
6064
6065
6066
6067
6068
6069
6070
6071
6072
6073
6074
6075
6076
6077
6078
6079
6080
6081
6082
6083
6084
6085
6086
6087
6088
6089
6090
6091
6092
6093
6094
6095
6096
6097
6098
6099
6100
6101
6102
6103
6104
6105
6106
6107
6108
6109
6110
6111
6112
6113
6114
6115
6116
2255
2251
4894
6119
6119
6124
2247
2246
1622
6126
6127
1639
5418
6130
6131
6132
6133
6134
6135
4770
4667
280
6139
2373
6141
6142
6143
6144
6145
6146
2536
2239
2399
2241
6151
6152
6153
5693
6155
6156
6157
6158
6159
2767
2241
6162
6163
6164
6165
6166
6167
6168
6169
6170
6171
6172
6173
6174
6175
6176
6177
6178
6179
6180
6181
2573
2171
2175
2577
6186
6187
6188
6189
6190
6191
979
6193
6194
6195
6196
6197
6198
6199
6200
6201
6202
6203
6238
6205
4974
6207
3974
6254
6254
6211
6212
6192
6214
6236
6235
6217
6218
6219
6220
6221
6222
6223
6224
6225
6226
6227
6228
6229
6230
6231
6232
6233
6255
6235
6236
6237
6238
6239
6240
6241
6242
6243
6244
6245
6246
6247
6248
6249
6250
6251
6252
6253
6254
6255
6256
6286
6258
6259
6260
6261
6275
6263
6264
6265
6266
6267
6268
6270
6232
6274
6273
6218
6274
6278
6276
6277
6278
6279
6280
6281
6282
6283
6284
6285
6287
6287
6288
6273
6274
6270
