161
1
2
3
4
385
106
2957
155
53
17
18
132
13
3007
72
78
82
73
129
20
85
3018
92
94
25
26
27
2950
899
112
119
59
63
34
35
36
37
169
143
164
154
42
43
44
45
46
44
52
41
48
51
152
56
40
16
165
16
60
82
81
83
64
68
75
12
65
67
12
71
71
76
3007
74
131
74
77
128
70
19
70
19
19
73
47
0
84
1
91
88
2
91
368
90
95
2
3
92
3
99
100
100
102
105
104
2953
2953
105
899
899
2954
2957
110
108
115
7
134
114
54
134
55
57
17
64
61
63
65
66
130
129
130
129
132
40
156
135
136
137
135
139
140
142
142
143
141
145
146
147
107
3015
3013
385
153
153
42
7
6
157
158
166
160
138
162
6
35
158
167
167
43
170
170
236
215
317
268
2223
277
200
200
286
288
5260
233
246
223
328
206
225
187
253
243
172
239
264
174
272
272
325
1443
4709
4709
286
290
5261
235
299
1447
308
307
278
325
326
338
562
562
332
217
332
217
324
213
4811
223
209
211
211
1446
6140
227
224
226
1476
229
229
188
230
245
245
244
189
330
321
328
330
251
251
190
241
241
336
335
336
187
187
252
171
215
216
236
333
218
317
333
174
316
268
174
272
2223
272
272
272
2223
272
199
199
200
199
277
4709
200
4709
4709
681
286
286
681
201
285
290
201
1476
5261
202
181
232
181
234
182
242
247
240
190
301
2369
1619
303
303
205
306
221
314
314
314
325
315
309
208
2223
177
275
319
280
213
214
213
286
286
321
320
206
315
183
208
281
2557
335
562
198
562
278
198
2690
2692
1781
1790
2705
347
348
349
3506
2953
85
162
20
0
3710
1805
1807
3038
888
2977
2953
2973
1819
3029
3017
3017
25
1830
3783
3785
1829
1990
372
3786
3083
1840
3050
3144
2017
1853
3068
3084
3785
27
26
2081
2081
1867
1888
1870
405
4218
4199
4253
1881
1876
492
4264
1925
6165
2108
402
1904
4198
1912
3255
3304
1914
1917
1872
1938
418
4259
1030
3334
413
485
3354
1952
3591
1955
1967
1966
2597
99
3009
3751
3153
3078
4368
3887
1994
3902
3306
3913
2003
438
439
3089
1830
3087
1831
952
3171
2019
447
2126
449
450
2027
2029
1900
2048
2032
2034
4229
2068
3335
1912
2063
2163
4216
4217
2071
2073
4232
4233
2080
2082
2078
2088
2035
3240
1015
412
2105
1028
1945
479
1905
1877
484
482
6172
2118
391
1875
2045
3342
488
2119
3253
3340
4188
2835
497
498
3767
500
501
502
3712
3482
876
2584
811
2143
3763
510
511
512
513
2168
515
3105
1842
2180
2179
520
2182
522
523
2187
5266
4677
4709
4709
239
172
208
238
5440
4833
537
5515
2383
1457
200
1455
1482
540
268
264
272
554
695
4878
2239
552
2238
4599
5344
553
4943
6124
2424
6125
4600
549
549
1443
563
564
565
566
567
568
569
570
2472
5076
6003
574
575
2281
673
2531
579
580
581
582
2305
1777
585
2459
5122
2327
5044
2455
591
2290
2507
2510
2350
2346
2353
2345
5038
5135
601
2374
603
604
605
4838
2401
1397
609
610
611
2407
5094
614
615
616
617
2231
549
554
2240
4843
2401
2434
5867
626
2438
628
629
630
2463
2467
2444
2466
5017
636
671
2457
639
5054
2470
642
643
644
645
646
647
648
649
650
651
6016
653
5997
2500
1768
5952
6007
2285
2522
1770
5039
2520
2360
6014
2519
667
668
669
2527
5086
5087
2293
2534
2538
4563
677
6147
676
5354
5323
4765
4656
4703
2553
2581
686
5567
690
4647
4612
692
693
2244
2576
5570
2819
6141
2223
3329
2591
2665
2667
2599
705
706
707
708
709
710
711
3850
713
714
2617
3882
2620
3566
3568
3868
721
722
723
724
3518
2630
2632
728
3984
2636
731
3977
733
734
735
736
737
3934
3603
740
2653
3215
743
744
2662
2734
2733
2671
2737
788
2687
2686
1784
2678
6190
4493
4541
2739
2729
760
761
3031
2696
2702
2700
766
3644
2707
769
770
771
3643
2713
2717
5483
4526
2719
2725
2723
2864
3470
782
783
4534
3650
3652
4542
4544
3668
2743
2745
3946
2747
2749
3947
2752
797
798
799
800
801
3959
2769
2770
3801
2773
2775
2778
4583
4581
2777
2785
3377
2787
2789
3766
2795
6208
2849
3703
821
822
1382
2804
3385
4615
827
828
829
3639
825
3816
5188
833
836
4628
837
838
840
3749
3749
3740
3073
1832
845
3172
5500
5500
849
850
505
858
857
854
2875
856
2901
3462
3451
3449
2878
3505
2886
5176
5173
866
867
868
869
870
871
872
1079
2959
900
1084
877
3498
3477
59
3498
3447
3445
1797
1799
1979
1979
2153
1824
1977
3592
899
3618
18
54
3557
2954
899
2950
1074
3556
2923
503
2967
2971
905
2987
908
2992
2153
3447
1799
2940
151
27
39
39
2986
426
1972
3018
94
92
112
4823
1478
926
3027
3032
906
931
2974
3139
3785
3055
3053
4851
4850
3058
1063
3074
3061
3052
4370
3414
4405
3083
3140
3097
3093
3102
957
1062
4405
1062
4910
956
1494
3785
1520
1060
1507
3115
962
4937
834
1494
3414
5184
4405
3148
963
3178
955
3180
3176
3971
4918
4892
1060
1061
3099
983
2175
989
3184
3187
3974
1064
991
4939
2171
3321
3598
3206
3223
4200
2056
999
1000
3214
3262
3324
3936
3219
3318
1007
2061
2593
2164
3234
2080
1859
3241
3242
1865
3606
3607
6156
2045
3262
2054
3269
4219
4221
2100
4254
3280
3333
3302
3309
1032
6158
1889
4396
3349
483
3361
3428
3430
1041
3367
3535
3433
3373
5154
3393
3395
3379
5159
1051
1052
1053
1054
1055
4683
5509
5518
5508
1520
1521
5184
4874
1531
3457
3435
2880
63
3448
912
3453
3455
60
2924
1075
3477
3498
59
902
1080
3557
4394
119
1961
3503
3513
3597
3516
3521
3523
3526
3595
3528
1094
1095
3543
1097
4269
3552
3839
835
3795
824
3577
3579
3581
3583
3601
3879
3609
1111
1112
3616
3865
3866
1116
1117
3814
4382
3689
3657
3836
3665
3673
3963
1126
1127
3842
3952
3701
3708
3718
3730
3733
3752
3793
1137
3799
1139
1140
1141
1142
3832
1144
1145
1146
3955
3848
3852
1150
1151
3905
3884
4369
1155
3920
1157
1158
1159
1160
1161
1162
1163
4378
3138
3993
1167
3995
1169
1170
1171
1172
1173
1174
4274
4017
4020
4290
4325
4022
4326
4026
4280
4031
4036
1186
4329
4039
4331
4043
4333
4335
4047
4049
4054
4052
4056
4339
4124
4058
6153
4062
4064
4337
4067
4073
4074
4168
4078
4148
4144
4082
4084
4087
4294
4285
4092
4146
4097
4151
4102
4153
4105
4158
4110
4113
1227
1228
4119
1230
1231
4122
4132
4292
4296
4134
4283
4139
4345
4347
4349
4351
4354
4165
4175
4173
4362
4192
4178
4359
4182
4186
4190
1254
3282
4202
4208
4250
4211
2093
4223
1262
3344
1898
4241
479
1267
4287
1269
4305
4308
4311
4318
1274
1275
1276
1277
1278
1279
1280
1281
1282
1283
1284
1285
1286
1287
1288
1289
1290
1291
1292
1293
1294
1295
1296
1297
1298
1299
1300
2753
4446
1303
1304
1305
1306
1307
1308
1309
1310
1311
1312
1313
1314
1315
1316
1317
4494
4489
518
4497
1323
519
5460
4500
1326
4505
4829
4827
5386
1331
1332
1333
1334
1335
1336
4518
5374
1339
1340
4696
1342
1343
1344
4660
1346
4536
1348
1349
4549
1351
1352
1353
1354
1355
1356
1357
1358
4561
4565
5389
4568
5526
5524
4575
4584
4585
5519
2551
4632
5158
1652
4590
4588
1375
5465
4595
1378
5342
1379
4617
1623
1383
5394
679
4610
6139
2540
1621
1509
6128
1391
5501
5501
5498
5498
4600
2239
5562
6122
4672
4673
1402
4665
4667
5235
5317
4675
4668
2546
5208
5213
5229
5231
4832
4681
2396
4686
5504
5466
1421
4691
5348
1337
5264
5246
4700
4658
4657
1451
5257
4713
1602
235
232
171
258
218
172
1475
530
4706
680
233
5318
2377
4709
4709
5351
5240
2376
2375
4779
5439
2221
175
545
268
4802
6131
4817
258
5242
530
220
5445
5445
175
2223
268
323
325
264
272
174
286
525
5532
5506
1468
4793
4772
5553
2258
1487
4867
1492
4859
1488
559
558
5334
2399
1493
2238
2401
4843
2401
607
607
1493
1493
2399
1493
2258
1514
1513
4933
5560
1493
2399
4959
607
4962
4962
5554
1516
4901
4895
1514
1517
5721
2577
6185
1659
1525
2573
4975
4933
4935
1526
4932
6182
4993
4991
1536
1537
2409
1539
1540
1541
1542
1543
1544
1545
1546
1547
1548
2475
1550
1551
2302
5084
5047
1555
5051
5052
1541
1559
5065
5965
5063
5081
1768
5035
6012
1567
5358
1569
2449
1571
5356
6009
1574
1575
1576
1577
5223
5565
5168
1581
526
5512
1584
5227
4757
235
5241
529
1590
1591
5260
1595
1594
1451
4721
5261
1603
1599
681
2377
290
5322
5272
1605
1606
1607
6108
5941
1610
6106
1612
1613
1614
1615
1616
1617
1618
4710
1620
5339
5416
5337
5549
5551
1626
1627
1628
1629
1630
1631
1632
1423
1634
1635
1636
4626
5396
1639
1640
1641
1642
1643
5433
1645
1646
5443
1648
1649
5463
5471
5478
1653
1654
5533
173
5536
5542
5546
1660
1661
1662
1663
1664
1665
1666
1667
5600
1669
1670
1671
1672
1673
1674
1675
1676
1677
1678
1679
5766
1681
1682
1683
1684
5713
4846
4887
1688
5731
1690
1691
1692
1693
1694
1695
1696
1697
6038
6055
5777
1701
6057
5782
1704
1705
6059
5794
5808
5798
5801
5806
6064
5803
5826
6067
5811
5813
6069
5816
5827
5820
1722
1723
5833
6072
6071
5835
1728
1729
1730
1731
5851
6075
6077
5854
5859
6079
6081
5862
6083
5872
5870
6085
5875
5876
1746
1747
1748
1749
1750
1751
5895
5897
5902
5904
5908
1757
6097
5923
5925
6095
5929
6093
6091
1765
5938
6099
5954
5068
5960
5064
5992
5972
5973
1775
1776
2463
6001
1770
6088
2690
2690
343
2690
1786
1789
1786
1788
1791
1790
3675
1792
349
1792
1795
928
44
1
84
0
44
1804
361
1809
1804
1984
3755
1980
2994
2998
3684
3684
151
3684
2953
3042
3042
3043
932
3017
22
90
3017
3017
1830
1830
3050
1830
371
3047
1829
1833
1989
1830
3083
1830
844
844
1838
375
1826
3050
1842
4404
2018
445
3088
444
972
4371
1852
3069
942
4372
3047
3047
3047
3084
4195
4195
2081
4195
468
1863
494
4234
468
3239
3237
1862
3239
1876
1872
1872
460
2047
3299
3297
398
3299
2115
1027
2112
483
1887
397
1923
1016
1885
3356
419
1878
3356
2110
2110
3240
1014
1894
1895
474
1898
1864
1902
389
2117
2117
486
1906
3257
4198
405
3257
3257
3255
3257
1922
407
1922
1921
3258
3258
3258
1924
3339
1926
1874
411
1925
490
3353
3352
3353
415
4257
3301
3244
1935
4259
484
2116
2111
3294
3295
3296
1943
4129
4130
3498
4129
3477
343
1952
1951
29
421
1957
29
899
1963
502
1962
421
3590
425
1964
425
3900
160
160
143
142
99
3009
3009
2154
920
88
3017
88
1823
1823
1977
1823
1821
1987
428
3758
3048
3086
3048
3151
432
3890
432
1993
1996
3921
435
1999
2000
2004
436
433
3914
2005
2006
2007
2008
2009
3047
3047
3047
3964
3161
3161
3090
3090
3171
1951
1953
1783
2024
448
2125
2025
2029
450
2026
2029
2033
2032
458
2068
2033
394
3336
2036
2039
4200
406
1913
1911
2046
3338
1910
1912
392
455
2031
1900
2095
2053
4214
461
2049
997
2056
997
997
2064
462
2060
1010
2161
2067
2065
4230
466
2070
4215
464
2069
463
467
4216
467
4233
424
1965
2078
424
387
2086
2085
387
387
2089
473
2037
2089
473
2091
473
474
3231
1898
1937
1934
1937
414
2106
2106
2106
2103
2089
3279
2088
2110
1907
3323
399
2124
3289
2123
2113
2114
390
390
490
2121
3254
3343
398
3290
2127
495
4356
2131
496
2130
2131
2132
2132
2134
2135
2905
3500
2906
2904
873
2586
2586
2816
2142
2146
2583
2145
2148
2950
2151
2950
2151
92
94
92
3017
2157
2158
2157
2160
2162
2592
1033
1009
2167
2165
2167
515
2172
516
987
3186
2174
2174
983
2173
2179
2177
520
520
2181
2182
2183
2181
2184
2185
521
5270
5267
5271
2189
1412
217
216
218
217
236
5515
538
4803
4834
1461
2385
4795
1440
2392
1442
4751
5445
1442
4709
4839
4773
4840
4839
174
174
174
174
264
315
2223
315
325
312
554
554
554
4570
6148
2238
6148
4643
552
2238
2238
2238
553
5341
553
2239
2244
2244
4985
695
4845
4845
2247
4845
2231
5333
5335
4600
5333
5334
1495
549
1495
1495
2260
2261
2262
2263
2264
2265
2266
2267
2268
2269
2270
2269
2272
2273
2274
2275
2276
2277
2531
2529
2531
578
2284
572
5079
1573
2286
2287
2288
2289
579
2294
2291
664
2358
5136
2296
2297
2298
2299
2301
2304
580
2301
2307
2306
5989
5988
2308
585
2310
2311
2315
2313
5118
2518
2316
2317
2318
2321
2319
2321
570
586
2323
5123
2328
589
5127
2328
2328
590
2330
2333
2334
2335
2289
2337
2338
592
574
2340
2508
2507
593
2508
1553
2346
5083
657
1553
2353
2351
2354
2356
2354
5041
5037
2355
2344
2353
5258
5258
1431
5256
1451
2368
2367
2368
681
681
4709
681
2374
1429
5324
5323
1429
4710
2379
2380
2381
2382
174
268
545
264
333
317
333
259
256
260
2560
1473
2203
2206
2203
2233
2400
4644
548
2402
2403
2404
2405
2410
613
2406
641
5950
2411
2412
2413
2414
2415
2416
2417
2418
2419
1495
2231
1495
4880
554
2240
4570
4944
554
548
2401
548
2432
2432
2434
2435
2436
2435
625
2439
2440
2439
2442
2445
634
5966
2446
2447
5070
637
2448
655
1563
2456
2453
1556
5050
1557
2460
638
5124
2464
2461
632
2465
2468
639
2467
2468
2472
571
2472
640
2473
2474
2475
2473
2477
2478
2479
2480
2481
2482
2483
2484
2485
2486
2487
2488
2489
2490
2491
2492
2493
2494
2495
2496
2497
2498
2499
2514
2511
2517
658
654
654
5995
2509
5073
5952
2509
2512
2283
659
2512
2511
5997
6008
2301
2302
583
2351
2352
664
664
2338
5086
669
2525
673
2293
6163
2437
2532
627
4566
2535
4566
677
2536
2536
4563
2536
1401
2547
2544
1401
4656
686
2579
686
2549
2579
2580
688
4709
4709
4709
4709
268
272
175
268
4613
690
4613
1386
2567
2568
2569
2570
2574
2574
1533
2574
1524
2576
1524
2575
696
5568
4574
2583
3762
697
2818
2781
2588
4573
2588
700
700
2590
1011
3233
2596
2664
703
2595
702
2600
2601
2602
2603
2604
2605
2606
2607
2608
2609
2610
2611
2612
2613
2618
2615
2616
716
2618
2621
718
3565
3856
2622
2624
2625
2626
2627
2628
2633
725
2629
728
4000
732
2638
2636
3976
3985
2639
2640
2641
2642
2643
2644
2645
2646
2647
2648
3604
3927
2651
2649
738
2654
2656
3217
2657
2658
2659
2660
2661
730
2663
2666
746
2731
747
2623
3870
2669
717
2738
788
2738
758
2689
2688
342
3738
2688
4541
2737
6190
4495
4541
2738
2691
2691
2738
759
2729
759
2693
2694
2695
762
2697
2701
2698
766
2701
767
2706
2703
769
3699
765
2708
2709
2710
2711
2715
772
2712
3641
2718
5483
4527
776
2716
2724
2721
780
3484
781
2726
2727
2728
784
2730
2732
3649
786
785
788
788
4542
2740
784
4534
446
2021
446
2741
2742
2750
792
2746
795
3945
2752
3984
2751
2752
2759
2756
2757
777
3806
2760
2761
2762
2763
947
3082
1835
376
2147
2147
2144
2768
2776
805
2772
508
4393
4580
809
1368
4580
2777
807
2784
3769
806
2790
813
2786
816
3764
2794
2791
819
3742
3704
2796
2797
2798
2796
4603
4605
826
5161
4604
2720
2806
774
2808
2810
2822
2811
2812
2780
3384
2817
2780
810
2777
808
2820
2159
2822
832
3640
3768
2830
833
2830
836
4627
2832
3778
2833
2831
812
2854
2852
3749
3748
841
3787
373
1832
843
2821
2846
2847
2840
842
2851
2837
5507
5500
5507
5507
2857
3559
2858
2856
2863
2860
2870
2863
854
2865
4391
2867
2868
2903
2900
2960
3480
2873
2874
2138
2876
859
3451
3449
2881
3502
3403
357
3405
5174
2885
2887
2888
2889
2890
2891
2892
2893
2894
2895
2896
2899
2898
1056
3481
1079
900
3481
2964
2964
3501
2907
2908
2909
2910
2911
134
3557
3496
54
134
55
57
17
55
4129
59
3498
64
61
63
64
3446
3447
3446
1800
1800
0
67
1797
1798
1798
1798
1798
1979
1799
3017
921
1798
1799
1798
3446
3446
3447
2951
3617
891
893
899
2954
899
2953
3450
3467
860
1069
2963
3493
2962
3476
2970
356
2966
503
3711
3747
2971
2974
3746
2985
2984
2984
2985
905
2966
904
41
2969
2986
905
905
918
2986
2984
2987
3009
890
2995
2943
4385
919
920
2991
352
352
352
2942
1824
2940
41
39
154
426
1972
3017
426
42
104
42
105
2953
96
100
3009
2955
29
108
4822
4824
4825
3023
925
3032
929
3028
869
869
3029
365
2979
2978
2976
909
2993
3039
2973
932
3044
3032
948
3969
3785
3138
3047
934
3054
3051
3423
4849
938
3418
3055
3419
3420
940
941
3056
3077
3063
3051
935
3053
3067
3065
3122
936
1991
430
3416
1062
3413
3076
3152
973
3083
3083
844
1832
3086
3086
3097
949
950
3965
3093
4374
4373
3102
4374
3416
3416
4405
3413
1062
1504
4900
4897
5183
1504
3967
384
977
3968
1502
5180
4919
4893
4968
4909
4910
4909
956
4913
965
4939
5500
3422
2827
2827
5183
1494
5183
5182
1062
5182
5184
3413
4405
3413
5182
3414
5184
3152
973
3095
3147
3144
3147
963
3116
3116
3114
962
4911
1507
3098
3181
3132
372
372
3083
1830
1830
1830
3047
3084
967
3412
955
967
3412
3181
3120
964
4375
3117
971
3142
3134
3129
975
3167
3409
3410
3411
3412
3183
3193
985
3182
3188
988
3973
4899
4897
4937
6120
3424
3426
3425
3104
3191
3190
1843
3199
3035
1817
993
3322
3203
996
3225
3208
3208
3210
3209
3211
998
1002
1004
3325
3935
3216
1003
3218
3222
3319
1008
1008
3321
3224
465
3227
2072
2071
2066
404
3235
471
2080
1012
4196
1860
4195
404
1903
402
1899
481
1932
1931
417
1944
417
4255
410
3253
1919
1918
1018
3607
3919
3256
460
2045
460
998
3262
998
3268
3265
1259
4210
1260
1025
4219
4212
1257
1025
3278
3315
1256
3283
459
459
1015
412
403
1015
1884
1882
1037
396
4264
493
3290
1934
3242
6162
1891
4261
1929
1928
2119
1908
3303
1034
1034
1017
3304
3608
3307
3226
3309
3310
1032
3345
3312
3310
3315
3317
2062
1033
3326
2163
3320
3320
1903
701
3328
701
3329
3329
2080
2078
2078
2078
1906
1905
1919
3305
3255
1915
1869
1869
2045
409
2040
1035
3349
4227
3347
3347
4396
1872
1875
4260
3358
400
1927
3355
1034
3357
6167
3362
1039
3427
1040
3360
3368
3365
1043
3546
2861
3459
3369
3374
1046
5152
3372
3378
1047
3392
1048
3376
3380
1049
3381
4582
1369
5162
3388
5163
3391
3390
5164
3392
3393
3394
3395
3396
3397
3398
1054
3400
5178
5173
1583
5178
1583
5177
5510
5509
5179
4968
5181
5180
5182
5184
3414
5182
3419
5187
1489
5183
1494
3423
4851
5189
5190
4981
3429
778
3456
1065
3432
1794
3435
3431
350
3439
3438
2881
3505
2877
884
2941
2936
2932
65
63
66
352
3442
3442
1070
2028
451
3452
452
3458
1072
3468
3437
1067
2871
860
2879
861
911
883
2947
3469
3469
1075
2869
2140
2917
2918
2927
2915
64
61
17
3483
3474
2965
3473
3485
3485
3486
3487
3488
3496
4394
3496
2914
2912
1955
3496
8
112
54
114
2962
1084
3504
908
3508
1085
3507
3507
3509
2944
3510
3511
431
2670
1995
3519
1087
3515
1001
4387
3205
994
3520
995
3527
3524
1092
3605
742
2655
3220
3533
3531
3534
3371
779
3536
3537
3538
3539
3541
3954
3540
790
3544
3545
2722
3547
3548
3549
3551
4268
1098
3550
3554
3555
421
110
108
3561
3560
3562
1960
729
729
3567
1100
3841
1096
2826
2828
2829
3572
3573
1851
3571
3387
3569
3575
3647
2799
377
3580
821
3584
3585
3586
3587
3588
3589
3592
891
501
3593
3348
1031
3594
1036
1006
3221
3602
423
3917
1086
3600
3308
1109
1109
3609
3621
3610
3611
3612
3613
3614
3614
3616
3615
1113
1115
3865
3876
3619
3623
3624
3625
3626
3627
3628
3629
3630
3631
3632
3633
3634
3635
3636
3637
3638
1118
3815
3642
4381
1119
3644
3645
2803
2801
2800
3651
2714
3698
1120
3653
3654
3655
3659
1107
3656
4383
3386
1122
3661
3687
3837
2699
2699
2707
344
3670
1781
3674
3671
1125
3669
3675
3676
3677
3679
3709
3678
3681
3682
3683
3680
4542
4542
3690
3838
1121
4380
3694
3691
817
3961
3695
3696
3697
3658
3699
750
755
2674
2675
2680
1130
3706
3707
3708
3709
3710
3707
1131
3713
3714
3715
3716
3717
3718
3719
3034
763
3722
5175
1416
3725
3726
3662
3727
2704
768
3729
1123
3667
3666
3732
768
3736
342
3748
756
3701
3741
160
2972
2890
3745
3746
4492
1324
3025
3753
3025
926
3761
920
2153
2990
931
3759
4825
1478
3375
1045
1047
3770
1132
804
2771
4395
3770
3407
3026
3772
921
3775
3776
3777
3779
3791
1136
3781
3794
3785
3784
1137
373
3072
3788
3789
3790
3792
3800
1105
3578
1104
3969
976
3185
986
3646
2814
3123
3802
3804
3805
3807
3807
3808
3809
3810
3811
3812
3813
3814
2769
803
3817
3818
3819
3820
3821
3822
3823
3824
3825
3826
3827
3828
3831
3829
3831
1144
3833
3834
3835
1129
3692
3845
3672
791
2744
1147
1106
3846
3953
2764
3958
1143
3830
1143
3850
2748
3849
794
3542
3854
3857
3858
3859
3860
3861
3862
3863
3864
3737
1134
1133
1149
3853
3869
3871
3872
3728
3873
3735
3875
3877
3878
702
3879
3885
711
3881
3885
2610
3886
1154
3906
3884
3888
3891
3892
3893
3894
3895
3896
3897
3898
3874
3899
3901
1110
3903
3904
1148
3851
3907
3908
3909
3910
3883
3911
1153
3889
3915
3916
748
3880
3918
704
1110
3922
3923
3924
3925
3926
3514
1965
3928
3930
3931
3932
3933
1108
3929
3329
3937
3938
3939
3940
3941
3942
3943
3944
3538
3946
420
3948
3949
3950
3951
2792
3956
2020
1164
4377
3960
1847
1830
1845
754
2679
3670
3965
951
948
3785
948
3138
1165
1166
3990
3975
1168
3994
3976
3977
3978
3979
3980
3981
3982
3983
3985
3985
3986
3987
3988
3989
3098
3098
3098
3165
3198
990
3996
3997
3998
3999
3212
1005
4001
4003
4004
4005
4006
4007
4008
4009
4010
4011
4012
4013
4014
4016
4273
1175
4015
4021
1178
4327
1179
4019
4025
4324
1181
4024
4029
4289
4028
1183
4035
4033
1176
4277
1184
4038
4328
1187
4037
4042
4330
1189
4041
4046
4334
1192
4045
1191
4053
4050
1190
4315
1194
4057
1198
4340
1199
4055
4061
6152
1201
4060
1200
4066
4336
1204
4065
4070
4338
4069
4071
1205
1197
4072
4077
4167
1208
4076
4081
4147
1211
4080
1210
4088
4085
1215
4343
4090
4293
4089
1216
4095
4093
4284
4099
1218
4096
4143
4101
4154
1220
4100
4107
1222
4104
4150
4109
4156
1224
4108
4115
4113
4112
4159
4116
4117
4118
4119
4120
4125
1231
4121
1228
4125
4127
4127
4126
55
57
4133
1234
4295
1235
4131
4137
4291
4136
1237
4141
4141
4140
4145
1239
4346
1240
4149
1236
4344
4152
1241
4350
1242
4155
4348
4157
4352
1243
4160
4355
4161
4162
4163
3517
1088
4164
2166
514
4169
4170
4174
4171
1247
4361
1248
4179
4176
1250
4364
4183
4180
1244
4358
4187
4184
1253
4365
1254
4002
1093
4189
1089
4193
4194
4197
1156
4389
3918
3305
4199
3283
3282
3283
4205
4231
4251
4206
4245
4251
2038
2057
4213
4249
3228
470
2084
2083
4200
4220
4222
1261
2057
998
4207
998
4225
4226
3263
2072
2074
471
2085
1013
1871
4233
1015
2100
2092
2107
4239
2107
4243
477
3247
4250
3247
4249
3286
396
479
417
1899
2104
3289
1942
481
3334
1029
1030
3358
485
2047
391
493
2043
4234
2926
3454
1071
3553
1099
4272
4079
1209
4018
4276
4278
4279
4094
1217
4281
4282
4283
4142
1238
4030
1177
4286
4091
1214
4170
727
4138
1233
2631
726
4166
4297
4299
4300
4301
4302
4303
4023
1180
4304
4027
1182
4307
4040
1188
4310
4044
4313
4316
4332
4048
1193
4317
4068
4320
4059
4322
4083
1213
1212
4086
4098
1219
4103
1221
4106
1223
4111
1225
4114
1226
4128
1229
4118
4341
4342
4135
4298
1251
4181
1249
4177
1246
4172
1245
4353
4363
1252
4185
4357
4357
4360
1091
4386
3522
1090
4191
3525
4365
2654
4367
1152
712
3057
3062
3064
3100
3101
3114
846
3173
1849
382
3582
2834
4382
4383
764
2939
3596
4388
4396
2598
2972
2137
891
2813
29
2144
3263
4397
4398
4399
4400
2133
844
3096
3047
3412
4406
4407
4408
4409
4410
4411
4412
4413
4414
4415
4416
4417
4418
4419
4420
4421
4422
4423
4424
4425
4426
4427
4428
4429
4430
4431
4432
4433
4434
4435
4436
4437
4435
4439
4440
4441
4442
4443
4444
1301
4557
4446
4448
4556
4450
4451
4452
4453
4454
4455
4456
4457
4458
4459
4460
4461
4462
4463
4464
4465
4466
4467
4468
4469
4470
4471
745
4473
4474
4475
4476
4477
4478
4479
4480
4496
4496
5497
4497
4494
5497
1323
5430
2178
4495
4495
5460
4484
518
4497
2180
4498
4499
4499
1326
4504
4501
4826
5482
1330
4506
4507
4508
4509
4510
4511
4512
4513
4514
4515
4519
4516
1338
5371
4520
4521
4522
4523
1341
1341
4526
4697
4528
4529
4530
4531
4532
4533
1326
4535
782
4537
4538
4539
4540
1325
4500
1325
4534
4545
4546
4547
4548
624
4550
4551
4552
4553
4554
2751
2751
2753
4558
4559
4560
4561
4562
4566
4565
1361
5406
553
5344
4567
553
4572
5526
1364
5572
4578
4577
1366
4584
1367
4620
685
4619
5153
1370
1370
4587
4632
4589
5521
5522
4588
1371
4594
5717
1376
4593
4597
4599
5341
1379
5342
5407
4614
1387
5409
4607
4698
4608
2541
4564
2541
4610
4610
2550
2551
2548
2587
6139
2552
2554
1384
4609
1384
2539
6147
679
5330
5331
5332
4917
4633
675
6127
1391
4631
5499
5501
1650
5498
5499
4598
4598
2239
552
1384
4647
5395
1377
4650
6206
4595
5498
4638
5498
4672
4672
4673
1402
4661
1404
4664
1405
4659
4666
1407
5316
1408
684
2545
1425
4699
4675
1295
4675
5316
5215
5213
5215
5229
1588
534
4685
2397
2198
542
1420
4688
5467
4689
4690
1424
4695
4694
5347
5484
1415
4682
5481
5245
1598
5244
4705
683
4655
4704
5348
5348
5354
5354
1403
2378
5318
2374
2377
2378
2373
4711
602
5255
5259
1451
1602
230
181
230
233
5881
5881
235
234
182
189
238
217
218
215
216
258
172
216
333
333
255
258
2194
5881
235
5881
4706
4706
4706
680
4709
200
4709
4709
5230
1593
1450
5247
5324
2376
1603
5322
4768
4767
1454
5439
533
1472
1472
682
4771
2222
2222
4787
4783
4816
4782
220
1466
5441
175
2223
175
175
2221
175
545
268
2391
1441
4743
2389
1474
4817
1474
239
297
239
1473
530
1475
209
4813
220
175
2223
268
175
4813
562
277
199
199
272
272
268
681
681
2377
5529
2190
5530
5511
4827
5505
1419
1479
4842
4830
2213
1456
4788
4774
4801
4794
1464
4787
4773
1482
4772
1484
4846
2231
5541
1495
695
4862
4857
4863
1491
4861
6117
4858
4854
6116
2254
2253
6118
2252
4866
4865
2255
558
6125
5560
5560
4641
4642
4860
608
4876
4872
4870
2400
2238
2239
2239
2238
548
548
2401
548
548
2401
548
2398
2398
607
2398
4876
1493
4876
2399
4876
4873
4873
1493
6121
2242
4880
547
2244
4965
4966
4892
4964
6121
4958
4938
4638
4935
4638
4868
4867
5559
4873
4873
4873
6151
1493
4876
4876
2399
6151
4942
2398
2398
2398
4960
4960
4932
2401
4933
4933
1513
1513
4938
1483
5554
2399
553
553
2238
554
1495
549
4961
4961
6149
4962
4940
2399
1394
4648
2398
607
1400
6123
5554
5553
5554
1516
4961
4961
4963
4964
5555
5555
5556
4970
2572
1685
1527
6120
4935
1499
4969
4971
4972
4888
1512
2430
4986
4986
1480
2215
4992
4989
1536
4992
1537
4996
4995
4996
4997
4998
1558
5000
5001
5002
5003
5004
5005
5006
5007
5008
4990
1535
5011
5012
5013
5014
5015
5014
1549
5018
5016
5020
5021
5022
5023
5024
5025
5026
5027
2271
5029
5030
5022
5031
5034
6006
5033
656
656
5998
5998
5959
5040
2528
671
670
5042
5046
587
5048
5049
2276
667
668
5055
1558
1541
5057
5964
1561
5058
1560
5061
5061
5064
5064
5061
5066
5066
5068
5069
1563
5082
5952
1768
5952
5075
6004
5078
6000
661
2530
2523
2279
2509
5990
5137
2281
5137
5088
595
5090
5088
2332
5092
588
5098
5096
1568
5366
1775
5100
5101
5101
5103
5104
5105
5106
5107
5108
5109
5110
5032
5112
5113
5114
5115
5116
5117
5118
6010
5045
5120
5123
6157
5124
6015
5126
5128
6018
5129
5129
5131
5134
1572
5355
2343
594
5138
5138
5139
5139
6013
5142
5143
5144
5145
5146
5147
5148
5149
5150
5224
1579
5520
5165
5157
5155
5166
1580
1371
4592
4616
5421
5340
1374
4591
5167
5167
1357
5169
5170
1582
5172
5528
606
4683
5512
5512
5516
4965
4966
4967
6151
6151
4942
4853
4855
4871
4915
4979
4980
5191
5192
5193
5194
5199
5197
5228
5202
4678
4679
4759
1414
4758
4680
5211
5241
529
5210
234
182
233
239
4729
4798
4727
5216
5217
5218
5219
5220
5221
5222
1409
4669
1427
4760
4760
4701
2363
2364
1597
5232
5233
5234
1410
6137
5256
1451
1430
4762
230
5260
181
1598
5265
4763
4762
5249
5306
5250
5251
1599
2374
2374
2377
2374
2376
2374
2374
201
201
5318
2377
1428
5321
5214
5214
1589
5272
1411
5268
4737
2194
2191
5275
5276
5277
5278
5279
5280
5281
5282
5283
5284
6107
5286
5287
5288
5289
6110
5291
5292
5293
5294
5295
5296
5297
5298
5299
5300
5301
5302
5303
5304
5305
5307
6032
5308
5309
5310
5311
5312
5313
5314
5315
4438
1296
681
681
681
4657
4657
1402
1403
2754
5326
5327
5328
5329
5339
5336
1625
4601
1380
5414
5338
1624
5551
1625
5336
5341
1626
5343
5344
5349
5349
1337
5346
5350
5627
4707
4706
4707
5345
5357
5356
5357
1610
5359
5360
5361
5362
5363
5364
5365
5288
5367
5368
5369
5370
5371
5372
5373
5374
4694
4693
1423
1423
4708
5380
5381
5382
5383
5387
5384
1418
4690
5388
5389
5390
5385
5385
5393
4564
1360
4612
4611
5400
2563
4611
4624
5402
5403
5404
5405
5406
5558
5558
5557
5410
5411
5412
5413
6129
6129
5415
5417
5418
5419
5420
5337
5422
5423
5424
5425
5426
5427
5428
2433
519
5429
5432
1350
5434
5435
5436
5437
5438
5377
5376
5378
4692
1422
5442
5378
1325
5447
5448
5449
5450
5451
1644
5453
5454
5455
1646
5457
5458
5459
1320
4486
5461
1322
5465
1322
1647
5468
1647
1422
5469
5470
4769
5473
5474
5475
5479
5476
1359
5564
2212
4831
4687
1416
4517
4502
5486
5487
5488
5489
5490
5491
5492
5493
5494
5495
5496
2177
1650
5464
5462
1376
311
1472
1651
5472
682
5462
5517
1481
5517
5533
4792
545
173
4818
4791
4793
1655
688
5566
5523
1652
5527
678
4586
678
4562
2200
1604
5269
260
1460
1460
5273
4635
1392
5535
5414
5538
695
5542
695
552
4600
2578
1523
5545
5537
1657
5548
5539
5538
5541
1658
5547
1659
5550
4576
5560
1622
1360
1636
5563
5564
1373
1373
1638
5398
689
5401
1388
4625
5476
5477
5573
5576
5577
5578
5579
5580
5581
5582
5583
5584
5585
5586
5587
5588
5589
5590
5591
5592
5593
5594
5595
5596
5597
5598
5599
5600
5601
5344
5602
5604
5605
5606
5607
5608
5609
5610
5611
5612
5613
5614
5615
5616
5617
5618
5619
5620
5621
5622
5623
5624
5625
5626
5627
5628
5629
5630
5631
5632
5633
5634
5635
5636
5637
5638
5639
5640
5641
5642
5643
5644
5645
5646
5647
5648
5649
5650
5651
5652
5653
5654
5655
5656
5657
5658
5659
5660
5661
5662
5663
5664
5665
5666
5667
5668
5669
5670
5671
5672
5673
5674
5675
5676
5093
5678
5679
5680
5681
5682
5683
5684
5685
5686
5687
5688
5689
5690
5691
5692
5693
5694
5695
5696
5697
5698
5699
5700
5701
5702
5703
5704
5705
5706
5707
5708
5709
5710
5711
5603
1362
5714
4569
5715
5718
5719
5431
548
2401
1484
4846
1484
2231
2257
2421
1658
4974
2246
6122
5732
5733
5734
5735
5736
5737
5738
5739
4557
1347
5740
5743
5744
5745
1483
1483
5554
5553
622
4960
5752
5753
5754
5755
5756
5757
5758
5759
5760
5761
5762
5763
5765
5765
1694
5767
5768
5769
5770
5771
5772
5773
5774
5776
6054
1699
5775
1698
5781
6056
1702
5780
5784
5785
6037
5787
5788
5789
5790
5791
5793
6058
1706
5792
5797
6060
1708
5796
5802
1711
6063
1712
5800
4051
1195
5805
1196
5810
6066
1715
5809
1714
5815
6068
1718
5814
5819
6065
1720
5818
5823
5825
5822
4075
1207
1206
5828
5829
5830
5831
5834
1725
6070
1726
5832
5837
5838
5839
6073
5841
5842
5843
5844
5845
5846
5847
5850
5848
6074
1733
5853
6076
1734
5852
5858
5856
6078
1737
5861
6080
1738
5860
5866
5864
6082
1740
5871
5868
1743
6086
1744
5817
5873
1716
1719
5878
6084
5877
1600
202
5882
5883
5884
5885
5886
5887
5888
5889
5890
5891
5892
5893
5849
1732
5894
1727
5836
5898
1724
5857
1736
5901
1735
5855
5905
5863
1739
5907
5865
5910
5912
1742
5914
5915
5916
5917
5918
5919
5920
5921
5926
1758
5922
1761
6096
5930
5927
1763
6094
5934
5931
1764
6092
5939
674
5935
1767
6101
5942
1759
6109
1766
5944
5945
5946
5947
5948
5949
5121
2450
5067
5952
1769
5955
5956
5957
5961
5958
1771
5976
5962
5974
5065
5964
2476
5967
5968
5969
2450
5062
5971
1562
5975
5977
5976
5978
5979
5130
1571
5981
5982
5983
5984
5985
5986
6019
2461
2463
5952
5954
5993
6001
1778
5996
6002
573
5958
5959
1770
5965
5965
6001
1770
5959
5075
5077
2522
662
5035
595
2347
2347
2348
2335
591
2279
2341
2267
5881
6021
6022
6023
6024
6025
6026
6027
6028
6029
6030
6031
5753
6033
6034
6035
6036
4288
1268
6039
6040
6041
6042
6043
6044
6045
6046
6047
6048
5869
1741
6052
6087
1780
4306
1270
4309
1271
4312
1272
4314
5807
6061
4319
1273
4321
4323
1203
4063
1202
5783
1703
1700
5778
5795
1707
5799
1709
6062
1710
5804
1713
5821
1721
5824
1717
5812
5874
1745
6089
5899
1753
5896
1752
5906
1755
5903
1754
5909
1756
6098
5911
6102
6103
5932
6105
1762
5924
1760
6100
5928
6111
6112
6113
6114
6115
2252
559
4642
4876
4876
4876
6206
6206
5716
5335
6126
5405
1639
5418
6130
2194
6132
6133
6133
6135
1472
4674
4706
698
681
5525
6134
6143
6144
6145
6146
2535
2239
2398
1495
4940
4123
1232
6154
6155
1915
2454
2592
6159
1830
4880
1890
2292
6164
6170
6170
6165
6168
6169
1873
6171
6167
5140
6174
6175
6176
6177
6178
6179
6180
6181
6182
2171
2175
6185
6186
6187
6188
6189
4544
6191
4935
2432
6194
6195
6196
6238
6198
6199
6200
6201
6202
6203
6238
6193
4975
6207
3974
6254
6254
6240
6212
1395
6214
6215
4949
6217
6218
6219
6220
6221
6222
6223
6224
6225
6226
6227
6228
6229
6230
6231
6232
6233
5748
4923
3111
6237
6238
6239
6240
6241
6242
6243
6244
6245
6246
6247
6248
6249
6250
6251
6252
6253
6254
1497
6256
6257
6258
6259
6260
6261
6262
6263
6264
6265
6266
6267
6268
6269
6270
6271
6272
6273
6274
6275
6276
6277
6278
6279
6280
6281
6282
6283
6284
6285
6286
6287
6288
6272
6271
6269
