44
2
3009
101
25
170
103
3016
134
53
64
65
135
2983
52
14
78
75
12
128
1979
84
3019
2989
906
368
2969
170
899
898
3557
3496
62
126
140
150
3744
145
166
903
35
153
42
42
147
95
37
162
903
152
2983
903
903
80
56
16
80
81
60
64
82
18
63
65
73
161
0
138
12
50
76
13
48
132
34
131
51
51
71
19
69
19
74
74
1
47
87
90
2153
1820
2153
94
2154
2991
2154
101
922
2989
3017
25
3018
3018
25
105
170
105
105
104
2956
2956
2954
103
3016
2955
3022
3015
133
3497
9
40
57
58
61
11
11
66
85
85
3006
139
916
34
137
40
164
36
146
144
136
141
4390
142
1971
26
142
426
102
426
151
148
168
43
2969
26
153
1812
1812
2980
3005
2968
142
136
96
148
150
15
2968
42
167
43
43
171
333
174
175
272
277
2558
2558
4819
287
231
234
303
219
4804
330
225
229
254
240
260
258
1474
273
271
196
1472
562
1442
5352
6140
4715
5880
295
300
319
331
309
198
1472
326
337
214
341
208
215
217
317
212
324
220
212
4781
211
211
227
305
180
226
228
289
230
188
189
181
237
244
183
236
241
328
241
186
246
253
301
185
185
186
330
250
187
251
253
215
260
255
171
264
264
267
263
269
268
271
195
272
272
272
273
196
272
196
4752
4815
4750
4752
562
5352
2558
6138
5352
2371
2557
4820
2371
1446
201
290
4714
202
293
5262
235
182
296
239
297
222
221
248
299
205
285
284
308
306
310
207
210
314
315
315
1472
315
318
318
331
277
562
1467
276
324
339
213
4755
4753
320
340
206
312
307
316
281
334
335
341
341
341
198
562
2687
2692
1781
1789
2703
1787
3676
3773
350
899
84
1978
1979
1801
3707
2883
3202
357
361
364
105
365
3034
3030
2975
2977
368
442
959
3969
3087
3072
1832
2841
1832
375
2013
972
444
1851
3070
948
3969
170
2969
424
2081
4230
1888
3238
4196
4218
4199
4243
1881
1876
492
4264
1925
3355
1895
1899
1904
4198
3257
3255
3304
1914
1920
1872
1933
3296
1938
4259
4256
1944
4261
3354
1952
4392
1954
1967
1966
3899
905
363
2884
3153
3063
4368
3887
1994
3902
3306
3913
437
3910
439
3090
2013
950
1829
3093
952
1953
447
448
449
450
451
452
2096
454
2032
4214
3229
2068
3335
1909
2060
2163
4215
4231
2071
2073
4232
467
2079
2082
2078
2088
2035
1896
3293
476
2102
1028
4255
3250
1907
1877
484
482
3359
2118
391
460
2045
2044
1019
2121
3253
3340
495
2835
2129
500
3767
2824
501
2909
3712
504
2906
2146
2586
2141
509
2148
3818
2158
2160
514
515
380
4404
518
519
520
521
522
523
524
5532
526
5352
1442
258
260
317
171
5470
4685
2201
4987
4834
2215
4749
4840
4830
2214
4785
4809
196
2235
547
561
1398
550
4944
552
2239
2241
555
4960
557
558
559
4845
5725
562
563
564
565
566
567
568
569
570
571
572
573
574
575
576
577
578
579
580
581
582
583
584
585
586
587
588
589
590
591
592
593
594
595
596
597
598
599
600
601
2378
603
604
605
2397
4844
608
609
610
611
612
613
614
615
616
617
2250
5725
4945
554
2248
623
624
625
626
627
628
629
630
631
632
633
634
635
636
637
638
639
640
641
642
643
644
645
646
647
648
649
650
651
652
653
654
655
656
657
658
659
660
661
662
663
664
665
666
667
668
669
670
671
672
673
674
675
676
677
678
679
4706
4710
5472
2547
684
685
686
2548
688
689
690
691
692
693
4901
695
696
2583
698
4787
3329
2591
2664
2667
2599
2601
2612
3908
2606
2603
3904
2609
3864
3860
2615
2617
3882
2619
3566
3855
3868
721
722
723
724
725
726
727
728
729
2662
2636
732
2645
2640
2647
4456
737
738
3603
740
741
2656
3916
744
4472
2734
2733
2668
2685
2736
2686
2676
3738
2680
2683
4492
4491
2738
2729
760
3630
2693
2697
2712
2698
3645
3641
3665
3699
770
2711
3643
3698
2807
775
776
777
778
779
780
781
4536
2727
4534
3649
3661
4543
4542
3668
3954
2745
3948
3829
2749
3945
796
797
798
799
2760
3634
380
510
2770
3801
2773
2775
808
809
2779
2781
2782
3377
814
815
816
2795
2850
2849
3705
822
3573
823
2801
2817
3385
827
2820
2158
3638
2813
3815
833
2826
2829
836
3780
837
3168
3120
2852
2836
4372
2841
2847
2851
4912
4652
849
850
851
852
853
854
855
856
857
858
3504
860
861
862
2898
2885
2886
3623
3627
2887
3722
870
871
3681
3480
874
875
3501
877
118
3479
3479
9
2932
3445
2935
2936
888
2942
930
3037
889
2951
898
3618
66
53
156
351
898
899
3467
3556
1077
503
2967
932
3042
363
2993
358
930
3448
2944
3002
168
904
2969
903
2973
363
2979
3019
906
2989
3557
3024
1059
1058
3026
3032
1816
3038
929
3174
1165
3051
3422
3423
3054
3057
3417
3059
3062
3067
4370
3416
3076
1832
3153
3167
970
3098
3096
3128
3076
3416
4918
3125
4920
1165
5182
3413
4897
3100
3114
4911
3123
5183
3416
5183
3076
4375
4373
3181
3181
3180
3176
1166
3109
6235
3413
3411
6236
3790
983
3195
3184
3188
3975
989
3196
3192
3186
3322
994
995
996
4200
2056
999
1000
1001
3263
3216
3936
1005
3222
1007
2061
2592
2161
3234
2080
4195
3240
1936
1865
3606
3918
6156
1911
3262
1022
4240
1024
1025
1026
4254
3280
3333
3300
1031
1032
3326
1889
1035
1036
483
1038
1039
1040
1041
1042
1043
1044
1045
1046
3393
3395
3379
3382
1051
1052
1053
1054
1055
5175
3404
864
1057
5182
5181
5183
5185
6204
1065
1066
1067
126
3441
3509
1071
1072
17
1076
1075
880
881
62
2965
1080
155
3021
3496
1961
3776
3512
1087
1088
1089
1090
1091
1092
1093
3986
3537
3543
1097
1098
1099
3840
3571
3795
3647
3577
3579
1840
821
3601
3879
3619
1111
3878
1113
3865
3875
3805
3812
3637
838
3687
4380
3836
4384
3673
3962
3695
3697
3842
2792
3701
3708
1132
3736
3732
428
3793
3797
3799
3938
3940
3822
3824
3832
3944
3943
3827
3956
3848
3852
3858
3862
3905
3881
4369
1155
3920
1157
1158
1159
3980
3982
3977
3978
3173
3153
3164
3988
3198
1169
1170
1171
1172
1173
1174
1175
1176
1177
1178
1179
1180
1181
1182
1183
1184
1185
1186
1187
1188
1189
1190
1191
1192
1193
1194
1195
1196
1197
1198
1199
1200
1201
1202
1203
1204
1205
1206
1207
1208
1209
1210
1211
1212
1213
1214
1215
1216
1217
1218
1219
1220
1221
1222
1223
1224
1225
1226
1227
1228
1229
1230
1231
1232
1233
1234
1235
1236
1237
1238
1239
1240
1241
1242
1243
1244
1245
1246
1247
1248
1249
1250
1251
1252
1253
1254
4237
1256
1257
4245
1259
2093
1261
1262
1263
1901
4242
4250
1267
1268
1269
1270
1271
1272
1273
1274
1275
1276
1277
1278
1279
1280
1281
1282
1283
1284
1285
1286
1287
1288
1289
1290
1291
1292
1293
1294
1295
1296
1297
1298
1299
1300
1301
1302
1303
1304
1305
1306
1307
1308
1309
1310
1311
1312
1313
1314
1315
1316
1317
4482
1319
1320
4484
1322
1323
5462
4497
1326
1327
4503
4828
1330
4520
4521
4508
4506
1335
5459
1337
1338
1339
1340
4607
1342
1343
1344
1345
1346
5741
1348
1349
4549
1351
1352
1353
1354
1355
1356
1357
1358
1359
1360
1361
4569
1363
1364
1365
1366
1367
1368
4619
1370
5158
5522
1373
1374
1375
1376
1377
1378
4601
1380
4615
1382
1383
4613
5400
4621
4617
1388
1389
1390
4634
1392
4956
4637
4636
4955
2253
4643
1399
4650
4674
1402
4657
1404
1405
1406
1407
1408
1409
1410
5214
4677
4679
5215
5481
4682
4681
1418
1419
1420
1421
4693
5354
5347
4702
1426
1427
4704
5323
4713
4711
4719
1592
5211
5211
2193
4734
2388
4741
1480
5531
5353
5378
234
290
4820
1442
5352
6138
5230
2375
5256
4766
4768
4773
4839
4776
1456
2202
4793
1457
4736
4726
2394
1453
4782
198
4784
1455
4783
4780
1472
1474
271
273
6140
4824
5508
4827
540
4836
4842
1483
1484
4852
4915
1487
1488
4856
6117
1491
2255
1493
4874
2241
1497
5723
1498
4890
1503
4894
4874
4872
4896
1484
5184
6119
6121
1509
1494
1493
4933
1499
4964
1514
1516
1517
4903
4949
1520
1521
6255
5546
2577
1525
1526
4975
4596
4978
4976
4980
4984
2573
1534
1535
1536
1537
1538
1539
1540
1541
1542
1543
1544
1545
1546
1547
1548
1549
1550
1551
1552
1553
1554
1555
1556
1557
1558
1559
1560
1561
1562
1563
1564
1565
1566
1567
1568
1569
1570
1571
1572
1573
1574
1575
1576
1577
1578
1579
5168
1581
1582
1417
1584
1585
1586
295
1463
5207
1590
1591
291
1596
1594
5258
4717
5880
1598
1599
5318
2370
4715
5265
5269
1605
1606
1607
1608
1609
1610
1611
1612
1613
1614
1615
1616
1617
1618
2377
1620
1621
1622
1623
1624
1625
5342
5344
1628
1629
1630
1631
1632
5377
1634
1635
1636
1637
1638
6128
1640
1641
1642
1643
1644
1645
1646
1647
1648
1649
5464
5467
5478
1653
1654
5516
4789
1657
1658
5556
1660
1661
1662
1663
1664
1665
1666
1667
1668
1669
1670
1671
1672
1673
1674
1675
1676
1677
1678
1679
1680
1681
1682
1683
1684
1685
1686
5728
1688
5730
1690
1691
1692
1693
1694
1695
1696
1697
1698
1699
1700
1701
1702
1703
1704
1705
1706
1707
1708
1709
1710
1711
1712
1713
1714
1715
1716
1717
1718
1719
1720
1721
1722
1723
1724
1725
1726
1727
1728
1729
1730
1731
1732
1733
1734
1735
1736
1737
1738
1739
1740
1741
1742
1743
1744
1745
1746
1747
1748
1749
1750
1751
1752
1753
1754
1755
1756
1757
1758
1759
1760
1761
1762
1763
1764
1765
1766
1767
1768
1769
1770
1771
1772
1773
1774
1775
1776
1777
1778
1779
1780
2690
2690
1782
342
346
346
2704
1785
1791
1791
3675
1792
1793
1794
1795
3772
353
92
87
47
353
357
3202
1803
357
3201
3036
1810
1803
3202
27
104
168
27
105
3033
3033
3033
3030
2976
2976
2991
907
2975
2013
2013
1855
2013
3086
3966
3087
373
1990
1832
1832
1832
3786
3786
2843
2842
3160
959
1825
1830
3094
3143
444
3091
3171
944
382
3069
4371
1850
383
383
383
3969
4195
4197
2081
4195
468
1863
4266
4234
2074
1862
3238
1860
2085
2046
1876
1872
2046
2045
3299
3297
398
3299
1941
1027
2115
1940
1887
397
1923
1016
1885
3356
1890
1878
3356
1014
1014
3240
474
1897
1897
474
1898
1864
1902
2067
1906
2117
486
1906
4198
4196
405
3257
3257
3255
1018
407
3258
407
1921
3258
3258
3255
3340
2047
1926
1874
1926
1925
490
3352
1932
3352
414
1935
4258
3242
1934
415
2115
2116
2111
3294
3294
413
1942
2917
4129
2915
2918
2919
343
3539
1783
892
1958
4394
2152
109
1963
1960
901
421
3590
425
1967
425
3900
2972
2972
903
1971
905
2978
363
930
2978
366
907
1820
2998
2998
1984
3757
3037
357
357
1805
429
3990
429
3079
432
3890
3889
1993
1997
3921
435
1999
434
2004
436
2001
3914
2005
2006
2007
2008
3909
371
371
371
950
371
371
3091
3092
3093
1951
1952
1783
2022
2023
2024
2025
2026
2027
2028
2029
2033
2034
458
4229
457
394
3336
2036
2039
394
406
1913
1911
2046
1914
405
1912
1910
2048
2049
2050
2051
2052
2063
2054
2055
997
2056
997
4200
2064
462
2060
2064
2161
466
2065
4230
466
2070
4217
464
2069
463
467
4216
467
4232
1965
1965
2079
424
387
2086
2082
387
2081
2089
473
2037
2089
473
2091
473
2095
3231
2096
2098
3292
2099
412
478
2106
2106
2105
2089
3279
2088
2110
2108
3241
399
4254
399
2123
2111
2114
390
390
3254
2121
3254
1019
398
3290
2125
2126
2127
4401
496
2131
2133
2823
2825
2811
832
2136
2901
2138
2139
2140
2142
2584
2142
2142
2146
509
2145
2148
899
106
899
106
2976
906
2989
2979
511
3636
511
511
2162
2592
1033
1009
2165
2166
2167
2168
3188
1164
3188
3188
3788
3788
983
3784
2177
2178
2179
2180
2181
2182
2183
2184
2185
2186
2187
2188
5270
5530
2191
2192
215
255
333
215
171
4988
534
2201
4988
4835
4833
4835
2204
2203
4752
4752
4782
4752
4749
541
4830
4829
2213
195
195
195
1468
2561
312
272
315
1472
6136
2237
2226
2226
2229
2230
549
4847
2257
2234
4879
1495
6148
2239
2239
2238
2241
2245
2229
695
2245
2247
6124
556
2246
557
2252
2252
559
2251
558
4847
4845
546
546
2260
2261
2262
2263
2264
2265
2266
2267
2268
2269
2270
2271
2272
2273
2274
2275
2276
2277
2278
2279
2280
2281
2282
2283
2284
2285
2286
2287
2288
2289
2290
2291
2292
2293
2294
2295
2296
2297
2298
2299
2300
2301
2302
2303
2304
2305
2306
2307
2308
2309
2310
2311
2312
2313
2314
2315
2316
2317
2318
2319
2320
2321
2322
2323
2324
2325
2326
2327
2328
2329
2330
2331
2332
2333
2334
2335
2336
2337
2338
2339
2340
2341
2342
2343
2344
2345
2346
2347
2348
2349
2350
2351
2352
2353
2354
2355
2356
2357
2358
2359
2360
1431
4712
4717
2365
5259
2366
2367
2368
1619
1619
5352
1619
5318
2376
1603
5324
681
2374
2379
2380
2381
2382
4788
1456
4775
4790
1470
4809
263
4796
4742
2385
4778
4795
534
2199
534
2401
607
2398
4843
2402
2403
2404
2405
2406
2407
2408
2409
2410
2411
2412
2413
2414
2415
2416
2417
2418
2419
620
2250
620
2427
2428
4944
2426
2424
551
2246
2430
2249
2367
2433
2434
2435
2436
2437
2438
2439
2440
2441
2442
2443
2444
2445
2446
2447
2448
2449
2450
2451
2452
2453
2454
2455
2456
2457
2458
2459
2460
2461
2462
2463
2464
2465
2466
2467
2468
2469
2470
2471
2472
2473
2474
2475
2476
2477
2478
2479
2480
2481
2482
2483
2484
2485
2486
2487
2488
2489
2490
2491
2492
2493
2494
2495
2496
2497
2498
2499
2500
2501
2502
2503
2504
2505
2506
2507
2508
2509
2510
2511
2512
2513
2514
2515
2516
2517
2518
2519
2520
2521
2522
2523
2524
2525
2526
2527
2528
2529
2530
2531
2532
2533
2534
2535
2536
2537
2538
2539
2540
2541
2542
2546
2543
2545
6137
1401
2549
2552
2550
685
2552
2553
2554
5352
4750
5352
1442
195
273
271
4785
2563
2564
2563
2566
2567
2568
2569
2570
4973
4973
1527
694
2578
2578
1523
5545
2579
2580
2581
2583
2583
2582
697
697
2587
2588
2587
700
700
2590
1011
3233
703
2664
3874
2595
2596
2602
706
3903
710
2600
2608
707
2605
3907
2611
2611
3864
713
2609
2618
705
2614
716
3886
719
2621
3568
3856
2622
2624
2625
2626
2627
2628
2629
2630
2631
2632
2633
2635
3563
730
2634
2638
2642
733
2639
2661
2646
2643
736
4454
737
2648
2649
3927
2651
2652
2653
2654
2655
2656
2657
2658
2659
3915
2663
745
4471
2666
746
2731
747
720
3870
2669
2623
750
3685
2689
2674
749
751
2688
2678
752
2684
2681
756
4490
757
2689
758
2687
2735
2691
2739
759
2694
3631
2694
2693
760
767
2702
2701
3644
2715
765
2707
2706
2700
2699
1788
347
2710
345
772
3658
2713
3643
2716
774
2718
2719
2720
2721
2722
2723
2724
2725
2730
782
2726
784
4533
2732
3652
786
785
2737
787
4541
788
2740
4544
446
2021
2020
2743
2742
2750
3831
2747
795
3946
2751
2752
2753
2754
2755
2756
2757
2758
2759
498
2130
2763
3633
844
1832
1830
844
2147
510
506
2768
2776
805
2772
508
4393
2778
2778
809
2777
808
807
2784
3769
2774
2786
813
2788
2789
3764
2794
2791
819
3742
820
2798
822
3572
2798
2803
2801
825
3384
826
2805
2806
2807
2822
512
512
3639
2822
2816
2817
2816
2818
811
2819
3762
2158
2157
3635
3640
1118
3816
2830
2830
2826
2829
2830
2832
3778
3780
2832
812
840
964
2855
2838
2837
1854
843
2841
381
2157
513
2160
839
2840
2848
3169
847
4653
2853
965
2856
2857
2858
2859
2860
2861
2862
2863
2864
2865
2866
2867
2868
2869
2870
2871
2872
2873
2873
2875
2876
2877
2878
2879
2880
2881
2886
863
2882
865
2886
866
3624
2888
2891
3625
2892
2893
2894
2895
3681
2897
2898
2897
2900
2903
2902
2903
873
3482
876
2907
2908
501
2910
2911
133
155
119
9
40
57
4129
61
57
4129
3479
118
63
11
2934
63
3446
3447
3446
355
884
1801
355
353
2937
1978
887
887
2943
2936
2997
2996
2940
2938
1982
2926
883
2932
893
3618
2951
893
2956
2954
2956
105
2958
2959
2960
2961
2963
3492
2962
902
2970
356
2970
3712
3708
3747
2974
3044
3746
1819
363
363
1819
3043
2966
2967
2968
2969
3042
3042
932
3041
3042
363
363
363
1806
909
1807
2992
3035
2978
3035
2941
2945
884
3757
3037
3003
2968
903
152
3041
2985
2979
905
153
170
153
104
105
2985
3018
363
362
2152
362
3025
926
3407
927
3023
3031
3028
762
2695
869
2696
763
1818
364
1816
1802
1804
1805
3043
3029
3028
3032
3991
3991
3969
3153
384
3968
937
3053
3423
937
3054
935
3052
3055
3058
3057
3060
939
941
3061
3052
3065
936
3071
943
966
3122
1991
3064
3075
3418
945
3074
3077
946
3786
1832
3786
3084
3990
3990
3151
3990
3140
3139
970
3097
3097
3098
951
968
3129
3132
945
3130
967
3126
3127
3131
4919
934
3047
1847
1165
1060
3414
3412
6235
5180
958
4898
3104
3103
3150
3149
3115
4939
3124
834
2827
4921
4921
3421
1062
3416
1062
5183
945
3076
945
1062
3416
5183
946
3152
946
3171
972
952
4374
957
3117
3102
3100
956
4900
3152
4405
973
1832
1832
1832
1829
2013
1829
371
950
980
980
3181
3111
945
4405
963
3145
3093
4373
971
971
3175
3178
975
3174
3179
3409
981
980
3183
3193
985
3182
3973
3973
3975
979
3112
3192
4907
3194
3424
989
978
3190
3165
1841
1843
3720
3720
3203
3204
3205
3206
3207
3208
3209
3210
3211
3212
3262
1002
3217
1004
3217
3215
3218
3220
3219
1003
3225
3224
3321
3226
3230
3227
465
4204
2066
404
3235
471
2080
469
1860
4195
4195
404
404
1899
403
2109
1931
3245
3247
3248
3247
479
410
3253
1919
1918
1018
3607
3919
3256
2046
2045
460
3262
3263
3262
3265
3266
3267
4210
1260
3270
3271
3272
3273
3274
3275
3276
3277
3278
459
459
3281
3282
4252
3284
3285
1882
3287
3288
4264
493
3290
1937
1015
6162
1891
418
1929
1929
2119
1908
3300
3303
1908
1017
3306
3608
3307
3308
3309
3310
3311
3312
3313
3314
3315
3316
3317
3319
3324
3318
3320
1006
1903
3325
3328
701
3236
3329
2080
2078
2078
2078
1905
481
408
3305
3255
3255
392
1868
1869
1922
2041
3344
3345
3346
3347
3348
3349
1875
2043
3353
4260
400
1927
3355
3302
3357
1034
3360
3361
3362
3363
3364
3365
3366
3367
3368
3369
3370
3371
3372
3373
3374
3375
3378
1047
3392
1048
3376
3380
1049
3383
2780
810
3386
3386
3388
3389
3390
3391
3392
3393
3394
3395
3396
3397
3398
3399
3400
3402
865
3401
1056
3401
2885
3403
3404
3410
5180
1061
3414
1062
5183
3416
1062
938
3419
938
1063
5187
833
833
3426
6204
5189
3427
3428
3429
3430
3431
3432
3433
3434
3435
3436
3437
3438
3439
3440
912
3443
2946
2999
1800
66
85
884
3451
3442
3508
3452
3453
3454
3455
3456
3457
3458
3459
3460
3461
3462
3463
3464
1069
911
1074
3468
3469
3470
3471
3472
2918
1949
880
2923
63
11
59
3481
3483
1079
3474
3484
3485
3486
3487
3488
116
3020
116
3493
2914
1955
116
134
3022
54
3497
3482
1084
3503
3777
908
1085
3506
3775
2995
913
3510
3511
431
2670
1995
3515
3516
3517
3518
3519
3520
3521
3522
3523
3524
3525
3526
3527
3528
3529
3530
3531
3532
3533
3534
3535
3539
1094
3536
3989
3541
3947
3540
790
3544
3545
3546
3547
3548
3549
3550
3551
3552
3553
3554
3555
421
362
2955
3561
3560
3562
1960
3564
5325
3567
1100
3841
1096
2828
3569
835
3574
1102
4379
3576
3660
1101
3575
1103
2796
1840
2796
2797
3584
3585
3586
3587
3588
3589
3592
2951
3617
3593
3594
3595
3596
3597
3221
3599
3602
423
3513
1086
3600
3605
1109
3880
3609
3621
3612
3611
3877
1112
3614
3615
3616
1113
1113
1115
3866
3876
3620
801
2762
3626
3632
800
3629
2761
1116
3631
3804
2808
828
1117
3819
1117
3635
3637
3814
3642
4381
1119
3642
497
825
824
3646
1120
3651
3689
3663
3781
3781
3654
4383
3583
3656
3655
3387
1122
3664
3688
3837
764
2714
3666
344
3670
1784
789
3671
1125
3669
769
3677
3696
3679
1127
3678
1126
3697
3682
3680
3686
5446
1128
3838
3690
3843
3694
3693
817
3961
867
3628
2889
1121
766
2682
755
3700
3702
3703
1130
2889
868
868
3682
3706
3707
1131
3713
3714
3715
3716
3717
3718
3817
3721
3726
761
2899
3724
1790
3726
3662
3727
768
3667
3730
3734
3734
3650
3732
1123
3733
342
3740
3748
3739
3741
2972
2971
2890
3745
3746
3749
5507
3754
3771
3754
3406
3771
2978
930
3035
1985
1987
3405
3408
3762
3763
3765
3765
3766
804
2769
4395
3770
2882
3752
1135
2996
3759
931
3039
3779
3791
1136
3782
3794
3968
1137
3796
3787
3073
3789
3798
1138
3792
3800
1105
3578
1104
3177
976
3185
986
3648
2815
3570
3802
2846
845
3806
3807
3808
3809
3810
3811
3812
3811
3813
2769
2769
3817
3818
3819
3821
3937
1140
3820
1139
3828
3825
1145
3950
1144
3832
3944
1144
3834
3941
3833
1129
1124
3952
3672
791
2744
3953
3846
3957
818
376
3960
1143
3830
1143
3850
793
3849
2748
794
3854
3826
1142
3857
1146
3823
1141
3861
3835
1134
3735
3737
1149
3853
3869
3871
3872
3728
2620
746
2665
1133
3867
702
2599
711
2613
3882
3885
2610
2613
1154
3906
3884
3888
3893
3892
3901
3894
3895
3896
3897
3898
717
2671
3622
3622
3859
1150
1148
3851
3863
1151
2604
709
716
3911
3883
1153
2607
708
748
704
3918
704
1110
3922
3923
3924
3925
3926
3514
423
3928
3930
3931
3932
3933
3604
1108
3929
3939
1160
3979
1161
3942
3976
1163
1162
3538
1095
3538
3949
4367
3951
3983
2791
4376
420
4377
846
4378
1846
1848
379
3704
754
753
3139
3167
3991
3969
3991
3153
3992
3992
3164
3993
3994
982
2637
732
731
3981
734
3987
1167
2641
2752
3985
783
2644
735
2728
3152
973
973
3164
982
3196
3996
3997
3998
3999
4000
4001
4002
4003
4004
4005
4006
4007
4008
4009
4010
4011
4012
4013
4014
4015
4016
4017
4018
4019
4020
4021
4022
4023
4024
4025
4026
4027
4028
4029
4030
4031
4032
4033
4034
4035
4036
4037
4038
4039
4040
4041
4042
4043
4044
4045
4046
4047
4048
4049
4050
4051
4052
4053
4054
4055
4056
4057
4058
4059
4060
4061
4062
4063
4064
4065
4066
4067
4068
4069
4070
4071
4072
4073
4074
4075
4076
4077
4078
4079
4080
4081
4082
4083
4084
4085
4086
4087
4088
4089
4090
4091
4092
4093
4094
4095
4096
4097
4098
4099
4100
4101
4102
4103
4104
4105
4106
4107
4108
4109
4110
4111
4112
4113
4114
4115
4116
4117
4118
4119
4120
4121
4122
4123
4124
4125
4126
4127
4128
57
58
4131
4132
4133
4134
4135
4136
4137
4138
4139
4140
4141
4142
4143
4144
4145
4146
4147
4148
4149
4150
4151
4152
4153
4154
4155
4156
4157
4158
4159
4160
4161
4162
4163
4164
4165
4166
4167
4168
4169
4170
4171
4172
4173
4174
4175
4176
4177
4178
4179
4180
4181
4182
4183
4184
4185
4186
4187
4188
4189
4190
4191
4192
4193
4194
4197
1156
4389
3918
3305
4199
4201
4202
4236
4205
3234
4206
4207
4208
4244
2038
2057
4213
4247
1010
470
2084
2083
4200
4219
4220
4221
2057
998
4224
3264
1021
4227
4228
2072
2074
471
2085
1013
1871
4233
3284
1026
2092
2092
4242
2107
4241
477
4246
1266
4251
4249
4249
3288
480
3249
1901
2104
3289
1945
481
3334
3301
1030
3358
485
2047
391
493
2040
4233
883
4268
4269
4270
4271
4272
4273
4274
4275
4276
4277
4278
4279
4280
4281
4282
4283
4284
4285
4286
4287
4288
4289
4290
4291
4292
4293
4294
4295
4296
4297
4298
4299
4300
4301
4302
4303
4304
4305
4306
4307
4308
4309
4310
4311
4312
4313
4314
4315
4316
4317
4318
4319
4320
4321
4322
4323
4324
4325
4326
4327
4328
4329
4330
4331
4332
4333
4334
4335
4336
4337
4338
4339
4340
4341
4342
4343
4344
4345
4346
4347
4348
4349
4350
4351
4352
4353
4354
4355
4356
4357
4358
4359
4360
4361
4362
4363
4364
4365
4366
3985
1152
712
3066
4370
942
955
3099
953
2850
3172
3142
3803
3580
2831
2833
3653
773
890
4386
4387
4396
2598
2971
4391
2951
507
2152
2144
4396
4397
4398
4399
4400
499
3786
954
3161
945
4406
4407
4408
4409
4410
4411
4412
4413
4414
4415
4416
4417
4418
4419
4420
4421
4422
4423
4424
4425
4426
4427
4428
4429
4430
4431
4432
4433
4434
4435
4436
4437
4438
4439
4440
4441
4442
4443
4444
4445
4446
4447
4448
4449
4450
4451
4452
4453
4454
4455
4456
4457
4458
4459
4460
4461
4462
4463
4464
4465
4466
4467
4468
4469
4470
4471
1304
4473
4474
4475
4476
4477
4478
4479
4480
4483
1319
4483
1320
4481
4486
4487
4488
4489
4493
1318
1324
5460
4496
4494
4496
4497
4498
4499
4500
4501
4502
1329
5482
4505
1332
4521
1332
4508
4507
1334
4510
4509
4513
4515
4516
4517
4518
4519
4520
4521
4522
4523
4524
4606
4526
1341
4528
4529
4530
4531
4532
4535
1326
4535
1347
4537
4538
4539
4540
4495
1325
1321
4500
4545
4546
4547
4548
624
4550
4551
4552
4553
4554
4557
4556
4557
4558
4559
4560
4561
4562
4563
4564
4565
4566
2240
4567
4569
554
4571
4572
4573
4574
4575
698
4577
4578
4579
1368
4620
4580
4583
4584
4585
4586
4587
4589
5521
4590
4591
1371
4593
4594
4595
4596
4597
4600
4598
4600
1380
4603
5161
1381
4605
4606
4607
4608
1385
4609
4626
4622
1386
4616
1369
2551
687
4614
685
4620
2565
691
2565
4624
4625
5401
4627
4628
4629
4630
4631
4632
4633
1392
4635
1393
1393
1394
4640
4955
4642
4642
552
4641
4645
4646
4645
4648
4649
4650
4651
1396
4914
4639
4656
4656
1402
4655
4659
4660
4661
4662
4663
4664
4665
4666
4667
4668
4669
4670
4671
4672
4673
4674
4675
4680
1411
4676
1414
5213
4682
1415
4682
4681
1415
4686
4687
4688
4689
4690
4691
4692
1423
1424
4695
4698
4696
4698
4699
4700
4701
684
2544
683
4703
4707
5354
4707
4706
1429
4714
290
2373
2369
201
202
291
4712
289
4712
4713
4716
235
4725
181
182
4725
4725
5211
239
5209
239
258
531
2388
531
4735
2193
4741
4735
2219
2383
1438
4736
1438
4725
4726
4723
5353
5351
5353
4751
5352
4749
5352
6138
4757
5229
4759
4760
4761
1451
4763
4764
4769
682
4765
533
5471
4772
4770
5506
1482
4839
4839
4840
540
4776
4767
1453
4767
1454
1455
4773
4784
4784
1455
4784
1456
1456
537
4791
1464
4803
4774
4774
4777
529
1436
5210
4797
2390
1480
4779
4779
4780
4783
4787
4783
4783
214
214
562
4752
4752
272
196
4785
2371
1619
2371
4825
4822
1478
5177
4827
1419
1419
4826
1479
4829
1328
2213
540
2214
536
2200
2205
1482
4842
4842
1479
4846
1483
1484
4846
2227
4848
4851
4849
5188
4863
4857
4854
4853
1485
4862
4858
4859
4860
4861
1491
4867
4864
4868
4866
1509
4868
4869
6118
4855
4872
4871
1489
4875
4876
6148
4643
6148
2241
5722
5722
5723
5722
2249
4886
2431
4888
4888
1500
4891
4924
4923
4871
1511
4895
1502
4922
4892
1501
4902
2228
1505
1518
1520
5184
4908
1520
4899
6119
4899
4937
4910
4935
1509
1390
4917
1510
5187
5183
1494
4874
4871
4871
1493
1494
1494
4876
4930
4876
4931
4932
1513
4957
1499
4938
6120
4890
1504
4940
4941
1493
2241
2241
4880
2235
546
5725
4966
4966
4949
1514
4873
1493
4936
1512
4889
1499
4959
1400
4961
4962
4963
4964
4965
4966
4967
4968
4969
4970
4971
4972
4974
5729
4974
1519
4978
4951
4979
4980
4981
4951
4982
1522
4985
4985
542
4832
4989
4990
4991
4992
4993
4994
4995
4996
4997
4998
4999
5000
5001
5002
5003
5004
5005
5006
5007
5008
5009
5010
5011
5012
5013
5014
5015
5016
5017
5018
5019
5020
5021
5022
5023
5024
5025
5026
5027
5028
5029
5030
5031
5032
5033
5034
5035
5036
5037
5038
5039
5040
5041
5042
5043
5044
5045
5046
5047
5048
5049
5050
5051
5052
5053
5054
5055
5056
5057
5058
5059
5060
5061
5062
5063
5064
5065
5066
5067
5068
5069
5070
5071
5072
5073
5074
5075
5076
5077
5078
5079
5080
5081
5082
5083
5084
5085
5086
5087
5088
5089
5090
5091
5092
5093
5094
5095
5096
5097
5098
5099
5100
5101
5102
5103
5104
5105
5106
5107
5108
5109
5110
5111
5112
5113
5114
5115
5116
5117
5118
5119
5120
5121
5122
5123
5124
5125
5126
5127
5128
5129
5130
5131
5132
5133
5134
5135
5136
5137
5138
5139
5140
5141
5142
5143
5144
5145
5146
5147
5148
5149
5150
5151
5152
5153
5154
5157
5155
5166
1580
5156
5160
4582
5162
5163
5165
5165
5166
5167
5168
5169
5170
5171
5172
1416
4683
1416
5173
5174
4684
1520
5184
5181
1494
1494
1494
4850
5185
5186
4630
5189
1531
5191
5192
5193
5194
5195
5196
5197
5198
5199
5200
5201
4678
5203
1412
1436
1435
4736
5205
239
297
182
298
5208
1589
1588
5216
5217
5218
5219
5220
5221
5222
5223
5224
5225
5226
5227
5228
5231
1593
4748
5232
5233
5234
5235
5236
1595
5258
4717
5237
181
291
296
5244
1425
5246
5240
5248
5249
5250
5251
5252
2373
602
2370
5257
2378
5257
602
4714
4714
290
4820
4705
1428
5268
5266
5272
1460
5267
1604
5273
6131
5274
5275
5276
5277
5278
5279
5280
5281
5282
5283
5284
5285
5286
5287
5288
5289
5290
5291
5292
5293
5294
5295
5296
5297
5298
5299
5300
5301
5302
5303
5304
5305
5306
5307
5308
5309
5310
5311
5312
5313
5314
5315
5316
5317
2378
2371
2371
4658
5321
1403
5322
4449
5326
5327
5328
5329
5330
5331
5332
5333
5334
5335
5336
5337
5338
5339
5340
4599
1379
5341
553
5346
5349
5347
5345
5349
5350
4709
5351
680
5348
5355
5356
5357
5358
5359
5360
5361
5362
5363
5364
5365
5366
5367
5368
5369
5370
5371
5372
5373
5374
1423
5375
4708
680
5377
5380
5381
5382
5383
5384
5385
5386
5387
5388
5389
1333
5391
5392
5393
5394
5395
5396
5397
5398
5399
5400
5401
5402
5403
5404
5405
5406
5407
5408
5409
5410
5411
5412
5413
5416
5414
5416
5417
6129
5419
1626
5421
5422
5423
5424
5425
1331
5427
5428
2433
5430
5429
5432
5433
5434
5435
5436
5437
5438
5379
5469
5379
5442
5443
5444
1443
4485
5447
5448
5449
5450
5451
5452
5453
5454
5455
5456
5457
5458
4509
5461
5461
1650
5463
5464
5465
5466
5467
5466
5443
1647
5468
1651
5473
5474
5475
5476
5477
5478
5479
5481
1328
5482
4697
5484
5485
5486
5487
5488
5489
5490
5491
5492
5493
5494
5495
5496
5497
5499
5499
5498
5501
6136
4771
5504
5504
5505
5500
606
5528
5178
5512
2396
4775
1457
4777
535
4837
5176
5519
5520
5523
1652
5527
5524
5525
5526
5527
4681
1655
5517
2383
1481
5534
4792
5535
5536
5537
5538
5539
5540
5541
5542
4644
1397
5547
1659
5547
5548
5549
5550
5551
5552
5553
5554
5555
5556
5557
6139
5559
5560
5561
5562
5563
5564
5565
5566
5567
5568
5569
5570
5571
1363
5573
5574
5575
5576
5577
5578
5579
5580
5581
5582
5583
5584
5585
5586
5587
5588
5589
5590
5591
5592
5593
5594
5595
5596
5597
5598
5599
5602
5601
4568
694
5604
5605
5606
5604
5608
5609
5610
5611
5612
5613
5614
5615
5616
5617
5618
5619
5620
5621
5622
5623
5624
5625
5626
5627
5628
5629
5630
5631
5632
5633
5634
5635
5636
5637
5638
5639
5640
5641
5642
5643
5644
5645
5646
5647
5648
5649
5650
5651
5652
5653
5654
5655
5656
5657
5658
5659
5660
5661
5662
5663
5664
5665
5666
5667
5668
5669
5670
5671
5672
5673
5674
5675
5676
5677
5678
5679
5680
5681
5682
5683
5684
5685
5686
5687
5688
5689
5690
5691
5692
5693
5694
5695
5696
5697
5698
5699
5700
5701
5702
5703
5704
5705
5706
5707
5708
5709
1378
5711
5714
5713
5714
5715
5716
5717
5718
5431
5722
1496
4846
1483
5724
1484
5726
5726
5728
5727
1687
5729
5732
5733
5734
5735
5736
5737
5738
5739
5740
5741
5742
5743
5744
5745
4940
4941
4941
5748
5749
5750
5752
5753
5754
5755
5756
5757
5758
5759
5760
5761
5762
5763
5764
5765
5766
5767
5768
5769
5770
5771
5772
5773
5774
5775
5776
5777
5778
5779
5780
5781
5782
5783
5784
5785
5786
5787
5788
5789
5790
5791
5792
5793
5794
5795
5796
5797
5798
5799
5800
5801
5802
5803
5804
5805
5806
5807
5808
5809
5810
5811
5812
5813
5814
5815
5816
5817
5818
5819
5820
5821
5822
5823
5824
5825
5826
5827
5828
5829
5830
5831
5832
5833
5834
5835
5836
5837
5838
5839
5840
5841
5842
5843
5844
5845
5846
5847
5848
5849
5850
5851
5852
5853
5854
5855
5856
5857
5858
5859
5860
5861
5862
5863
5864
5865
5866
5867
5868
5869
5870
5871
5872
5873
5874
5875
5876
5877
5878
5879
202
5262
5882
5883
5884
5885
5886
5887
5888
5889
5890
5891
5892
5893
5894
5895
5896
5897
5898
5899
5900
5901
5902
5903
5904
5905
5906
5907
5908
5909
5910
5911
5912
5913
5914
5915
5916
5917
5918
5919
5920
5921
5922
5923
5924
5925
5926
5927
5928
5929
5930
5931
5932
5933
5934
5935
5936
5937
5938
5939
5940
5941
5942
5943
5944
5945
5946
5947
5948
5949
5950
5951
5952
5953
5954
5955
5956
5957
5958
5959
5960
5961
5962
5963
5964
5965
5966
5967
5968
5969
5970
5971
5972
5973
5974
5975
5976
5977
5978
5979
5980
5981
5982
5983
5984
5985
5986
5987
5988
5989
5990
5991
5992
5993
5994
5995
5996
5997
5998
5999
6000
6001
6002
6003
6004
6005
6006
6007
6008
6009
6010
6011
6012
6013
6014
6015
6016
6017
6018
6019
4723
6021
6022
6023
6024
6025
6026
6027
6028
6029
6030
6031
6032
6033
6034
6035
6036
6037
6038
6039
6040
6041
6042
6043
6044
6045
6046
6047
6048
6049
6050
6051
6052
6053
6054
6055
6056
6057
6058
6059
6060
6061
6062
6063
6064
6065
6066
6067
6068
6069
6070
6071
6072
6073
6074
6075
6076
6077
6078
6079
6080
6081
6082
6083
6084
6085
6086
6087
6088
6089
6090
6091
6092
6093
6094
6095
6096
6097
6098
6099
6100
6101
6102
6103
6104
6105
6106
6107
6108
6109
6110
6111
6112
6113
6114
6115
6116
1492
2254
4895
1500
4890
6122
6122
6124
6125
5343
6127
1391
5415
6130
4739
6132
6133
6134
6135
4771
6137
5351
2589
1619
6141
6142
6143
6144
6145
6146
6147
6148
4928
2227
4873
6152
6153
6154
6155
1915
6157
2592
6159
2013
2427
1890
6163
6164
6170
6170
6165
6168
6169
1873
6171
6167
6173
6174
6175
6176
6177
6178
6179
6180
6181
2573
3186
983
2577
6186
6187
6188
6189
6190
6191
4976
6193
6194
6195
6196
6197
6198
6199
6200
6201
6202
6203
6238
6205
4596
6207
3975
6209
6210
6211
6212
6213
6214
6215
6216
6217
6218
6219
6220
6221
6222
6223
6224
6225
6226
6227
6228
6229
6230
6231
6232
6233
6234
6235
6236
6237
6238
6239
6240
6241
6242
6243
6244
6245
6246
6247
6248
6249
6250
6251
6252
6253
6254
6255
6256
6257
6258
6259
6260
6261
6262
6263
6264
6265
6266
6267
6268
6269
6270
6271
6272
6273
6274
6275
6276
6277
6278
6279
6280
6281
6282
6283
6284
6285
6286
6287
6288
6289
6274
6291
