85
1
2
3
4
5
6
7
114
118
1073
33
12
13
14
15
16
59
11
19
354
2933
1822
23
24
25
39
27
28
108
924
1083
1078
2926
34
35
36
37
38
39
40
49
166
168
47
45
46
84
50
49
50
51
48
53
54
58
56
58
2920
122
59
124
2927
125
62
66
127
67
65
69
70
71
72
73
74
18
76
77
78
79
80
81
82
64
86
355
1797
87
88
89
90
91
92
923
94
95
96
97
3018
99
100
100
4
103
5
105
106
107
106
28
110
111
112
113
30
112
3496
3499
3498
116
4129
4130
3479
3477
3477
894
2934
2931
128
129
130
131
132
119
8
135
136
137
138
139
140
144
141
39
1971
145
146
147
148
149
150
151
52
52
41
155
156
157
158
159
160
161
162
163
164
165
159
166
38
169
169
258
172
264
268
175
176
177
178
285
289
1592
204
183
184
185
186
187
230
182
190
191
4733
194
195
1474
545
210
198
199
282
1476
1602
1597
4726
205
206
207
208
209
221
211
223
337
338
216
255
217
218
222
219
184
222
185
224
224
231
227
231
228
292
4719
296
235
295
4725
239
236
171
298
240
241
242
243
244
245
246
247
248
249
250
251
252
253
233
257
2195
2193
532
261
173
265
261
267
174
269
270
4817
175
4817
195
4817
272
4817
274
275
276
277
176
276
280
281
199
283
284
201
286
5260
287
5262
5261
5880
5242
5881
5241
1444
5241
4732
4730
299
300
301
302
303
288
179
306
307
308
309
310
311
313
2223
210
313
316
316
318
319
320
321
322
219
212
220
326
327
328
329
330
2223
332
317
334
335
336
329
209
337
340
340
751
343
344
345
346
347
348
1792
3432
105
2933
353
354
21
356
357
358
359
1807
3036
6
1819
364
365
2991
1974
25
3784
3784
3796
1137
3072
3784
2844
3786
375
3784
379
3785
4371
3068
3046
1137
27
39
387
388
389
390
391
392
393
394
395
396
397
398
399
400
401
402
403
404
405
406
407
408
409
410
411
412
413
414
415
416
417
418
419
420
892
422
423
424
425
1972
907
428
3153
3078
431
432
433
434
435
436
437
438
439
3045
3785
3046
3784
2018
1849
2020
447
448
449
450
451
452
453
454
455
456
457
458
459
460
461
462
463
464
465
466
467
468
469
470
471
472
473
474
475
476
477
478
479
480
481
482
483
484
485
486
487
488
489
490
491
492
493
494
495
2835
2129
500
3768
830
3615
502
503
2140
505
506
507
2143
509
510
3636
3635
513
514
515
3784
3788
1320
519
520
521
522
523
524
2188
5198
1447
4752
4733
191
531
192
5470
534
535
536
2203
4835
177
2213
541
542
4790
543
545
5542
5542
5553
2233
4869
5542
4642
552
5543
5542
4960
561
4865
6117
4846
1658
198
563
564
565
566
567
568
569
570
571
572
573
574
575
576
577
578
579
580
581
582
583
584
585
586
587
588
589
590
591
592
593
594
595
596
597
598
599
600
601
2373
603
604
605
606
4883
4875
609
610
611
612
613
614
615
616
617
4843
4846
5542
5542
2248
2430
2434
625
626
627
628
629
630
631
632
633
634
635
636
637
638
639
640
641
642
643
644
645
646
647
648
649
650
651
652
653
654
655
656
657
658
659
660
661
662
663
664
665
666
667
668
669
670
671
672
673
674
4632
679
2538
5526
1385
5377
681
682
683
2545
685
686
687
688
5399
690
5396
692
693
5542
5545
696
697
2589
2222
700
701
702
703
704
705
706
707
708
709
710
711
712
713
714
715
716
3874
3728
2621
2623
721
722
723
724
725
726
727
728
729
730
731
732
733
734
735
736
737
738
739
740
741
742
743
744
745
3735
2666
748
2682
749
752
3702
753
754
3740
3749
2684
2673
2691
760
2694
762
763
2699
765
766
767
768
769
770
771
2715
2714
774
775
776
777
778
779
780
781
782
783
788
3734
2732
757
3686
2742
790
791
792
793
794
795
796
797
798
799
2763
3632
372
2769
2770
3801
2773
2775
808
809
810
811
2782
813
814
815
816
817
1164
819
820
822
3574
823
824
825
826
827
829
2820
3638
831
3815
833
2827
835
836
3780
837
2840
2838
841
842
4372
373
845
846
2853
848
3560
2858
851
852
853
854
855
856
3472
3461
1067
3463
3464
3435
863
864
865
3625
867
868
3032
870
871
872
504
858
2871
876
2908
878
1950
880
881
911
883
884
2945
886
887
2996
3757
890
2951
899
3618
33
895
30
111
108
28
2902
901
2965
903
2967
905
2979
2975
3503
909
2998
2961
3443
913
150
151
386
386
918
2988
3010
1822
24
23
924
3511
926
927
3510
929
2978
931
932
3969
1137
935
3422
937
938
3056
3075
3074
3061
3065
4370
3129
3133
3784
3086
949
950
3093
3171
3102
954
955
3150
3117
3115
1137
3137
3136
3121
964
3119
847
3123
967
3129
3131
3133
3169
3144
3167
3167
6236
3176
3785
978
979
3136
981
982
3790
983
3195
3184
2172
988
989
990
991
2170
993
994
995
996
997
998
999
1000
1001
1002
1003
1004
1005
1006
1007
1008
1009
1010
1011
1012
1013
1014
1015
1016
1017
1018
1019
1020
1021
1022
1023
1024
1025
1026
1027
1028
1029
1030
1031
1032
1033
1034
1035
1036
1037
1038
1039
1040
1041
1042
1043
1044
1045
1046
1047
1048
3379
1050
1051
1052
3397
3399
1055
1056
3404
3406
3408
3137
1061
3131
3421
1064
1065
3433
3460
2926
2960
3451
1071
1072
1073
900
1075
3475
1077
1078
873
1080
1081
1082
1083
1084
350
1086
1087
1088
1089
1090
1091
1092
1093
1094
1095
1096
1097
1098
1099
3662
3571
3795
3647
3577
3579
2799
4383
1108
1109
1110
1111
1112
1113
1114
1115
1116
1117
3814
4382
3651
3658
3663
3667
3837
1125
1126
1127
3690
3842
1130
1131
1132
1133
3737
3772
3793
3797
3799
1139
1140
1141
1142
1143
1144
1145
1146
2765
3853
3856
1150
1151
3870
1153
1154
1155
1156
1157
1158
1159
1160
1161
1162
1163
1847
3969
3972
1167
1168
1169
1170
1171
1172
1173
1174
1175
1176
1177
1178
1179
1180
1181
1182
1183
1184
1185
1186
1187
1188
1189
1190
1191
1192
1193
1194
1195
1196
1197
1198
1199
1200
1201
1202
1203
1204
1205
1206
1207
1208
1209
1210
1211
1212
1213
1214
1215
1216
1217
1218
1219
1220
1221
1222
1223
1224
1225
1226
1227
1228
1229
1230
1231
1232
1233
1234
1235
1236
1237
1238
1239
1240
1241
1242
1243
1244
1245
1246
1247
1248
1249
1250
1251
1252
1253
1254
1255
1256
1257
1258
1259
1260
1261
1262
1263
1264
1265
1266
1267
1268
1269
1270
1271
1272
1273
1274
1275
1276
1277
1278
1279
1280
1281
1282
1283
1284
1285
1286
1287
1288
5630
4431
4433
5487
1293
1294
1295
1296
1297
1298
1299
1300
1301
1302
1303
1304
1305
1306
1307
1308
1309
1310
1311
1312
1313
1314
4475
5492
1317
4493
5461
1319
1318
1322
1323
5500
4485
4500
1327
1328
1329
4505
4510
1332
1333
1334
1335
1336
1337
1338
4521
4522
1341
1342
1343
1344
1345
1346
1347
5493
4540
4549
1351
1352
1353
1354
1355
1356
1357
1358
1359
5392
4564
549
4574
4573
5558
4577
4579
1368
1369
4584
1371
1372
1373
1374
1375
1376
1377
1685
1380
1622
1381
1382
1383
4647
5397
4621
1387
5571
4628
4630
1392
5536
4637
1394
1395
4639
6118
550
1399
1400
1401
4657
5323
1404
1405
1406
1407
1408
5224
5236
1586
5199
5228
5227
1415
1416
1417
5386
4827
1420
1421
1422
1423
1424
684
4671
1409
1428
4710
1430
1431
1432
2363
1463
1435
1436
4744
1438
1439
5515
1441
4751
5379
204
1445
1446
199
282
280
4701
1451
4763
1453
4768
4773
4776
4774
4788
1459
5269
4795
5207
4758
1464
1472
320
321
4785
1469
1468
1472
210
194
1474
195
1476
2191
1478
1479
4777
1481
1482
5723
1658
1485
4851
4853
4871
4874
4858
4862
6116
4925
4922
5543
1496
4883
1498
4958
1500
4899
1502
1503
1507
1658
4927
1508
4914
4917
4922
4925
4956
4933
4954
4954
4963
6255
5541
1519
4927
1521
1522
5546
1523
4971
4980
2572
1528
1529
1530
1531
1532
2574
1534
1535
1536
1537
1538
1539
1540
1541
1542
1543
1544
1545
1546
1547
1548
1549
1550
1551
1552
1553
1554
1555
1556
1557
1558
1559
1560
1561
1562
1563
1564
1565
1566
1567
1568
1569
1570
1571
1572
1573
1574
1575
1576
1577
1578
1579
1580
1581
5171
5178
1584
5197
5225
4726
4757
1589
1590
1591
1592
5230
1594
1595
5239
1597
1425
1599
5255
1601
1602
1603
526
1605
1606
1607
1608
1609
1610
1611
1612
1613
1614
1615
1616
1617
1618
2558
5425
5331
5552
5409
5337
5339
4601
4599
1628
1629
1630
1631
1632
5376
1634
1635
1636
5570
1638
1391
5412
5419
5424
5427
1644
5594
1646
1647
5448
5598
1650
1651
1652
1653
5496
5529
5513
5549
5554
5556
1660
1661
1662
1663
1664
1665
1666
1667
4570
5610
5612
1671
1672
5625
1674
1675
1676
1677
1678
1679
1680
1681
1682
1683
1684
2250
5723
5728
1688
1689
1690
1691
1692
1693
1694
1695
1696
1697
1698
1699
1700
1701
1702
1703
1704
1705
1706
1707
1708
1709
1710
1711
1712
1713
1714
1715
1716
1717
1718
1719
1720
1721
1722
1723
1724
1725
1726
1727
1728
1729
1730
1731
1732
1733
1734
1735
1736
1737
1738
1739
1740
1741
1742
1743
1744
1745
1746
1747
1748
1749
1750
1751
1752
1753
1754
1755
1756
1757
1758
1759
1760
1761
1762
1763
1764
1765
1766
1767
1768
1769
1770
1771
1772
1773
1774
1775
1776
1777
1778
1779
1780
3738
2688
1783
3738
1785
1786
1787
1788
1791
1790
1791
1054
1794
3432
1054
1795
1801
353
1797
21
1801
1802
1803
1804
1805
1810
361
1806
1809
3201
107
107
150
107
6
1818
1816
1818
1819
366
2153
923
1820
427
3784
3784
3784
3784
1137
1137
1137
373
1990
3784
3784
3784
2842
2842
375
2844
3784
3784
3784
3784
2017
1848
3785
3088
379
944
1852
3069
4371
1853
1137
1137
1137
1137
1859
1860
1861
1862
1863
1864
1865
1866
1867
1868
1869
1870
1871
1872
1873
1874
1875
1876
1877
1878
1879
1880
1881
1882
1883
1884
1885
1886
1887
1888
1889
1890
1891
1892
1893
1894
1895
1896
1897
1898
1899
1900
1901
1902
1903
1904
1905
1906
1907
1908
1909
1910
1911
1912
1913
1914
1913
1916
1917
1918
1919
1920
1920
1922
1923
1924
1925
1926
1927
1928
1929
1930
1931
1932
1933
1934
1935
1936
1937
1938
1939
1940
1941
1942
1943
1944
1945
1946
1947
1948
1949
1076
1951
1952
1953
2152
1954
1082
2955
2151
1959
1960
1961
1962
3591
1964
1965
1966
1967
1971
1968
51
141
1972
907
907
3755
2977
1978
367
89
889
1984
1982
3003
2998
1986
1986
1987
3048
933
429
3151
1992
1993
1994
1995
1996
1997
1998
1999
2000
2001
2002
2003
2004
2005
2006
2007
2008
2009
3785
3785
3785
3046
3785
3785
3089
3964
445
1953
420
2019
2022
2023
2024
2025
2026
2027
2028
2029
2030
2031
2032
2033
2034
2035
2036
2037
2038
2039
2040
2041
2042
2043
2044
2045
2046
2047
2048
2049
2050
2051
2052
2053
2054
2055
2056
2057
2058
2059
2060
2061
2062
2063
2064
2065
2066
2067
2068
2069
2070
2071
2072
2073
2074
2075
2076
2077
2078
2079
2080
2081
2082
2083
2084
2085
2086
2087
2088
2089
2090
2091
2092
2093
2094
2095
2096
2097
2098
2099
2100
2101
2102
2103
2104
2105
2106
2107
2108
2109
2110
2111
2112
2113
2114
2115
2116
2117
2118
2119
2120
2121
2122
2123
2124
2125
2126
2127
2133
496
2133
2135
2823
2823
2811
832
2139
2136
2138
4391
857
2142
2585
2143
2141
2145
2146
2147
2148
106
106
2953
111
2153
2154
97
2991
2157
2158
2158
511
2161
2162
2163
2164
2165
2166
2167
2168
516
1843
2169
3107
3790
3790
3790
2174
5497
4489
2179
4496
2181
2182
2183
2184
2185
2186
2187
1582
2192
2191
5172
5198
2196
2193
531
2196
192
2198
2199
2200
2201
2204
538
4987
2205
2202
275
275
321
275
177
2214
541
2214
2212
2559
270
2559
4818
2218
2223
2222
313
221
2221
5542
5542
5542
5542
1658
1658
1658
2400
550
5542
5542
5542
4644
4642
552
4644
5542
5542
5542
5542
2431
2249
556
4885
5541
1492
558
4859
6117
4866
1658
1658
1658
1658
2260
2261
2262
2263
2264
2265
2266
2267
2268
2269
2270
2271
2272
2273
2274
2275
2276
2277
2278
2279
2280
2281
2282
2283
2284
2285
2286
2287
2288
2289
2290
2291
2292
2293
2294
2295
2296
2297
2298
2299
2300
2301
2302
2303
2304
2305
2306
2307
2308
2309
2310
2311
2312
2313
2314
2315
2316
2317
2318
2319
2320
2321
2322
2323
2323
2325
2326
2327
2328
2329
2330
2331
2330
2333
2334
2335
2336
2337
2338
2339
2340
2340
2342
2343
2344
2345
2346
2347
2348
2349
2350
2351
2352
2353
2354
2355
2356
2357
2358
2359
2360
2364
2361
1596
5237
2365
2366
2367
2368
2557
2369
2558
2557
1600
2374
2375
2376
5352
2378
2379
2380
2381
2382
4789
4788
1457
1458
2388
2388
261
2393
2391
1461
4797
1440
2397
2396
2397
4844
4940
607
1483
2402
2403
2404
2405
2406
2407
2408
2409
2410
2411
2412
2413
2414
2415
2416
2417
2418
2419
5541
4846
5541
5541
5542
5542
4845
5541
5542
4887
622
5720
2367
2432
601
2435
2436
2437
2438
2439
2440
2441
2442
2443
2444
2445
2446
2447
2448
2449
2450
2451
2452
2453
2454
2455
2456
2457
2458
2459
2460
2461
2462
2463
2464
2465
2466
2467
2468
2469
2470
2471
2472
2473
2474
2475
2476
2477
2478
2479
2480
2481
2482
2483
2484
2485
2486
2487
2488
2489
2490
2491
2492
2493
2494
2495
2496
2497
2498
2499
2500
2501
2502
2503
2504
2505
2506
2507
2508
2509
2510
2511
2512
2513
2514
2515
2516
2517
2518
2519
2520
2521
2522
2523
2524
2525
2526
2527
2528
2529
2530
2531
2532
2533
2534
6147
2540
2542
675
4624
1388
4611
4624
2546
2543
1410
6137
2547
2548
2549
2548
2551
2552
2553
2554
276
276
280
4752
1474
195
1474
4790
2563
689
2566
2566
2567
2568
2569
2570
694
4904
2571
2244
5546
2578
5546
5546
2579
2580
2581
2582
2583
2584
2585
2586
2550
2587
2589
2590
2591
2592
2593
2594
2595
2596
2597
2598
2599
2600
2601
2602
2603
2604
2605
2606
2607
2608
2609
2610
2611
2612
2613
2614
2615
2616
2617
2618
2620
3873
718
2619
717
2624
2625
2626
2627
2628
2629
2630
2631
2632
2633
2634
2635
2636
2637
2638
2639
2640
2641
2642
2643
2644
2645
2646
2647
2648
2649
2650
2651
2652
2653
2654
2655
2656
2657
2658
2659
2660
2661
2662
2663
2665
3875
746
2664
2671
2668
2670
3899
3700
2682
2676
752
3700
2680
2677
2679
3703
756
755
3748
756
2681
2672
2674
2675
2673
2688
750
2690
2693
2694
2693
2696
2697
2698
2699
2700
2701
2702
2703
2704
2705
2706
2707
2708
2709
2710
2711
2702
2712
764
2715
2716
2717
2718
2719
2720
2721
2722
2723
2724
2725
2726
2727
2728
2738
2730
2734
785
2731
3732
2685
2685
757
3685
2736
787
2743
446
3954
2744
2741
2746
2747
2748
2749
2750
2751
2752
2753
2754
2755
2756
2757
2758
2759
2134
2130
801
3633
2843
3784
3083
375
2147
510
2144
2768
2776
805
2772
2776
4393
2777
2778
2779
2780
2781
807
3767
3769
2774
2786
2787
2788
2789
2790
2791
818
4376
2794
2795
3572
3573
381
2798
2800
2801
2802
2803
2804
2805
2806
2807
2810
2820
512
3639
2810
2813
2814
2815
2816
2817
2818
2819
2159
2159
512
3640
1118
3816
2826
2827
2826
2829
2830
2832
3778
3780
2831
2783
2836
2836
2838
2839
2840
3073
3072
3787
3073
2845
2845
2847
2848
2849
2850
2848
2854
848
2854
2852
2857
3559
849
2856
2860
2861
2862
2863
2864
2865
2866
2867
2868
3471
3471
3461
2870
2859
2874
2875
2876
3437
1067
3464
3437
3437
2882
2883
2884
2885
2886
2887
2888
2889
3745
869
2892
2893
2894
2895
2896
2897
2898
2899
2869
2140
2871
2872
2137
2904
2906
2907
2908
3592
2910
2907
3496
3497
2914
2915
117
2917
2918
2919
121
1947
879
2923
2924
2925
2926
124
2947
2949
2947
127
2932
21
127
2935
2936
2937
2936
2944
887
884
1975
888
2946
912
4385
2948
4267
911
893
3618
2950
893
106
111
28
6
2871
874
2871
874
2964
2963
3500
1079
2966
356
2966
2969
2970
2971
2972
2973
2974
363
2975
2978
363
363
3014
904
3014
386
2985
3041
2986
2984
906
2976
2975
2976
2992
2993
360
2995
930
930
3037
3000
3441
3000
360
1807
3004
3014
386
49
2987
3009
919
426
41
151
166
107
105
3017
100
2989
897
897
112
3027
925
3025
3027
3510
3028
3029
3030
3031
929
3033
3034
1817
364
3035
3038
3039
3040
3042
3042
3043
3044
933
3797
1137
948
1137
1137
3051
3052
3053
3054
3055
3058
935
940
3074
3059
941
3060
3077
3063
3052
3057
936
943
3066
3071
3067
1991
430
4405
3415
3132
946
3152
3138
3786
3784
2842
373
933
933
3086
933
3964
3087
3090
3094
3091
952
3170
3095
3096
3097
3098
953
3114
3149
957
3101
962
3784
1137
3783
1137
3109
3135
3111
3112
3113
3120
965
3120
3148
2855
840
2855
847
936
834
3422
3103
958
3127
3127
955
3128
967
3098
954
3132
3130
968
969
3140
3138
4403
3142
3172
3141
971
3146
3168
3145
3119
3118
3121
3139
970
3990
3784
3784
3784
3784
3784
3784
1137
3046
3162
3166
974
3165
3134
970
2837
839
3143
972
2851
3173
3990
6236
975
3174
3163
961
981
3166
3183
3193
985
3182
977
3187
977
3189
3190
3191
3192
3194
3194
989
3196
3197
3198
2176
2176
3201
3202
3203
3204
3205
3206
3207
3208
3209
3210
3211
3212
3213
3214
3215
3216
3217
3218
3219
3220
3221
3222
3223
3224
3225
3226
3227
3228
3229
3230
3231
3232
3233
3234
3235
3236
3237
3238
3239
3240
3241
3242
3243
3244
3245
3246
3247
3248
3249
3250
3251
3252
3253
3254
3255
3256
3257
3258
1875
3260
488
3262
3263
3262
3265
3266
3267
3268
3269
3270
3271
3272
3273
3274
3275
3276
3277
3278
3279
3280
3281
3282
3283
3284
3285
3286
3287
3288
3289
3290
3291
3292
3293
3294
3295
3296
3297
3298
3299
3300
3301
3302
3303
3304
3305
3306
3307
3308
3309
3310
3311
3312
3313
3314
3315
3316
3317
3318
3319
3320
3321
3322
3323
3324
3325
3326
3327
3328
3329
3330
3331
3332
3333
3334
3335
3336
3338
3338
3339
3340
3341
3342
3343
3344
3345
3346
3347
3348
3349
3350
3350
3352
3353
3354
3355
3356
3357
3358
3359
3360
3361
3362
3363
3364
3365
3366
3367
3368
3369
3370
3371
3372
3373
3374
3375
3378
3377
3378
1048
3376
3380
1049
3383
3384
3385
3386
3387
3388
3389
3390
3391
3392
3393
3394
3395
3396
3397
3396
1055
3400
3401
3402
3401
3404
3403
864
3405
1057
3110
960
3411
3135
3130
969
968
3128
3418
3420
3419
3416
1062
3422
3423
3424
3425
3426
3427
3428
3429
3430
3434
3431
1044
3434
3431
1066
3433
1066
3435
3460
3442
860
1070
2958
2934
894
2931
2999
861
3462
2878
3452
3453
3454
3455
3456
3457
3458
3370
3459
852
3460
3460
3459
2902
3466
875
3468
3469
3470
2862
853
3474
3483
1074
902
2927
3477
1073
2872
2900
2901
3480
3484
3485
3486
3487
3488
3489
3490
3491
3492
3493
3494
3491
117
30
3498
3499
2905
3501
3436
3505
2881
3435
1794
1792
3508
3509
3398
1053
3512
3513
3514
3515
3516
3517
3518
3519
3520
3521
3522
3523
3524
3525
3526
3527
3528
3529
3530
3531
3532
3533
3534
3535
3536
3537
3538
3539
3540
3541
3542
3543
3544
3545
3546
3547
3548
3549
3550
3551
3552
3553
3554
3555
1954
112
113
3561
877
3562
3562
3563
3564
3566
3727
3567
3565
2828
3569
835
3574
1102
4379
3576
3660
1101
3575
1103
2798
2796
3583
822
3584
3593
3586
3587
3588
3589
3592
2950
3617
3593
3594
3595
3596
3597
3598
3599
3600
3601
3602
3603
3604
3605
3606
3607
3608
3609
3610
3611
3612
3613
3614
3615
3616
1113
3618
3619
3620
3621
3622
3626
3623
761
3630
3627
3628
3629
3630
3631
3632
828
3804
1117
3636
3813
3637
3637
3814
3642
4381
1119
3644
3645
3646
3647
3648
3650
4384
773
3649
3781
3781
3654
3659
3656
772
3655
3387
3652
786
1120
3661
2707
3665
768
3668
3669
3670
3671
3672
3673
789
3675
3676
3677
3679
3679
3678
3681
3682
3683
3680
2681
2684
3689
3687
3698
1121
3691
3836
3952
3694
3695
3696
3697
2713
3699
3701
3701
1130
3705
3704
3705
3706
3707
3708
3709
3710
3711
3712
3713
3714
3715
3719
3717
3718
3817
3720
3721
2695
3723
3724
3725
3726
2733
747
3729
3730
3731
3733
3736
1123
1134
3730
3737
2678
3739
3740
3741
3742
1968
3744
3746
3747
3747
3748
3749
3750
3751
3026
3753
3754
2977
2996
3037
3758
1135
3760
3761
3762
3763
3764
3765
3766
2771
803
4395
3770
3771
928
1796
888
349
3507
3776
3779
3791
1136
3782
3794
1137
3789
3796
3072
3073
3789
3798
1138
3792
3800
1105
3578
1104
3177
976
3185
986
3800
3801
966
3070
3804
3805
3806
3807
3808
3809
3810
3811
3812
3813
510
2769
2769
3818
3819
3812
3820
3821
3822
3823
3824
3825
3826
3827
3828
3829
3830
3831
3832
3833
3834
3835
3688
1122
1128
3664
3840
3841
1106
3582
377
3847
1838
1835
3848
3849
3850
3851
3854
1149
3855
3568
719
3857
3858
3859
3860
3861
3862
3863
3864
3865
3866
3867
2622
3868
720
3871
3872
2667
703
3875
3876
3877
3878
3879
3880
3881
3882
3883
3884
3885
3886
3887
1152
3889
3890
3891
3892
3893
3894
3895
3896
3897
3898
3899
3900
3901
3902
3903
3904
3869
3906
3907
3908
3909
3910
3911
3912
3913
3914
3915
3916
3917
3918
3919
3920
3921
3922
3923
3924
3925
3926
3927
3928
3929
3930
3931
3932
3933
3934
3935
3936
3937
3938
3939
3940
3941
3942
3943
3944
3945
3946
3947
3948
3949
3950
3951
3955
3958
3947
6160
380
1857
3047
934
383
3961
3962
3963
3087
3965
933
1137
3797
948
3796
3970
1165
3973
3974
3975
3976
3977
3978
3979
3980
3981
3982
3983
3984
3985
3986
3987
3988
3989
3139
3990
3991
3993
3994
3995
3996
3997
3998
3999
4000
4001
4002
4003
4004
4005
4006
4007
4008
4009
4010
4011
4012
4013
4014
4015
4016
4017
4018
4019
4020
4021
4022
4023
4024
4025
4026
4027
4028
4029
4030
4031
4032
4033
4034
4035
4036
4037
4038
4039
4040
4041
4042
4043
4044
4045
4046
4047
4048
4049
4050
4051
4052
4053
4054
4055
4056
4057
4058
4059
4060
4061
4062
4063
4064
4065
4066
4067
4068
4069
4070
4071
4072
4073
4074
4075
4076
4077
4078
4079
4080
4081
4082
4083
4084
4085
4086
4087
4088
4089
4090
4091
4092
4093
4094
4095
4096
4097
4098
4099
4100
4101
4102
4103
4104
4105
4106
4107
4108
4109
4110
4111
4112
4113
4114
4115
4116
4117
4118
4119
4120
4121
4122
4123
4124
4125
4126
4127
4128
2920
4130
4131
4132
4133
4134
4135
4136
4137
4138
4139
4140
4141
4142
4143
4144
4145
4146
4147
4148
4149
4150
4151
4152
4153
4154
4155
4156
4157
4158
4159
4160
4161
4162
4163
4164
4165
4166
4167
4168
4169
4170
4171
4172
4173
4174
4175
4176
4177
4178
4179
4180
4181
4182
4183
4184
4185
4186
4187
4188
4189
4190
4191
4192
4193
4194
4195
4196
4197
4198
4199
4200
4201
4202
4203
4204
4205
4206
4207
4208
4209
4210
4211
4212
4213
4214
4215
4216
4217
4218
4219
4220
4221
4222
4223
4224
4225
4226
4227
4228
4229
4230
4231
4232
4233
4234
4235
4236
4237
4238
4239
4240
4241
4242
4243
4244
4245
4246
4247
4248
4249
4250
4251
4252
4253
4254
4255
4256
4257
4258
4259
4260
4261
4262
4263
4264
3351
4266
3466
4268
4269
4270
4271
4272
4273
4274
4275
4276
4277
4278
4279
4280
4281
4282
4283
4284
4285
4286
4287
4288
4289
4290
4291
4292
4293
4294
4295
4296
4297
4298
4299
4300
4301
4302
4303
4304
4305
4306
4307
4308
4309
4310
4311
4312
4313
4314
4315
4316
4317
4318
4319
4320
4321
4322
4323
4324
4325
4326
4327
4328
4329
4330
4331
4332
4333
4334
4335
4336
4337
4338
4339
4340
4341
4342
4343
4344
4345
4346
4347
4348
4349
4350
4351
4352
4353
4354
4355
4356
4357
4358
4359
4360
4361
4362
4363
4364
4365
4366
4367
2669
4369
939
3062
942
4374
4375
3147
4377
4378
1846
3803
3657
2834
2833
3654
3666
3509
4386
4387
4388
4389
4390
4391
2950
4393
897
2144
4396
4397
4398
4399
4400
499
2842
3092
1137
3134
4406
4407
4408
4409
4410
4411
4412
4413
4414
4415
4416
4417
4418
4419
4420
4421
4422
4423
4424
4425
4426
4427
4428
4429
4434
1289
4430
1292
5629
4435
4436
4437
4438
4439
4440
4441
4442
4443
4444
4445
4446
4447
4448
4449
4450
4451
4452
4453
4454
4455
4456
4457
4458
4459
4460
4461
4462
4463
4464
4465
4466
4467
4468
4469
4470
4471
4472
4476
4473
1316
5631
4478
5655
4479
4477
5460
5460
1319
4482
4493
4487
5463
4488
4486
4492
2684
5507
1324
4481
1318
4483
1320
4496
4498
1321
4501
4502
4503
4504
4505
4506
4506
4508
4509
4510
4511
4512
4513
4514
4515
4516
4517
4518
4519
4507
4521
1331
4520
4524
4525
4526
4527
4528
4529
4530
4531
4532
4533
4542
4535
4536
4538
5491
4537
1348
4491
5446
4491
4543
4548
4545
4547
5711
624
4550
4551
4552
4553
4554
4555
4556
4557
4558
4559
4560
4561
4562
2541
5394
1360
2537
4643
552
4878
2234
2581
4571
2588
696
4576
6139
4576
4575
1365
4580
4581
4582
4583
1366
4578
5525
5524
4588
4589
4590
4591
4592
4593
4594
4595
6122
1378
5333
4600
559
5335
4602
4603
4604
4605
4606
4607
4608
4612
4612
5400
691
4621
4614
4615
4616
4617
4618
4619
4620
2565
691
2565
5401
5572
1637
4627
4628
4627
4630
4635
4587
4631
5536
5535
4636
4637
4638
4639
4636
4869
4870
550
4869
2565
4646
4645
4648
4648
4650
4651
4654
4652
4654
4658
4655
1403
5321
4659
4660
4661
4662
4663
4664
4665
4666
4667
5235
5235
4669
5224
4656
4673
4674
4675
5201
5201
5201
5228
1586
4681
4682
4683
4684
4685
4686
4687
5504
4689
4690
4691
4692
4693
4694
4695
4696
4697
4698
4668
4670
4671
2545
2544
4704
4703
4706
4707
4708
680
4710
4711
4712
4713
4714
4715
4716
4717
4718
293
2362
1430
1433
4723
4724
4725
204
4746
4746
4747
298
4731
298
192
4734
4735
4736
4736
1436
1438
4740
2386
1656
4745
1462
6131
4748
1463
6020
1443
4751
5379
1443
276
177
199
280
1427
1427
5228
1427
4764
4762
1598
5264
4769
4766
4765
533
4769
4770
4771
4772
4773
540
4776
540
540
4777
4767
1472
4812
1454
4784
4839
1456
4783
1455
4775
4775
4788
4791
4792
4793
537
1480
4778
4834
4799
5205
4798
4803
4802
5515
4812
223
1472
4786
1469
4785
4810
223
324
320
275
277
4816
4817
4788
1449
1449
283
4823
5274
1477
4825
4826
4827
4828
4829
4830
4831
4832
2215
4833
542
4836
4837
4838
4840
4840
4841
4842
1483
1497
1658
5554
1658
1658
4849
4850
4851
4849
4856
4855
4871
1489
1485
1488
4860
4872
4854
4852
1486
4857
1491
4864
4863
4867
2399
608
6151
6151
4923
5184
4942
4928
5543
550
5543
5542
1483
1483
1496
1483
5720
623
5720
4889
4957
1499
4888
4892
1501
4894
4895
6119
4911
4900
4910
4939
5542
1658
1658
5540
4905
4906
4907
4908
4913
4937
4912
4653
4653
1396
1486
5188
1390
4898
4918
4920
4920
1502
4894
4923
4925
4921
1510
4929
6149
4928
4932
4959
1512
4931
4936
4955
4914
4935
4912
4930
5746
1511
5542
5543
5542
5542
1658
4846
4950
4953
4951
1515
4924
1511
4640
1393
4934
1513
4649
4960
5746
4961
1517
6255
4950
4953
1521
1506
4972
4969
1526
4979
1518
1518
4973
4976
4977
4978
4981
1531
4981
4982
4983
4984
2576
2576
4988
4988
4989
4990
4991
4992
4993
4994
4995
4996
4997
4998
4999
5000
5001
5002
5003
5004
5005
5006
5007
5008
5009
5010
5011
5012
5013
5014
5015
5016
5017
5018
5019
5020
5021
5022
5023
5024
5025
5026
5027
5028
5029
5030
5031
5032
5033
5034
5035
5036
5037
5038
5039
5040
5041
5042
5043
5044
5045
5046
5047
5048
5049
5050
667
5052
5053
5053
5055
5056
5057
5058
5059
5060
5061
5062
5063
5064
5065
5066
5067
5068
5069
5070
5071
5072
5073
5074
5075
5076
5077
5078
5079
5080
5081
5082
5083
5084
5085
5086
5087
5088
5089
5090
5091
5092
5093
5094
5095
5096
5097
5098
5099
5100
5101
5102
5103
5104
5105
5106
5107
5108
5109
5110
5111
5112
5113
5114
5115
5116
5117
5118
5119
5120
5121
5123
5123
5124
5125
5126
5127
5128
5129
5130
5131
5132
5133
5134
5135
5136
5137
5138
5139
5140
5141
5142
5143
5144
5145
5146
5147
5148
5149
5150
5151
5152
5153
5154
5157
5155
5157
5158
5156
5160
5161
5162
5163
5164
5165
5166
5167
5168
5169
5170
1581
5169
5173
5173
5175
5174
5176
1417
4906
4906
5181
4921
4920
1510
5186
5187
5182
5188
5189
5190
5191
5192
5193
5194
5196
5196
1578
5195
5195
1585
5197
1585
5228
5199
5208
4758
1589
1414
298
4730
1444
4798
1413
4680
5226
5216
5217
5218
5219
5220
5221
5222
5151
1406
5223
5225
5225
5223
4701
1426
1426
5232
5233
5234
4662
1405
5240
1452
1593
5247
4725
1592
5241
4670
4702
4699
5244
5248
5249
5250
5251
5252
5253
5254
1601
4762
5257
5258
5259
290
5261
5262
201
4705
5265
5200
5199
4677
5267
2192
2188
5272
5273
5172
5275
5276
5277
5278
5279
5280
5281
5282
5283
5284
5285
5286
5287
5288
5289
5290
5291
5292
5293
5294
5295
5296
5297
5298
5299
5300
5301
5302
5303
5304
5305
5306
5307
5308
5309
5310
5311
5312
5313
5314
5315
5316
5317
2370
283
286
5322
5324
1429
5324
5325
5329
5326
5328
4539
4629
1389
5330
2251
6125
1622
5340
1623
5336
1621
5421
4600
1380
5342
4598
5345
5346
5347
5348
5349
5350
5353
4751
5378
5354
5355
5356
5357
5358
5359
5360
5361
5362
5363
5364
5365
5366
5367
5368
5369
5370
5371
5372
5373
5374
5375
5376
5377
1633
1633
5380
5381
5382
5383
5385
5391
1330
5384
5388
5389
5390
5391
5392
5393
1384
5561
1638
5398
5568
5399
5398
5570
5405
5403
1639
6127
5406
5407
5408
5409
5413
5410
1340
6130
5538
5416
5539
5418
5415
1339
5417
5163
5411
5422
1640
1349
4512
1335
5426
2433
5430
5431
4546
1350
5434
5435
5436
5437
5438
5440
5469
5439
5442
5443
5444
5441
2684
5449
1641
5458
5447
5451
5452
5709
5592
5455
5456
5457
4523
5459
5462
1650
5498
5464
5464
5465
5466
5467
5468
5443
5470
5471
5472
5473
5474
5475
5477
5573
5478
5479
5480
5481
4504
5483
5484
5485
4539
1315
5488
5489
5490
5494
1654
1643
5495
5490
5496
4489
5498
5499
5500
5501
2221
5503
5505
5506
5506
5507
5508
5509
5510
4824
5512
1457
4796
4834
5516
1655
5518
5519
5520
5521
5522
5523
4572
6141
1363
5527
5528
1477
2190
1656
525
5532
5533
5537
1657
5548
5539
5551
1658
5553
5547
4869
4870
5547
1659
5555
5550
1624
5557
5338
1625
4962
1516
4970
1525
5408
1387
1509
4868
5561
5562
5563
5564
5565
5566
5567
5568
5569
696
4574
1363
5574
5575
5569
5576
5577
5578
5579
5580
5581
5582
5583
5584
5585
5586
5587
5588
5589
5590
5591
5450
1648
1642
5423
5596
5597
1627
5603
2238
5343
2241
2237
5604
5605
5606
5607
5609
5611
1670
5327
1291
5613
5614
5615
5616
5617
5618
5619
5620
5621
5622
5623
4432
1290
5624
5627
5628
4474
1276
5631
5632
5633
5634
5635
5636
5637
5638
5639
5640
5641
5642
5643
5644
5645
5646
5647
5648
5649
5650
5651
5652
5653
5654
5655
5656
5657
5658
5659
5660
5626
5662
5663
5664
5665
5666
5667
5668
5669
5670
5671
5672
5673
5674
5675
5676
5677
5678
5679
5680
5681
5682
5683
5684
5685
5686
5687
5688
5689
5690
5691
5692
5693
5694
5695
5696
5697
5698
5699
5700
5701
5702
5703
5704
5705
5706
5707
5708
5710
5715
5703
2424
2258
557
5540
560
5717
5718
5719
5720
5721
1483
1497
5553
1658
6253
5726
1686
5727
5730
5731
5732
5733
5734
5735
5736
5737
5738
5739
5740
5741
5742
5743
5744
5745
4930
5746
5747
5749
5750
5751
5752
5753
5754
5755
5756
5757
5758
5759
5760
5761
5762
5763
5764
5765
5766
5767
5768
5769
5770
5771
5772
5773
5774
5775
5776
5777
5778
5779
5780
5781
5782
5783
5784
5785
5786
5787
5788
5789
5790
5791
5792
5793
5794
5795
5796
5797
5798
5799
5800
5801
5802
5803
5804
5805
5806
5807
5808
5809
5810
5811
5812
5813
5814
5815
5816
5817
5818
5819
5820
5821
5822
5823
5824
5825
5826
5827
5828
5829
5830
5831
5832
5833
5834
5835
5836
5837
5838
5839
5840
5841
5842
5843
5844
5845
5846
5847
5848
5849
5850
5851
5852
5853
5854
5855
5856
5857
5858
5859
5860
5861
5862
5863
5864
5865
5866
5867
5868
5869
5870
5871
5872
5873
5874
5875
5876
5877
5878
5879
4719
5881
5882
5883
5884
5885
5886
5887
5888
5889
5890
5891
5892
5893
5894
5895
5896
5897
5898
5899
5900
5901
5902
5903
5904
5905
5906
5907
5908
5909
5910
5911
5912
5913
5914
5915
5916
5917
5918
5919
5920
5921
5922
5923
5924
5925
5926
5927
5928
5929
5930
5931
5932
5933
5934
5935
5936
5937
5938
5939
5940
5941
5942
5943
5944
5945
5946
5947
5948
5949
5950
5951
5952
5953
5954
5955
5956
5957
5958
5959
5960
5961
5962
5963
5964
5965
5966
5967
5968
5969
5970
5971
5972
5973
5974
5975
5976
5977
5978
5979
5980
5981
5982
5983
5984
5985
5986
5987
5988
5989
5990
5991
5992
5993
5994
5995
5996
5997
5998
5999
6000
6001
6002
6003
6004
6005
6006
6007
6008
6009
6010
6011
6012
6013
6014
6015
6016
6017
2341
6019
6020
6021
6022
6023
6024
6025
6026
6027
6028
6029
6030
6031
6032
6033
6034
6035
6036
6037
6038
6039
6040
6041
6042
6043
6044
6045
6046
6047
6048
6049
6050
6051
6052
6053
6054
6055
6056
6057
6058
6059
6060
6061
6062
6063
6064
6065
6066
6067
6068
6069
6070
6071
6072
6073
6074
6075
6076
6077
6078
6079
6080
6081
6082
6083
6084
6085
6086
6087
6088
6089
6090
6091
6092
6093
6094
6095
6096
6097
6098
6099
6100
6101
6102
6103
6104
6105
6106
6107
6108
6109
6110
6111
6112
6113
4480
6115
1487
4861
1490
6120
6121
4938
6123
6124
2247
5560
5420
4633
4634
5416
5428
6131
6132
6133
6134
6135
6136
6137
4749
6139
1449
2588
6142
6143
6144
6145
6146
2540
4644
4891
1658
4924
6152
6153
6154
6155
6156
6157
6158
6159
3785
5541
6162
6163
6164
6165
6166
6167
6168
6169
6170
6171
6172
6173
6174
6175
6176
6177
6178
6179
6180
6181
2574
2170
983
1523
6186
6187
6188
6189
6190
6191
1530
6193
6194
6195
6196
6238
6198
6199
6200
6201
6202
6203
6204
6205
1528
6207
988
6209
6210
6211
6212
6213
6214
6215
6216
6217
6218
6219
6220
6221
6222
6223
6224
6225
6226
6227
6228
6229
6230
6231
6232
6233
6234
6216
6215
6237
6204
6239
6240
6241
6242
6243
6244
6245
6246
6247
6248
6249
6250
6251
6252
6253
6254
6234
6256
6257
6258
6259
6260
6261
6262
6263
6264
6265
6266
6267
6268
6269
6270
6271
6272
6273
6274
6275
6276
6277
6278
6279
6280
6281
6282
6283
6284
6285
6286
6287
6288
6272
6271
6269
