1800
20
90
94
100
914
163
155
133
57
61
66
161
139
13
70
81
18
65
131
354
2941
921
1822
2155
368
386
914
7
112
116
120
3478
127
137
165
146
45
159
917
53
152
3012
42
1797
87
44
1799
51
48
13
140
143
60
55
60
16
17
59
61
83
63
11
66
18
0
3447
0
67
77
19
128
71
12
12
68
128
34
19
75
79
75
75
68
1799
352
1799
20
354
1979
1979
89
93
921
23
90
23
1822
3018
98
3018
3018
25
149
914
149
156
148
115
112
115
156
8
114
119
134
9
118
58
9
10
122
62
1068
1068
126
85
21
34
132
137
132
135
55
54
136
145
36
37
36
160
1971
1971
1970
1968
95
3
2
35
164
157
38
143
143
153
134
40
72
15
41
146
46
88
40
165
80
3007
3012
42
168
43
171
172
173
174
175
176
177
178
179
180
230
234
183
184
185
186
187
188
189
190
191
529
193
194
195
196
197
278
279
2555
201
1602
1597
295
205
206
207
208
209
210
211
4804
213
214
215
215
217
218
219
323
221
222
223
224
225
226
227
228
229
230
231
233
233
189
232
236
237
238
236
240
241
242
243
244
245
246
247
248
249
250
251
252
253
254
216
256
255
171
259
260
261
262
263
264
265
266
267
268
269
270
273
272
273
274
275
2211
274
176
2556
178
4756
2555
5319
284
285
5320
287
288
289
5261
5881
181
291
235
182
294
239
297
299
300
301
302
303
304
305
306
307
308
309
310
311
312
313
314
315
316
317
318
319
2209
321
322
325
324
325
326
327
328
329
330
331
307
333
334
335
336
339
214
339
341
341
751
1781
753
345
346
347
2896
349
350
1812
2941
1798
354
884
2967
357
1809
359
3002
1807
163
2975
3036
1819
1820
1823
368
3959
1844
3161
3159
373
443
375
2766
2767
1844
1849
3960
1854
1852
2013
3047
914
386
1861
2085
1904
2118
3340
1911
393
4200
1265
3286
1873
1877
4254
3298
3356
3244
4252
3323
1909
3338
1922
1919
1918
410
411
2100
417
412
414
1934
3248
3296
1892
2020
3021
2914
1965
424
425
426
1824
428
3086
430
431
432
433
434
435
436
437
438
439
1847
3959
1847
2766
3090
2018
789
447
448
449
450
451
452
2050
454
2095
2053
3228
458
459
2040
461
462
2076
464
465
2068
2077
1866
469
470
471
2092
2087
1897
2099
1255
2107
2103
480
4245
4256
2114
1940
2116
4261
1907
4262
3350
1875
490
1925
3299
4264
494
495
496
497
498
499
500
891
1959
503
504
505
2144
2815
2776
509
510
3636
3638
2157
514
515
516
517
1320
1323
2177
521
522
523
524
525
526
527
276
529
191
2195
2197
533
534
535
536
537
2203
177
4776
541
4835
2216
2220
196
4569
694
4847
4569
5543
1362
2238
5602
4568
694
2248
5716
2252
5333
6161
4847
278
563
564
565
566
567
568
569
570
571
572
573
574
575
576
577
578
579
580
581
582
583
584
585
586
587
588
589
590
591
592
593
594
595
596
597
598
599
600
2434
602
603
604
605
606
2398
4869
609
610
611
612
613
614
615
616
617
5716
557
4569
1362
2430
4886
1350
625
626
627
628
629
630
631
632
633
634
635
636
637
638
639
640
641
642
643
644
645
646
647
648
649
650
651
652
653
654
655
656
657
658
659
660
661
662
663
664
665
666
667
668
669
670
671
672
673
674
675
2541
677
678
679
5353
681
682
683
684
2551
686
4617
688
5399
2563
5396
692
693
2574
2244
696
2586
698
699
700
701
3876
2596
3880
705
706
707
708
709
710
711
712
713
714
715
716
3874
3728
2621
2623
721
722
723
724
725
726
727
728
796
2662
2636
729
733
734
735
736
737
738
739
740
741
742
743
744
4472
746
747
3900
2682
749
752
3702
754
3704
3740
3749
2684
750
2691
760
761
762
763
764
765
766
767
768
769
770
771
772
773
774
775
3807
777
778
779
780
781
2730
2728
2740
785
786
757
787
3674
2744
3672
2750
2748
3542
3541
1301
3393
3718
799
800
801
3847
2771
3769
3792
806
2774
808
809
810
2817
812
813
814
815
2789
817
818
2850
2794
821
822
823
824
825
826
827
828
2809
830
3648
832
937
936
2828
836
837
838
3169
3119
2838
2840
843
3083
2847
3173
6192
2853
849
850
851
852
853
854
855
856
857
858
859
860
861
862
863
864
865
866
867
868
869
2894
501
3616
2901
874
2902
876
2908
4130
2928
2925
4130
3444
2949
885
2945
886
2940
3774
1980
1982
2149
3022
105
3445
58
119
155
112
7
2959
3493
1949
903
2981
2986
919
1824
908
909
1981
1069
3443
913
38
38
916
917
3011
920
2153
921
2155
1822
116
925
926
927
928
929
2997
931
2973
3177
3047
3058
3052
938
3419
3060
940
941
3064
3066
4371
3129
3133
443
429
3965
950
951
3093
3099
946
955
958
3102
3126
3108
960
961
956
3117
3148
6192
3071
967
3129
3131
3133
3144
3171
3175
3175
975
976
977
978
979
961
981
982
983
984
985
986
987
988
989
990
991
992
993
994
995
996
997
998
999
1000
1001
1002
1003
1004
1005
1006
1007
1008
1009
2064
1011
1012
1871
1894
475
1888
3306
3256
3343
3259
1021
1022
1023
1024
1025
1255
2104
2106
4258
4259
1031
1032
1033
1034
1035
1036
1884
1038
1039
1040
1041
1042
1043
1044
1045
1046
3377
3379
1049
1050
3395
1052
1053
1054
1055
1056
1057
1058
1059
960
1061
3131
1063
1064
1065
1066
1067
127
3450
1070
1071
1072
3477
4267
1075
2930
2921
3478
3482
1080
3496
3496
120
1084
1085
1086
1087
1088
1089
1090
1091
1092
1093
3539
3538
3567
1097
1098
1099
1100
3570
1102
3576
1104
1105
1106
1107
1108
3609
1110
1111
1112
3678
1114
3620
1116
3813
3640
1119
1120
1121
1122
1123
1124
3694
1126
3710
1128
1129
3741
1131
3766
1133
1134
1135
1136
1137
1138
1139
1140
1141
1142
3850
1144
1145
1146
1147
3853
3856
1150
1151
1152
1153
1154
1155
3919
1157
1158
1159
1160
1161
3977
1163
1164
933
1166
1167
1168
1169
1170
1171
1172
1173
1174
1175
1176
1177
1178
1179
1180
1181
1182
1183
1184
1185
1186
1187
1188
1189
1190
1191
1192
1193
1194
1195
1196
1197
1198
1199
1200
1201
1202
1203
1204
1205
1206
1207
1208
1209
1210
1211
1212
1213
1214
1215
1216
1217
1218
1219
1220
1221
1222
1223
1224
1225
1226
1227
1228
1229
1230
1231
1232
1233
1234
1235
1236
1237
1238
1239
1240
1241
1242
1243
1244
1245
1246
1247
1248
1249
1250
1251
1252
1253
1254
4202
1256
1257
4208
1259
1260
1261
1262
1263
3283
4240
4245
1267
1268
1269
1270
1271
1272
1273
1274
1275
1276
1277
1278
1279
1280
1281
1282
1283
1284
1285
1286
1287
1288
1289
1290
1291
1292
1293
1294
1295
1296
1297
1298
1299
1300
4446
1302
1303
1304
1305
1306
1307
1308
1309
1310
1311
1312
1313
1314
1315
1316
1317
4493
5461
1319
1318
5465
1322
5500
1321
4500
1327
1328
1329
1330
1331
1332
1333
1334
1335
1336
1337
1338
1339
1340
1341
1342
1343
1344
1345
1346
4535
1348
1349
5433
1351
4547
1353
1354
1355
1356
5168
1358
5478
1360
1361
5603
1363
1364
1365
1366
1367
1368
4615
1370
1371
4590
1373
1374
1375
4595
1377
1378
5342
4601
1381
5409
1383
1384
1385
4613
1387
1388
5331
4915
6128
4634
4956
4637
4639
4914
4641
4570
4646
4960
1401
1402
1403
1404
1405
1406
1407
1408
1409
1410
1411
1412
1413
1414
1415
1416
1417
1418
1419
1420
1421
5376
4708
4694
1425
1426
1427
1428
1429
1430
1431
4722
1433
1434
4729
1436
1437
1438
4739
2393
2391
4749
1443
5211
5262
1446
279
2555
1449
1450
1451
1452
1453
1454
4787
4785
1458
543
1459
1460
5514
1462
1463
1464
1465
1466
320
4810
4808
2561
1471
197
193
195
194
201
1477
1478
1479
4795
1481
1482
5728
4848
4853
4862
4861
4860
4855
6118
4866
2254
4925
4922
4567
1496
2398
1498
4890
1500
4893
1502
1503
4899
4901
4968
1504
1507
4868
4922
4925
4933
4958
1515
4952
5554
4963
4904
1519
1506
4967
1522
2577
1524
5556
4971
1527
1528
1529
1530
4980
1532
1533
1534
1535
1536
1537
1538
1539
1540
1541
1542
1543
1544
1545
1546
1547
1548
1549
1550
1551
1552
1553
1554
1555
1556
1557
1558
1559
1560
1561
1562
1563
1564
1565
1566
1567
1568
1569
1570
1571
1572
1573
1574
1575
1576
1577
1578
1579
5158
1581
1582
1583
1584
1585
1586
295
1588
1589
1590
1591
5242
1593
1594
1595
1596
1597
1598
1599
1600
1601
1602
1603
1604
1605
1606
1607
1608
1609
1610
1611
1612
5299
5300
1615
1616
1617
1618
1619
1620
5339
5335
5337
1624
5552
5420
5601
1628
1629
1630
1631
1632
1633
1634
1635
1636
1637
5568
1639
1640
1641
1642
1643
5452
1645
1646
1647
1648
1649
5499
1651
5522
1653
1654
1655
2386
5536
5542
1659
1660
1661
1662
1663
1664
1665
1666
1667
5599
1669
1670
1671
1672
1673
1674
1675
1676
1677
1678
1679
1680
1681
1682
1683
1684
5714
5728
1687
1688
1689
1690
1691
1692
1693
1694
1695
1696
1697
1698
1699
1700
1701
1702
1703
1704
1705
1706
1707
1708
1709
1710
1711
1712
1713
1714
1715
1716
1717
1718
1719
1720
1721
1722
1723
1724
1725
1726
1727
1728
1729
1730
1731
1732
1733
1734
1735
1736
1737
1738
1739
1740
1741
1742
1743
1744
1745
1746
1747
1748
1749
1750
1751
1752
1753
1754
1755
1756
1757
1758
1759
1760
1761
1762
1763
1764
1765
1766
1767
1768
1769
1770
1771
1772
1773
1774
1775
1776
1777
1778
1779
1780
3738
2688
3670
2678
1785
1786
1787
1788
1789
1790
1791
1792
1793
1794
1795
1796
1799
1798
1799
352
2935
1804
358
1804
1805
1808
3003
1808
909
1806
148
148
38
148
163
1817
3035
1816
363
921
1822
921
921
1823
1844
378
1844
378
1829
2011
6160
1832
1833
443
443
443
2764
2765
2767
1837
1841
1844
1843
1844
1845
1846
3960
1848
445
4372
1850
4371
4372
843
2015
2015
2015
2013
1862
1862
388
3238
1864
1902
1016
1863
1863
1869
2045
1869
1871
1874
411
411
488
1872
2123
1879
482
399
1881
4253
1881
396
1885
6166
1887
390
2117
6162
6162
482
1891
402
402
1894
1898
1901
3242
1901
4252
1903
3323
1903
3333
1905
481
3303
406
1909
406
406
1914
3337
1914
1919
408
410
1919
1916
408
1920
1887
1924
1928
1925
400
3298
1928
3245
3246
1931
2100
3292
1934
1937
2098
1933
1881
1037
1883
1945
1942
417
4255
2922
2922
2921
879
2930
2021
1953
3668
3497
1081
3499
3497
3022
1962
1960
1961
1956
421
1966
424
4389
1964
1968
1969
1970
1971
98
367
1820
2943
1975
1979
1977
1979
1981
3774
1982
1980
1981
1985
1986
1987
1988
1989
1990
1991
1995
1993
1994
1995
1996
1997
1998
1999
2000
2001
2002
2003
2004
2005
2006
2007
2008
2009
2015
2015
2015
1847
2015
3958
2016
2016
444
3668
2742
3669
2022
2023
2024
2025
2026
2027
2028
2029
2030
2031
3231
2033
4214
2035
2036
2089
2038
2059
2044
2044
2043
1019
3342
460
2041
2042
2048
2049
2050
2048
2052
2053
2054
2055
2058
2057
2058
2056
2060
2061
2062
2060
2064
2066
3241
2065
458
2069
2070
2071
2072
2073
468
2074
4230
468
2078
2078
3332
2081
2082
2083
4232
1013
2086
2088
2091
473
2102
472
1260
2093
1900
474
3283
3282
2097
2099
476
2104
2104
1027
477
2102
478
2092
2109
3244
2108
2112
1941
2112
484
1939
483
1906
486
492
4264
2121
1929
482
2113
2125
2126
2127
2128
2129
2130
2131
2132
2133
2134
2135
2136
2137
2138
2139
2140
2143
2143
4393
508
2145
2146
2147
2145
115
156
7
155
1822
2155
1822
1820
2158
3635
512
511
2161
2162
2163
2161
2165
2166
2167
2168
2169
2170
2171
2172
2173
2174
2175
2176
5497
4489
5430
5497
2181
2182
2183
2184
2185
2186
2187
2188
2189
2190
2191
2192
2193
255
2195
2196
2197
2198
2199
2200
2201
2202
4803
2202
2205
2206
275
2208
320
275
177
2215
2213
2212
4833
1473
266
2217
2216
1473
331
2222
315
314
2225
694
2242
694
694
620
4569
2243
560
4877
4569
1362
4569
4568
553
5602
4567
694
694
4985
2244
2247
6124
622
2246
5716
2253
559
4642
2253
2251
2243
6161
2243
2243
2260
2261
2262
2263
2264
2265
2266
2267
2268
2269
2270
2271
2272
2273
2274
2275
2276
2277
2278
2279
2280
2281
2282
2283
2284
2285
2286
2287
2288
2289
2290
2291
2292
2293
2294
2295
2296
2297
2298
2299
2300
2301
2302
2303
2304
2305
2306
2307
2308
2309
2310
2311
2312
2313
2314
2315
2316
2317
2318
2319
2320
2321
2322
2323
2324
2325
2326
2327
2328
2329
2330
2331
2332
2333
2334
2335
2336
2337
2338
2339
2340
2341
2342
2343
2344
2345
2346
2347
2348
2349
2350
2351
2352
2353
2354
2355
2356
2357
2358
2359
2360
2361
2362
2363
2364
2365
5429
5429
2367
2369
2370
2371
2372
2373
2374
2375
2376
2377
2378
2379
2380
2381
2382
2219
2219
2383
2220
2387
2387
262
2392
1439
5531
1461
2390
2395
2396
2397
4882
1497
4881
548
2402
2403
2404
2405
2406
2407
2408
2409
2410
2411
2412
2413
2414
2415
2416
2417
2418
2419
5715
557
5715
5715
1362
1362
5713
5715
1362
2249
623
2249
5429
5431
4549
2435
2436
2437
2438
2439
2440
2441
2442
2443
2444
2445
2446
2447
2448
2449
2450
2451
2452
2453
2454
2455
2456
2457
2458
2459
2460
2461
2462
2463
2464
2465
2466
2467
2468
2469
2470
2471
2472
2473
2474
2475
2476
2477
2478
2479
2480
2481
2482
2483
2484
2485
2486
2487
2488
2489
2490
2491
2492
2493
2494
2495
2496
2497
2498
2499
2500
2501
2502
2503
2504
2505
2506
2507
2508
2509
2510
2511
2512
2513
2514
2515
2516
2517
2518
2519
2520
2521
2522
2523
2524
2525
2526
2527
2528
2529
2530
2531
2532
2533
2534
2536
2536
2537
2538
2539
2540
679
2539
2543
2544
2545
2546
2547
2550
2548
2587
687
2549
2553
2554
281
2211
2557
279
2560
270
195
2559
2566
689
691
5396
2567
2568
2569
2570
6182
2571
2573
2574
2576
2576
1524
2575
2579
2579
2581
2584
2583
2585
507
507
2588
698
6139
2590
2591
2592
2593
2594
2599
702
2595
704
3879
2600
2601
2602
2603
2604
2605
2606
2607
2608
2609
2610
2611
2612
2613
2614
2615
2616
2617
2618
2620
3873
718
2619
717
2624
2625
2626
2627
2628
2629
2630
2631
2632
2633
3563
3563
730
2634
796
2639
2640
2641
2642
2643
2644
2645
2646
2647
2648
2649
2650
2651
2652
2653
2654
2655
2656
2657
2658
2659
2660
2661
745
2663
2664
2665
2666
2664
2671
2668
2670
3899
2676
749
2676
752
3700
2680
2680
754
3703
2683
755
3748
756
2681
2672
2674
2675
2673
2686
2689
2690
2693
2694
2695
2696
2697
2698
2699
2700
2701
2702
2703
2704
2705
2706
2707
2708
2709
2710
2711
2712
2713
2714
2715
2716
2717
2718
3806
2720
2721
2722
2723
2724
2725
2729
2726
759
2739
784
2731
2732
2733
2734
3685
2685
3686
2736
2735
2737
2745
3674
2741
791
3671
2749
2746
794
3540
795
782
2753
4536
4556
2756
3770
798
2758
797
2760
2761
2762
2763
802
2766
802
3846
2770
803
4395
804
2773
2773
2774
2772
805
2777
2778
2779
3384
811
2782
2783
2784
2785
2786
2787
2788
815
2790
2791
2792
2793
819
2791
2796
2797
2798
2799
2800
2801
2802
2803
2804
2805
2806
2807
2808
828
2810
2811
2812
2814
3646
831
2813
825
2816
2819
2822
2820
2822
2823
2824
2825
2827
3053
834
2829
833
2831
2832
2833
2834
2835
2837
3168
840
2836
839
2841
2842
844
2844
2821
2846
513
2851
2848
846
3172
2855
847
2852
3118
2856
2857
2858
2859
2860
2861
2862
2863
2864
2865
2866
2867
2868
2869
2870
2871
2872
2873
2874
2875
2876
2877
2878
2879
2880
2881
2882
2883
2884
2885
2886
2887
2888
2889
2890
2891
2895
2892
871
3615
872
2897
2898
2899
2872
504
874
2900
2137
2904
2906
2909
502
3590
3592
2907
3498
119
1083
4129
9
3479
1078
3477
59
1078
2928
4130
883
883
2932
3446
2929
2949
2929
3001
2999
2941
2932
2936
2938
887
2939
2944
2940
2945
2942
3774
2944
912
4385
882
2949
3444
362
351
897
3015
115
155
112
163
2960
875
3462
2958
2962
1948
2964
2965
2968
904
2980
2969
2966
2971
4390
905
2974
2990
3019
1973
2977
2988
2980
38
52
2983
3008
2984
918
3009
3010
2156
1824
2156
2992
2993
2994
2995
3756
888
910
3441
3441
2999
1983
1983
3004
52
3006
52
3009
2154
920
426
3007
38
3012
148
149
97
3018
1820
8
3497
8
3023
3024
3025
3026
3027
3029
3043
365
3031
3032
1818
364
3037
361
2998
3038
3039
3040
2985
3041
3042
932
1989
3046
3047
3048
3106
3106
3055
935
3051
938
3417
3056
3056
940
3059
3060
3061
3061
3063
430
3057
939
3065
3069
4370
3068
943
3072
3072
3074
3075
3132
3077
3078
3138
3155
443
3155
372
1989
1989
429
3089
2017
3088
3090
3092
3092
951
3091
3095
3096
3097
3076
3099
3103
3100
953
3125
958
3107
3105
3107
977
3109
3110
3111
3112
3113
3100
3104
3101
957
3120
964
3116
6192
3067
3122
3052
3125
3126
3127
3416
945
3128
1062
3076
946
3076
3412
3136
969
3079
3079
3140
3170
3141
3170
972
3147
3145
4375
963
3114
3115
3151
973
3174
2766
2766
443
3959
3959
3959
2015
440
3162
3178
3175
3165
3166
973
3146
971
3094
952
3142
379
3174
3164
3176
3177
3162
3111
3180
3163
3182
3183
3184
3185
3186
3187
3188
3189
3190
3191
3192
3193
3194
3195
3196
3197
3198
3199
3200
1810
3201
3203
3204
3205
3206
3207
3208
3209
3210
3211
3212
3213
3214
3215
3216
3217
3218
3219
3220
3221
3222
3223
3224
3225
3226
3227
1010
3229
3230
1896
1014
3233
3234
3235
3236
392
3237
3237
1014
2110
1936
1015
416
3246
3249
4251
3250
4244
4250
2121
3280
3335
3251
3258
1017
3255
3304
3261
3259
4265
3262
3263
3264
3265
3266
3267
3268
3269
3270
3271
3272
3273
3274
3275
3276
3277
3278
1028
1028
2099
1255
4236
4203
3288
395
3285
4248
3291
3289
4254
2097
3281
1943
3294
413
398
1878
398
3301
4258
3357
3300
3304
3305
3306
3307
3308
3309
3310
3311
3312
3313
3314
3276
1022
3317
3318
3319
3320
3321
3322
2110
3324
3325
3326
3327
3328
3329
3331
3331
3332
3300
4257
3335
4199
1922
409
3341
487
3260
3254
490
3344
3345
3346
3347
3348
3349
1926
491
1931
1932
419
401
419
3358
4260
3357
3360
3361
3362
3363
3364
3365
3366
3367
3368
3369
3370
3371
3372
3373
3374
3375
3380
813
3376
1049
3380
3381
3382
3383
3384
3385
3386
3387
3388
3389
3390
3391
3378
1047
3392
1048
3396
3397
3398
3399
3400
3401
3402
3403
3404
3405
3406
3407
3408
3109
3113
3411
3110
3412
969
3136
3128
3418
3418
1063
3420
3421
3051
3054
3424
3425
3426
3427
3428
3429
3430
3431
3432
3433
3434
3435
3436
3437
3438
3439
3440
3442
3442
1070
1069
3448
126
21
2999
3449
3450
3451
3452
3453
3454
3455
3456
3457
3458
3459
3460
3461
3462
3463
3464
2961
3465
900
3468
3469
3470
3471
3472
1950
1076
2948
1947
1068
1068
3478
2903
3481
873
3483
3484
3485
3486
3487
3488
1083
3496
1083
2923
2923
3489
1083
9
119
58
118
2905
3501
3502
3503
3504
3505
3506
3507
3508
3509
3510
3511
3512
3513
3514
3515
3516
3517
3518
3519
3520
3521
3522
3523
3524
3525
3526
3527
3528
3529
3530
3531
3532
3533
3534
3535
1952
3536
420
343
3543
790
1096
3841
3544
3545
3546
3547
3548
3549
3550
3551
3552
3553
3554
3555
1081
8
114
3559
877
3561
3562
3564
5325
3566
3727
1100
3565
3123
966
3569
3572
3573
381
3577
3576
3577
1104
3579
3580
3581
3582
3583
3585
3593
870
3587
3588
3589
1958
2152
2950
2911
3594
3595
3596
3597
3598
3599
3600
3601
3602
3603
3604
3605
3608
3606
3608
1110
3610
3611
3612
3613
3617
3618
1113
893
3680
3622
1114
3619
3622
3623
3624
3625
3626
3627
3628
3629
3630
3631
3632
3633
3634
3637
1117
3814
3639
3639
832
3641
3642
3643
3644
3645
3646
3660
1103
3649
3650
3651
3652
3653
3654
3655
3656
3657
3658
3659
3660
3661
3662
3663
3664
3665
3666
3667
3963
3962
2679
3673
1124
3691
1125
3675
3681
3677
3680
3678
27
3683
1127
3709
5
2685
757
3687
3688
3689
3690
3691
3692
3693
817
3695
3696
3697
3698
3699
3701
3739
1130
3705
820
3742
3706
3711
3708
3679
356
2970
3712
3713
3714
3715
3817
3716
1132
3818
3720
3721
3722
3723
3724
2893
3726
3727
3728
3729
3730
3731
3732
3733
3734
3735
3736
3737
2677
2839
841
842
2849
1969
3743
3745
3746
3747
2854
848
3750
3751
3752
3753
3754
1975
3774
889
3758
3759
3760
3761
3762
3763
2790
3764
816
3767
3767
807
3765
3771
3772
3773
3774
3775
3776
3777
3778
3779
3780
3781
3782
3783
3784
3785
3786
3787
3788
3789
3790
3791
3792
3793
3794
4379
3796
3797
3798
3799
3579
3800
3070
382
3804
3805
3394
1051
3808
3809
3810
2148
3812
510
3815
3816
3768
3818
3819
3812
3820
3821
3822
3823
3824
3825
3826
3827
3828
2747
793
792
1143
3833
3834
3835
3836
3837
3838
3839
3839
3840
3842
3843
3844
3845
3844
1147
3849
3852
712
1148
3854
1149
3855
3568
719
3857
3858
3859
3860
3861
3862
3863
3864
3865
3866
3867
2622
3868
720
3871
3872
2667
703
3875
1115
3877
3878
3621
1109
3881
3882
3883
3884
3885
3886
3887
3888
3889
3890
3891
3892
3893
3894
3895
3896
3897
3898
2597
425
3901
3902
3903
3904
3869
3906
3907
3908
3909
3910
3911
3912
3913
3914
3915
3916
3917
3607
1018
3918
3921
3922
3923
3924
3925
3926
3927
2079
3929
3930
3931
3932
3933
3934
3935
3936
3937
3938
3939
3940
3941
3942
3943
3944
3947
3945
3954
3946
1095
3950
3951
3952
3953
2743
3955
3956
3955
3957
3958
1164
2795
3961
3962
3089
3965
1989
3047
3045
3048
3046
3971
933
3973
3974
3975
2637
732
3978
3979
3980
3981
3982
3983
2751
3984
3989
3987
3988
2692
3151
3153
3174
3993
3994
3995
3996
3997
3998
3999
4000
4001
4002
4003
4004
4005
4006
4007
4008
4009
4010
4011
4012
4013
4014
4015
4016
4017
4018
4019
4020
4021
4022
4023
4024
4025
4026
4027
4028
4029
4030
4031
4032
4033
4034
4035
4036
4037
4038
4039
4040
4041
4042
4043
4044
4045
4046
4047
4048
4049
4050
4051
4052
4053
4054
4055
4056
4057
4058
4059
4060
4061
4062
4063
4064
4065
4066
4067
4068
4069
4070
4071
4072
4073
4074
4075
4076
4077
4078
4079
4080
4081
4082
4083
4084
4085
4086
4087
4088
4089
4090
4091
4092
4093
4094
4095
4096
4097
4098
4099
4100
4101
4102
4103
4104
4105
4106
4107
4108
4109
4110
4111
4112
4113
4114
4115
4116
4117
4118
4119
4120
4121
4122
4123
4124
4125
4126
4127
4128
10
122
4131
4132
4133
4134
4135
4136
4137
4138
4139
4140
4141
4142
4143
4144
4145
4146
4147
4148
4149
4150
4151
4152
4153
4154
4155
4156
4157
4158
4159
4160
4161
4162
4163
4164
4165
4166
4167
4168
4169
4170
4171
4172
4173
4174
4175
4176
4177
4178
4179
4180
4181
4182
4183
4184
4185
4186
4187
4188
4189
4190
4191
4192
4193
4194
1860
4198
4197
3257
4199
4218
4201
4202
4201
4204
4205
4206
4207
4208
4206
4210
4211
4212
4212
2063
4215
4216
4217
2059
4219
4220
4221
4222
4223
4224
4225
4226
4227
4228
4229
1867
4231
4233
4234
4235
4266
4203
1255
3269
4238
1023
4238
4240
4241
4209
1258
4209
4213
4247
4247
4245
4244
3283
4243
2112
3287
416
1935
415
1938
3352
418
4262
1924
3290
491
494
911
4268
4269
4270
4271
4272
4273
4274
4275
4276
4277
4278
4279
4280
4281
4282
4283
4284
4285
4286
4287
4288
4289
4290
4291
4292
4293
4294
4295
4296
4297
4298
4299
4300
4301
4302
4303
4304
4305
4306
4307
4308
4309
4310
4311
4312
4313
4314
4315
4316
4317
4318
4319
4320
4321
4322
4323
4324
4325
4326
4327
4328
4329
4330
4331
4332
4333
4334
4335
4336
4337
4338
4339
4340
4341
4342
4343
4344
4345
4346
4347
4348
4349
4350
4351
4352
4353
4354
4355
4356
4357
4358
4359
4360
4361
4362
4363
4364
4365
4366
3537
2669
4369
3062
942
3073
3096
4373
4374
4376
4377
4378
1851
4380
4381
4382
4383
4384
4385
4386
4387
4388
4389
3744
4391
897
3801
3497
2775
4396
4397
4398
4399
4400
4401
3155
4403
3106
3166
4406
4407
4408
4409
4410
4411
4412
4413
4414
4415
4416
4417
4418
4419
4420
4421
4422
4423
4424
4425
4426
4427
4428
4429
4430
4431
4432
4433
4434
4435
4436
4437
4438
4439
4440
4441
4442
4443
4444
4445
1302
4447
4448
4445
4450
4451
4452
4453
4454
4455
4456
4457
4458
4459
4460
4461
4462
4463
4464
4465
4466
4467
4468
4469
4470
4471
1304
4473
4474
4475
4476
4477
4478
4479
4480
4482
5460
1319
4482
4491
4487
5463
1322
4487
4492
4490
5507
1324
4481
4485
4483
4484
4494
4498
4495
4501
4502
4503
4504
4505
4506
4507
4508
4509
4510
4511
4512
4513
4514
4515
4516
4517
4518
4519
4520
4521
4522
4523
4524
4525
4526
4527
4528
4529
4530
4531
4532
4534
4544
1326
4533
4537
4538
4539
4540
5446
4543
4491
4541
4546
5432
1351
4545
1350
4550
4551
4552
4553
4554
1347
4446
5741
4562
1357
4560
1359
5527
4563
4564
4565
4566
5602
5600
5603
4568
4571
4572
4573
4574
4575
4576
4577
4578
4579
4580
1369
5161
4583
4584
4585
4586
4587
4588
4589
4590
4591
4592
4593
4594
4595
4596
4597
4599
5341
4598
1379
4602
4603
4604
4605
4606
4607
4608
4609
4610
4611
4612
4613
4614
1381
4614
4617
4618
4616
4620
691
5397
4621
4624
4625
4626
1390
4629
4917
1486
4631
4632
4633
1391
4635
4640
1393
4636
1396
4955
4643
4644
554
4643
4623
690
4647
4649
4959
4650
4648
4653
4912
4652
4655
4656
4657
4658
4659
4660
4661
4662
4663
4664
4665
4666
4667
4668
4669
4670
4671
4672
4673
4674
4675
4676
4677
4678
4679
4680
4681
4682
4683
4684
4685
4686
4687
4688
4689
4690
4693
4692
5375
1423
4691
4696
4697
4698
4699
4700
4701
4702
4703
4704
4705
4709
4706
680
4709
4710
4711
4712
4713
4714
4715
4716
1597
4720
5880
4720
4721
4722
4723
4727
5241
4726
4728
4728
1434
4730
4731
5209
4733
4734
4735
4736
4737
4738
4739
4740
2387
4742
4740
1437
4745
4746
4747
4748
4752
2558
4751
4752
281
2211
2555
1449
4757
4758
4759
4760
4761
4762
4763
4764
4765
4766
4767
4768
4769
4770
4771
4772
4773
4775
4788
1456
4778
1457
4779
4780
4781
4782
4786
4783
4807
4807
1469
4809
2384
2562
4791
4792
4793
4794
4796
2385
2393
4798
4799
4800
4801
1441
1440
212
212
4806
4810
699
4810
4810
324
213
320
275
274
269
273
1470
4819
4820
4821
4822
4823
4824
4825
4826
4827
4828
4829
4830
4831
4832
4834
5515
538
4836
4837
4838
4839
4840
4841
4842
5726
2398
4901
5726
2243
2243
1485
4856
4852
4857
4854
4858
1488
4853
1487
4859
4870
608
1490
4864
1491
6116
2255
1492
4865
558
550
5544
4923
4925
4923
4922
4928
4928
4569
621
4567
1362
548
4887
2398
548
2431
1498
4885
4891
4888
1500
4891
4892
4893
4894
4895
4896
4898
4918
1501
4898
694
2243
4904
694
4905
4906
4907
4908
4897
4899
4900
4913
4911
1508
1491
4863
4867
4919
4919
4920
4920
1502
4894
4923
1503
4921
4927
4929
4929
2399
4934
4931
1513
4957
4938
4935
4910
6121
4909
5746
5748
1511
1362
4568
1362
4569
5715
557
4949
4950
4951
4961
4924
1511
4936
1512
4889
1499
4932
556
5748
5728
1516
4952
4949
4950
1517
4908
4970
5555
1525
4969
2572
4973
4975
4976
4977
4978
4972
1526
4979
4982
4983
4984
4986
4986
2204
4988
4989
4990
4991
4992
4993
4994
4995
4996
4997
4998
4999
5000
5001
5002
5003
5004
5005
5006
5007
5008
5009
5010
5011
5012
5013
5014
5015
5016
5017
5018
5019
5020
5021
5022
5023
5024
5025
5026
5027
5028
5029
5030
5031
5032
5033
5034
5035
5036
5037
5038
5039
5040
5041
5042
5043
5044
5045
5046
5047
5048
5049
5050
5051
5052
5053
5054
5055
5056
5057
5058
5059
5060
5061
5062
5063
5064
5065
5066
5067
5068
5069
5070
5071
5072
5073
5074
5075
5076
5077
5078
5079
5080
5081
5082
5083
5084
5085
5086
5087
5088
5089
5090
5091
5092
5093
5094
5095
5096
5097
5098
5099
5100
5101
5102
5103
5104
5105
5106
5107
5108
5109
5110
5111
5112
5113
5114
5115
5116
5117
5118
5119
5120
5121
5122
5123
5124
5125
5126
5127
5128
5129
5130
5131
5132
5133
5134
5135
5136
5137
5138
5139
5140
5141
5142
5143
5144
5145
5146
5147
5148
5149
5150
5151
5152
5153
5154
5156
5156
5155
1371
5159
5160
5161
5162
5421
5164
5165
5157
5166
1580
5169
5170
5171
5172
5173
5174
5175
5176
5177
5178
5181
4906
5181
4921
4921
4927
1489
1489
4921
4852
5189
5190
5191
5192
5193
5194
5195
5196
5197
5198
5199
5200
5201
5202
5203
5204
5205
5206
5207
5208
5209
297
182
5212
5213
5214
5215
5216
5217
5218
5219
5220
5221
5222
5223
5224
5225
5226
5227
5228
5229
5230
5231
5232
5233
5234
5235
5236
5237
5238
5239
5240
5243
1597
294
5244
5245
5246
5247
5248
5249
5250
5251
5252
5253
5254
5255
5256
5257
5258
5259
5260
5261
5262
5263
5264
5265
5266
5267
5268
5269
5270
5271
5272
5273
5274
5275
5276
5277
5278
5279
5280
5281
5282
5283
5284
5285
5286
5287
5288
5289
5290
5291
5292
5293
5294
5295
5296
5297
2368
520
601
5298
5302
5303
5304
1352
5306
5307
5308
5309
5310
5311
5312
5313
5314
5315
5316
5317
5318
5319
5320
5321
5322
5323
5324
4449
5326
5327
5328
5329
1509
1621
5559
4600
5333
1380
5338
1624
5551
1625
5336
5343
1626
6126
1627
5345
5346
5347
5354
5349
5350
5351
6138
4751
5354
5355
5356
5357
5358
5359
5360
5361
5362
5363
5364
5365
5366
5367
5368
5369
5370
5371
5372
5373
5374
5377
5376
5378
5378
5379
5380
5381
5382
5383
5384
5385
5386
5387
5388
5389
5390
5391
5392
5393
5394
5395
5398
5397
5570
1638
5400
5401
5402
5403
5404
5405
5406
5408
5557
1623
5410
5411
5412
5413
5415
6129
5414
5417
5418
5419
5420
5340
5422
5423
5424
5425
5426
5427
5428
5719
4488
5718
5434
1644
5434
5435
5436
5437
5438
5439
5440
5441
5442
5443
5444
5445
4491
5447
5448
5449
5450
5451
5452
5453
5454
5455
5456
5457
5458
5459
5462
1650
5498
5464
5501
1376
5466
5467
5468
5469
5470
5471
5472
5473
5474
5475
5573
5574
1652
5476
5480
5481
5482
5483
5484
5485
5486
5487
5488
5489
5490
5491
5492
5493
5494
5495
5496
4486
4638
1394
1395
4651
5502
5503
5504
5505
5506
4654
5508
5509
5510
5511
5512
2383
1656
1440
5516
5517
5518
5519
5520
4589
1372
5521
5524
5525
5526
5523
5528
5529
5530
5531
5532
5533
5534
5535
1392
5537
5416
5538
2243
4903
2245
1398
4644
2578
5546
5545
5548
5549
5550
5539
1622
5726
1658
5547
1659
5557
5558
5560
6125
5561
5562
5167
5564
5565
5566
5567
5568
5569
5570
5571
5572
5574
5575
5569
5576
5577
5578
5579
5580
5581
5582
5583
5584
5585
5586
5587
5588
5589
5590
5591
5592
5593
5594
5595
5596
5597
5598
5599
5598
5601
5600
1668
5604
5605
5606
5607
5608
5609
5610
5611
5612
5613
5614
5615
5616
5617
5618
5619
5620
5621
5622
5623
5624
5625
5626
5627
5628
5629
5630
5631
5632
5633
5634
5635
5636
5637
5638
5639
5640
5641
5642
5643
5644
5645
5646
5647
5648
5649
5650
5651
5652
5653
5654
5655
5656
5657
5658
5659
5660
5661
5662
5663
5664
5665
5666
5667
5668
5669
5670
5671
5672
5673
5674
5675
5676
5677
5678
5679
5680
5681
5682
5683
5684
5685
5686
5687
5688
5689
5690
5691
5692
5693
5694
5695
5696
5697
5698
5699
5700
5701
5702
5711
5704
5705
5706
5707
5708
5709
5710
4548
5710
5712
1378
5713
1685
4594
5717
5718
4887
5721
5726
2398
1484
4901
5727
5727
5553
5729
5730
5731
5732
5733
5734
5735
5736
5737
5738
5739
5741
5745
1613
5743
5744
4499
5746
5748
4962
5749
5750
5751
5752
5753
5754
5755
5756
5757
5758
5759
5760
5761
5762
5763
5764
5765
5766
5767
5768
5769
5770
5771
5772
5773
5774
5775
5776
5777
5778
5779
5780
5781
5782
5783
5784
5785
5786
5787
5788
5789
5790
5791
5792
5793
5794
5795
5796
5797
5798
5799
5800
5801
5802
5803
5804
5805
5806
5807
5808
5809
5810
5811
5812
5813
5814
5815
5816
5817
5818
5819
5820
5821
5822
5823
5824
5825
5826
5827
5828
5829
5830
5831
5832
5833
5834
5835
5836
5837
5838
5839
5840
5841
5842
5843
5844
5845
5846
5847
5848
5849
5850
5851
5852
5853
5854
5855
5856
5857
5858
5859
5860
5861
5862
5863
5864
5865
5866
5867
5868
5869
5870
5871
5872
5873
5874
5875
5876
5877
5878
5879
5881
291
5882
5883
5884
5885
5886
5887
5888
5889
5890
5891
5892
5893
5894
5895
5896
5897
5898
5899
5900
5901
5902
5903
5904
5905
5906
5907
5908
5909
5910
5911
5912
5913
5914
5915
5916
5917
5918
5919
5920
5921
5922
5923
5924
5925
5926
5927
5928
5929
5930
5931
5932
5933
5934
5935
5936
5937
5938
5939
5940
5941
5942
5943
5944
5945
5946
5947
5948
5949
5950
5951
5952
5953
5954
5955
5956
5957
5958
5959
5960
5961
5962
5963
5964
5965
5966
5967
5968
5969
5970
5971
5972
5973
5974
5975
5976
5977
5978
5979
5980
5981
5982
5983
5984
5985
5986
5987
5988
5989
5990
5991
5992
5993
5994
5995
5996
5997
5998
5999
6000
6001
6002
6003
6004
6005
6006
6007
6008
6009
6010
6011
6012
6013
6014
6015
6016
6017
6018
6019
6020
6021
6022
6023
6024
6025
6026
6027
6028
6029
6030
6031
6032
6033
6034
6035
6036
6037
6038
6039
6040
6041
6042
6043
6044
6045
6046
6047
6048
6049
6050
6051
6052
6053
6054
6055
6056
6057
6058
6059
6060
6061
6062
6063
6064
6065
6066
6067
6068
6069
6070
6071
6072
6073
6074
6075
6076
6077
6078
6079
6080
6081
6082
6083
6084
6085
6086
6087
6088
6089
6090
6091
6092
6093
6094
6095
6096
6097
6098
6099
6100
6101
6102
6103
6104
6105
6106
6107
6108
6109
6110
6111
6112
5301
6114
6115
6117
6118
1397
4896
6119
6120
6122
6123
6124
5334
6126
6127
6128
5418
6130
6131
6132
6133
6134
6135
6136
6137
6138
6139
4820
6141
6142
6143
6144
6145
6146
2542
4567
6149
2243
4924
6152
6153
6154
6155
409
6157
2162
6159
3958
5715
3295
6163
6164
6165
6165
6172
6168
6169
6166
6171
1893
6173
6174
6175
6176
6177
6178
6179
6180
6181
1533
992
984
1524
6186
6187
6188
6189
6190
6191
1530
6193
6194
6195
6242
6238
6198
6199
6200
6201
6202
6203
6238
6205
1528
6207
988
6254
6254
6240
6240
6213
6214
6215
6216
6217
6218
6219
6220
6221
6222
6223
6224
6225
6226
6227
6228
6229
6230
6231
6232
6233
6234
6216
6236
6237
6238
6239
6240
6241
6242
6243
6244
6245
6246
6247
6248
6249
6250
6251
6252
6253
6254
6234
6256
6257
6258
6259
6260
6261
6262
6263
6264
6265
6266
6267
6268
6269
6270
6271
6272
6273
6274
6275
6276
6277
6278
6279
6280
6281
6282
6283
6284
6285
6286
6287
6288
6273
6274
6291
