46
91
96
100
102
915
1812
149
40
16
64
65
132
51
48
14
78
75
12
128
89
47
2153
2153
24
368
26
170
362
362
8
9
61
66
139
157
1969
145
166
26
165
152
2980
42
37
147
37
45
52
52
51
916
152
80
56
79
15
81
60
83
19
18
18
68
73
67
67
138
12
50
76
13
14
131
34
131
13
13
71
19
69
19
19
74
45
46
1
91
92
1822
97
95
24
2153
24
98
3017
24
101
1972
101
101
102
1812
915
1812
3015
5
6
362
6
1812
156
115
134
163
54
133
55
56
60
57
17
63
11
65
0
85
130
130
139
34
137
56
164
36
146
140
135
140
144
142
142
386
142
99
4
3
914
148
159
168
153
153
153
163
164
49
72
154
141
135
95
35
158
15
2980
42
42
43
43
171
172
173
174
175
176
177
178
179
226
230
234
183
184
185
186
250
253
244
190
530
529
1473
270
1474
545
197
278
1447
281
201
289
292
295
205
206
207
208
209
210
211
212
213
214
215
215
217
218
219
220
221
222
223
225
336
187
227
229
252
188
228
233
254
189
232
236
237
238
236
240
241
242
240
246
244
302
247
248
243
186
249
251
253
245
216
256
2194
2197
259
260
261
2389
265
264
267
2217
269
268
271
195
271
272
273
274
275
280
274
176
281
178
281
1447
283
284
285
286
288
304
180
290
231
181
291
235
182
294
239
297
299
300
301
302
303
304
305
306
307
308
309
310
311
312
313
314
315
316
317
318
319
320
321
322
323
324
325
326
327
328
329
330
331
332
333
334
335
336
337
338
339
340
341
342
343
344
345
346
347
348
3507
350
103
47
1978
89
46
3710
2883
1803
1802
361
3036
1812
1819
3034
3030
2976
907
368
440
440
3089
440
1833
1847
1832
1847
3959
1847
3172
4378
3073
382
1848
1848
170
26
387
388
389
390
391
392
393
394
395
396
397
398
399
400
401
402
403
404
405
406
407
408
409
410
411
412
413
414
415
416
417
418
419
420
897
3497
423
424
425
2986
2975
1986
3138
429
431
432
433
434
435
436
437
438
439
1846
440
1845
380
3141
3142
446
447
448
449
450
451
452
453
454
455
456
457
458
459
460
461
462
463
464
465
466
467
468
469
470
471
472
473
474
475
476
477
478
479
480
481
482
483
484
485
486
487
488
489
490
491
492
493
494
495
2835
497
498
499
500
3617
1963
3712
504
505
506
507
508
509
510
511
512
2160
514
515
3960
2010
518
519
520
521
522
523
524
525
526
2557
539
529
530
531
532
533
534
2395
2201
2203
538
177
540
4830
542
2562
544
545
2250
2250
4885
618
2401
2250
2234
4569
557
2250
4959
6124
4866
6118
2429
2431
278
563
564
565
566
567
568
569
570
571
572
573
574
575
576
577
578
579
580
581
582
583
584
585
586
587
588
589
590
591
592
593
594
595
596
597
598
599
600
601
1600
603
604
605
5528
4929
4940
609
610
611
612
613
614
615
616
617
2247
2246
2250
5716
4932
4931
624
625
626
627
628
629
630
631
632
633
634
635
636
637
638
639
640
641
642
643
644
645
646
647
648
649
650
651
652
653
654
655
656
657
658
659
660
661
662
663
664
665
666
667
668
669
670
671
672
673
674
4632
676
677
678
679
5353
681
682
2547
2545
685
686
687
688
689
690
691
692
693
1685
6161
696
697
698
699
700
701
702
703
704
705
706
707
708
709
710
711
712
713
714
715
716
717
718
719
720
721
722
723
724
725
726
727
728
2754
730
731
2638
733
734
735
736
737
738
739
740
741
742
743
744
745
746
747
748
749
750
751
752
753
754
755
756
757
758
759
760
761
3031
763
2714
2699
2701
2715
3667
769
770
771
772
3651
774
2717
776
777
778
779
780
781
782
783
784
785
786
787
788
789
790
791
792
793
794
795
4556
797
798
799
800
801
3960
803
804
805
806
807
808
809
810
811
812
813
814
815
816
817
2793
2794
820
2798
3572
2804
2802
825
826
827
2809
2820
830
831
832
3423
3124
835
836
837
2833
839
840
841
842
3787
1829
2847
2848
847
848
849
850
851
852
853
854
855
856
857
858
3451
3450
2879
2881
863
2885
865
866
867
2889
2891
870
871
2896
873
874
875
876
877
9
62
61
55
3447
66
1797
1797
3774
2942
930
3037
1980
2953
6
3680
65
53
134
1812
362
362
3467
1081
2915
503
904
932
3041
2978
2993
1809
930
3445
2936
3002
168
168
903
2983
905
2979
906
2153
24
2153
8
925
3760
3750
928
3032
1817
3040
929
3992
3970
3058
936
3054
3419
3060
945
946
3064
943
4371
3129
3133
440
3138
3092
3143
3093
972
3102
3097
955
3115
3117
3104
3971
3137
3136
3150
3148
964
3121
966
967
3129
3131
3133
3169
3144
3167
3167
975
3177
3971
978
979
3136
981
982
2174
2173
985
986
988
6208
989
990
991
6183
993
994
995
996
997
998
999
1000
1001
1002
1003
1004
1005
1006
1007
1008
1009
1010
1011
1012
1013
1014
1015
1016
1017
1018
1019
1020
1021
1022
1023
1024
1025
1026
1027
1028
1029
1030
1031
1032
1033
1034
1035
1036
1037
1038
1039
1040
1041
1042
1043
1044
1045
1046
1047
1048
1049
1050
1051
1052
1053
1054
1055
3402
3401
3406
3405
3137
1061
3131
3421
1064
1065
1066
1067
66
2932
2944
1071
1072
17
2927
1075
62
895
61
2965
1080
134
8
9
1084
3503
1086
1087
1088
1089
1090
1091
1092
1093
1094
1095
1096
1097
1098
1099
1100
1101
1102
1103
1104
1105
3844
1107
1108
1109
1110
1111
1112
3679
1114
1115
1116
1117
1118
1119
3663
3690
3837
3734
1124
1125
1126
3682
3838
3693
1130
3708
1132
3737
3735
3751
1136
3968
1138
1139
1140
1141
1142
1143
1144
1145
1146
3953
1148
1149
1150
1151
1152
1153
1154
1155
1156
1157
1158
1159
1160
1161
1162
1163
4377
3992
3993
1167
3995
1169
1170
1171
1172
1173
1174
1175
1176
1177
1178
1179
1180
1181
1182
1183
1184
1185
1186
1187
1188
1189
1190
1191
1192
1193
1194
1195
1196
1197
1198
1199
1200
1201
1202
1203
1204
1205
1206
1207
1208
1209
1210
1211
1212
1213
1214
1215
1216
1217
1218
1219
1220
1221
1222
1223
1224
1225
1226
1227
1228
1229
1230
1231
1232
1233
1234
1235
1236
1237
1238
1239
1240
1241
1242
1243
1244
1245
1246
1247
1248
1249
1250
1251
1252
1253
1254
1255
1256
1257
1258
1259
1260
1261
1262
1263
1264
1265
1266
1267
1268
1269
1270
1271
1272
1273
1274
1275
1276
1277
1278
1279
1280
1281
1282
1283
1284
1285
1286
1287
1288
1289
1290
1291
1292
1293
1294
1295
1296
1297
1298
1299
1300
1301
1302
1303
1304
1305
1306
1307
1308
1309
1310
1311
1312
1313
1314
1315
1316
1317
1318
1319
1320
1321
1322
1323
1324
1325
1326
1327
1328
4828
5386
1331
1332
1333
1334
1335
1336
1337
1338
1339
1340
1341
1342
1343
1344
1345
1346
1347
1348
1349
1350
1351
1352
1353
1354
1355
1356
1357
1358
1359
1360
1361
1685
1363
1364
1365
1366
1367
1368
1369
1370
1371
1372
1373
1374
1375
1376
4651
4596
4600
5333
1381
4604
1383
1384
1385
1386
1387
1388
1389
5188
5416
5536
4640
1394
1395
1396
4869
2230
1399
4648
1401
1402
1403
1404
1405
1406
1407
1408
1409
1410
1411
1412
5203
1414
1415
1416
5173
1418
1419
1420
1421
1422
1423
1424
4702
4701
1427
4704
1429
4712
5262
1592
4717
4729
4726
1436
1437
1438
1439
1440
1441
4750
4752
234
180
1446
1447
281
178
1450
5257
5238
1453
4782
1455
4784
4775
4790
2205
1460
1461
1462
1463
1464
1465
2209
320
4786
1469
4810
221
197
1473
1474
270
201
1477
5518
1479
1480
5516
1482
5748
4887
5185
4849
4853
4873
5183
4860
4862
4861
4923
4920
2250
4891
4929
4957
4938
6119
4899
4919
4892
4910
2431
4926
4937
1508
4917
4920
4923
4955
4935
4953
4953
5747
4967
5727
4907
4926
1521
4951
5545
2575
4971
4980
1528
6206
4977
6192
1531
4983
1527
1534
1535
1536
1537
1538
1539
1540
1541
1542
1543
1544
1545
1546
1547
1548
1549
1550
1551
1552
1553
1554
1555
1556
1557
1558
1559
1560
1561
1562
1563
1564
1565
1566
1567
1568
1569
1570
1571
1572
1573
1574
1575
1576
1577
1578
1579
1580
1581
1582
5176
1584
1585
1586
295
1588
1589
1590
1591
230
1593
1594
1431
2363
292
5245
1599
1601
4714
289
5265
1604
1605
1606
1607
1608
1609
1610
1611
1612
1613
1614
1615
1616
1617
1618
1619
1620
5331
6125
1623
1624
5559
5341
5600
1628
1629
1630
1631
1632
1633
1634
1635
1636
1637
1638
1639
1640
1641
1642
1643
1644
1645
1646
1647
1648
1649
1650
1651
1652
1653
1654
5508
1656
1657
4846
5555
1660
1661
1662
1663
1664
1665
1666
1667
5710
1669
1670
1671
1672
1673
1674
1675
1676
1677
1678
1679
1680
1681
1682
1683
1684
6123
5748
5749
1688
5751
1690
1691
1692
1693
1694
1695
1696
1697
1698
1699
1700
1701
1702
1703
1704
1705
1706
1707
1708
1709
1710
1711
1712
1713
1714
1715
1716
1717
1718
1719
1720
1721
1722
1723
1724
1725
1726
1727
1728
1729
1730
1731
1732
1733
1734
1735
1736
1737
1738
1739
1740
1741
1742
1743
1744
1745
1746
1747
1748
1749
1750
1751
1752
1753
1754
1755
1756
1757
1758
1759
1760
1761
1762
1763
1764
1765
1766
1767
1768
1769
1770
1771
1772
1773
1774
1775
1776
1777
1778
1779
1780
1781
1782
1783
1784
1787
1785
3729
1788
1786
1790
1791
1792
3506
1794
1795
1796
45
1977
1
46
45
357
3202
1803
357
3201
3036
1810
358
3201
5
5
168
5
1811
365
1818
3033
365
2991
2989
2153
3019
907
1847
440
1847
440
3089
440
440
3089
3964
440
440
440
1847
440
380
844
380
1847
380
380
3173
3173
1846
379
3172
1853
1851
1852
4372
3072
440
440
440
1848
1859
1860
1861
1862
1863
1864
1865
1866
1867
1868
1869
1870
1871
1872
1873
1874
1875
1876
1877
1878
1879
1880
1881
1882
1883
1884
1885
1886
1887
1888
1889
1890
1891
1892
1893
1894
1895
1896
1897
1898
1899
1900
1901
1902
1903
1904
1905
1906
1907
1908
1909
1910
1911
1912
1913
1914
1915
1916
1917
1918
1919
1920
1921
1922
1923
1924
1925
1926
1927
1928
1929
1930
1931
1932
1933
1934
1935
1936
1937
1938
1939
1940
1941
1942
1943
1944
1945
10
57
9
2920
62
1951
1952
1953
115
3022
8
115
111
1962
1959
901
3020
1958
1964
1965
1966
1967
141
4390
26
142
1972
2977
2975
2977
2977
1820
1824
1822
2998
2998
1981
3757
3037
357
357
1985
949
3086
949
3140
1992
1993
1994
1995
1996
1997
1998
1999
2000
2001
2002
2003
2004
2005
2006
2007
2008
2009
1846
1846
440
1845
1846
1846
379
379
3142
2019
2020
2021
2022
2023
2024
2025
2026
2027
2028
2029
2030
2031
2032
2033
2034
2035
2036
2037
2038
2039
2040
2041
2042
2043
2044
2045
2046
2047
2048
2049
2050
2051
2052
2053
2054
2055
2056
2057
2058
2059
2060
2061
2062
2063
2064
2065
2066
2067
2068
2069
2070
2071
2072
2073
2074
2075
2076
2077
2078
2079
2080
2081
2082
2083
2084
2085
2086
2087
2088
2089
2090
2091
2092
2093
2094
2095
2096
2097
2098
2099
2100
2101
2102
2103
2104
2105
2106
2107
2108
2109
2110
2111
2112
2113
2114
2115
2116
2117
2118
2119
2120
2121
2122
2123
2124
2125
2126
2127
2128
2129
2130
2131
2132
2132
2134
2135
2136
2137
2138
2139
2140
2141
2142
2143
2144
2145
2146
2147
2148
6
1811
6
6
2989
2988
24
2976
2157
2158
2157
511
2161
2162
2163
2164
2165
2166
2167
2168
818
2172
3187
3956
517
3784
2174
517
2177
2178
2179
2180
2181
2182
2183
2184
2185
2186
2187
2188
2189
2190
2191
2192
2196
2194
2195
2196
532
534
534
2199
534
2204
538
4987
536
2202
275
2207
320
275
539
2212
4841
2214
2212
2216
2217
2218
2219
2220
331
2222
315
314
2225
2250
2250
2250
2250
4885
618
2249
5720
4885
2250
2250
2250
549
4878
5715
2250
557
5716
5715
2250
4960
4960
4959
556
2247
1490
6117
4870
4859
6116
2246
2429
2246
2246
2260
2261
2262
2263
2264
2265
2266
2267
2268
2269
2270
2271
2272
2273
2274
2275
2276
2277
2278
2279
2280
2281
2282
2283
2284
2285
2286
2287
2288
2289
2290
2291
2292
2293
2294
2295
2296
2297
2298
2299
2300
2301
2302
2303
2304
2305
2306
2307
2308
2309
2310
2311
2312
2313
2314
2315
2316
2317
2318
2319
2320
2321
2322
2323
2324
2325
2326
2327
2328
2329
2330
2331
2332
2333
2334
2335
2336
2337
2338
2339
2340
2341
2342
2343
2344
2345
2346
2347
2348
2349
2350
2351
2352
2353
2354
2355
2356
2357
2358
2359
2360
4718
4716
1432
4718
1431
2367
2432
2368
6140
2369
2557
4820
1601
2374
2375
2376
2377
5318
2379
2380
2381
2382
2383
4818
2385
2386
2387
2388
2389
2390
2391
2392
2393
2394
4684
2397
4684
5721
4929
5721
5721
2402
2403
2404
2405
2406
2407
2408
2409
2410
2411
2412
2413
2414
2415
2416
2417
2418
2419
2247
2246
2246
2247
2247
557
5716
2247
2250
556
4931
2248
2432
2433
2434
2435
2436
2437
2438
2439
2440
2441
2442
2443
2444
2445
2446
2447
2448
2449
2450
2451
2452
2453
2454
2455
2456
2457
2458
2459
2460
2461
2462
2463
2464
2465
2466
2467
2468
2469
2470
2471
2472
2473
2474
2475
2476
2477
2478
2479
2480
2481
2482
2483
2484
2485
2486
2487
2488
2489
2490
2491
2492
2493
2494
2495
2496
2497
2498
2499
2500
2501
2502
2503
2504
2505
2506
2507
2508
2509
2510
2511
2512
2513
2514
2515
2516
2517
2518
2519
2520
2521
2522
2523
2524
2525
2526
2527
2528
2529
2530
2531
2532
2533
2534
2535
2536
2537
2538
2539
2540
2541
2539
2546
2543
2545
6137
1401
2549
2549
2550
2551
2552
2553
2554
4756
1449
1449
4753
2559
195
2561
1470
2563
2564
2565
2566
2567
2568
2569
2570
1528
5714
6182
2572
695
2244
2578
5542
2579
2580
2581
2582
2583
2584
2585
2586
2587
2588
2589
2590
2591
2592
2593
2594
2595
2596
2597
2598
2599
2600
2601
2602
2603
2604
2605
2606
2607
2608
2609
2610
2611
2612
2613
2614
2615
2616
2617
2618
2619
2620
2621
2622
2623
2624
2625
2626
2627
2628
2629
2630
2631
2632
2633
2635
3563
2636
2634
729
2639
2640
2641
2642
2643
2644
2645
2646
2647
2648
2649
2650
2651
2652
2653
2654
2655
2656
2657
2658
2659
2660
2661
2662
2663
2664
2665
2666
2667
2668
2669
2670
2671
2672
2673
2674
2675
2676
2677
2678
2679
2680
2681
2682
2683
2684
2685
2686
2687
2688
2689
2690
2691
2692
2693
2694
2695
2696
2697
2702
764
2698
767
2712
2707
768
2703
765
3665
2708
2709
2710
2711
2713
3698
773
2715
2716
2717
2718
2719
2720
2721
2722
2723
2724
2725
2726
2727
2728
2729
2730
2731
2732
2733
2734
2735
2736
2737
2738
2739
2740
2741
2742
2743
2744
2745
2746
2747
2748
2749
2750
2753
2751
2753
796
2755
2756
2757
2758
2759
2760
2761
2762
2763
3960
380
3960
3958
2768
2769
2770
2771
2772
2773
2774
2775
2776
2777
2778
2779
2780
2781
2782
2783
2784
2785
2786
2787
2788
2789
2790
2791
2791
819
2794
2795
2842
2798
2841
375
2800
2800
2802
2803
2804
2805
2806
2807
2808
829
2822
2811
2808
2813
2814
2815
2816
2817
2818
2819
2820
2159
2822
2823
2824
2825
2826
3422
2828
2829
2830
2832
2832
837
2831
2835
2836
2837
2838
2839
2840
1833
1833
1829
373
2821
2845
2847
2849
2849
819
2848
2852
2853
2854
2855
2856
2857
2858
2859
2860
2861
2862
2863
2864
2865
2866
2867
2868
2869
2870
2871
2872
2873
2874
2875
2876
2878
3449
860
2877
859
2886
863
2882
865
2886
2887
2888
2889
2887
2891
2892
2893
2894
2895
2896
2897
2898
2899
2900
2901
2902
2903
2904
2905
2906
2909
502
3590
501
2911
54
134
133
55
40
60
57
17
60
57
61
9
63
63
65
18
11
126
11
0
1800
1797
67
353
353
1978
2937
887
2943
1797
1976
2996
887
2936
2940
11
3446
3447
105
893
106
3684
6
6
362
1812
2961
900
2960
3465
3493
2912
2964
1948
2970
356
2966
3712
3711
3747
2974
3044
3746
363
363
363
1819
3042
2968
168
2980
2969
3041
3042
2973
2985
3041
2979
2975
2979
1808
909
1807
2992
2978
2978
3035
352
884
352
3757
361
1983
152
2983
152
2985
2984
906
905
2980
168
2980
5
1812
24
101
2975
163
156
163
927
3025
3753
3026
3027
3031
3028
762
3031
869
2696
763
1818
364
1817
1804
3038
359
3043
3029
3029
929
3972
3972
1848
3992
440
440
3055
935
3051
938
3417
3059
3056
940
3076
3077
3063
3061
3079
1991
3065
939
3067
3068
3069
3070
3071
1989
1990
4405
3415
3132
3152
3151
3138
440
1847
440
1830
949
3086
3140
950
379
1849
3143
3171
952
3171
3141
3095
4373
951
3098
3099
3101
3114
957
3100
956
1847
440
977
3971
3110
3135
961
3112
960
3116
962
3149
963
3118
3119
3120
3121
3122
3123
936
3125
3126
3127
3128
3129
3128
3131
3098
954
3132
3130
968
969
4403
3138
4403
971
3172
971
971
3146
3146
3145
3148
3120
965
3138
970
3990
1847
1847
1847
1847
440
1847
440
1845
3162
3166
3164
3165
3134
970
3168
839
3144
3144
2851
2851
3991
974
3174
3992
3163
961
3180
3166
3182
3183
3184
976
4376
6208
3973
3189
3190
3191
3192
3193
3194
3195
3196
3197
3198
516
3199
3202
3720
3203
3204
3205
3206
3207
3208
3209
3210
3211
3212
3213
3214
3215
3216
3217
3218
3219
3220
3221
3222
3223
3224
3225
3226
3227
3228
3229
3230
3231
3232
3233
3234
3235
3236
3237
3238
3239
3240
3241
3242
3243
3244
3245
3246
3247
3248
3249
3250
3251
3252
3253
3254
3255
3256
3257
3258
3259
3260
3261
3262
3263
3264
3265
3266
3267
3268
3269
3270
3271
3272
3273
3274
3275
3276
3277
3278
3279
3280
3281
3282
3283
3284
3285
3286
3287
3288
3289
3290
3291
3292
3293
3294
3295
3296
3297
3298
3299
3300
3301
3302
3303
3304
3305
3306
3307
3308
3309
3310
3311
3312
3313
3314
3315
3316
3317
3318
3319
3320
3321
3322
3323
3324
3325
3326
3327
3328
3329
3330
3330
3332
3333
3334
3335
3336
3337
3338
3339
3340
3341
3342
3343
3344
3345
3346
3347
3348
3349
3350
3351
3352
3353
3354
3355
3356
3357
3358
3359
3360
3361
3362
3363
3364
3365
3366
3367
3368
3369
3370
3371
3372
3373
3374
3375
3376
3377
3378
3379
3380
3381
3382
3383
3384
3385
2801
824
823
3389
3390
3391
3392
3393
3394
3395
3396
3397
3398
3399
3400
2885
865
2885
3401
864
864
3406
3403
3409
960
3411
3135
3130
969
968
3128
3418
3420
1063
3416
1062
3053
937
3424
3425
3426
3427
3428
3429
3430
3431
3432
3433
3434
3435
3436
3437
3438
3439
3440
884
2945
2938
2931
0
65
85
352
3442
3441
1070
3452
3453
3454
3455
3456
3457
3458
3459
3460
3461
3462
3463
3464
911
2926
2925
3468
3469
3470
3471
3472
2920
2917
2927
895
63
11
17
3481
3483
3482
1946
3484
3485
3486
3487
3488
133
8
119
2916
2916
896
119
40
134
53
133
3500
3501
3504
908
3508
3502
3505
1085
3509
3004
3510
3511
3512
3513
3514
3515
3516
3517
3518
3519
3520
3521
3522
3523
3524
3525
3526
3527
3528
3529
3530
3531
3532
3533
3534
3535
3536
3537
3538
3539
3540
3541
3542
3543
3544
3545
3546
3547
3548
3549
3550
3551
3552
3553
3554
3555
3022
156
115
3559
3560
3561
3562
3564
3564
3565
3566
3567
3568
3569
3570
3571
1854
3574
1850
3575
3576
3577
3578
3579
1840
2767
3581
2796
3584
3585
3586
3587
3588
3589
2952
351
2951
3593
3594
3595
3596
3597
3598
3599
3600
3601
3602
3603
3604
3605
3606
3607
3608
3609
3610
3611
3612
3613
3614
1113
872
3618
3678
3619
3620
3621
3622
3623
3624
3625
3626
3627
766
3645
3630
3631
3632
3633
3634
3635
3636
3637
3638
3639
3640
3641
3642
3643
3644
3645
3646
3646
3648
3649
3649
1120
3652
822
3573
822
3656
4380
1121
3659
3647
3661
3662
1122
3664
3666
4384
1123
3668
3669
3670
3671
3672
3673
3674
3675
3676
3677
3679
3709
27
3676
1126
3681
27
3685
3686
3688
3836
3687
1128
3691
3692
817
3694
3695
3696
3697
3689
2700
3700
3701
3702
3703
3704
3705
3697
3706
868
3683
1127
3707
1131
3713
3714
3715
3716
3717
3718
3719
3721
3721
3722
3723
3723
3725
3726
3727
3728
3730
3736
3731
3732
3732
785
3735
3733
1134
3738
3739
3740
3741
3742
4390
2972
2890
3745
3746
3748
3749
3754
428
3751
3754
3771
2978
930
3035
1987
3758
1058
3407
3762
3763
3764
3765
3766
3767
3768
3769
3770
2884
3772
3773
2996
3776
931
3039
3778
3779
3780
3781
3782
959
934
3970
371
373
3784
3797
3790
3791
3792
3793
3794
3795
3972
1165
976
3799
3800
3801
3802
3803
3804
3805
3806
3807
3808
3809
3810
3811
3812
3813
3814
3815
3816
3817
3818
3819
3820
3821
3822
3823
3824
3825
3826
3827
3828
3829
3830
3831
3832
3833
3834
3835
3692
3837
1129
3839
3840
3841
3845
3842
1147
3952
3957
1164
3848
3849
3850
3851
3852
3853
3854
3855
3856
3857
3858
3859
3860
3861
3862
3863
3864
3865
3866
3867
3868
3869
3870
3871
3872
3873
3874
3875
3876
3877
3878
3879
3880
3881
3882
3883
3884
3885
3886
3887
3888
3889
3890
3891
3892
3893
3894
3895
3896
3897
3898
3899
3900
3901
3902
3903
3904
3905
3906
3907
3908
3909
3910
3911
3912
3913
3914
3915
3916
3917
3918
3919
3920
3921
3922
3923
3924
3925
3926
3927
3928
3929
3930
3931
3932
3933
3934
3935
3936
3937
3938
3939
3940
3941
3942
3943
3944
3945
3946
3947
3948
3949
3950
3951
2792
818
3954
3956
4376
1164
3960
1847
4378
3961
3962
3963
445
3094
3972
1848
1166
3992
1166
1166
3993
3975
1168
3994
3976
3977
3978
3979
3980
3981
3982
3983
2752
3984
3986
3987
3988
3989
3138
3991
3992
3993
3994
3995
3996
3997
3998
3999
4000
4001
4002
4003
4004
4005
4006
4007
4008
4009
4010
4011
4012
4013
4014
4015
4016
4017
4018
4019
4020
4021
4022
4023
4024
4025
4026
4027
4028
4029
4030
4031
4032
4033
4034
4035
4036
4037
4038
4039
4040
4041
4042
4043
4044
4045
4046
4047
4048
4049
4050
4051
4052
4053
4054
4055
4056
4057
4058
4059
4060
4061
4062
4063
4064
4065
4066
4067
4068
4069
4070
4071
4072
4073
4074
4075
4076
4077
4078
4079
4080
4081
4082
4083
4084
4085
4086
4087
4088
4089
4090
4091
4092
4093
4094
4095
4096
4097
4098
4099
4100
4101
4102
4103
4104
4105
4106
4107
4108
4109
4110
4111
4112
4113
4114
4115
4116
4117
4118
4119
4120
4121
4122
4123
4124
4125
4126
4127
4128
60
57
4131
4132
4133
4134
4135
4136
4137
4138
4139
4140
4141
4142
4143
4144
4145
4146
4147
4148
4149
4150
4151
4152
4153
4154
4155
4156
4157
4158
4159
4160
4161
4162
4163
4164
4165
4166
4167
4168
4169
4170
4171
4172
4173
4174
4175
4176
4177
4178
4179
4180
4181
4182
4183
4184
4185
4186
4187
4188
4189
4190
4191
4192
4193
4194
4195
4196
4197
4198
4199
4200
4201
4202
4203
4204
4205
4206
4207
4208
4209
4210
4211
4212
4213
4214
4215
4216
4217
4218
4219
4220
4221
4222
4223
4224
4225
4226
4227
4228
4229
4230
4231
4232
4233
4234
4235
4236
4237
4238
4239
4240
4241
4242
4243
4244
4245
4246
4247
4248
4249
4250
4251
4252
4253
4254
4255
4256
4257
4258
4259
4260
4261
4262
4263
4264
4265
4266
894
4268
4269
4270
4271
4272
4273
4274
4275
4276
4277
4278
4279
4280
4281
4282
4283
4284
4285
4286
4287
4288
4289
4290
4291
4292
4293
4294
4295
4296
4297
4298
4299
4300
4301
4302
4303
4304
4305
4306
4307
4308
4309
4310
4311
4312
4313
4314
4315
4316
4317
4318
4319
4320
4321
4322
4323
4324
4325
4326
4327
4328
4329
4330
4331
4332
4333
4334
4335
4336
4337
4338
4339
4340
4341
4342
4343
4344
4345
4346
4347
4348
4349
4350
4351
4352
4353
4354
4355
4356
4357
4358
4359
4360
4361
4362
4363
4364
4365
4366
4367
4368
4369
3062
942
3073
4374
4375
3147
2850
2850
846
4379
3843
4381
4382
2797
3650
1982
4386
4387
4388
4389
2971
4391
1815
4393
156
4395
4396
4397
4398
4399
4400
2133
440
3091
440
3134
4406
4407
4408
4409
4410
4411
4412
4413
4414
4415
4416
4417
4418
4419
4420
4421
4422
4423
4424
4425
4426
4427
4428
4429
4430
4431
5624
4433
4434
4435
4436
4437
4438
4439
4440
4441
4442
4443
4444
4445
4446
4447
4448
4449
4450
4451
4452
4453
4454
4455
4456
4457
4458
4459
4460
4461
4462
4463
4464
4465
4466
4467
4468
4469
4470
4471
4472
4473
4474
4475
4476
4477
4478
4479
4480
4481
4482
4483
4484
4485
4486
4487
4488
4489
4490
4491
4492
4493
4494
4495
4496
4497
4498
4499
4500
4501
4502
4503
5482
4505
4506
4507
4508
4509
4510
4511
4512
4513
4514
4515
4516
4517
4518
4519
4520
4521
4522
4523
4524
4525
4526
4527
4528
4529
4530
4531
4532
4533
4534
4535
4536
4537
4538
4539
4540
4541
4542
4543
4544
4545
4546
4547
4548
4549
4550
4551
4552
4553
4554
4555
4556
4557
4558
4559
4560
4561
4562
4563
4564
4565
4566
5715
5713
5716
557
4571
4572
4573
4574
4575
4576
4577
4578
4579
4580
4581
4582
4583
4584
4585
4586
4587
4588
4589
4590
4591
4592
4593
4594
4595
1377
4597
552
552
4642
4600
4602
4603
4604
4602
4606
4607
4608
4609
4610
4611
4612
1386
4614
4615
4616
4617
4618
4619
4620
4621
4622
4623
4624
4625
4626
4627
4628
4627
5188
4635
1370
4631
1392
4635
4636
4636
4638
4639
4640
550
5544
2230
2233
4645
4646
4647
4637
1393
4648
1394
4652
4653
4654
4655
4656
4657
4658
4659
4660
4661
4662
4663
4664
4665
4666
4667
4668
4669
4670
4671
4672
4673
4674
4675
4676
4677
5202
1413
4680
4681
4682
5175
4681
4685
4686
4687
4688
4689
4690
4691
4692
4693
4694
4695
4696
4697
4698
4670
4699
1427
684
2544
683
4703
4706
4707
4708
4709
4710
4715
1445
5260
1446
288
4719
1592
4719
228
4716
4712
4717
4725
4723
232
1444
4723
4724
1435
4730
4731
4732
4733
4734
4735
4736
4737
4738
4739
4740
4741
4742
4743
4744
4745
4724
4747
4748
2558
2558
4749
528
281
280
1447
281
4759
4758
5226
1426
4764
5256
4763
5264
4765
4766
4767
4768
4769
4770
4771
4772
4773
4776
1456
4776
4777
4778
4781
4780
4804
1466
4783
4784
4783
4786
4787
4785
4788
1468
4791
4792
4793
4794
4795
4796
4797
4798
4799
4800
4801
4802
4803
212
212
4806
4807
4808
4807
4810
324
213
320
275
274
4816
273
4809
4821
4819
4821
4822
4823
4824
3761
4827
4827
1419
4826
4830
4831
4832
2215
4834
4835
535
2396
4837
4839
4840
4841
4842
1496
4928
2431
5728
618
618
4850
5185
4849
4850
4874
4871
1494
4874
4856
4872
4876
1493
1488
1485
4852
4857
1491
4864
4863
4867
2398
607
5184
6151
4922
5182
1503
1503
2250
2230
618
2250
1498
4886
6149
1498
2248
4934
622
4958
1513
6120
1499
4893
4918
1502
4896
4899
4900
4897
1504
4909
5716
2250
5727
5716
960
3137
979
4906
4911
1507
4939
4912
4913
4914
1486
4851
4916
4898
4919
4919
4920
4920
4922
4922
4894
4921
4921
1503
4895
1503
1512
4956
4936
1512
4936
4936
1508
4935
4913
4925
1511
4923
557
2250
2250
2250
2246
2429
4908
4927
1519
4949
1510
4923
4955
4955
4933
4938
1393
4649
1515
5748
1515
4950
1506
4927
1521
1506
4972
4963
1526
4979
6122
5729
5731
3192
6192
4976
4981
1531
4981
4978
1529
4982
694
2574
4987
4988
4989
4990
4991
4992
4993
4994
4995
4996
4997
4998
4999
5000
5001
5002
5003
5004
5005
5006
5007
5008
5009
5010
5011
5012
5013
5014
5015
5016
5017
5018
5019
5020
5021
5022
5023
5024
5025
5026
5027
5028
5029
5030
5031
5032
5033
5034
5035
5036
5037
5038
5039
5040
5041
5042
5043
5044
5045
5046
5047
5048
5049
5050
5051
5052
5053
5054
5055
5056
5057
5058
5059
5060
5061
5062
5063
5064
5065
5066
5067
5068
5069
5070
5071
5072
5073
5074
5075
5076
5077
5078
5079
5080
5081
5082
5083
5084
5085
5086
5087
5088
5089
5090
5091
5092
5093
5094
5095
5096
5097
5098
5099
5100
5101
5102
5103
5104
5105
5106
5107
5108
5109
5110
5111
5112
5113
5114
5115
5116
5117
5118
5119
5120
5121
5122
5123
5124
5125
5126
5127
5128
5129
5130
5131
5132
5133
5134
5135
5136
5137
5138
5139
5140
5141
5142
5143
5144
5145
5146
5147
5148
5149
5150
5151
5152
5153
5154
5155
5156
5157
5158
5159
5160
5161
4605
1382
5164
5165
5166
5167
5168
5169
5170
5171
5172
1056
3404
1056
1057
3408
5174
4906
3137
5181
4921
4920
4921
5187
5183
5183
4851
5189
5190
5191
5192
5193
5194
5195
5196
5197
5198
5199
5200
5201
5200
1586
5204
5205
5206
5207
5208
4732
297
182
5212
5213
5214
5215
5216
5217
5218
5219
5220
5221
5222
5223
5224
5225
5227
5228
5228
5229
5230
5231
5232
5233
5234
5235
5236
2364
2365
1596
5237
232
230
294
4700
1425
5244
5247
5248
5249
5250
5251
5252
4711
4711
4714
5259
2373
5253
4713
287
290
180
285
4705
1428
5266
5267
5268
5269
5270
5271
5272
5273
5274
5275
5276
5277
5278
5279
5280
5281
5282
5283
5284
5285
5286
5287
5288
5289
5290
5291
5292
5293
5294
5295
5296
5297
5298
5299
5300
5301
5302
5303
5304
5305
5306
5307
5308
5309
5310
5311
5312
5313
5314
5315
5316
5317
2370
283
286
4658
5321
5323
5324
5325
5326
5327
5328
5329
4629
1389
5330
2253
2252
5334
5336
5337
5338
5332
5421
2239
4598
1627
5602
5345
5346
5347
5348
5349
5350
5352
6138
1442
5354
5355
5356
5357
5358
5359
5360
5361
5362
5363
5364
5365
5366
5367
5368
5369
5370
5371
5372
5373
5374
5375
5376
5378
4751
1443
5380
5381
5382
5383
5384
5385
5386
5387
5388
5389
5390
5391
5392
5393
5394
5395
5396
5397
5398
5399
5400
5401
5402
5403
5404
5405
5406
5407
5408
5409
5410
5411
5412
5413
1380
1380
5335
5417
5418
5419
6126
5421
5422
5423
5424
5425
5426
5427
5428
5429
5430
5431
5432
5433
5434
5435
5436
5437
5438
5439
5440
5445
5442
5443
5444
2208
5446
5447
5448
5449
5450
5451
5452
5453
5454
5455
5456
5457
5458
5459
5460
5461
5462
5463
5464
5465
5466
5467
5468
5469
5470
5471
5472
5473
5474
5475
5476
5477
5478
5479
5480
5481
4687
5483
5484
5485
5486
5487
5488
5489
5490
5491
5492
5493
5494
5495
5496
5497
5498
5499
5500
5501
5502
5503
5504
5505
5506
5507
1583
5178
5177
5510
5509
5513
5514
4834
606
5512
1059
5519
5520
5521
5522
5523
5524
5525
5526
5527
4684
5529
5530
5531
5532
5533
5534
5535
5536
5537
1622
5552
4884
5726
4845
2233
2400
1658
5547
5554
5548
5549
5550
5551
5560
5728
1686
1516
1525
5557
5558
1509
4868
5561
5562
5563
5564
5565
5566
5567
5568
5569
5570
5571
5572
5573
5574
5575
5576
5577
5578
5579
5580
5581
5582
5583
5584
5585
5586
5587
5588
5589
5590
5591
5592
5593
5594
5595
5596
5597
5599
5709
1668
5598
5712
5712
5604
5605
5606
5607
5608
5609
5610
5611
5612
5613
5614
5615
5616
5617
5618
5619
5620
5621
5622
5623
5624
5625
5626
5627
5628
5629
5630
5631
5632
5633
5634
5635
5636
5637
5638
5639
5640
5641
5642
5643
5644
5645
5646
5647
5648
5649
5650
5651
5652
5653
5654
5655
5656
5657
5658
5659
5660
5661
5662
5663
5664
5665
5666
5667
5668
5669
5670
5671
5672
5673
5674
5675
5676
5677
5678
5679
5680
5681
5682
5683
5684
5685
5686
5687
5688
5689
5690
5691
5692
5693
5694
5695
5696
5697
5698
5699
5700
5701
5702
5703
5704
5705
5706
5707
5708
4597
1378
5711
5714
1685
6122
5716
6124
5717
5718
5719
2430
4888
1496
4928
1687
2431
1687
1687
5749
5730
5750
1689
5732
5733
5734
5735
5736
5737
5738
5739
5740
5741
5742
5743
5744
5745
4925
1511
4952
1522
4984
1532
5752
5753
5754
5755
5756
5757
5758
5759
5760
5761
5762
5763
5764
5765
5766
5767
5768
5769
5770
5771
5772
5773
5774
5775
5776
5777
5778
5779
5780
5781
5782
5783
5784
5785
5786
5787
5788
5789
5790
5791
5792
5793
5794
5795
5796
5797
5798
5799
5800
5801
5802
5803
5804
5805
5806
5807
5808
5809
5810
5811
5812
5813
5814
5815
5816
5817
5818
5819
5820
5821
5822
5823
5824
5825
5826
5827
5828
5829
5830
5831
5832
5833
5834
5835
5836
5837
5838
5839
5840
5841
5842
5843
5844
5845
5846
5847
5848
5849
5850
5851
5852
5853
5854
5855
5856
5857
5858
5859
5860
5861
5862
5863
5864
5865
5866
5867
5868
5869
5870
5871
5872
5873
5874
5875
5876
5877
5878
5879
231
291
5882
5883
5884
5885
5886
5887
5888
5889
5890
5891
5892
5893
5894
5895
5896
5897
5898
5899
5900
5901
5902
5903
5904
5905
5906
5907
5908
5909
5910
5911
5912
5913
5914
5915
5916
5917
5918
5919
5920
5921
5922
5923
5924
5925
5926
5927
5928
5929
5930
5931
5932
5933
5934
5935
5936
5937
5938
5939
5940
5941
5942
5943
5944
5945
5946
5947
5948
5949
5950
5951
5952
5953
5954
5955
5956
5957
5958
5959
5960
5961
5962
5963
5964
5965
5966
5967
5968
5969
5970
5971
5972
5973
5974
5975
5976
5977
5978
5979
5980
5981
5982
5983
5984
5985
5986
5987
5988
5989
5990
5991
5992
5993
5994
5995
5996
5997
5998
5999
6000
6001
6002
6003
6004
6005
6006
6007
6008
6009
6010
6011
6012
6013
6014
6015
6016
6017
6018
6019
6020
6021
6022
6023
6024
6025
6026
6027
6028
6029
6030
6031
6032
6033
6034
6035
6036
6037
6038
6039
6040
6041
6042
6043
6044
6045
6046
6047
6048
6049
6050
6051
6052
6053
6054
6055
6056
6057
6058
6059
6060
6061
6062
6063
6064
6065
6066
6067
6068
6069
6070
6071
6072
6073
6074
6075
6076
6077
6078
6079
6080
6081
6082
6083
6084
6085
6086
6087
6088
6089
6090
6091
6092
6093
6094
6095
6096
6097
6098
6099
6100
6101
6102
6103
6104
6105
6106
6107
6108
6109
6110
6111
6112
6113
6114
6115
1487
4858
608
1504
4910
1507
4650
4650
1400
558
5601
6127
5414
4601
6130
6131
6132
6133
6134
6135
6136
6137
527
6139
4819
6141
6142
6143
6144
6145
6146
2542
618
1500
2246
1510
6152
6153
6154
6155
6156
6157
6158
6159
1847
2247
6162
6163
6164
6165
6166
6167
6168
6169
6170
6171
6172
6173
6174
6175
6176
6177
6178
6179
6180
6181
1527
6183
2173
2575
6186
6187
6188
6189
6190
6191
6192
6193
6194
6195
6196
6197
6198
6199
6200
6201
6202
6203
6204
6205
6206
6207
6208
6209
6210
6211
6212
6213
6214
6215
6216
6217
6218
6219
6220
6221
6222
6223
6224
6225
6226
6227
6228
6229
6230
6231
6232
6233
6234
6235
6236
6237
6204
6239
6240
6241
6242
6243
6244
6245
6246
6247
6248
6249
6250
6251
6252
6253
6254
6255
6256
6257
6258
6259
6260
6261
6262
6263
6264
6265
6266
6267
6268
6269
6270
6271
6272
6273
6274
6275
6276
6277
6278
6279
6280
6281
6282
6283
6284
6285
6286
6287
6288
6289
6290
6291
