0
1
95
3
4
5
6
7
8
9
122
3446
12
13
14
15
16
17
18
19
20
21
93
97
2154
25
26
27
28
29
30
1083
1078
1068
34
35
36
37
38
39
40
41
42
43
44
45
46
47
48
49
50
51
52
53
54
55
56
57
58
10
60
2927
3477
11
64
65
3445
67
68
69
70
71
72
73
74
75
76
77
78
79
80
81
82
83
84
85
86
87
88
1979
92
91
94
23
96
3
98
24
3017
4
100
100
102
103
104
105
106
107
108
109
110
111
112
113
114
115
116
117
118
119
121
4130
1078
124
3478
33
127
127
128
129
130
131
132
133
134
135
136
137
138
139
140
141
142
26
144
145
146
147
148
149
150
151
152
153
154
155
156
157
158
159
160
161
162
163
164
165
166
167
168
169
170
171
172
264
268
272
176
177
178
179
180
292
1444
183
184
185
186
187
188
234
190
191
192
266
2218
2561
545
197
198
199
200
201
1602
1597
1587
205
206
207
208
209
210
211
212
213
214
215
216
217
218
219
220
221
222
223
224
225
226
227
228
229
181
291
235
232
182
294
236
237
238
4732
240
241
242
243
244
245
246
247
248
249
250
251
252
253
254
255
256
257
2197
261
173
263
262
265
174
267
194
269
175
4816
195
271
272
4817
274
275
4753
277
278
282
280
281
282
283
284
285
286
287
287
202
5261
293
203
5881
296
204
5243
5209
298
299
300
301
302
303
288
305
306
307
308
309
310
311
312
2221
197
315
316
317
318
319
320
321
322
323
4811
325
326
327
328
329
330
331
332
333
334
335
336
337
338
339
340
341
342
343
3670
345
346
347
348
349
1794
351
21
353
20
2933
3710
357
358
359
1807
3036
362
363
364
365
2991
1973
25
4378
4378
379
4378
2018
4378
1846
4378
1164
4377
2851
846
3073
4370
3173
3173
27
26
387
388
389
390
391
392
393
394
395
396
397
398
399
400
401
402
403
404
405
406
407
408
409
410
411
412
413
414
415
416
417
418
419
420
421
422
423
424
425
3011
907
428
3094
3092
431
432
433
434
435
436
437
438
439
3173
4378
3173
4377
3142
3172
2742
447
448
449
450
451
452
453
454
455
456
457
458
459
460
461
462
463
464
465
466
467
468
469
470
471
472
473
474
475
476
477
478
479
480
481
482
483
484
485
486
487
488
489
490
491
492
493
494
495
2831
497
2133
2783
2823
501
502
3712
504
505
506
2815
2776
509
510
511
3635
2160
514
515
4376
3960
4497
2178
520
2181
522
4515
2186
2190
526
527
528
192
191
531
532
5470
534
535
536
2203
4835
2211
540
541
542
4790
2383
545
6124
6124
556
2247
4886
6124
2429
1685
6124
6124
4956
4960
6116
4870
556
556
198
563
564
565
566
567
568
569
570
571
572
573
574
575
576
577
578
579
580
581
582
583
584
585
586
587
588
589
590
591
592
593
594
595
596
597
598
599
600
601
602
603
604
605
606
4890
4895
609
610
611
612
613
614
615
616
617
4960
556
6124
6124
1512
4933
4549
625
626
627
628
629
630
631
632
633
634
635
636
637
638
639
640
641
642
643
644
645
646
647
648
649
650
651
652
653
654
655
656
657
658
659
660
661
662
663
664
665
666
667
668
669
670
671
672
673
674
4631
676
677
678
679
680
681
5472
683
684
2551
2588
4617
688
689
690
691
692
693
6123
5716
696
697
4576
4808
700
701
702
703
704
705
706
707
708
709
710
711
712
713
714
715
716
717
3728
719
720
721
722
723
724
725
726
727
728
729
730
731
732
733
734
735
736
737
738
739
740
741
742
743
744
745
746
747
748
2673
750
751
752
2679
754
2682
2684
3686
758
759
760
761
762
763
764
765
766
767
768
769
770
771
772
773
774
775
776
777
778
779
780
781
782
783
784
785
786
2737
788
3674
2744
3672
792
3849
794
795
796
797
798
799
2760
3633
4376
2771
3769
805
806
2774
808
809
3385
2817
812
813
814
815
816
2795
2791
3742
820
2841
1854
823
824
2814
2804
827
2810
2820
3639
831
832
3423
3124
835
836
3781
3654
2836
840
3740
3741
950
1846
2847
2848
2853
3749
849
850
851
852
853
854
855
856
857
3461
2881
2879
3440
3439
863
864
865
3624
867
868
869
870
871
2896
873
2871
2902
876
877
1948
1950
879
2923
2949
882
2941
2945
886
887
2997
2998
890
891
1958
893
2926
2915
896
2955
29
28
2959
901
902
903
904
2973
2979
2975
908
909
2996
3444
3443
913
914
915
2983
3006
2986
2988
919
93
2154
97
30
925
926
927
928
3032
2978
931
3044
3170
3173
935
3052
3054
938
3056
940
3074
3078
3057
3061
955
3095
4378
3170
3143
3141
4375
3147
3101
4373
3103
962
963
956
3173
3131
955
3150
3148
3119
3121
3122
3126
3127
967
3096
3168
3146
3095
3095
3166
3992
846
3112
979
955
3136
3165
3080
2176
3193
3182
2791
819
3194
2837
3191
6183
993
994
995
996
997
998
999
1000
1001
1002
1003
1004
1005
1006
1007
1008
1009
1010
1011
1012
1013
1014
1015
1016
1017
1018
1019
1020
1021
1022
1023
1024
1025
1026
1027
1028
1029
1030
1031
1032
1033
1034
1035
1036
1037
1038
1039
1040
1041
1042
1043
1044
1045
1046
1047
1048
1049
1050
1051
1052
1053
1054
1055
1056
1057
1058
1059
3131
1060
967
1063
3426
1065
3433
3437
1068
1069
1070
1071
1072
2919
3467
1075
1074
3476
1078
1079
1080
3490
1956
1083
1084
1085
1086
1087
1088
1089
1090
1091
1092
1093
1094
1095
3567
1097
1098
1099
1100
1101
1851
1103
3802
1105
3953
3582
1108
1109
1110
1111
1112
3616
1114
1115
1116
1117
1118
1119
1120
3690
3837
1123
1124
1125
1126
3682
3838
3693
1130
3708
1132
1133
1134
1135
1136
1166
3797
1139
1140
1141
1142
3850
1144
1145
1146
818
1148
1149
1150
1151
1152
1153
1154
1155
1156
1157
1158
1159
1160
1161
1162
1163
2850
3143
3994
1167
2840
1169
1170
1171
1172
1173
1174
1175
1176
1177
1178
1179
1180
1181
1182
1183
1184
1185
1186
1187
1188
1189
1190
1191
1192
1193
1194
1195
1196
1197
1198
1199
1200
1201
1202
1203
1204
1205
1206
1207
1208
1209
1210
1211
1212
1213
1214
1215
1216
1217
1218
1219
1220
1221
1222
1223
1224
1225
1226
1227
1228
1229
1230
1231
1232
1233
1234
1235
1236
1237
1238
1239
1240
1241
1242
1243
1244
1245
1246
1247
1248
1249
1250
1251
1252
1253
1254
1255
1256
1257
1258
1259
1260
1261
1262
1263
1264
1265
1266
1267
1268
1269
1270
1271
1272
1273
1274
1275
1276
1277
1278
1279
1280
1281
1282
1283
1284
1285
1286
1287
1288
1289
1290
1291
1292
1293
1294
1295
1296
1297
1298
1299
1300
1301
1302
1303
1304
1305
1306
1307
1308
1309
1310
1311
1312
1313
1314
1315
1316
1317
5446
4481
4494
4541
4487
4489
4493
4542
1326
1327
1328
1329
1330
4522
4521
4508
4510
5427
4513
1337
1338
1339
1340
1341
1342
1343
1344
1345
1346
1347
1348
1349
5433
5435
4547
1353
1354
1355
5588
1357
1358
1359
1360
4563
6123
4572
5525
1365
4578
1367
4581
4615
1370
1371
1372
1373
1374
4594
5464
5501
4593
552
2253
4618
1382
1383
4613
1385
4621
1387
1388
1389
4916
5416
5538
4636
5498
5500
4653
5721
2246
1399
4648
1401
1402
1403
1404
1405
1406
1407
1408
1409
1410
1411
5204
5203
4679
1415
1416
1417
5387
1419
4689
5390
4692
1423
1424
1425
4701
1427
1428
1429
2365
1431
2363
1596
1463
4747
1436
4744
1438
1439
5515
1441
1442
1443
4726
1445
1446
199
200
1449
4760
1451
1452
4766
4768
4773
4776
4774
4775
1459
1460
4795
5207
5206
1464
4780
1466
1467
4785
4787
1468
1471
197
266
2561
2218
201
1477
1478
4827
4777
1481
4842
5749
556
1485
1486
4853
4871
1489
4860
4862
4861
4892
4919
6124
1499
4888
1513
4938
6120
4900
4898
4896
4909
556
4920
4939
4913
4915
4919
4892
4955
4935
4923
4894
5748
4953
4960
4907
4920
1520
4951
5540
2576
4969
4979
6206
1377
4977
1530
4981
4983
4597
1534
1535
1536
1537
1538
1539
1540
1541
1542
1543
1544
1545
1546
1547
1548
1549
1550
1551
1552
1553
1554
1555
1556
1557
1558
1559
1560
1561
1562
1563
1564
1565
1566
1567
1568
1569
1570
1571
1572
1573
1574
1575
1576
1577
1578
1579
1580
1581
1582
1583
1584
1585
5201
1587
1588
1589
1590
1591
4717
5230
1594
5238
1593
1597
1598
1599
5255
1601
1602
1603
1604
1605
1606
1607
1608
1609
1610
1611
1612
1613
1614
1615
1616
1617
1618
1619
1620
1621
6125
1623
1624
5559
5344
5710
1628
1629
1630
1631
1632
5376
1634
1635
1636
1637
1638
1639
5447
6126
5592
1643
1644
1645
5437
5444
5593
5453
5461
5467
1652
1653
1654
1655
5513
1657
1687
5555
1660
1661
1662
1663
5606
1665
1666
1667
1378
1669
1670
1671
1672
1673
1674
1675
1676
1677
1678
1679
1680
1681
1682
1683
1684
4650
5749
5750
1688
4637
1690
1691
1692
1693
1694
1695
1696
1697
1698
1699
1700
1701
1702
1703
1704
1705
1706
1707
1708
1709
1710
1711
1712
1713
1714
1715
1716
1717
1718
1719
1720
1721
1722
1723
1724
1725
1726
1727
1728
1729
1730
1731
1732
1733
1734
1735
1736
1737
1738
1739
1740
1741
1742
1743
1744
1745
1746
1747
1748
1749
1750
1751
1752
1753
1754
1755
1756
1757
1758
1759
1760
1761
1762
1763
1764
1765
1766
1767
1768
1769
1770
1771
1772
1773
1774
1775
1776
1777
1778
1779
1780
1784
1782
1781
3738
1785
1786
1787
1788
1786
1790
1791
1792
1793
1794
1795
1796
1797
1798
86
2933
2935
1802
1803
1804
1805
1810
361
1808
1809
1810
1811
1811
1813
1814
2150
1818
1816
1818
1819
366
366
23
1824
427
4378
4378
4377
4378
1846
4378
4378
1845
1849
4378
4378
4378
4378
4378
4377
4378
4377
4378
4377
4377
3172
2851
3173
3172
3172
3064
942
3062
430
950
4378
4378
4378
3173
1859
1860
1861
1862
1863
1864
1865
1866
1867
1868
1869
1870
1871
1872
1873
1874
1875
1876
1877
1878
1879
1880
1881
1882
1883
1884
1885
1886
1887
1888
1889
1890
1891
1892
1893
1894
1895
1896
1897
1898
1899
1900
1901
1902
1903
1904
1905
1906
1907
1908
1909
1910
1911
1912
1913
1914
1915
1916
1917
1918
1919
1920
1921
1922
1923
1924
1925
1926
1927
1928
1929
1930
1931
1932
1933
1934
1935
1936
1937
1938
1939
1940
1941
1942
1943
1944
1945
1949
1946
1077
3473
1076
1951
1951
2021
1955
3556
1956
1954
421
1959
1960
1961
1962
1963
1964
1965
1966
1967
144
3743
1970
142
1972
3755
907
1976
2977
1977
1978
1979
1984
910
1982
889
2996
1985
1986
1987
3170
1849
3094
3091
1992
1993
1994
1995
1996
1997
1998
1999
2000
2001
2002
2003
2004
2005
2006
2007
2008
2009
4378
4378
4378
3173
4377
4377
3172
3142
3172
2021
446
3668
2022
2023
2024
2025
2026
2027
2028
2029
2030
2031
2032
2033
2034
2035
2036
2037
2038
2039
2040
2041
2042
2043
2044
2045
2046
2047
2048
2049
2050
2051
2052
2053
2054
2055
2056
2057
2058
2059
2060
2061
2062
2063
2064
2065
2066
2067
2068
2069
2070
2071
2072
2073
2074
2075
2076
2077
2078
2079
2080
2081
2082
2083
2084
2085
2086
2087
2088
2089
2090
2091
2092
2093
2094
2095
2096
2097
2098
2099
2100
2101
2102
2103
2104
2105
2106
2107
2108
2109
2110
2111
2112
2113
2114
2115
2116
2117
2118
2119
2120
2121
2122
2123
2124
2125
2126
2127
496
2834
2128
4401
2135
2133
2132
2135
2136
2137
2138
2139
2140
2143
2141
4393
508
2145
2146
2147
2148
898
2955
2151
2152
2156
920
24
2991
2157
2158
2157
2160
2161
2162
2163
2164
2165
2166
2167
2168
2793
818
2791
2793
3959
380
517
516
2180
518
2177
4498
2183
2182
5488
2184
2184
523
2185
2188
2188
2190
2191
2192
2196
257
531
2196
4733
2198
2199
2200
2201
2204
538
4987
2205
2202
2208
5445
2209
2207
528
2214
541
2214
2212
543
194
2562
2384
2219
2221
2222
315
2224
5502
6124
6124
6124
6124
556
2247
2247
622
2248
6124
6124
6124
6124
2247
6124
2247
6124
6124
1685
6124
4959
4959
4956
4959
4960
1490
1490
4870
4859
4861
6124
556
6124
6124
2260
2261
2262
2263
2264
2265
2266
2267
2268
2269
2270
2271
2272
2273
2274
2275
2276
2277
2278
2279
2280
2281
2282
2283
2284
2285
2286
2287
2288
2289
2290
2291
2292
2293
2294
2295
2296
2297
2298
2299
2300
2301
2302
2303
2304
2305
2306
2307
2308
2309
2310
2311
2312
2313
2314
2315
2316
2317
2318
2319
2320
2321
2322
2323
2324
2325
2326
2327
2328
2329
2330
2331
2332
2333
2334
2335
2336
2337
2338
2339
2340
2341
2342
2343
2344
2345
2346
2347
2348
2349
2350
2351
2352
2353
2354
2355
2356
2357
2358
2359
2360
2364
2361
5239
5237
2365
2179
2433
2366
2369
2370
2371
6140
2373
2374
2375
2376
2377
2378
2379
2380
2381
2382
4789
4788
1457
2385
2388
2388
262
2393
2391
1461
4797
1440
2395
2396
2397
4889
1500
4888
4934
2402
2403
2404
2405
2406
2407
2408
2409
2410
2411
2412
2413
2414
2415
2416
2417
2418
2419
6124
4960
6124
6124
6124
6124
6124
6124
6124
4932
1512
4932
2433
5429
624
2435
2436
2437
2438
2439
2440
2441
2442
2443
2444
2445
2446
2447
2448
2449
2450
2451
2452
2453
2454
2455
2456
2457
2458
2459
2460
2461
2462
2463
2464
2465
2466
2467
2468
2469
2470
2471
2472
2473
2474
2475
2476
2477
2478
2479
2480
2481
2482
2483
2484
2485
2486
2487
2488
2489
2490
2491
2492
2493
2494
2495
2496
2497
2498
2499
2500
2501
2502
2503
2504
2505
2506
2507
2508
2509
2510
2511
2512
2513
2514
2515
2516
2517
2518
2519
2520
2521
2522
2523
2524
2525
2526
2527
2528
2529
2530
2531
2532
2533
2534
2535
6147
2535
2538
2539
2540
2541
2542
2543
2544
2545
2546
2547
2550
2548
2587
687
2552
2553
2554
2555
2555
2557
2558
2562
195
1470
4790
2563
2564
2565
2566
2567
2568
2569
2570
4596
4596
4597
1378
2426
694
695
2420
2579
2580
2581
2582
2583
2585
507
507
2589
698
6139
2590
2591
2592
2593
2594
2595
2596
2597
2598
2599
2600
2601
2602
2603
2604
2605
2606
2607
2608
2609
2610
2611
2612
2613
2614
2615
2616
2617
2618
2619
2620
2621
2622
2623
2624
2625
2626
2627
2628
2629
2630
2631
2632
2633
2634
2635
2636
2637
2638
2639
2640
2641
2642
2643
2644
2645
2646
2647
2648
2649
2650
2651
2652
2653
2654
2655
2656
2657
2658
2659
2660
2661
2662
2663
2664
2665
2666
2667
2668
2669
2670
2671
2674
750
2674
2675
2672
2677
2678
2679
2680
2685
749
2681
757
3685
2686
2687
2688
2689
2690
2691
2692
2693
2694
2695
2696
2697
2698
2699
2700
2701
2702
2703
2704
2705
2706
2707
2708
2709
2710
2711
2712
2713
2714
2715
2716
2717
2718
2719
2720
2721
2722
2723
2724
2725
2726
2727
2728
2729
2730
2731
2732
2733
2734
2735
2735
2737
2738
2739
2740
2745
789
2741
791
3671
2746
3829
2748
2749
2750
2751
2752
2753
2754
2755
2756
2757
2758
2759
2130
2761
2763
2134
4377
4377
4377
3956
2770
2769
4395
804
2773
2773
806
2772
2776
2780
2778
810
3384
811
2785
812
2782
2785
2786
2787
2788
2789
2790
2794
2791
2794
3742
820
1848
2844
373
3960
2800
2801
2802
2800
2804
2805
2806
2807
830
2822
2822
2824
2811
2814
831
831
2813
825
2816
2819
512
2159
3638
2825
3640
3767
2826
3422
2828
2829
2830
837
3780
3654
837
2832
2839
840
841
3739
2839
444
445
1846
950
2159
2845
2847
842
3741
2849
2840
2854
848
3748
2852
2856
2857
2858
2859
2860
2861
2862
2863
2864
2865
2866
2867
2868
2870
3471
858
2869
2873
2874
2875
2876
2880
2877
861
3438
862
2882
2883
2884
2885
2886
2887
2888
2889
2887
866
2893
2893
2894
2895
2896
2897
2898
2899
2872
2901
874
2900
2904
2905
2906
2907
2908
2909
2910
2911
2912
2913
3489
881
2916
2918
1947
880
2917
1946
1950
878
2925
2947
883
2924
2947
2949
2947
2932
3448
884
2931
2935
2938
2937
2939
2944
2940
885
2942
888
2946
912
2946
4267
3466
911
2952
891
4392
2953
108
110
109
2150
2960
875
3462
2958
2962
2963
2964
2965
2966
2967
2968
503
3711
2974
2971
932
3747
2975
2975
2978
363
2979
2980
2981
2982
903
2985
3041
905
2984
906
2976
2977
2976
2992
2993
3002
2995
930
2977
930
3000
3441
2999
3003
3757
890
3005
916
3007
2984
2987
2988
918
41
151
42
107
105
3017
100
2989
3020
4394
3022
3023
3024
3025
3026
3027
3028
3029
3030
3031
3032
3033
3034
1817
3036
3035
3038
3039
3040
3042
3043
3029
929
1849
1849
3173
3170
4378
4378
3055
935
3051
3054
3055
3059
3056
940
3075
3059
3077
941
3097
4403
3057
3057
3065
3066
939
943
3065
3091
3092
955
955
3099
3095
951
951
4378
4378
4378
1846
1849
1849
3170
1849
3142
3142
3141
3144
972
4375
3144
3102
957
4374
953
3100
3114
3116
3114
3101
3115
4377
4378
4376
3173
3128
3127
3129
3112
3131
3116
962
3149
3148
2855
3119
3118
847
3067
3124
936
3100
3104
3103
3125
3125
3127
3126
3099
3096
3099
3127
955
967
3093
3093
952
3169
839
971
3146
964
964
3148
964
3120
965
951
3095
951
4378
4377
4378
4378
4378
4378
4378
3173
3129
955
3096
978
3099
3095
3119
2837
971
3145
839
2848
3097
3132
974
3993
968
968
3166
955
3175
3180
3183
3174
2793
6208
2850
3189
3189
3191
3192
981
981
3193
3190
3197
3196
3956
2169
3201
3202
3203
3204
3205
3206
3207
3208
3209
3210
3211
3212
3213
3214
3215
3216
3217
3218
3219
3220
3221
3222
3223
3224
3225
3226
3227
3228
3229
3230
3231
3232
3233
3234
3235
3236
3237
3238
3239
3240
3241
3242
3243
3244
3245
3246
3247
3248
3249
3250
3251
3252
3253
3254
3255
3256
3257
3258
3259
3260
3261
3262
3263
3264
3265
3266
3267
3268
3269
3270
3271
3272
3273
3274
3275
3276
3277
3278
3279
3280
3281
3282
3283
3284
3285
3286
3287
3288
3289
3290
3291
3292
3293
3294
3295
3296
3297
3298
3299
3300
3301
3302
3303
3304
3305
3306
3307
3308
3309
3310
3311
3312
3313
3314
3315
3316
3317
3318
3319
3320
3321
3322
3323
3324
3325
3326
3327
3328
3329
3330
3331
3332
3333
3334
3335
3336
3337
3338
3339
3340
3341
3342
3343
3344
3345
3346
3347
3348
3349
3350
3351
3352
3353
3354
3355
3356
3357
3358
3359
3360
3361
3362
3363
3364
3365
3366
3367
3368
3369
3370
3371
3372
3373
3374
3375
3376
3377
3378
3379
3380
3381
3382
3383
2803
826
3386
3387
3388
3389
3390
3391
3392
3393
3394
3395
3396
3397
3398
3399
3400
3401
3402
3403
3404
3405
3406
3407
3408
3130
969
3412
3128
3127
967
955
3127
3417
3418
3419
3127
967
3053
937
3411
3424
1061
3427
3428
3429
3430
3431
3431
3433
3434
3432
3435
1066
3436
350
1067
3442
3442
3443
1069
2931
2926
127
2999
3449
860
3451
3452
3453
3454
3455
3456
3457
3458
3459
3459
3461
3463
3464
3460
2961
3465
900
3468
3469
3470
3471
3472
3474
3474
1074
902
2924
3478
32
2903
3480
3482
3483
3484
3485
3486
3487
3488
3491
1082
3495
3492
3493
3494
3495
3496
3497
3498
117
3500
3501
3505
3503
3504
3506
1793
3507
3508
3509
3510
3511
3512
3513
3514
3515
3516
3517
3518
3519
3520
3521
3522
3523
3524
3525
3526
3527
3528
3529
3530
3531
3532
3533
3534
3535
3536
3537
3538
3539
3540
790
3542
3841
3544
3545
3546
3547
3548
3549
3550
3551
3552
3553
3554
3555
3556
3557
113
3559
3560
3561
3562
3563
3564
3566
3727
3567
3568
3569
3123
3571
843
381
1853
3575
3576
3570
3578
3579
3957
3956
3844
1840
3584
3585
3586
3587
3588
3589
3590
3591
3592
3593
3594
3595
3596
3597
3598
3599
3600
3601
3602
3603
3604
3605
3606
3607
3608
3609
3610
3611
3612
3613
2895
3615
872
3617
3618
3619
1115
3621
3622
2762
800
3623
3626
3629
3628
3645
3630
3631
3804
500
2812
3635
3636
3637
3638
1118
3640
3641
3642
3643
3644
3645
3646
3647
3648
3649
3650
3651
3652
3572
3573
822
1107
4380
3658
3583
3660
3661
3661
3663
3664
3665
3666
3667
3669
3963
753
3673
3672
3673
1125
3675
3676
3677
3678
3709
3680
3681
3682
3681
3684
2736
787
3688
3836
3689
1128
3694
3691
817
3961
3695
3696
3697
3698
3699
2676
3700
3702
3703
3704
3705
3706
3706
868
3683
1127
3707
1131
3713
3714
3715
3716
3717
3718
3719
3720
3721
3722
3723
3724
3725
3726
3727
3728
3729
3730
3731
3732
3733
3734
3735
3736
3737
3738
3701
755
1130
3705
3744
4390
2890
3745
3746
2683
756
3750
3751
3752
3753
3754
2977
2997
3037
3758
3759
3760
3761
3762
3763
3764
3765
3766
2784
3767
807
3770
3771
3772
3773
888
3775
3776
3777
3778
3779
3782
3574
3795
4378
1846
379
1849
3090
959
3969
1137
3791
3792
3793
1104
3803
1166
3993
933
3185
3800
3801
966
3068
2846
3805
3806
3807
3808
3809
3810
3811
3812
3813
3814
803
3816
3817
3818
3819
3820
3821
3822
3823
3824
3825
3826
3827
3828
3832
1143
1144
3832
3833
3834
3835
3692
1124
1129
3839
3839
3840
3952
3845
818
2792
3956
818
3850
3848
712
3851
3852
3853
3854
3855
3856
3857
3858
3859
3860
3861
3862
3863
3864
3866
3866
3867
3868
3869
3870
3871
3872
3873
3874
3875
3876
3877
3878
3879
3880
3881
3882
3883
3884
3885
3886
3887
3888
3889
3890
3891
3892
3893
3894
3895
3896
3897
3898
3899
3900
3901
3902
3903
3904
3905
3906
3907
3908
3909
3910
3911
3912
3913
3914
3915
3916
3917
3918
3919
3920
3921
3922
3923
3924
3925
3926
3927
3928
3929
3930
3931
3932
3933
3934
3935
3936
3937
3938
3939
3940
3941
3942
3943
3944
3945
3946
3947
3948
3949
3950
3951
2791
2793
2743
2793
2793
4376
4376
4377
846
3961
3962
3962
3142
3141
1849
3173
379
3170
3975
3975
3993
1168
2849
3995
3976
3977
3978
3979
3980
3981
3982
3983
3984
3985
3986
3987
3988
3989
951
951
982
3198
3198
2840
3996
3997
3998
3999
4000
4001
4002
4003
4004
4005
4006
4007
4008
4009
4010
4011
4012
4013
4014
4015
4016
4017
4018
4019
4020
4021
4022
4023
4024
4025
4026
4027
4028
4029
4030
4031
4032
4033
4034
4035
4036
4037
4038
4039
4040
4041
4042
4043
4044
4045
4046
4047
4048
4049
4050
4051
4052
4053
4054
4055
4056
4057
4058
4059
4060
4061
4062
4063
4064
4065
4066
4067
4068
4069
4070
4071
4072
4073
4074
4075
4076
4077
4078
4079
4080
4081
4082
4083
4084
4085
4086
4087
4088
4089
4090
4091
4092
4093
4094
4095
4096
4097
4098
4099
4100
4101
4102
4103
4104
4105
4106
4107
4108
4109
4110
4111
4112
4113
4114
4115
4116
4117
4118
4119
4120
4121
4122
4123
4124
4125
4126
4127
4128
120
4130
4131
4132
4133
4134
4135
4136
4137
4138
4139
4140
4141
4142
4143
4144
4145
4146
4147
4148
4149
4150
4151
4152
4153
4154
4155
4156
4157
4158
4159
4160
4161
4162
4163
4164
4165
4166
4167
4168
4169
4170
4171
4172
4173
4174
4175
4176
4177
4178
4179
4180
4181
4182
4183
4184
4185
4186
4187
4188
4189
4190
4191
4192
4193
4194
4195
4196
4197
4198
4199
4200
4201
4202
4203
4204
4205
4206
4207
4208
4209
4210
4211
4212
4213
4214
4215
4216
4217
4218
4219
4220
4221
4222
4223
4224
4225
4226
4227
4228
4229
4230
4231
4232
4233
4234
4235
4236
4237
4238
4239
4240
4241
4242
4243
4244
4245
4246
4247
4248
4249
4250
4251
4252
4253
4254
4255
4256
4257
4258
4259
4260
4261
4262
4263
4264
4265
4266
3466
4268
4269
4270
4271
4272
4273
4274
4275
4276
4277
4278
4279
4280
4281
4282
4283
4284
4285
4286
4287
4288
4289
4290
4291
4292
4293
4294
4295
4296
4297
4298
4299
4300
4301
4302
4303
4304
4305
4306
4307
4308
4309
4310
4311
4312
4313
4314
4315
4316
4317
4318
4319
4320
4321
4322
4323
4324
4325
4326
4327
4328
4329
4330
4331
4332
4333
4334
4335
4336
4337
4338
4339
4340
4341
4342
4343
4344
4345
4346
4347
4348
4349
4350
4351
4352
4353
4354
4355
4356
4357
4358
4359
4360
4361
4362
4363
4364
4365
4366
4367
4368
4369
3060
3063
4403
3117
963
963
819
819
2850
944
3843
2833
3653
2798
4384
4385
4386
4387
4388
4389
2972
4391
4392
4393
1957
2775
4396
4397
4398
4399
4400
4401
4378
3171
4378
3099
4406
4407
4408
4409
4410
4411
4412
4413
4414
4415
4416
4417
4418
4419
4420
4421
4422
4423
4424
4425
4426
4427
4428
4429
4430
4431
4432
4433
4434
4435
4436
4437
4438
4439
4440
4441
4442
4443
4444
4445
4446
4447
4448
4449
4450
4451
4452
4453
4454
4455
4456
4457
4458
4459
4460
4461
4462
4463
4464
4465
4466
4467
4468
4469
4470
4471
4472
4473
4474
4475
4476
4477
4478
4479
4480
1321
4485
4484
4495
4543
4483
1319
4486
1320
4491
3686
4490
4491
4495
4541
4494
1325
4500
4499
4544
4501
4502
4503
4504
4505
4507
4520
1332
4506
1331
4512
5426
1334
4511
1335
4516
4517
4518
4519
4520
4521
4522
4523
4524
4525
4526
4527
4528
4529
4530
4531
4532
4533
4534
4535
4536
4537
4538
4539
4540
2737
788
2737
4544
4546
5432
1351
4545
1350
4550
4551
4552
4553
4554
4555
4556
4557
4558
4559
4560
4561
4562
2537
4564
4564
4566
6123
5714
6123
6124
4573
1364
6141
4574
4575
4576
4575
4578
4579
4582
1369
5161
4583
4584
4585
4584
4587
4588
4589
4590
4591
4592
4595
1376
5501
4595
4593
5543
4643
550
4642
4602
4602
4604
4605
4606
4607
4608
1385
4609
4611
4622
1386
4618
1381
4614
1387
1387
4616
4620
4621
4622
4623
4624
4625
4626
4627
4628
4629
5188
1392
4632
4634
5416
4635
1395
4638
5500
1395
1396
4886
1498
2249
623
4623
4646
4645
1394
4637
4651
5499
4654
4653
5507
4655
4656
4657
4658
4659
4660
4661
4662
4663
4664
4665
4666
4667
4668
4669
4670
4671
4672
4673
4674
4675
4678
1412
5202
1413
4676
4681
4682
4683
4684
4685
4690
1418
4686
1421
5388
4695
524
4691
4694
5484
4696
4697
4698
4670
4699
1427
4702
4703
4704
4705
4706
4707
4708
4709
4710
4711
4712
4713
4714
4715
4716
4717
4720
4719
2361
1430
2363
4724
4746
4723
4726
4746
4748
4747
4730
4731
4732
4733
4734
4735
4736
4737
1437
4739
4743
4741
4742
4743
1462
4745
6020
1463
6020
1442
5352
4751
4752
279
2556
282
281
4759
4757
5226
1426
4761
4762
4763
4764
4769
682
4765
533
5471
4772
4770
5506
1482
4776
4776
4839
540
4777
4767
1453
4781
1454
4784
4839
1456
4783
1455
1456
4775
4775
4791
4792
4793
537
1480
4778
4834
4799
5205
4798
4803
4802
5515
4781
4805
1465
4786
1469
4785
4786
4811
213
320
275
277
4816
4817
4788
4819
4820
4821
4822
4823
4824
4825
4826
4827
4828
4829
4826
4831
4832
2215
4833
542
4836
4837
4838
4840
4841
4830
1479
1687
4888
556
1687
6124
6124
4850
4850
4849
4852
1489
4855
4874
4856
4856
1488
4895
1503
4854
1485
4852
4857
4864
1487
4863
1491
4891
6149
1502
4894
1502
1502
4895
4895
2247
2247
2247
6124
4934
4934
1499
4934
4932
1513
4932
4958
4933
6121
4958
4899
4897
1501
6119
1504
4909
4900
4909
4911
6124
6124
4960
6123
4920
4920
4907
4921
4911
4911
4939
4912
4913
4912
1486
1486
4916
4897
4898
4918
4918
4918
4893
4893
4892
4919
4919
1500
4890
4895
4956
1393
4936
1512
1508
1508
4939
4937
4913
4895
4925
4894
6124
6124
6124
6124
6124
556
1510
4922
1519
4923
1502
4894
4914
4640
4933
4935
1393
4648
1511
5749
1515
4924
1510
4922
4953
1510
1517
4961
4972
4967
4596
4650
6206
4976
4977
4976
4967
4979
1521
4978
1529
4982
2572
2571
4988
4988
4989
4990
4991
4992
4993
4994
4995
4996
4997
4998
4999
5000
5001
5002
5003
5004
5005
5006
5007
5008
5009
5010
5011
5012
5013
5014
5015
5016
5017
5018
5019
5020
5021
5022
5023
5024
5025
5026
5027
5028
5029
5030
5031
5032
5033
5034
5035
5036
5037
5038
5039
5040
5041
5042
5043
5044
5045
5046
5047
5048
5049
5050
5051
5052
5053
5054
5055
5056
5057
5058
5059
5060
5061
5062
5063
5064
5065
5066
5067
5068
5069
5070
5071
5072
5073
5074
5075
5076
5077
5078
5079
5080
5081
5082
5083
5084
5085
5086
5087
5088
5089
5090
5091
5092
5093
5094
5095
5096
5097
5098
5099
5100
5101
5102
5103
5104
5105
5106
5107
5108
5109
5110
5111
5112
5113
5114
5115
5116
5117
5118
5119
5120
5121
5122
5123
5124
5125
5126
5127
5128
5129
5130
5131
5132
5133
5134
5135
5136
5137
5138
5139
5140
5141
5142
5143
5144
5145
5146
5147
5148
5149
5150
5151
5152
5153
5154
5155
5156
5157
5158
5159
5160
4603
5162
5163
5164
5165
5166
5167
5168
5169
5170
5171
5172
5173
5174
5175
5176
5177
5178
4926
4920
5180
4919
4919
4919
5185
5186
4919
4851
5181
5189
5191
5192
5193
5194
5195
5196
5197
5198
5199
5199
5201
5200
1586
526
5208
1588
5207
5208
4730
298
4726
4800
5213
5214
5215
5216
5217
5218
5219
5220
5221
5222
5223
5224
5225
5227
5227
5228
5229
5230
5231
5232
5233
5234
5235
5236
5240
5238
1593
5240
4723
203
5243
4700
5245
5246
5247
5248
5249
5250
5251
5252
5253
5254
5255
5256
5257
5258
5259
5260
5261
5262
5263
5264
5265
5266
5270
5268
5269
2189
525
5272
5273
5274
5275
5276
5277
5278
5279
5280
5281
5282
5283
5284
5285
5286
5287
5288
5289
5290
5291
5292
5293
5294
5295
5296
5297
5298
5299
5300
5301
5302
5597
5304
1352
5306
5307
5308
5309
5310
5311
5312
5313
5314
5315
5316
5317
5318
5319
286
5321
5322
5323
5324
5325
5326
5327
5328
5486
5330
5331
4917
1397
2254
559
5336
5337
5339
5332
5340
1362
552
5600
1685
5345
5346
5347
5348
5349
5350
5351
5352
5353
5354
5355
5356
5357
5358
5359
5360
5361
5362
5363
5364
5365
5366
5367
5368
5369
5370
5371
5372
5373
5374
4693
1422
5375
5377
1633
5380
5381
5382
5383
4565
5385
5386
1361
5389
5406
1333
5391
5392
5393
5394
5395
5396
5397
5398
5399
5400
5401
5402
5403
5404
5405
5403
5407
5408
5409
5410
5411
5412
5413
5333
1380
5335
1626
5418
5420
5343
5421
5422
5423
5450
5425
5428
1643
5428
5431
5497
5719
5434
1644
5434
5435
4514
1336
5436
5440
5469
5439
5438
5442
1646
5445
787
5450
1648
5448
5592
5452
5717
1375
5451
5457
5455
5459
5458
4509
1318
4482
5460
5461
1650
5463
5456
1420
5466
5443
1647
5468
1651
5473
5474
5475
5476
5477
5478
5479
5480
5481
5482
5483
5484
5485
5486
5487
5488
5489
5490
5491
5492
5493
5494
5495
5496
4496
5462
5462
1324
5499
5503
6136
4688
5504
5505
4492
5508
5509
5510
5511
5512
1457
4796
4834
5516
5517
5518
5519
5520
5521
5522
5523
4586
1366
5524
5527
5528
5529
5530
5514
5532
5533
5534
5535
5539
5537
1622
5552
2247
556
5727
2430
1498
5722
1658
4843
5548
5549
5550
1625
5560
1687
5728
1483
4970
5557
5558
1509
4865
5561
5562
5563
5564
5565
5566
5567
5568
5569
5570
5571
5526
5573
5574
5575
5576
5577
5578
5579
5580
5581
5582
5583
5584
5586
5586
5587
1664
5589
5590
5591
5454
1649
1645
5595
5595
5596
5709
4597
1378
5599
5714
6122
5606
5605
1285
5604
5608
5609
5610
5611
5612
5613
5614
5615
5616
5617
5618
5619
5620
5623
5622
5623
5624
5625
5626
5627
5628
5629
5630
5631
5632
5633
5634
5635
5636
5637
5638
5639
5640
5641
5642
5643
5644
5645
5646
5647
5648
5649
5650
5651
5652
5653
5654
5655
5656
5657
5658
5659
5660
5661
5662
5663
5664
5665
5666
5667
5668
5669
5670
5671
5672
5673
5674
5675
5676
5677
5678
5679
5680
5681
5682
5683
5684
5685
5686
5687
5688
5689
5690
5691
5692
5693
5694
5695
5696
5697
5698
5699
5700
5701
5702
5703
5704
5705
5706
5707
5708
4597
4596
4548
4596
6122
4650
6123
1400
5465
5718
5718
4931
4958
1687
4888
1687
556
1687
5730
5749
1689
5750
4651
5732
5733
5734
5735
5736
5737
5738
5739
5740
5741
5742
5743
5744
5745
4895
1503
1522
1522
4984
1532
5752
5753
5754
5755
5756
5757
5758
5759
5760
5761
5762
5763
5764
5765
5766
5767
5768
5769
5770
5771
5772
5773
5774
5775
5776
5777
5778
5779
5780
5781
5782
5783
5784
5785
5786
5787
5788
5789
5790
5791
5792
5793
5794
5795
5796
5797
5798
5799
5800
5801
5802
5803
5804
5805
5806
5807
5808
5809
5810
5811
5812
5813
5814
5815
5816
5817
5818
5819
5820
5821
5822
5823
5824
5825
5826
5827
5828
5829
5830
5831
5832
5833
5834
5835
5836
5837
5838
5839
5840
5841
5842
5843
5844
5845
5846
5847
5848
5849
5850
5851
5852
5853
5854
5855
5856
5857
5858
5859
5860
5861
5862
5863
5864
5865
5866
5867
5868
5869
5870
5871
5872
5873
5874
5875
5876
5877
5878
5879
293
5881
5882
5883
5884
5885
5886
5887
5888
5889
5890
5891
5892
5893
5894
5895
5896
5897
5898
5899
5900
5901
5902
5903
5904
5905
5906
5907
5908
5909
5910
5911
5912
5913
5914
5915
5916
5917
5918
5919
5920
5921
5922
5923
5924
5925
5926
5927
5928
5929
5930
5931
5932
5933
5934
5935
5936
5937
5938
5939
5940
5941
5942
5943
5944
5945
5946
5947
5948
5949
5950
5951
5952
5953
5954
5955
5956
5957
5958
5959
5960
5961
5962
5963
5964
5965
5966
5967
5968
5969
5970
5971
5972
5973
5974
5975
5976
5977
5978
5979
5980
5981
5982
5983
5984
5985
5986
5987
5988
5989
5990
5991
5992
5993
5994
5995
5996
5997
5998
5999
6000
6001
6002
6003
6004
6005
6006
6007
6008
6009
6010
6011
6012
6013
6014
6015
6016
6017
6018
6019
5231
6021
6022
6023
6024
6025
6026
6027
6028
6029
6030
6031
6032
6033
6034
6035
6036
6037
6038
6039
6040
6041
6042
6043
6044
6045
6046
6047
6048
6049
6050
6051
6052
6053
6054
6055
6056
6057
6058
6059
6060
6061
6062
6063
6064
6065
6066
6067
6068
6069
6070
6071
6072
6073
6074
6075
6076
6077
6078
6079
6080
6081
6082
6083
6084
6085
6086
6087
6088
6089
6090
6091
6092
6093
6094
6095
6096
6097
6098
6099
6100
6101
6102
6103
6104
6105
6106
6107
6108
6109
6110
6111
6112
6113
6114
6115
4854
4858
608
4910
1507
1507
1377
4648
4649
1492
5601
4634
5414
4601
6130
6131
6132
6133
6134
6135
4771
6137
5352
6139
6140
4577
6142
6143
6144
6145
6146
6147
2247
1499
6124
1502
6152
6153
6154
6155
6156
6157
6158
6159
4377
6124
6162
6163
6164
6165
6166
6167
6168
6169
6170
6171
6172
6173
6174
6175
6176
6177
6178
6179
6180
6181
4597
6183
2176
2576
6186
6187
6188
6189
6190
6191
1530
6193
6194
6195
6196
6204
6198
6199
6200
6201
6202
6203
1064
6205
1377
6207
819
6210
6210
6240
986
6213
6214
6215
6235
6217
6218
6219
6220
6221
6222
6223
6224
6225
6226
6227
6228
6229
6230
6231
6232
6233
6234
3113
3165
6237
6238
6239
6240
6241
6242
6243
6244
6245
6246
6247
6248
6249
6250
6251
6252
6253
6254
4951
6256
6257
6258
6259
6260
6261
6262
6263
6264
6265
6266
6267
6268
6269
6291
6271
6272
6289
6290
6275
6276
6277
6278
6279
6280
6281
6282
6283
6284
6285
6286
6287
6288
6289
6271
6291
