65
47
162
145
4
105
899
3021
896
116
120
61
74
48
159
158
56
57
17
70
354
352
1822
92
96
1972
2983
105
1958
421
924
3498
3479
124
128
149
137
138
170
153
155
167
43
915
46
44
161
0
154
166
41
152
154
40
134
54
40
9
118
58
55
59
10
64
60
18
63
68
75
157
15
72
157
82
19
81
49
14
165
80
165
16
16
81
1799
1800
1799
354
91
1979
2
1
95
92
95
147
3
2154
1972
146
1972
25
102
28
105
2149
892
28
1958
421
898
899
4394
1957
2913
2913
2916
3496
895
114
31
4129
121
122
32
123
11
3447
76
76
13
19
129
114
115
132
135
139
132
51
143
141
141
2983
144
136
36
37
103
111
5
27
42
2980
43
113
113
151
35
170
144
12
45
110
163
164
170
170
170
27
2981
236
215
333
316
2221
277
2371
2369
1601
287
291
232
246
219
329
330
225
228
254
243
256
5210
261
263
267
196
325
277
2377
2377
2373
5254
4720
5243
299
322
308
307
278
325
285
214
214
4782
332
171
332
215
324
324
220
223
329
304
211
304
179
180
226
231
202
230
188
233
181
189
245
237
234
241
328
241
186
253
253
190
185
185
250
336
250
187
252
252
258
172
255
5209
260
218
173
260
173
317
264
261
174
2225
2222
265
2222
2221
2222
2557
199
1619
527
277
1619
1619
1619
2377
2370
2370
2373
2370
5253
4711
290
5254
1431
4718
4721
4717
4725
1597
5211
1587
247
184
248
190
301
201
4714
303
303
205
306
221
210
1472
312
325
1472
309
208
207
177
275
319
281
213
214
4779
5320
286
320
341
206
311
183
208
286
327
335
341
341
341
198
4782
342
343
344
1788
2704
347
348
349
350
1958
352
353
354
355
3710
357
358
1804
360
361
899
3042
364
3029
3019
367
1972
4378
4378
2016
1846
3090
4378
1848
4378
3960
4378
3172
4377
3073
4370
1846
1846
105
2983
387
388
389
390
391
392
393
394
395
396
397
398
399
400
401
402
403
404
405
406
407
408
409
410
411
412
413
414
415
416
417
418
419
420
1959
3494
423
424
3900
918
907
1987
3091
3092
1993
3889
433
434
435
436
437
438
439
379
4378
379
4378
3143
3142
446
447
448
449
450
451
452
453
454
455
456
457
458
459
460
461
462
463
464
465
466
467
468
469
470
471
472
473
474
475
476
477
478
479
480
481
482
483
484
485
486
487
488
489
490
491
492
493
494
495
496
497
2760
2133
2763
2910
2908
1131
2140
851
2145
2582
506
3810
1117
3719
2821
845
514
515
4376
3960
518
519
520
521
5489
4515
524
2189
5199
2377
1619
5210
256
2196
4732
5470
534
2199
536
537
4834
1619
4839
1479
2214
4807
2388
196
6124
6124
622
2247
4886
1685
2246
1685
1685
6124
4649
6123
4861
4870
2248
2247
277
563
564
565
566
567
568
569
570
571
572
573
574
575
576
577
578
579
580
581
582
583
584
585
586
587
588
589
590
591
592
593
594
595
596
597
598
599
600
601
1451
603
5656
605
5528
4888
6149
2405
610
611
612
613
614
615
616
617
556
2248
6124
5714
4932
4934
624
625
626
627
628
629
630
631
632
633
634
635
636
637
638
639
640
641
642
643
644
645
646
647
648
649
650
651
652
653
654
655
5073
657
658
659
660
661
662
663
664
665
666
667
668
669
670
671
672
673
674
675
4563
6127
6147
4564
4706
5322
1651
1401
2545
5519
2579
685
5566
2564
4646
4612
692
693
1378
1685
5568
509
2588
5503
700
701
2596
3874
704
705
706
707
708
709
710
711
712
713
714
715
716
2623
2621
3856
3870
721
722
723
724
725
726
727
728
796
2662
731
2638
733
734
735
736
737
738
739
740
741
742
743
744
4472
2666
3728
2670
749
750
751
752
753
754
755
756
757
758
759
2694
3625
869
2696
773
764
2701
772
1123
2705
770
771
3658
3651
774
775
776
777
778
779
780
781
782
2727
784
2732
3662
787
788
789
790
791
792
3830
2748
795
4556
797
2757
799
800
2762
4376
3815
3768
4395
2782
2784
3375
3374
809
808
812
1047
2787
816
1132
2795
2791
2849
3704
383
1854
2804
2802
2781
2779
827
3634
828
2812
2586
2823
938
936
834
3423
3781
3654
2837
840
841
3741
950
1845
845
2848
3121
848
2858
850
2875
852
853
854
855
856
3472
858
859
860
861
862
863
2885
2886
866
867
868
2890
3586
2894
872
2901
874
875
505
849
878
880
2919
881
883
2926
884
885
886
887
888
889
890
3590
421
891
61
895
2913
3021
421
1958
900
1961
902
3712
356
2971
2985
907
908
909
910
2949
912
913
27
27
152
152
2986
2984
2987
1822
96
92
924
925
926
927
928
3746
2978
3039
2974
3092
1846
3058
935
938
3419
3060
3075
3077
430
3066
3061
3099
3095
4378
3091
3094
3170
4374
4375
3102
3096
953
956
957
3104
1846
967
955
3115
963
3148
962
3067
3126
3099
967
3095
3146
3147
3095
3095
3133
3140
4377
955
967
955
945
3096
375
2764
3066
942
2791
819
3194
3168
3116
2792
993
994
995
996
997
998
999
1000
1001
1002
1003
1004
1005
1006
1007
1008
1009
1010
1011
1012
1013
1014
1015
1016
1017
1018
1019
1020
1021
1022
1023
1024
1025
1026
1027
1028
1029
1030
1031
1032
1033
1034
1035
1036
1037
1038
1039
1040
1041
1042
1043
1044
3390
3391
3393
3395
3379
3382
1051
1052
1053
1054
1055
3402
3403
3754
3405
967
3414
967
3421
3426
1065
3433
1067
124
3444
1070
1071
1072
1073
3475
1075
1950
1077
3479
873
1080
422
422
3498
876
1085
1086
1087
1088
1089
1090
1091
1092
1093
3986
1095
1096
1097
1098
1099
1100
3123
1851
3648
3070
1105
3845
3582
1108
1109
1110
1111
1112
3615
3620
3876
3632
511
3639
1119
3663
1128
3837
785
3673
1125
1126
1127
3838
3693
1130
3708
3718
3737
3735
1135
1136
950
3787
1139
1140
1141
1142
1143
1144
1145
1146
2792
3851
3853
1150
1151
3888
1153
1154
1155
1156
1157
1158
1159
1160
1161
1162
1163
4376
3091
3143
1167
2848
1169
1170
1171
1172
1173
1174
1175
1176
1177
1178
1179
1180
1181
1182
1183
1184
1185
1186
1187
1188
1189
1190
1191
1192
1193
1194
1195
1196
1197
1198
1199
1200
1201
1202
1203
1204
1205
1206
1207
1208
1209
1210
1211
1212
1213
1214
1215
1216
1217
1218
1219
1220
1221
1222
1223
1224
1225
1226
1227
1228
1229
1230
1231
1232
1233
1234
1235
1236
1237
1238
1239
1240
1241
1242
1243
1244
1245
1246
1247
1248
1249
1250
1251
1252
1253
1254
1255
1256
1257
1258
1259
1260
1261
1262
1263
1264
1265
1266
1267
1268
1269
1270
1271
1272
1273
4410
1275
5630
1277
1278
1279
1280
1281
1282
1283
1284
1285
1286
1287
1288
4431
5625
5612
4433
1293
1294
1295
1296
1297
1298
1299
1300
4446
1302
1303
4448
1305
1306
1307
1308
1309
1310
1311
1312
1313
1314
5487
4475
4479
1318
1319
1320
1321
1322
1323
1324
1325
1326
4505
4503
1419
5386
1340
1339
4508
1331
1643
1336
1337
1338
5419
1640
1341
1342
1343
1344
1345
1346
1347
4540
5425
1350
1351
1352
1353
1354
4553
1356
1357
1358
4561
4565
1361
1378
5572
5526
1365
1366
1367
5153
1368
1370
1580
1652
1372
4592
5452
5465
4595
4593
552
4642
4582
4602
1383
1360
5394
5394
4614
2540
1390
1486
1380
5538
4637
5499
1395
1396
1498
2246
1399
4648
4674
1402
4657
1404
1405
1406
1407
1408
5224
5236
4680
5202
5226
4757
1415
1416
4683
4686
4688
1420
1421
4693
4694
5347
684
4670
4668
2547
1403
1452
5238
2364
2364
4746
4724
4731
4800
4735
1438
2393
2391
5351
1442
4725
5259
5257
2377
2377
1619
4700
4764
1598
5472
533
4770
1455
4788
1468
1459
1460
1656
4799
4748
1464
220
198
275
1469
6136
4808
323
325
261
267
263
2373
1477
1478
5505
4778
1481
4772
4891
2247
4856
1485
4855
4871
4874
4860
4857
4858
4892
4919
1685
4889
4888
4957
6121
6119
4897
4918
4896
4900
6124
4919
4909
4911
4863
4919
4892
4936
4938
4894
4894
4928
1511
6123
4919
1502
5184
4892
4944
4985
1516
4972
4593
4593
4911
962
4981
4936
6182
1534
1535
1536
1537
1538
1539
1540
1541
1542
1543
1544
1545
1546
1547
1548
1549
1550
1551
1552
1553
1554
1555
1556
1557
1558
1559
1560
1561
1562
1563
1564
1565
1566
1567
1568
1569
1570
1571
1572
1573
1574
1575
1576
1577
1578
5165
5168
1581
5171
5176
1584
5223
5228
5243
5231
5208
1590
1591
4716
5247
1594
4763
5240
4720
4702
1599
1451
1451
5254
4704
5267
1605
1606
1607
1608
1609
1610
1611
1612
1613
1614
5304
1616
1617
1618
2374
5328
4917
2251
5407
1624
4868
1627
5599
1628
1629
1630
1631
1632
5377
5383
5632
5385
4626
689
5418
5424
1648
5594
1348
1644
1645
1646
1647
5592
5451
1650
5467
5478
5496
5492
1655
2386
5552
4886
548
1660
1661
1662
1663
1664
1665
1666
1667
5709
1669
5610
1671
1672
5646
1674
1675
1676
1677
1678
1679
1680
1681
1682
1683
1684
4596
4888
4934
1688
4648
1690
1691
1692
1693
1694
1695
1696
1697
1698
1699
1700
1701
1702
1703
1704
1705
1706
1707
1708
1709
1710
1711
1712
1713
1714
1715
1716
1717
1718
1719
1720
1721
1722
1723
1724
1725
1726
1727
1728
1729
1730
1731
1732
1733
1734
1735
1736
1737
1738
1739
1740
1741
1742
1743
1744
1745
1746
1747
1748
1749
1750
1751
1752
1753
1754
1755
1756
1757
1758
1759
1760
1761
1762
1763
1764
1765
1766
1767
1768
1769
1770
1771
1772
1773
1774
1775
1776
1777
1778
1779
1780
1781
1782
1783
1784
1787
1785
3729
1788
1786
345
1789
1792
1793
1794
1795
1796
1797
1798
1799
1800
1801
1803
1803
358
1802
1806
1807
1808
1809
1810
28
28
27
28
1958
1819
1816
365
3043
1820
2156
92
1823
1974
4378
4378
4378
4378
1845
1846
1846
2016
2016
4378
4378
4378
1847
1846
3960
440
4377
4378
1164
4377
3173
3173
3173
379
3142
3064
4371
3062
3073
950
1846
1846
1846
1845
1859
1860
1861
1862
1863
1864
1865
1866
1867
1868
1869
1870
1871
1872
1873
1874
1875
1876
1877
1878
1879
1880
1881
1882
1883
1884
1885
1886
1887
1888
1889
1890
1891
1892
1893
1894
1895
1896
1897
1898
1899
1900
1901
1902
1903
1904
1905
1906
1907
1908
1909
1910
1911
1912
1913
1914
1915
1916
1917
1918
1919
1920
1921
1922
1923
1924
1925
1926
1927
1928
1929
1930
1931
1932
1933
1934
1935
1936
1937
1938
1939
1940
1941
1942
1943
1944
1945
1947
2918
1948
1946
880
1951
1952
1953
3556
1962
3494
3556
421
1960
3561
3501
1961
502
1967
1965
1964
1967
144
140
153
141
4
1973
2990
1975
3755
1977
1978
1979
1980
1981
1982
1983
1984
1805
1805
1985
3090
2018
3090
3092
1994
432
1994
1992
1996
1997
1998
1999
2000
2001
2002
2003
2004
2005
2006
2007
2008
2009
4378
4378
4378
379
4378
4378
1849
1849
3141
2019
2020
2021
2022
2023
2024
2025
2026
2027
2028
2029
2030
2031
2032
2033
2034
2035
2036
2037
2038
2039
2040
2041
2042
2043
2044
2045
2046
2047
2048
2049
2050
2051
2052
2053
2054
2055
2056
2057
2058
2059
2060
2061
2062
2063
2064
2065
2066
2067
2068
2069
2070
2071
2072
2073
2074
2075
2076
2077
2078
2079
2080
2081
2082
2083
2084
2085
2086
2087
2088
2089
2090
2091
2092
2093
2094
2095
2096
2097
2098
2099
2100
2101
2102
2103
2104
2105
2106
2107
2108
2109
2110
2111
2112
2113
2114
2115
2116
2117
2118
2119
2120
2121
2122
2123
2124
2125
2126
2127
2128
2129
2128
2128
498
2131
2763
498
2139
2136
851
4391
857
506
2146
506
2147
3811
3811
3813
3812
1958
1958
421
421
920
3009
2154
919
2847
513
2845
3716
2161
2162
2163
2164
2165
2166
2167
2168
988
818
2792
2793
3959
4404
376
3958
2177
2178
2179
2180
2183
2182
5488
2184
2184
2186
2187
2192
526
2190
2191
5199
2197
255
2193
532
4732
2201
534
536
2201
2202
2203
2204
2205
2206
199
199
198
199
1619
2213
4842
541
2213
2220
261
4810
544
2387
313
2225
1472
325
311
6124
6124
6124
6124
2246
6124
6124
623
2246
6124
6124
6124
1685
5716
1685
5716
5714
5714
5714
1685
4960
1400
4959
4960
556
4870
1490
5721
4870
4861
6124
2247
6124
6124
2260
2261
2262
2263
2264
2265
2266
2267
2268
2269
2270
2271
2272
2273
2274
2275
2276
2277
2278
2279
2280
2281
2282
2283
2284
2285
2286
2287
2288
2289
2290
2291
2292
2293
2294
2295
2296
2297
2298
2299
2300
2301
2302
2303
2304
2305
2306
2307
2308
2309
2310
2311
2312
2313
2314
2315
2316
2317
2318
2319
2320
2321
2322
2323
2324
2325
2329
2327
2328
2329
2330
2331
2332
2333
2334
2335
2336
2337
2338
2339
2340
2341
2342
2343
2344
2345
2346
2347
2348
2349
2350
2351
2352
2353
2354
2355
2356
2357
2358
2359
2360
5238
1595
5240
1452
4763
2366
2367
2368
2378
2375
2374
2378
1451
5265
5264
1428
2376
1603
2380
2380
2379
2382
544
4807
2383
2388
2195
531
260
2392
1439
4742
5514
2390
2199
2395
2397
4886
4891
1498
623
2402
2402
2404
611
2406
2407
2408
2409
2410
2411
2412
2413
2414
2415
2416
2417
2418
2419
6124
556
6124
6124
6124
1685
6123
6124
6124
4931
4931
556
2432
2433
2434
2435
2436
2437
2438
2439
2440
2441
2442
2443
2444
2445
2446
2447
2448
2449
2450
2451
2452
2453
2454
2455
2456
2457
2458
2459
2460
2461
2462
2463
2464
2465
2466
2467
2468
2469
2470
2471
2472
2473
2474
2475
2476
2477
2478
2479
2480
2481
2482
2483
2484
2485
2486
2487
2488
2489
2490
2491
2492
2493
2494
2495
2496
2497
2498
2499
2500
2500
2502
2503
2504
2505
2506
2507
2508
2509
2510
2511
2512
2513
2514
2501
2516
2517
2518
2519
2520
2521
2522
2523
2524
2525
2526
2527
2528
2529
2530
2531
2532
2533
2534
2535
2535
2535
2538
676
676
676
2536
6137
2546
1410
6137
4674
2552
2554
2552
2554
688
688
688
1619
1619
1619
2377
4810
265
699
4807
4623
4646
4613
2565
2567
2568
2569
2570
4597
4597
4597
1378
1362
5712
4567
2426
2580
5567
696
509
3763
509
2583
2583
2549
686
2548
2590
2591
2592
2593
2594
2597
703
3899
2598
2595
2600
2601
2602
2603
2604
2605
2606
2607
2608
2609
2610
2611
2612
2613
2614
2615
2616
2617
2618
2622
2619
719
3868
720
2624
2625
2626
2627
2628
2629
2630
2631
2632
2633
2635
3563
730
2634
729
2639
2640
2641
2642
2643
2644
2645
2646
2647
2648
2649
2650
2651
2652
2653
2654
2655
2656
2657
2658
2659
2660
2661
745
2663
2667
2664
747
3873
2669
4368
431
2668
2672
2673
2674
2675
2676
2677
2678
2679
2680
2681
2682
2683
2684
2685
2686
2687
2688
2689
2690
2691
2692
3722
761
2891
3031
2693
2712
2714
2702
3641
2713
768
768
2703
2707
3666
2708
2709
2710
2711
3698
3698
3651
772
2716
2717
2718
2719
2720
2721
2722
2723
2724
2725
2726
782
2728
2729
2730
2733
786
3727
2731
2735
2736
2737
2738
2739
2740
2741
2742
2743
2744
2745
2747
3829
793
2746
2750
2753
2751
4555
4556
2755
2756
2757
2758
2759
2760
497
800
2762
1164
4378
4377
3956
2769
3814
2769
3816
4395
2774
2784
2770
2144
3375
3372
809
2778
3375
2783
4401
499
812
3764
3377
2790
3766
3765
2794
2795
2794
820
3961
3161
2841
3089
442
3384
2800
2817
2777
810
2805
2806
2807
3633
3633
3633
2763
2763
2819
2818
697
2819
2819
3762
3763
2809
2846
2810
2134
500
2135
3053
3051
3124
3422
3054
2831
2832
3654
2834
2835
2836
840
2838
2839
842
3088
3088
1845
3089
2846
3634
845
842
3742
2849
2840
2852
2853
2854
3118
2859
2856
850
2873
2860
2861
2862
2863
2864
2865
2866
2867
2868
2869
2870
2871
2869
2873
2874
2875
2876
2877
2878
2879
2880
2881
2882
2883
2882
2882
2886
2887
2888
2889
2887
2887
2893
3725
870
2892
2896
2897
2898
2899
2872
504
2902
2900
2136
2137
2138
2911
3560
2907
871
3593
2912
1081
2914
895
2916
2920
2917
1073
2920
2918
880
881
2927
2924
894
10
2924
883
2925
2934
2932
2933
2934
2935
2936
2937
2938
2939
2940
2941
2942
2943
2944
2945
2946
2925
2947
2929
3591
3590
3591
4392
1958
1958
421
1958
2958
2959
2960
2961
3500
2962
2905
1079
3711
356
2970
3712
3711
2974
2971
2971
3747
2979
906
2975
363
3041
2970
27
43
2969
2986
905
905
2986
2985
906
907
2988
2992
2993
2994
2995
2996
2997
2998
2999
3000
3448
1983
889
890
43
152
43
918
918
2987
918
43
27
43
28
2149
426
25
919
1955
1955
4394
3023
3024
3025
3026
3027
3032
929
3032
869
3745
3030
3033
1817
3036
3037
3038
3039
3038
2973
932
3044
3747
2018
2018
1846
3091
4378
4378
3417
935
3055
3419
3417
3059
3056
940
3074
941
3063
941
3097
4403
3057
939
3065
3066
939
943
3065
950
950
3095
3075
3095
3095
3097
951
1846
4378
1846
1845
2018
2018
3091
2018
1849
445
3143
3171
952
4374
3171
3102
3102
4373
953
953
3101
3101
957
3100
3104
4378
4378
4377
4378
3127
3127
955
3127
967
3114
956
3114
3117
3120
3119
3149
965
3065
3067
3052
3103
958
3125
3125
3099
3127
3126
3099
3096
3099
3127
955
967
951
951
3093
971
3169
3144
3145
963
3148
963
963
3116
962
951
3095
3097
4378
4378
4378
4378
4378
4378
4378
379
3098
3098
3095
3095
3095
3095
964
3168
972
3147
839
2851
3097
3098
3133
4403
3098
3129
3076
3098
3079
946
3062
429
2793
2791
2850
3103
953
3116
958
3076
945
3193
3102
3148
4375
2172
2169
3201
3202
3203
3204
3205
3206
3207
3208
3209
3210
3211
3212
3213
3214
3215
3216
3217
3218
3219
3220
3221
3222
3223
3224
3225
3226
3227
3228
3229
3230
3231
3232
3233
3234
3235
3236
3237
3238
3239
3240
3241
3242
3243
3244
3245
3246
3247
3248
3249
3250
3251
3252
3253
3254
3255
3256
3257
3258
3259
3260
3261
3262
3263
3264
3265
3266
3267
3268
3269
3270
3271
3272
3273
3274
3275
3276
3277
3278
3279
3280
3281
3282
3283
3284
3285
3286
3287
3288
3289
3290
3291
3292
3293
3294
3295
3296
3297
3298
3299
3300
3301
3302
3303
3304
3305
3306
3307
3308
3309
3310
3311
3312
3313
3314
3315
3316
3317
3318
3319
3320
3321
3322
3323
3324
3325
3326
3327
3328
3329
3330
3331
3332
3333
3334
3335
3336
3337
3338
3339
3340
3341
3342
3343
3344
3345
3346
3347
3348
3349
3350
3351
3352
3353
3354
3355
3356
3357
3358
3359
3360
3361
3362
3363
3364
3365
3366
3367
3368
3369
3370
3371
3373
3389
1046
1045
3378
1047
3392
1048
3376
3380
1049
3381
2777
2779
2801
824
823
3383
814
1050
3394
797
3394
1051
3396
3397
3398
3399
3400
2885
865
864
3401
3406
864
1058
3403
3128
1062
3413
3127
3127
967
955
3127
3420
3420
3421
3420
3421
3055
938
3416
3424
1062
3427
3428
3429
3430
3431
3431
3433
3434
3435
3436
3437
3438
3439
3440
3441
3442
3443
911
3445
62
3447
3448
3449
3450
3451
3452
3453
3454
3455
3456
3457
3458
3459
3459
3461
3462
3463
3464
3465
4267
3467
3468
3469
3470
3471
3472
1949
3474
1076
3476
122
32
121
2903
3480
2901
3483
3484
3485
3486
3487
3488
3495
422
3493
2963
3492
901
3493
2916
2913
895
3496
2904
2906
3502
3503
3504
3505
3506
3507
3508
3509
3510
3511
1995
3513
3514
3515
3516
3517
3518
3519
3520
3521
3522
3523
3524
3525
3526
3527
3528
3529
3530
3531
3532
3533
3534
3535
3536
3537
3538
3539
3540
3541
794
3543
3544
3545
3546
3547
3548
3549
3550
3551
3552
3553
3554
3555
1961
4394
1957
2856
849
2857
3559
3564
5325
3568
3565
3567
3855
3122
3122
834
843
381
1850
3575
3647
966
3802
3800
3160
1164
3842
1855
3587
3584
771
3587
3588
3589
502
1963
2909
3585
3594
3595
3596
3597
3598
3599
3600
3601
3602
3603
3604
3605
3606
3607
3608
3609
3610
3611
3612
3613
2895
2910
3616
501
3617
3619
1115
3879
3622
3624
3624
866
3623
3627
3628
3645
3626
3630
3623
2762
801
2157
2160
2158
2810
830
2824
3643
1119
3656
3641
3644
2813
3646
2814
3652
3649
1120
3661
3572
3573
2798
3657
3843
1121
1107
3647
3664
1100
1122
3839
4384
3650
3734
3668
3669
3670
3671
3672
3673
3674
1791
3676
3677
3679
3709
3678
3681
3682
3683
28
3685
3686
3688
3836
3688
3838
3694
3691
817
3961
3695
3696
3697
3689
2700
3700
3701
3702
3703
3704
3705
3706
3707
868
3709
3710
3707
1131
3713
3714
3715
798
3808
2756
3716
3720
3721
2891
2899
3724
2711
3726
3566
718
3730
3736
1133
2734
3732
785
746
3733
1134
3738
3739
3740
3741
3705
140
140
2890
3745
3746
3748
3749
3751
3758
3752
3750
428
3755
3756
3037
3040
3759
3753
3760
3763
3809
3770
3770
3718
2825
832
3768
2756
2884
3772
3773
3774
3775
3776
3777
3778
3779
3780
3574
4379
1846
1845
1849
2016
950
959
948
2842
3791
805
3793
3803
382
444
3965
1988
3073
3801
2142
3071
3068
801
3805
3806
3807
3808
2788
2789
3819
3818
3636
3635
1118
832
3716
3719
3817
3820
3821
3822
3823
3824
3825
3826
3827
3828
3829
1143
3831
3832
3833
3834
3835
3692
1124
1129
3839
3840
3841
1129
1129
818
2792
3956
818
3850
3848
3850
712
3849
1148
3852
3854
1149
3857
3858
3859
3860
3861
3862
3863
3864
3866
3875
3865
3869
3905
1152
3871
3872
2620
717
2665
702
3867
3878
2599
3880
3881
3882
3883
3884
3885
3886
3887
1154
3889
3887
3891
3892
3893
3894
3895
3896
3897
3898
2671
748
3901
3902
3903
3904
3906
4369
3907
3908
3909
3910
3911
3912
3913
3914
3915
3916
3917
3918
3919
3920
3921
3922
3923
3924
3925
3926
3927
3928
3929
3930
3931
3932
3933
3934
3935
3936
3937
3938
3939
3940
3941
3942
3943
3944
3945
3946
3947
3948
3949
3950
3951
817
2793
3954
2793
2793
4376
4377
4378
846
3962
3962
3963
445
3094
2018
1846
445
3091
1849
379
3091
846
819
3172
3976
3977
3978
3979
3980
3981
3982
3983
2752
3984
783
3987
3988
3989
951
3097
951
3093
971
839
3996
3997
3998
3999
4000
4001
4002
4003
4004
4005
4006
4007
4008
4009
4010
4011
4012
4013
4014
4015
4016
4017
4018
4019
4020
4021
4022
4023
4024
4025
4026
4027
4028
4029
4030
4031
4032
4033
4034
4035
4036
4037
4038
4039
4040
4041
4042
4043
4044
4045
4046
4047
4048
4049
4050
4051
4052
4053
4054
4055
4056
4057
4058
4059
4060
4061
4062
4063
4064
4065
4066
4067
4068
4069
4070
4071
4072
4073
4074
4075
4076
4077
4078
4079
4080
4081
4082
4083
4084
4085
4086
4087
4088
4089
4090
4091
4092
4093
4094
4095
4096
4097
4098
4099
4100
4101
4102
4103
4104
4105
4106
4107
4108
4109
4110
4111
4112
4113
4114
4115
4116
4117
4118
4119
4120
4121
4122
4123
4124
4125
4126
4127
4128
31
4129
4131
4132
4133
4134
4135
4136
4137
4138
4139
4140
4141
4142
4143
4144
4145
4146
4147
4148
4149
4150
4151
4152
4153
4154
4155
4156
4157
4158
4159
4160
4161
4162
4163
4164
4165
4166
4167
4168
4169
4170
4171
4172
4173
4174
4175
4176
4177
4178
4179
4180
4181
4182
4183
4184
4185
4186
4187
4188
4189
4190
4191
4192
4193
4194
4195
4196
4197
4198
4199
4200
4201
4202
4203
4204
4205
4206
4207
4208
4209
4210
4211
4212
4213
4214
4215
4216
4217
4218
4219
4220
4221
4222
4223
4224
4225
4226
4227
4228
4229
4230
4231
4232
4233
4234
4235
4236
4237
4238
4239
4240
4241
4242
4243
4244
4245
4246
4247
4248
4249
4250
4251
4252
4253
4254
4255
4256
4257
4258
4259
4260
4261
4262
4263
4264
4265
4266
2948
4268
4269
4270
4271
4272
4273
4274
4275
4276
4277
4278
4279
4280
4281
4282
4283
4284
4285
4286
4287
4288
4289
4290
4291
4292
4293
4294
4295
4296
4297
4298
4299
4300
4301
4302
4303
4304
4305
4306
4307
4308
4309
4310
4311
4312
4313
4314
4315
4316
4317
4318
4319
4320
4321
4322
4323
4324
4325
4326
4327
4328
4329
4330
4331
4332
4333
4334
4335
4336
4337
4338
4339
4340
4341
4342
4343
4344
4345
4346
4347
4348
4349
4350
4351
4352
4353
4354
4355
4356
4357
4358
4359
4360
4361
4362
4363
4364
4365
4366
4367
3890
4369
3060
3063
3965
957
3117
3117
819
2850
846
1852
3842
4381
4382
2798
3649
4385
4386
4387
4388
4389
2972
4391
1963
506
3556
2768
4396
4397
4398
4399
4400
2131
1846
952
4378
3095
4409
4406
4408
5655
1276
4411
4412
4413
4414
4415
4416
4417
4418
4419
4420
4421
4422
4423
4424
4425
4426
4427
4428
4429
4432
1290
5624
1291
4430
4435
4436
4437
4438
4439
4440
4441
4442
4443
4444
4447
1302
4447
4448
4445
4450
4451
4452
4453
4454
4455
4456
4457
4458
4459
4460
4461
4462
4463
4464
4465
4466
4467
4468
4469
4470
4471
1304
4474
5629
1315
4473
4480
4477
609
6114
4481
4482
4483
4484
4485
4486
4487
4488
4489
4490
4491
4492
4493
4494
4495
4496
4497
4498
4499
4500
5482
4501
4828
4687
5386
4520
4523
4521
4507
4522
5426
5428
1334
4514
5427
4516
4517
4518
4519
5458
5419
5412
5449
4524
4525
4526
4527
4528
4529
4530
4531
4532
4533
4534
4535
4536
4539
4537
5486
1349
4541
4542
4543
4544
4545
4546
4547
4548
4549
4550
4551
4552
4553
4554
4557
1301
5740
4558
4559
4560
4561
4562
2537
4565
1361
677
5714
5714
5714
1685
4574
5526
4571
5571
4575
698
4577
4578
4579
4583
5153
4583
5152
4587
4585
4587
6147
5521
5523
5522
4589
5158
4594
5717
1376
4595
4594
4948
4947
560
4641
3385
4580
4603
2804
4606
4607
4608
4564
4564
4564
5394
5394
4619
4581
4620
2551
1369
5519
5519
1384
4610
1384
676
2542
2541
4851
4630
4916
4849
1392
4632
4634
5335
4635
4636
1394
4638
4639
4640
4885
5720
2246
2429
5395
1399
5395
4651
4637
4651
5501
4652
4912
4654
4656
4672
1402
4656
4659
4660
4661
4662
4663
4664
4665
4666
4667
4669
5235
4668
1409
4672
4673
1408
4675
1413
4678
5203
4759
4679
4681
4682
4683
4681
4685
4686
4686
4686
4689
4690
4695
4692
1423
1424
5484
4696
4697
4698
4670
4699
4668
2545
2543
1401
2543
1429
5354
4707
4710
5321
5256
5258
4762
5257
5256
1595
2361
1595
1431
1595
1452
2364
1432
2363
4717
4723
2363
1596
4728
4726
1435
1444
4730
4733
531
1436
4736
5212
1438
4736
2388
4741
4737
4798
4743
1596
4746
1593
5351
2377
5351
5352
1619
1619
2377
1619
4701
4760
1427
4699
4705
5264
5245
4703
5471
5472
4769
533
5471
682
4766
682
4770
4784
4784
1455
4776
4775
338
323
338
198
4787
1455
4787
1469
4771
4783
4785
4786
4791
4792
4793
4794
4796
2385
4795
4747
1463
1434
2394
1441
1440
338
338
220
1469
5503
1469
4808
214
214
277
199
527
268
2222
4786
2378
2378
2370
4822
4823
4824
4825
4827
5504
1419
4827
1479
4826
4831
4777
1480
4833
4836
4836
4838
4773
1482
4842
5506
2430
4888
2247
623
6124
6124
5185
5185
4850
4856
4855
4855
4874
1489
4853
1488
6149
4895
1488
4857
1485
4853
4864
1487
4862
4864
5721
5721
1494
4892
4893
5183
4895
4895
6124
2247
2247
1685
2430
2430
4888
2430
2248
4957
622
4958
4958
6120
1499
1501
4898
4893
6119
4899
4897
4897
4897
4900
6123
6124
6124
6123
4919
4919
4919
4920
4909
4900
4909
4913
4911
4939
4852
4852
4852
4898
4918
4918
4919
4918
4893
4893
4892
4919
4919
1500
4890
1500
1512
4956
4935
4933
1507
4937
4909
4910
4911
4895
4895
4892
1685
1685
6124
6124
6124
2248
1502
1502
1502
4894
1502
4892
1508
4955
1513
6121
1393
4649
1503
6149
4925
4894
4922
1502
6151
4922
4940
4844
4969
4942
4596
5731
4593
4898
4911
4898
6151
4979
5184
1501
4937
6120
5710
2573
4987
4988
4989
4990
4991
4992
4993
4994
4995
4996
4997
4998
4999
5000
5001
5002
5003
5004
5005
5006
5007
5008
5009
5010
5011
5012
5013
5014
5015
5016
5017
5018
5019
5020
5021
5022
5023
582
5025
5026
5027
5028
5029
5030
5031
5032
5033
5034
5035
5036
5037
5038
5039
5040
5041
5042
5043
5044
5045
5046
5047
5048
5049
5050
5051
5052
5053
5054
5055
5056
5057
5058
5059
5060
5061
5062
5063
5064
5065
5066
5067
5068
5069
5070
5071
5074
5073
5074
5075
5076
5077
5078
5079
5080
5081
5082
5083
5084
5085
5086
5087
5088
5089
5090
5091
5092
5093
5094
5095
5096
5097
5098
5099
5100
5101
5102
5103
5104
5105
5106
5107
5108
5109
5110
5111
5112
5113
5114
5115
5116
5117
5118
5119
5120
5121
5122
5123
5124
5125
5126
5127
5128
5129
5130
5131
5132
5133
5134
5135
5136
5137
5138
5139
5140
5141
5142
5143
5144
5145
5146
5147
5148
5149
5150
5151
5154
1579
5164
5157
5155
5166
1580
5156
5159
4580
4605
1382
5160
1374
5167
5167
1357
5170
5170
1581
5169
5173
3404
5175
1057
3408
1417
5183
4919
5182
4919
4919
4919
5187
5187
5187
4850
5182
5189
5191
5192
5193
5194
5196
5196
1578
5197
1585
5201
5225
1586
5227
5200
5206
6020
5205
1588
1444
1587
4725
4729
5215
5213
4758
5216
5217
5218
5219
5220
5221
5222
5151
1406
5224
1427
4671
1409
1450
5244
5230
5232
5233
5234
4662
1405
4763
4763
5247
5247
4717
4718
1597
4699
4702
4700
5246
5248
5249
5250
5251
5252
4762
4762
1451
4761
4764
4761
4762
5258
5254
5253
2373
2544
683
4677
1412
1411
5269
5204
5270
5272
5273
5172
5275
5276
5277
5278
5279
5280
5281
5282
5283
5284
5285
5286
5287
5288
5289
5290
5291
5292
5293
5294
5295
5296
5297
5298
5299
5300
5301
4552
5303
1355
5305
5306
5307
5308
5309
5310
5311
5312
5313
5314
5315
5316
5317
2375
2370
2370
4655
4658
1403
5321
4449
5327
5611
1615
5326
1486
1390
4915
5544
6118
2253
5332
1623
5559
4915
5330
5600
2239
5598
5599
5346
5346
5347
5345
5349
5350
681
2377
4709
5348
5355
5356
5357
5358
5359
5360
5361
5362
5363
5364
5365
5366
5367
5368
5369
5370
5371
5372
5373
5374
1423
5375
4708
680
5378
5380
5381
5635
1635
5387
5384
1418
5387
5388
5406
1333
5386
5384
5391
4565
4565
691
4609
5397
2564
4611
4624
5404
5402
5417
1639
5405
1381
4618
4604
5411
5422
1640
5410
5333
4600
5333
5420
1626
5448
5601
1382
5423
5595
1642
1620
6130
5493
5413
5429
5430
5431
5432
5433
5434
5435
5436
5437
5438
5440
5469
5439
5442
5443
5444
4752
5446
5450
5593
5450
5592
5434
5452
5451
5451
5455
5456
5457
5447
4509
5460
5461
5462
5463
5464
5465
5466
5467
5468
5469
5470
5468
1651
5473
5474
5475
5479
5476
1359
5564
5480
1328
4687
5483
5484
4502
5329
1292
5490
1653
5495
4538
1316
4540
5491
5494
1654
5497
5498
5499
5500
5464
311
1453
4688
5472
5472
5507
5508
5178
5510
5511
5512
2383
2386
4797
2396
5517
5518
5520
5565
5527
5478
5527
678
5525
4625
4562
4684
5529
5530
4742
5532
5533
5534
5535
1622
5537
5334
6125
2247
622
2247
2429
1498
5725
2232
5722
5548
1625
5550
5560
2255
4886
1496
5723
2398
5557
1387
1491
4866
1360
5392
5563
5564
4591
4590
5575
5398
5574
1637
5401
1388
5476
5477
5573
5576
5577
5578
5579
5580
5581
5582
5583
5584
5585
5586
5587
5588
5589
5590
5591
1645
5454
1645
5595
5596
5597
1649
5453
5709
1649
5709
1378
5604
5605
5606
5607
5607
5608
1669
5609
1670
5613
5614
5615
5616
5617
5618
5619
5620
5623
5621
5631
5626
1673
5661
5627
5628
4434
1289
4476
1274
5622
5634
4407
5636
5637
5638
5639
5640
5641
5642
5643
5643
5645
5646
5647
5648
5649
5650
5651
5652
5653
5654
4478
1317
5657
5658
5659
5660
5661
5662
5663
5664
5665
5666
5667
5668
5669
5670
5671
5672
5673
5674
5675
5676
5677
5678
5679
5680
5681
5682
5683
5684
5685
5686
5687
5688
5689
5690
5691
5692
5693
5694
5695
5696
5697
5698
5699
5700
5701
5702
5703
5704
5705
5706
5707
5708
1375
4597
5711
4596
6122
4596
6123
6122
5717
5718
5719
2430
4889
2430
4888
2430
2247
622
556
4888
1400
4959
1377
5732
5733
5734
5735
5736
5737
5738
5739
5740
5741
5742
5743
5744
5745
4895
4895
4895
1500
4933
1393
5752
5753
5754
5755
5756
5757
5758
5759
5760
5761
5762
5763
5764
5765
5766
5767
5768
5769
5770
5771
5772
5773
5774
5775
5776
5777
5778
5779
5780
5781
5782
5783
5784
5785
5786
5787
5788
5789
5790
5791
5792
5793
5794
5795
5796
5797
5798
5799
5800
5801
5802
5803
5804
5805
5806
5807
5808
5809
5810
5811
5812
5813
5814
5815
5816
5817
5818
5819
5820
5821
5822
5823
5824
5825
5826
5827
5828
5829
5830
5831
5832
5833
5834
5835
5836
5837
5838
5839
5840
5841
5842
5843
5844
5845
5846
5847
5848
5849
5850
5851
5852
5853
5854
5855
5856
5857
5858
5859
5860
5861
5862
5863
5864
5865
5866
5867
5868
5869
5870
5871
5872
5873
5874
5875
5876
5877
5878
5879
1431
4721
5882
5883
5884
5885
5886
5887
5888
5889
5890
5891
5892
5893
5894
5895
5896
5897
5898
5899
5900
5901
5902
5903
5904
5905
5906
5907
5908
5909
5910
5911
5912
5913
5914
5915
5916
5917
5918
5919
5920
5921
5922
5923
5924
5925
5926
5927
5928
5929
5930
5931
5932
5933
5934
5935
5936
5937
5938
5939
5940
5941
5942
5943
5944
5945
5946
5947
5948
5949
5950
5951
5952
5953
5954
5955
5956
5957
5958
5959
5960
5961
5962
5963
5964
5965
5966
5967
5968
5969
5970
5971
5972
5973
5974
5975
5976
5977
5978
5979
5980
5981
5982
5983
5984
5985
5986
5987
5988
5989
5990
5991
5992
5993
5994
5995
5996
5997
5998
5999
6000
6001
6002
6003
6004
6005
6006
6007
6008
6009
6010
6011
6012
6013
6014
6015
6016
6017
6018
6019
1593
6021
6022
6023
6024
6025
6026
6027
6028
6029
6030
6031
6032
6033
6034
6035
6036
6037
6038
6039
6040
6041
6042
6043
6044
6045
6046
6047
6048
6049
6050
6051
6052
6053
6054
6055
6056
6057
6058
6059
6060
6061
6062
6063
6064
6065
6066
6067
6068
6069
6070
6071
6072
6073
6074
6075
6076
6077
6078
6079
6080
6081
6082
6083
6084
6085
6086
6087
6088
6089
6090
6091
6092
6093
6094
6095
6096
6097
6098
6099
6100
6101
6102
6103
6104
6105
6106
6107
6108
6109
6110
6111
6112
6113
5644
6115
4854
4860
1496
1504
1504
4910
1377
4650
1400
6117
5593
6128
6129
4598
5410
4745
6132
6133
6134
6135
1453
4667
2377
687
2378
4573
6142
6143
6144
6145
6146
2536
2247
4890
6124
1502
6152
6153
6154
6155
6156
6157
6158
6159
4378
6124
6162
6163
6164
6165
6166
6167
6168
6169
6170
6171
6172
6173
6174
6175
6176
6177
6178
6179
6180
6181
6182
2792
2764
4985
6186
6187
6188
6189
6190
6191
962
6193
6194
6195
3653
836
6198
6199
6200
6201
6202
6203
2830
6205
4593
6207
819
6209
5556
3782
986
6213
6214
3162
3113
6217
6239
6219
6220
6221
6222
6223
6224
6225
6226
6227
6228
6229
6230
6231
6253
6233
4949
969
3162
985
1064
3993
3799
6241
6242
6243
6244
6245
6246
6247
6248
6249
6250
6251
6252
1687
1659
4924
1526
6257
6258
6259
6260
6261
6262
6263
6264
6265
6266
6267
6268
6269
6270
6271
6272
6289
6290
6275
6276
6277
6278
6279
6280
6281
6282
6283
6284
6285
6286
6287
6288
6289
6290
6291
