67
147
99
102
102
3680
2951
2950
2152
114
118
59
74
49
3007
35
40
55
17
15
354
3447
101
922
3018
368
52
3678
3592
3592
898
3490
881
124
77
107
140
36
27
52
7
168
169
27
138
136
138
46
41
38
3012
48
41
8
155
134
163
119
116
118
54
57
58
17
60
18
3477
68
83
157
158
157
150
79
19
79
72
72
158
165
35
56
16
16
46
3445
44
162
3
94
100
3
25
922
25
102
368
3018
368
102
368
368
368
893
3680
893
2951
893
3592
3592
891
2951
2952
3591
898
899
3021
1957
2913
113
2912
2914
2915
2917
2917
1073
3477
1068
14
71
50
71
128
112
110
34
36
130
132
51
39
143
1971
152
143
146
160
146
3684
2953
385
3680
154
154
168
28
28
915
3013
151
1971
132
146
351
1812
149
169
170
27
27
27
5211
208
268
2223
2223
5441
4751
1442
2557
285
289
1592
245
4811
321
206
211
180
229
250
260
5210
196
196
196
2223
220
5439
5353
5353
1448
5255
1431
294
247
2208
310
306
176
219
275
209
320
278
307
332
183
309
329
329
223
328
321
334
322
305
326
288
227
289
287
231
228
230
4719
233
253
189
5241
330
4813
330
330
252
187
251
241
241
336
335
336
225
225
187
332
333
217
5211
174
316
268
264
196
268
196
196
272
2223
272
196
272
2223
272
1443
1443
4751
5379
5439
5353
4751
1442
5353
4750
4750
1448
1442
286
283
201
2372
290
4712
4713
4716
1597
4718
5243
5243
240
185
240
243
190
177
1449
205
303
300
308
184
221
314
314
220
314
207
207
311
5441
5441
562
4752
329
320
337
2558
2558
562
176
319
210
183
309
528
4815
2210
278
278
278
278
278
2687
343
3670
1785
2704
3731
1791
3775
862
3617
3447
147
354
67
3682
2883
3201
1802
3757
3035
2951
3042
3034
3030
919
920
368
4378
4378
2016
1846
3090
4378
1848
4378
1164
4378
2851
846
4372
3069
1845
1845
3678
52
387
1861
389
390
391
392
393
394
395
396
397
398
399
400
401
402
403
404
405
1912
407
408
409
410
411
412
413
414
415
416
417
418
419
420
3590
1962
423
1965
3900
918
2988
1986
4403
3138
431
432
433
434
435
436
437
438
439
3173
4378
379
4377
3142
3172
2742
447
448
449
450
451
2028
453
454
455
456
457
458
459
460
461
462
463
464
465
466
467
468
469
470
471
472
473
474
475
476
477
478
479
480
481
482
483
484
485
486
487
488
489
490
491
492
493
494
495
2831
4381
2132
2784
2824
2895
2907
1131
2137
505
2142
2815
2776
509
2147
511
2158
2847
514
515
3188
3960
518
519
520
2183
5489
1335
2186
5532
1412
5353
5378
5210
260
208
236
5444
4988
2198
4987
2393
4833
4751
4773
4826
2214
2222
268
2223
6123
6123
2247
6124
2429
6123
2247
5714
1685
6123
4649
6123
558
6118
6124
2247
5439
563
564
565
566
567
568
569
570
571
572
573
574
575
576
577
578
579
580
581
582
583
584
585
586
587
588
589
590
591
592
593
594
595
596
597
598
599
600
601
2378
603
5656
2382
2397
5749
4929
609
610
611
612
613
614
615
616
617
6124
6124
6123
5714
4959
4932
4549
625
626
627
628
629
630
631
632
633
634
635
636
637
638
639
640
641
642
643
644
645
646
647
648
649
650
651
652
653
654
655
656
657
658
659
660
661
662
663
664
665
666
667
668
669
670
671
672
673
674
4631
2539
6127
4586
4626
4693
4706
1651
4704
1425
2551
2587
4617
688
689
690
2566
692
693
1378
1685
2581
2818
4576
315
700
701
2596
3873
2598
705
706
707
708
709
710
711
712
713
714
715
716
2619
3566
3568
3868
721
722
723
724
725
726
727
728
2638
730
731
3977
733
734
735
736
737
738
739
740
741
742
743
744
745
2666
3728
748
749
2736
2674
752
2679
754
755
756
757
2738
759
760
3630
2695
763
773
764
767
772
1123
765
770
2710
3657
1120
2807
775
776
777
3429
2722
2724
3458
782
783
784
2732
3662
787
788
3674
2744
791
792
793
794
795
796
797
798
799
2760
3634
4376
2768
2775
805
806
2772
808
809
826
825
2785
3377
2787
2789
3766
2795
2791
3742
820
2798
3572
823
824
2802
2804
827
829
2821
3638
3648
3816
833
834
835
836
3781
3653
2836
2838
3740
3741
3073
1845
845
2849
2853
3749
2858
850
2875
2862
853
3485
855
856
2139
2870
3451
3450
860
859
863
2882
2886
3623
3628
2889
2891
3586
2894
2896
3500
875
2959
3561
3560
3492
1948
1948
1956
2930
2925
2931
21
89
2937
1974
2996
2943
3615
3592
1113
61
30
892
891
3592
3592
3483
1959
2963
503
3710
2973
3041
906
2995
1806
3755
2948
885
890
385
2967
2983
48
2986
2984
2987
101
3018
922
898
3024
1059
3753
3026
3032
2978
3038
929
3993
3973
935
3124
937
938
3056
3075
3074
3063
3071
3062
968
970
4378
4403
3094
3143
4374
3147
3101
3096
3129
962
3116
956
3973
960
961
965
3120
3118
3121
3123
3131
968
969
3167
3168
3146
3162
3162
3175
3992
3973
978
979
961
3179
3165
2174
2176
985
986
2791
6208
989
990
3191
6183
993
994
995
996
997
998
999
1000
1001
1002
1003
1004
1005
1006
1007
1008
1009
1010
1011
1012
1013
1014
1015
1016
1017
3919
1019
1020
1021
1022
1023
1024
1025
1026
1027
1028
1029
1030
1031
1032
1033
1034
1035
1036
1037
3364
3362
3553
4272
3366
3368
3370
1045
1046
3393
3395
3379
3382
1051
3532
1053
1054
3533
3724
3404
864
1057
960
3410
969
1063
1064
3551
3460
861
124
3466
3443
1071
3454
31
3474
3469
3473
2963
881
2964
1080
421
421
3490
1960
3777
1086
1087
1088
1089
1090
1091
1092
1093
1094
1095
1096
1097
1098
1099
1100
1101
4379
1103
3802
1105
3953
3581
1108
3880
3609
1111
1112
872
3620
3876
1116
1117
3814
4383
3663
1128
3837
3734
3673
1125
769
1126
1129
817
1130
868
3718
3737
3735
3751
1136
1166
3789
1139
1140
1141
1142
1143
1144
1145
1146
818
1148
3854
1150
1151
1152
1153
1154
1155
1156
1157
1158
1159
1160
1161
3944
1163
2850
3993
3994
1167
3995
1169
1170
1171
1172
1173
1174
1175
1176
1177
1178
1179
1180
1181
1182
1183
1184
1185
1186
1187
1188
1189
1190
1191
1192
1193
1194
1195
1196
1197
1198
1199
1200
1201
1202
1203
1204
1205
1206
1207
1208
1209
1210
1211
1212
1213
1214
1215
1216
1217
1218
1219
1220
1221
1222
1223
1224
1225
1226
1227
1228
1229
1230
1231
1232
1233
1234
1235
1236
1237
1238
1239
1240
1241
1242
1243
1244
1245
1246
1247
1248
1249
1250
1251
1252
1253
1254
1255
1256
1257
1258
1259
1260
1261
1262
1263
1264
1265
1266
1267
1268
1269
1270
1271
1272
1273
4410
4408
5630
1277
1278
1279
1280
1281
1282
1283
1284
1285
1286
1287
1288
4431
1290
1291
5326
1293
1294
1295
1296
1297
1298
1299
1300
1301
1302
1303
1304
1305
1306
1307
1308
1309
1310
1311
1312
1313
1314
5486
4475
1317
1318
1319
1320
1321
1322
1323
1324
1325
1326
1327
4503
4504
5391
4523
5404
1332
1331
1643
1334
1337
1338
5420
5449
4607
1342
5193
5221
4530
4532
1347
4540
5425
5433
1351
4547
1353
5305
1355
1356
1357
1358
1359
5395
4563
1378
4571
4577
1365
4575
1367
4581
4615
4585
5158
5522
4590
4592
4594
1376
5501
4593
552
5333
4604
1382
1383
1386
5397
4621
5408
5572
1389
4629
5414
5416
1394
5499
5500
4639
4869
2247
1399
4651
2547
1402
1403
5249
1405
1406
1407
1408
4671
684
5214
1411
1414
5215
5481
4682
4681
5384
4687
1421
1333
524
4691
5484
1598
4760
1426
5265
4707
5256
2373
1431
2364
294
294
4730
4731
333
2195
2385
1438
5377
5376
230
4714
527
5353
5353
4751
5230
2374
4762
5472
1647
4771
4787
4783
2222
2206
4793
2219
4800
4748
2391
4779
5441
5441
2222
2221
175
219
220
196
196
196
1448
5529
5510
1419
1456
4836
4772
5749
5729
1485
4916
4853
4855
4874
4860
4863
6117
1511
1510
1685
4957
5749
4931
4935
6121
1504
4893
1511
1507
5729
1506
1508
4914
4917
1510
1511
1393
4936
1515
1515
5748
4964
5729
1519
1506
4968
1522
695
4985
4969
4979
4593
6206
1529
6192
1531
1532
6182
1534
1535
1536
1537
1538
1539
1540
1541
1542
1543
1544
1545
1546
1547
1548
1549
1550
1551
1552
1553
1554
5676
1556
1557
1558
1559
1560
1561
1562
1563
1564
1565
1566
1567
1568
1569
1570
1571
1572
1573
1574
5313
5144
5147
1578
1579
5168
1581
1582
1417
5315
5201
1413
294
5231
5205
1590
1591
202
5240
5234
5256
5237
1431
4763
1599
1619
1619
5255
2376
1460
1605
1606
1607
1608
1609
1610
1611
1612
1613
1614
1615
1616
1617
1618
5353
1620
5331
6125
1623
1624
1625
5344
5710
1628
5636
5368
1631
1632
1422
5383
5632
1636
5570
1638
1379
1642
1648
5594
1348
1644
5434
1336
5437
1649
5453
1650
1420
5478
5496
5492
5512
195
1657
5727
5547
1660
1661
1662
1663
1664
1665
1666
1667
4597
1669
1670
1671
1672
1673
1674
1675
1676
1677
1678
1679
1680
1681
1682
1683
1684
4596
5749
5750
1688
5751
1690
1691
1692
1693
1694
1695
1696
1697
1698
1699
1700
1701
1702
1703
1704
1705
1706
1707
1708
1709
1710
1711
1712
1713
1714
1715
1716
1717
1718
1719
1720
1721
1722
1723
1724
1725
1726
1727
1728
1729
1730
1731
1732
1733
1734
1735
1736
1737
1738
1739
1740
1741
1742
1743
1744
1745
1746
1747
1748
1749
1750
1751
1752
1753
1754
1755
1756
1757
1758
1759
1760
1761
1762
1763
1764
1765
1766
1767
1768
1769
1770
1771
1772
1773
1774
1775
1776
1777
1778
1779
1780
1781
1782
1783
1784
3729
1787
3729
347
346
1786
346
349
3507
350
1795
3773
46
147
44
67
37
1803
3202
1803
357
361
3037
360
1810
3036
893
893
904
893
2951
365
1818
3033
3029
2154
922
922
2154
3010
4378
4378
4378
4378
1845
1846
4378
1848
444
4378
4378
4378
4378
4378
1164
1846
3188
3188
3186
4377
3172
2851
3173
3173
3172
1853
1850
4370
1853
3073
1846
4378
4378
1845
1860
1860
387
1859
1863
1864
1865
1866
1867
1868
1869
1870
1871
1872
1873
1874
1875
1876
1877
1878
1879
1880
1881
1882
1883
1884
1885
1886
1887
1888
1889
1890
1891
1892
1893
1894
1895
1896
1897
1898
1899
1900
1901
1902
1903
1904
1905
1906
1907
1908
1910
1910
1911
1909
1912
1913
1915
1917
1920
1918
1919
1920
1921
3337
1923
1924
1925
1926
1927
1928
1929
1930
1931
1932
1933
1934
1935
1936
1937
1938
1939
1940
1941
1942
1943
1944
1945
3476
3493
3492
3476
3473
1951
1952
1953
3591
1963
421
3591
3592
502
2908
1959
1963
2909
1967
423
425
1967
143
1968
52
1971
1972
2991
2988
1974
2989
94
1977
94
888
1975
2942
3756
2997
357
357
1805
3965
444
3965
4403
432
1993
1994
1992
1996
1997
1998
1999
2000
2001
2002
2003
2004
2005
2006
2007
2008
2009
4378
4378
4378
3173
4378
4378
3172
379
3142
2021
446
3668
2022
2023
2024
2025
2026
2027
2028
2026
2030
2031
2032
2033
2034
2035
2036
2037
2038
2039
2040
6156
2042
2043
2044
2045
2046
2047
2048
2049
2050
2051
2052
2053
2054
2055
2056
2057
2058
2059
2060
2061
2062
2063
2064
2065
2066
2067
2068
2069
2070
2071
2072
2073
2074
2075
2076
2077
2079
3928
2080
2081
2082
2083
2084
2085
2086
2087
2088
2089
2090
2091
2092
2093
2094
2095
2096
2097
2098
2099
2100
2101
2102
2103
2104
2105
2106
2107
2108
2109
2110
2111
2112
2113
2114
2115
2116
2117
2118
2119
2120
2121
2122
2123
2124
2125
2126
2127
2835
2831
4401
4401
2135
2135
500
2825
2137
2904
851
2139
2136
4393
2815
4393
2143
2146
2582
506
2148
2951
2951
3617
891
922
3017
3018
2987
2160
511
2157
2160
2161
2162
2163
2164
2165
2166
2167
2168
3187
3187
6183
988
1841
4404
2174
516
2177
2178
2179
2180
5488
522
5490
4515
4515
4511
2184
525
5271
5530
2190
5270
332
217
317
332
236
4987
2201
2201
4988
538
1480
4835
2204
537
1443
5379
5441
1443
4751
541
4830
4829
2213
271
196
196
269
268
210
2223
314
219
1472
6123
6123
6123
6123
2247
6124
6124
2429
2247
6123
6123
6123
1685
1685
5714
1685
5714
6123
5714
4974
1400
1400
4649
4960
6123
1490
6117
4870
4859
1492
6124
2247
6124
6124
2260
2260
2262
2263
2264
2265
2266
2267
2268
2269
2270
2271
2272
2273
2274
2275
2276
2277
2278
2279
2280
2281
2282
2283
2284
2285
2286
2287
2288
2289
2290
2291
2292
2293
2294
2295
2296
2297
2298
2299
2300
2301
2302
2303
2304
2305
2306
2307
2308
2309
2310
2311
2312
2313
2314
2315
2316
2317
2318
2319
2319
2321
2322
2320
2324
2325
2329
2327
2328
2330
2330
2331
2332
2333
2334
2335
2336
2337
2338
2339
2340
2341
2342
2343
2344
2345
2346
2347
2348
2349
2350
2351
2352
2353
2354
2355
2356
2357
2358
2359
2360
5238
1595
5237
5238
5256
2366
2367
2368
5352
5352
5353
5352
1619
681
2374
681
4709
2377
2380
2380
2379
603
4816
2222
4810
267
174
316
264
4741
262
2387
2219
2386
534
2199
534
623
4929
4886
1687
2402
2402
2404
2405
2406
2407
2408
2409
2410
2411
2412
2413
2414
2415
2416
2417
2418
2419
6123
6124
6124
6123
6123
6123
6123
6123
6123
4960
4959
4960
2433
5429
624
2435
2436
2437
2438
2439
2439
2441
2442
2443
2444
2445
2446
2447
2448
2449
2450
2451
2452
2453
2454
2455
2456
2457
2458
2459
2460
2461
2462
2463
2464
2465
2466
2467
2468
2469
2470
2471
2472
2473
2474
2475
2476
2477
2478
2479
2480
2481
2482
2483
2484
2485
2486
2487
2488
2489
2490
2494
2492
2493
5684
2495
2496
2497
2498
2499
2500
2501
2502
2503
2504
2505
2506
2507
2508
2509
2510
2511
2512
2513
2514
2515
2516
2517
2518
2519
2520
2521
2522
2523
2524
2525
2526
2527
2528
2529
2530
2531
2532
2533
2534
4632
4632
6147
4631
4625
4625
4624
678
4703
4705
4702
2544
683
687
2548
2589
687
2552
2553
2554
5378
4751
5353
5378
272
196
272
2222
2564
2564
2563
2566
2567
2568
2569
2570
4975
1528
6182
1527
2242
694
695
4901
2579
2580
2581
2582
2583
2585
507
2813
2589
698
6139
2590
2591
2592
2593
2594
2597
703
3899
2598
2595
2600
2601
2602
2603
2604
2605
2606
2607
2608
2609
2610
2611
2612
2613
2614
2615
2616
2617
2618
719
2621
3565
3856
2622
2624
2625
2626
2627
2628
2629
2630
2631
2632
2633
2637
2634
2636
3976
732
2639
2640
2641
2642
2643
2644
2645
2646
2647
2648
2649
2650
2651
2652
2653
2654
2655
2656
2657
2658
2659
2660
2661
2662
2663
747
2664
2733
3728
720
3870
2670
2623
2672
2673
750
2675
2676
2680
2677
754
2680
2681
2682
2683
2684
2685
2689
758
2686
2735
2690
2691
2692
2693
2694
2694
2696
2697
2712
2714
2702
2715
2713
3665
3667
2707
2699
3666
2709
2709
2710
1788
3658
3689
3651
3656
2720
774
2718
2719
2805
2725
778
2721
781
3456
2726
2727
2728
2729
2730
2733
786
3727
2731
2735
2736
2737
2738
2739
2740
2745
789
2741
2744
2745
2746
2747
2748
2749
2750
2751
2752
2753
2754
2755
2756
2757
2758
2759
498
497
2763
2134
3956
4377
4377
3956
2770
2768
508
2770
2772
2773
2773
2776
2776
2780
2778
810
2803
3384
2774
2782
807
806
2790
813
2786
816
3764
2794
2791
2794
3742
820
1832
2798
2841
2843
2801
2801
824
2800
823
2805
2806
2807
2822
2820
512
3639
830
2814
3646
831
2813
825
2817
2819
2159
513
512
832
1118
3768
2826
2827
2828
2829
2830
837
3778
3654
2833
812
2839
2836
841
3739
842
373
2016
1845
373
513
2845
2847
842
3742
2849
2840
2854
848
3748
2852
2859
2856
850
2873
2864
780
2862
854
3484
2865
2866
2867
3544
2872
857
2869
2903
2873
2874
2875
2876
2878
3449
860
2878
859
2886
863
2882
865
863
2888
3627
867
2887
3625
2893
1790
870
2892
348
2898
2898
2897
2903
2904
2959
3480
2906
876
3559
871
2911
2910
871
2894
1954
1958
3556
30
4394
117
3495
31
117
3495
1948
422
32
32
61
58
32
2925
1076
63
2926
67
63
1801
2935
353
2936
2936
89
21
1823
367
2938
884
2944
1076
3475
2947
3617
3615
3617
3617
2951
891
3592
2951
2961
900
2958
3465
1961
901
1084
2962
3707
1127
3711
3712
3707
3747
2971
932
3746
3041
2985
2979
363
3041
2970
356
2968
903
905
2973
905
2985
2985
2985
906
906
2994
909
1983
913
2977
907
930
882
911
883
1984
2998
1982
38
2983
38
2984
3017
2984
2986
169
3680
169
893
893
3018
368
2988
3591
3591
2952
3025
926
3407
927
3023
3031
3028
762
2695
869
2696
763
1816
364
2978
358
1809
1804
932
3043
3029
929
3975
3975
3973
3993
4378
3973
3051
3052
3053
3054
3055
3056
3057
3058
3074
3059
941
3060
3077
3078
3065
3057
3122
943
3066
3071
3122
429
1991
3134
945
3134
3098
954
3097
4378
4378
4378
1846
2018
3975
3091
445
379
1849
3141
972
3171
3147
3144
3102
957
4373
3099
3103
3115
962
3114
956
3115
3973
4378
3188
3973
3109
3110
3111
3112
3113
3150
3150
3120
3149
2855
840
3118
847
3123
3123
834
3103
958
3128
3130
3129
3130
969
3134
3095
3134
3135
3136
3137
3097
3097
951
3169
839
971
3168
964
3119
964
3120
3118
3121
3164
3167
3164
4378
4378
4378
4378
4378
4378
4378
379
3111
3163
3165
978
3166
3167
2837
2837
971
3145
2840
2848
3164
3162
3164
3993
3181
3111
3178
3163
975
3183
3184
3176
3974
6208
3974
3189
3190
3191
3192
3180
981
3195
3196
3197
3196
2172
2169
3202
3720
3203
3204
3205
3206
3207
3208
3209
3210
3211
3212
3213
3214
3215
3216
3217
3218
3219
3220
3221
3222
3223
3224
3225
3226
3227
3228
3229
3230
3231
3232
3233
3234
3235
3236
3238
3239
1859
3240
3241
3242
3243
3244
3245
3246
3247
3248
3249
3250
3251
3252
3253
3254
3255
1018
4198
3258
3259
3260
3261
3262
3263
3264
3265
3266
3267
3268
3269
3270
3271
3272
3273
3274
3275
3276
3277
3278
3279
3280
3281
3282
3283
3284
3285
3286
3287
3288
3289
3290
3291
3292
3293
3294
3295
3296
3297
3298
3299
3300
3301
3302
3303
3304
3305
3306
3307
3308
3309
3310
3311
3312
3313
3314
3315
3316
3317
3318
3319
3320
3321
3322
3323
3324
3325
3326
3328
3328
3329
3330
3330
3332
3333
3334
3335
3336
1914
1914
3339
3340
3341
3342
3343
3344
3345
3346
3347
3348
3349
3350
3351
3352
3353
3354
3355
3356
3357
3358
3359
3363
3360
1040
4270
1041
3361
1038
3365
1039
2723
852
779
3372
3373
3374
3375
3378
1047
3392
1048
3376
3380
1049
3381
2803
2804
3386
3387
3388
3389
3390
3391
3394
797
3394
1051
3400
1052
3398
3399
3531
865
865
2885
1056
3401
2885
3403
3404
3412
1060
3409
3110
3135
3137
3136
3130
3417
3418
3419
3416
3421
3422
3423
3411
3425
1061
3430
3427
1065
3550
3434
3432
1044
3534
3436
2880
1067
2877
2881
2879
3444
3444
912
4267
63
61
1068
883
3442
3465
1070
3452
3453
3454
3452
3457
4268
1072
3461
858
3471
2958
2960
3463
3467
1074
3483
3455
452
3468
3472
3472
902
902
3473
2963
58
2917
31
1079
2965
3500
2965
3470
1075
2029
3486
3488
3556
421
3556
901
901
1962
3556
4394
898
30
1957
3501
3562
3504
2993
3508
3504
1085
3776
3509
4385
3510
3511
3512
3513
3514
3515
3516
3517
3518
3519
3520
3521
3522
3523
3524
3525
3526
3527
3528
3529
3530
3367
1042
1043
3535
3546
3536
3537
3538
3539
3540
790
3542
3543
3487
3545
3428
3547
3548
3549
3550
3551
3552
3553
3554
3555
1963
2952
3591
2857
849
877
877
3563
3564
3567
3566
3567
3568
3569
3569
3571
1854
3574
1851
3575
3576
3577
3578
3579
1837
3956
3844
1840
3587
3584
771
3587
3588
3589
501
501
3614
3585
3594
3595
3596
3597
3598
3599
3600
3601
3602
3603
3604
3605
3607
3918
3606
1109
3610
3611
3877
3613
2892
2895
2896
3614
3616
3621
1115
3879
3619
801
2762
3626
3632
3629
2701
3645
3630
3631
3804
2812
828
3636
3636
1117
3635
3638
3815
3659
4382
1107
3641
3644
824
3647
3648
3652
3649
1120
3661
822
3573
822
3582
1106
4380
2796
3660
3664
1100
1122
3839
4384
4384
1123
3669
3963
753
3671
3672
3673
3674
2705
3675
2706
3709
3683
3679
3675
3677
3676
3618
3685
3686
3836
3836
3688
3838
3694
3691
817
3961
3699
2700
3696
3687
2698
3700
3701
3702
3703
3704
3705
3695
3697
2889
3681
3682
3706
3708
3713
3714
3715
3716
3717
798
3716
3721
3721
761
2899
3724
345
3726
3566
3566
3730
3736
1133
2734
3732
785
746
3733
1134
2678
3739
3740
3741
3705
3744
4390
2890
3745
3745
3748
3749
3754
428
3750
3406
3771
2989
1973
930
1985
3758
3405
3408
3762
3763
3765
3770
1132
3769
804
2775
2756
2882
3752
1135
1975
3759
3039
909
3778
3779
3780
1102
3795
3973
3971
3975
2016
3072
3785
3797
3788
3791
3792
3793
1104
3803
1166
933
976
3185
3800
3801
966
3070
2846
3805
3806
3807
3808
3809
3810
3811
3819
3813
3813
2769
2771
3719
3817
3818
3820
3821
3822
3823
3824
3825
3826
3827
3828
3829
3830
3831
3832
3833
3834
3835
3692
1124
3693
3839
3840
3841
3952
3845
818
2792
818
818
3848
3849
3850
3851
3852
3853
3854
3855
3855
3857
3858
3859
3860
3861
3862
3863
3864
3866
3875
3865
3856
1149
3869
3871
3872
718
2620
2665
702
3867
1114
2599
704
3881
3882
3883
3884
3885
3886
3887
3888
3889
3890
3891
3892
3893
3894
3895
3896
3897
3898
717
748
3622
3902
3903
3904
3905
3906
3907
3908
3909
3910
3911
3912
3913
3914
3915
3916
3917
3920
1156
4389
3921
3922
3923
3924
3925
3926
3927
3928
3929
3930
3931
3932
3933
3934
3935
3936
3937
3938
3939
3940
3941
3942
3943
3944
3945
3946
3947
3948
3949
3950
3951
2791
2793
2743
2793
819
4376
4377
4377
846
3961
3962
3962
1849
3170
3975
3973
3975
3993
3975
3975
3993
1168
1168
3995
3942
1162
3978
3979
3980
3981
3982
3983
3985
4367
3986
3987
3988
3989
3164
3164
982
3198
3198
990
3996
3997
3998
3999
4000
4001
4002
4003
4004
4005
4006
4007
4008
4009
4010
4011
4012
4013
4014
4015
4016
4017
4018
4019
4020
4021
4022
4023
4024
4025
4026
4027
4028
4029
4030
4031
4032
4033
4034
4035
4036
4037
4038
4039
4040
4041
4042
4043
4044
4045
4046
4047
4048
4049
4050
4051
4052
4053
4054
4055
4056
4057
4058
4059
4060
4061
4062
4063
4064
4065
4066
4067
4068
4069
4070
4071
4072
4073
4074
4075
4076
4077
4078
4079
4080
4081
4082
4083
4084
4085
4086
4087
4088
4089
4090
4091
4092
4093
4094
4095
4096
4097
4098
4099
4100
4101
4102
4103
4104
4105
4106
4107
4108
4109
4110
4111
4112
4113
4114
4115
4116
4117
4118
4119
4120
4121
4122
4123
4124
4125
4126
4127
4128
117
2914
4131
4132
4133
4134
4135
4136
4137
4138
4139
4140
4141
4142
4143
4144
4145
4146
4147
4148
4149
4150
4151
4152
4153
4154
4155
4156
4157
4158
4159
4160
4161
4162
4163
4164
4165
4166
4167
4168
4169
4170
4171
4172
4173
4174
4175
4176
4177
4178
4179
4180
4181
4182
4183
4184
4185
4186
4187
4188
4189
4190
4191
4192
4193
4194
4195
4196
4197
4196
4199
4200
4201
4202
4203
4204
4205
4206
4207
4208
4209
4210
4211
4212
4213
4214
4215
4216
4217
4218
4219
4220
4221
4222
4223
4224
4225
4226
4227
4228
4229
4230
4231
4232
4233
4234
4235
4236
4237
4238
4239
4240
4241
4242
4243
4244
4245
4246
4247
4248
4249
4250
4251
4252
4253
4254
4255
4256
4257
4258
4259
4260
4261
4262
4263
4264
4265
4266
3475
4268
4269
4270
4271
4272
4273
4274
4275
4276
4277
4278
4279
4280
4281
4282
4283
4284
4285
4286
4287
4288
4289
4290
4291
4292
4293
4294
4295
4296
4297
4298
4299
4300
4301
4302
4303
4304
4305
4306
4307
4308
4309
4310
4311
4312
4313
4314
4315
4316
4317
4318
4319
4320
4321
4322
4323
4324
4325
4326
4327
4328
4329
4330
4331
4332
4333
4334
4335
4336
4337
4338
4339
4340
4341
4342
4343
4344
4345
4346
4347
4348
4349
4350
4351
4352
4353
4354
4355
4356
4357
4358
4359
4360
4361
4362
4363
4364
4365
4366
3949
1152
4369
939
3061
4372
3117
963
3148
819
819
2850
382
3842
2833
3653
2797
3650
2946
4386
4387
4388
1966
2972
4391
3592
3801
3591
2776
4396
4397
4398
4399
4400
499
4378
952
4378
3166
4409
4406
4408
5655
1276
4411
4412
4413
4414
4415
4416
4417
4418
4419
4420
4421
4422
4423
4424
4425
4426
4427
4428
4429
1291
1290
4432
5326
4433
4435
4436
4437
4438
4439
4440
4441
4442
4443
4444
4445
4446
4447
4448
4449
4450
4451
4452
4453
4454
4455
4456
4457
4458
4459
4460
4461
4462
4463
4464
4465
4466
4467
4468
4469
4470
4471
4472
4474
5487
4539
4473
4480
4477
4479
4480
4481
4482
4483
4484
4485
4486
4487
4488
4489
4490
4491
4492
4493
4494
4495
4496
4497
4498
4499
4500
4505
4502
1329
1330
4505
4521
1339
4521
4507
4523
5426
5428
4510
4512
5427
2182
2182
4518
4519
5419
5417
5458
5449
4524
4606
4526
1341
4529
5220
1344
4528
1343
4533
4534
4535
4536
4539
4537
5425
1349
4541
4542
4543
4544
4546
5432
1351
4545
1350
4550
4551
4552
4553
4554
4555
4556
4557
4558
4559
4560
4561
4562
2542
679
4564
677
5714
5714
5714
5714
4573
4573
698
4571
4575
4576
4575
4579
4579
4582
1369
4603
4583
4578
1367
4578
4584
4589
5521
1372
4588
1371
4595
4594
1376
4595
4593
2234
4569
4641
4600
4605
4602
1382
4605
4606
1383
4608
4622
1385
4626
691
4621
4618
1381
4614
1387
5407
4616
4620
2565
691
2565
1388
5526
5401
4627
4628
4629
4627
1392
1370
4634
5416
5535
4638
1394
5498
1395
4636
2429
5544
2247
2429
690
4646
4645
1394
4637
4651
5501
4654
4652
5507
4655
4656
4657
4658
4659
5248
4661
4662
1345
4664
4665
4666
4667
4699
4668
4700
4701
4672
4673
4674
4675
4680
1411
4680
1414
5213
4685
1415
4682
4685
5480
4690
5386
4686
5390
5388
2187
2186
524
4695
2187
4698
4696
5485
5244
5246
4760
5245
5264
1428
4764
1423
4694
4691
4708
4707
276
1601
279
2371
280
290
202
1595
290
1595
5258
2364
203
203
231
296
2363
2363
294
234
204
234
236
217
218
217
216
4730
2195
216
264
261
4736
192
4736
1596
4746
5239
5377
5377
5377
5378
5353
4751
5353
4751
4758
5229
4758
1450
2375
1451
4762
4761
5468
1651
5471
1647
5466
4766
1453
5505
4770
4784
4787
1455
4839
4783
1454
4779
1454
5470
4787
1455
1469
2222
6136
699
4786
2222
4794
4791
6131
2390
4788
1468
4775
4729
4747
1435
5531
4739
4796
4782
4782
219
175
2221
2222
175
320
320
5441
1443
5379
272
272
2222
1442
5352
4750
4825
4822
1478
5177
4828
1419
5482
4828
4827
4829
4831
540
4774
2215
536
2200
2205
4773
1482
1479
5506
1687
5749
6124
1687
6124
6124
4849
4850
4851
4852
4856
4855
4871
4856
1485
1488
4875
1503
4854
4852
1486
4857
1491
4864
4915
4867
1498
2399
4923
1511
4924
1494
4930
4930
6124
6124
6124
1685
1687
556
5749
1687
556
4932
556
4933
4933
4938
4958
4896
1501
4892
6120
6120
4909
4900
4910
4911
6123
6123
5729
6122
4905
4906
4907
4908
4939
4937
4913
4653
4912
1396
4916
1390
1390
4898
4919
4921
4921
1510
4924
4924
1511
4926
4927
4930
4890
4930
4956
1393
4956
4956
4955
4955
4914
4936
4912
5747
5747
4954
1685
1685
6123
6123
6124
6124
4949
4950
4951
4952
4953
4954
4640
4637
1512
4935
4637
4648
5747
5749
5747
1515
4950
4950
4965
1506
1517
4963
4972
1517
1528
5731
6206
4976
4977
4978
4967
4979
1521
4982
4983
4984
2571
2571
542
4832
4989
4990
4991
4992
4993
4994
4995
4996
4997
4998
4999
5000
5001
5002
5003
5004
5005
5006
5007
5008
5009
5010
5011
5012
5013
5014
5015
5016
5017
5018
5019
5020
5021
5031
5023
5024
5025
5026
5027
5029
5030
5030
5031
5032
5033
5034
5035
5036
5037
5038
5039
5040
5041
5042
5043
5044
5045
5046
5047
5949
5049
5050
5051
5052
5053
5053
5055
5056
5057
5058
5059
5060
5061
5062
5063
5064
5065
5066
5067
5068
5069
5070
5071
5072
5073
5074
5075
5076
5077
5078
5079
5080
5081
5082
5083
5084
5085
5086
5087
5088
5089
5090
5091
5092
5093
5094
5095
5096
5097
5098
5099
5100
5101
5102
5103
5104
5105
5106
5107
5108
5109
5110
5111
5112
5113
5114
5115
5116
5117
5118
5119
5120
5121
2325
5123
5124
5125
5126
5127
5128
5129
5130
5131
5132
5133
5134
5135
5136
5137
5138
5139
5140
5141
5143
6023
1575
5142
5145
1576
5146
4531
1346
5151
5152
5153
5154
5157
5155
5166
1580
5156
5159
4603
5162
5163
5164
5165
5167
5167
1357
5170
5294
5171
5172
1416
4683
1416
5173
5174
4683
5179
4906
5179
4926
4921
4927
5185
5186
5187
4630
5189
5190
5192
5312
1584
5191
5195
5196
5197
5199
5200
4678
5203
4676
4679
4677
1463
6020
4798
5206
5241
5243
1592
204
1588
5208
5231
5216
5217
5218
5219
5222
1590
6021
5223
5224
5228
4757
4759
5226
5230
5240
1593
5217
5232
629
5235
1410
5238
5256
5237
1452
4716
202
4718
5246
1598
5247
1452
5233
1594
5250
5251
5252
200
200
1619
1451
2378
200
200
4820
2372
1601
1448
4764
1603
5268
5268
5272
1460
5266
5533
1589
4745
5274
5275
5276
5277
5278
5279
5280
5281
5282
5283
5284
5285
5286
5287
5288
5289
5290
5291
5292
5293
5148
1577
5297
5308
5298
5299
5300
5301
5303
5597
5304
1352
5306
5307
5194
5309
5310
5311
5312
5313
5314
5315
5316
5317
2377
1442
1442
5321
1429
5354
4710
5325
5328
5327
5328
5326
4629
1389
5330
2253
2251
5334
5336
5337
5338
5339
5340
5603
2239
1668
5710
5345
5346
4517
1424
5349
5350
4708
680
5375
1424
5355
5356
5357
5358
5359
5360
5361
5362
5363
5364
5365
5366
5370
1629
5369
5674
5371
5372
5633
5374
4692
4692
4693
5375
1422
5382
5380
5635
1635
1360
5392
5385
4565
5389
5406
4508
5392
5561
5393
4609
1384
5396
5396
1638
5399
1637
5571
5418
1639
1626
6129
5403
5407
5408
5409
5411
5422
5424
1640
1380
4601
5335
5343
5341
5448
5601
5421
5423
5595
1642
1620
6130
5493
5413
5431
5430
5719
5432
5433
5434
5435
4511
4513
4514
5443
5442
5469
5436
5438
5437
5379
5446
5592
5593
5450
5592
5452
5452
1375
5451
5459
5457
4509
5447
4506
5460
5461
5462
5463
5464
5465
5455
4689
5455
5438
1646
5456
5467
5473
5474
5475
5476
5476
1359
5479
4832
1328
1330
4697
521
5485
5329
5329
5495
1653
5494
4538
1316
5410
4538
5491
1654
5497
5498
5499
5500
5464
1472
1472
4686
4688
5504
5507
5509
5528
5178
5508
2396
4810
270
4778
535
4837
5176
5519
5520
5523
1652
5527
5525
4577
1364
4562
4684
5511
1655
2387
1481
4792
4792
5535
5536
5537
5335
5539
5729
5727
5727
2249
1498
1505
5542
5553
5548
5549
5550
5551
5552
1687
5728
1516
5555
5557
5558
5332
5560
4647
5562
5563
5564
5565
5566
5567
5568
5569
5568
4574
4572
5477
5573
5574
5576
5577
5578
5579
5580
5581
5582
5583
5584
5585
5586
5587
5588
5589
5590
5591
5454
5453
1645
5435
5596
5597
5709
4597
5709
5599
1378
1378
5604
5605
5606
5607
5608
5609
5610
5611
5612
5613
5614
5615
5616
5617
5618
5619
5620
5623
5621
5631
5624
5625
5626
5627
5628
1292
1289
4476
1274
5622
1634
4407
1275
5637
5638
5639
5640
5641
5642
5643
5644
5645
5646
5647
5648
5649
5650
5651
5652
5653
5654
4478
1317
5657
5658
5659
5660
5661
5662
5663
5664
5665
5666
5667
5668
5669
5670
5671
5672
5673
5675
6135
1677
5677
5678
5679
5680
5681
5682
5683
5684
5685
5686
5687
5688
5689
5690
5691
5692
5693
5694
5695
5696
5697
5698
5699
5700
5701
5702
5711
5704
5705
5706
5707
5708
1375
4597
4548
4596
6122
4596
6122
6122
5717
5718
5719
556
4931
1687
5749
1687
6124
5730
5730
5749
1689
5751
6206
5732
5733
5734
5735
5736
5737
5738
5739
5740
5741
5742
5743
5744
5745
5747
5747
1522
4984
4984
1532
5752
5753
5754
5755
5756
5757
5758
5759
5760
5761
5762
5763
5764
5765
5766
5767
5768
5769
5770
5771
5772
5773
5774
5775
5776
5777
5778
5779
5780
5781
5782
5783
5784
5785
5786
5787
5788
5789
5790
5791
5792
5793
5794
5795
5796
5797
5798
5799
5800
5801
5802
5803
5804
5805
5806
5807
5808
5809
5810
5811
5812
5813
5814
5815
5816
5817
5818
5819
5820
5821
5822
5823
5824
5825
5826
5827
5828
5829
5830
5831
5832
5833
5834
5835
5836
5837
5838
5839
5840
5841
5842
5843
5844
5845
5846
5847
5848
5849
5850
5851
5852
5853
5854
5855
5856
5857
5858
5859
5860
5861
5862
5863
5864
5865
5866
5867
5868
5869
5870
5871
5872
5873
5874
5875
5876
5877
5878
5879
290
4713
5882
5883
5884
5885
5886
5887
5888
5889
5890
5891
5892
5893
5894
5895
5896
5897
5898
5899
5900
5901
5902
5903
5904
5905
5906
5907
5908
5909
5910
5911
5912
5913
5914
5915
5916
5917
5918
5919
5920
5921
5922
5923
5924
5925
5926
5927
5928
5929
5930
5931
5932
5933
5934
5935
5936
5937
5938
5939
5940
5941
5942
5943
5944
5945
5946
5947
5948
5948
5950
5951
5952
5953
5954
5955
5956
5957
5958
5959
5960
5961
5962
5963
5964
5965
5966
5967
5968
5969
5970
5971
5972
5973
5974
5975
5976
5977
5978
5979
5980
5981
5982
5983
5984
5985
5986
5987
5988
5989
5990
5991
5992
5993
5994
5995
5996
5997
5998
5999
6000
6001
6002
6003
6004
6005
6006
6007
6008
6009
6010
6011
6012
6013
6014
6015
6016
6017
6018
6019
5239
6021
6022
6023
6024
6025
6026
6027
6028
6029
6030
6031
6032
6033
6034
6035
6036
6037
6038
6039
6040
6041
6042
6043
6044
6045
6046
6047
6048
6049
6050
6051
6052
6053
6054
6055
6056
6057
6058
6059
6060
6061
6062
6063
6064
6065
6066
6067
6068
6069
6070
6071
6072
6073
6074
6075
6076
6077
6078
6079
6080
6081
6082
6083
6084
6085
6086
6087
6088
6089
6090
6091
6092
6093
6094
6095
6096
6097
6098
6099
6100
6101
6102
6103
6104
6105
6106
6107
6108
6109
6110
6111
6112
6113
6114
6115
4854
1490
608
1507
4937
4937
1377
1377
4650
6125
5598
4634
5414
4598
5412
4737
6132
6133
6134
2381
4780
2546
680
5558
5352
4576
6142
6143
6144
6145
6146
4587
6124
1499
6124
4953
6152
6153
6154
6155
6156
6157
6158
6159
4378
6123
6162
6163
6164
6165
6166
6167
6168
6169
6170
6171
6172
6173
6174
6175
6176
6177
6178
6179
6180
6181
6182
6183
2176
4985
6186
6187
6188
6189
6190
6191
6192
6193
6194
6195
6196
6197
6198
5546
6200
6201
6202
6203
6238
6205
6206
6207
6208
6210
6210
6211
6212
6213
6214
6215
6216
6217
6218
6219
6220
6221
6222
6223
6224
6225
6226
6227
6228
6229
6230
6231
6232
6233
6234
6235
6236
6237
6238
6239
6240
6241
6242
6243
6244
6245
6246
6247
6248
6249
6250
6251
6252
6253
6254
6255
6256
6257
6258
6259
6260
6261
6262
6263
6264
6265
6266
6267
6268
6269
6270
6271
6272
6273
6274
6275
6276
6277
6278
6279
6280
6281
6282
6283
6284
6285
6286
6287
6288
6289
6290
6291
