0
1
2
3
99
5
3022
115
2914
9
10
11
12
13
14
15
16
17
18
19
20
2933
22
23
24
25
26
27
106
110
30
1948
879
883
34
35
36
37
38
39
40
49
42
43
44
45
46
1801
48
49
50
51
48
53
54
55
56
57
58
59
60
61
124
63
64
65
66
67
68
69
70
71
72
73
74
75
76
77
78
79
80
81
82
83
1801
355
2935
87
1979
89
90
91
92
93
94
95
96
97
98
99
100
101
4
107
5
107
3558
148
111
106
7
3558
3490
112
3489
1081
2923
117
118
881
2918
1947
880
123
2925
2926
2934
2931
128
129
130
131
132
119
119
135
136
137
138
139
140
144
144
39
160
145
146
147
148
149
150
151
52
152
41
8
896
157
158
159
160
161
162
896
164
165
159
166
38
169
169
171
172
173
174
175
198
539
1449
179
180
4717
182
183
184
185
186
187
188
189
190
191
4733
193
194
195
196
197
562
1447
1448
201
4721
4722
1435
205
206
207
208
209
2224
211
4811
4812
339
215
2196
217
218
219
219
221
222
223
224
225
226
227
228
229
230
231
232
233
234
296
236
237
238
239
240
241
242
243
244
245
246
247
248
249
250
251
252
253
254
216
256
4734
532
259
260
261
262
263
264
265
266
267
268
269
270
271
175
273
4815
4814
4753
4815
198
1448
1449
4756
4755
5320
4821
285
286
4713
4711
1431
290
293
292
4718
4723
4726
4724
4732
4730
299
300
301
302
303
288
305
306
307
308
309
310
311
313
2221
210
313
316
317
318
319
4813
321
322
220
212
323
1446
334
328
329
330
2221
332
333
334
335
336
329
338
337
340
340
342
343
344
1785
2704
347
1791
3507
3439
2152
2933
2937
20
21
356
1805
1804
1987
360
361
3557
363
364
365
1974
1975
25
3960
3960
2017
1848
949
3960
3088
3960
3957
3960
3142
4378
3073
3062
2016
2016
27
26
387
388
389
390
391
392
393
394
395
396
397
398
399
400
401
402
403
404
405
406
407
408
409
410
411
412
413
414
415
416
417
418
419
420
1962
2963
423
424
425
426
2990
3754
3990
3139
431
432
433
434
435
436
437
438
439
1845
1846
1845
1164
3094
3143
2742
447
448
449
450
451
452
453
454
455
456
457
458
459
460
461
462
463
464
465
466
467
468
469
470
471
472
473
474
475
476
477
478
479
480
481
482
483
484
485
486
487
488
489
490
491
492
493
494
495
2831
4381
2133
499
2811
501
502
503
504
505
506
507
508
509
510
2160
2820
2847
514
515
3188
3107
518
519
520
2182
522
523
2185
5271
5204
527
528
4733
191
4735
192
5470
534
2396
2200
2206
2204
4754
540
541
542
2384
2386
196
6124
6124
2246
2247
1498
6124
2246
5714
1685
6124
4959
6123
4858
2399
2247
2247
562
563
564
565
566
567
568
569
570
571
572
573
574
575
576
577
578
579
580
581
582
583
584
585
586
587
588
589
590
591
592
593
594
595
596
597
598
599
600
601
5257
603
604
605
5509
4928
4930
609
610
611
612
613
614
615
616
617
556
2247
6124
5714
4931
4957
624
625
626
627
628
629
630
631
632
633
634
635
636
637
638
639
640
641
642
643
644
645
646
647
648
649
650
651
652
653
654
655
656
657
658
659
660
661
662
663
664
665
666
667
668
669
670
671
672
673
674
4631
2542
6127
678
4611
5375
681
682
683
684
685
686
687
688
2564
4646
4621
692
693
1528
1685
696
697
698
4808
700
701
702
703
704
705
706
707
708
709
710
711
712
713
714
715
716
717
718
719
720
721
722
723
724
725
726
727
728
2754
730
731
732
733
734
735
736
737
738
739
740
741
742
743
744
745
746
747
748
749
750
751
752
753
754
755
756
757
758
759
760
761
762
763
2714
2699
2701
2715
3667
2706
770
771
3658
3651
774
775
776
777
778
779
780
781
782
783
784
2732
786
787
788
789
790
791
792
793
794
795
4556
797
798
799
2760
3633
3956
803
804
805
806
807
808
809
3385
2817
812
813
814
815
816
2795
2793
2849
820
2798
3572
3388
3387
2802
2804
827
828
829
830
831
832
938
3055
3422
3423
3781
3654
2837
840
841
842
3072
2017
845
2851
847
848
849
850
851
3461
3472
854
855
856
2140
2871
859
860
2879
2881
863
864
865
3624
3628
2889
869
870
871
2896
873
2902
2959
2906
877
902
3475
1076
3476
911
2949
884
912
1982
886
910
3003
3004
3591
111
2953
33
118
114
7
110
106
900
1961
2965
2983
2981
905
906
2977
908
909
1984
3444
3443
913
150
3013
917
1970
918
919
920
22
24
23
30
925
926
927
928
929
930
3759
932
3992
2017
3075
3058
3419
3421
3059
945
3132
3063
3056
3061
968
3163
3960
3140
4403
3092
3096
4374
953
3098
3129
3104
957
3126
1848
960
961
962
963
964
965
3057
3131
968
969
3163
3146
3147
3162
3162
973
3992
3973
978
979
961
3179
3165
2174
2176
3193
3182
6208
6208
3194
3197
991
6183
993
994
995
996
997
998
999
1000
1001
1002
1003
1004
1005
1006
1007
1008
1009
1010
1011
1012
1013
1014
1015
1016
1017
1018
1019
1020
1021
1022
1023
1024
1025
1026
1027
1028
1029
1030
1031
1032
1033
1034
1035
1036
1037
1038
1039
1040
1041
1042
1043
3433
1045
1046
1047
1048
1049
1050
1051
1052
1053
1054
1055
1056
1057
1058
1059
960
3410
969
1062
3426
1065
3437
3440
883
1069
1070
1071
1072
32
1074
1075
1074
902
879
1079
1080
3493
3492
1948
3501
3503
1086
1087
1088
1089
1090
1091
1092
1093
1094
1095
1096
1097
1098
1099
1100
936
1851
3571
3070
3577
1147
3581
1108
1109
1110
1111
1112
1113
1114
1115
1116
1117
1118
4383
3663
3690
3837
3734
3673
1125
3677
3682
3838
3693
1130
1131
1132
3737
3735
1135
3794
1166
3798
1139
1140
1141
1142
1143
1144
1145
1146
818
1148
1149
1150
1151
1152
1153
1154
1155
1156
1157
1158
1159
1160
1161
1162
1163
4377
3992
3994
1167
3995
1169
1170
1171
1172
1173
1174
1175
1176
1177
1178
1179
1180
1181
1182
1183
1184
1185
1186
1187
1188
1189
1190
1191
1192
1193
1194
1195
1196
1197
1198
1199
1200
1201
1202
1203
1204
1205
1206
1207
1208
1209
1210
1211
1212
1213
1214
1215
1216
1217
1218
1219
1220
1221
1222
1223
1224
1225
1226
1227
1228
1229
1230
1231
1232
1233
1234
1235
1236
1237
1238
1239
1240
1241
1242
1243
1244
1245
1246
1247
1248
1249
1250
1251
1252
1253
1254
1255
1256
1257
1258
1259
1260
1261
1262
1263
1264
1265
1266
1267
1268
1269
1270
1271
1272
1273
1274
1275
1276
1277
1278
1279
1280
1281
1282
1283
1284
1285
1286
1287
1288
1289
1290
1291
1292
1293
1294
1295
1296
1297
1298
1299
1300
4446
1302
1303
1304
1305
1306
1307
1308
1309
1310
1311
1312
1313
1314
1315
1316
1317
1318
1319
1320
1321
1322
1323
1324
1325
1326
1327
1328
1329
1330
4522
4521
4508
1334
1335
1336
1337
1338
5419
5412
1341
1342
1343
1344
1345
1346
1347
4540
1349
1350
1351
1352
1353
1354
1355
1356
1357
1358
1359
5394
4563
1378
1363
1364
1365
1366
1367
1368
4615
1370
1371
1372
1373
1374
4594
1376
4651
4593
552
2253
4604
5163
1383
1384
1385
1386
1387
1388
4916
1485
1380
5538
4640
4638
1395
1396
5721
2247
1399
4649
1401
4657
5323
1404
5236
5224
1407
1408
4671
2545
1411
4677
4679
1414
1415
1416
1417
5387
1419
4689
1421
4692
4693
1424
1425
1426
4701
4704
1429
5238
1595
1596
1596
1463
4747
1436
1462
1438
1441
4803
4802
4751
1443
204
289
1601
1447
1448
2557
1450
1451
1452
1453
1454
1455
1456
4778
4789
4838
1460
1440
5207
5206
1464
4806
1466
4813
4785
1469
4809
1471
197
193
195
194
201
1477
1478
1479
4834
5517
1482
5748
5730
4874
4856
4871
4923
1494
4875
4853
4860
4923
1510
6124
4891
6149
4888
6120
6119
1501
1502
4892
4897
5730
4927
4909
4913
4857
1510
4923
4936
4935
4950
4950
5747
1515
5730
1519
4927
4968
4951
695
4985
4963
4979
4593
6206
4977
1530
4981
4983
6182
1534
1535
1536
1537
1538
1539
1540
1541
1542
1543
1544
1545
1546
1547
1548
1549
1550
1551
1552
1553
1554
1555
1556
1557
1558
1559
1560
1561
1562
1563
1564
1565
1566
1567
1568
1569
1570
1571
1572
1573
1574
1575
1576
1577
1578
1579
1580
1581
1582
1583
1584
5201
5203
1435
1588
1589
1590
1591
203
1593
1594
1452
1593
4722
1598
1599
602
2373
4721
5265
5269
1605
1606
1607
1608
1609
1610
1611
1612
1613
1614
1615
1616
1617
1618
1619
1620
4915
2252
5340
5339
4865
1627
5710
1628
1629
1630
1631
1632
5376
1634
1635
1636
1637
1638
5418
5424
1648
5594
5493
5433
5434
1646
5444
1649
5451
1650
1651
1652
5496
5492
1655
1461
5552
1687
5554
1660
1661
1662
1663
1664
1665
1666
1667
4597
1669
1670
1671
1672
1673
1674
1675
1676
1677
1678
1679
1680
1681
1682
1683
1684
1400
5749
5750
1688
5751
1690
1691
1692
1693
1694
1695
1696
1697
1698
1699
1700
1701
1702
1703
1704
1705
1706
1707
1708
1709
1710
1711
1712
1713
1714
1715
1716
1717
1718
1719
1720
1721
1722
1723
1724
1725
1726
1727
1728
1729
1730
1731
1732
1733
1734
1735
1736
1737
1738
1739
1740
1741
1742
1743
1744
1745
1746
1747
1748
1749
1750
1751
1752
1753
1754
1755
1756
1757
1758
1759
1760
1761
1762
1763
1764
1765
1766
1767
1768
1769
1770
1771
1772
1773
1774
1775
1776
1777
1778
1779
1780
1781
1782
1783
1784
1787
1787
3729
1788
346
1786
346
1793
3506
350
1795
1796
86
353
2935
85
86
1985
1802
359
1985
1806
1807
1808
3038
1810
107
148
3013
3015
897
1817
1817
1818
1819
1820
1821
93
1823
1973
3960
3960
3960
3960
2017
1845
1846
2017
3965
3960
3960
3960
3960
3960
1164
3960
1164
3960
1164
1164
1849
379
1846
1849
3141
3064
942
3061
3064
3073
1846
1846
1846
2016
1859
1860
1861
1862
1863
1864
1865
1866
1867
1868
1869
1870
1871
1872
1873
1874
1875
1876
1877
1878
1879
1880
1881
1882
1883
1884
1885
1886
1887
1888
1889
1890
1891
1892
1893
1894
1895
1896
1897
1898
1899
1900
1901
1902
1903
1904
1905
1906
1907
1908
1909
1910
1911
1912
1913
1914
1915
1916
1917
1918
1919
1920
1921
1922
1923
1924
1925
1926
1927
1928
1929
1930
1931
1932
1933
1934
1935
1936
1937
1938
1939
1940
1941
1942
1943
1944
1945
3474
3474
902
3474
1074
1951
1952
1953
422
901
3492
112
110
1959
1960
1084
901
1959
1964
1965
1966
1967
1968
1969
51
144
1972
3755
427
888
2997
1978
2942
89
1983
1980
890
3002
889
1987
3771
428
949
3965
949
3138
1992
1993
1994
1995
1996
1997
1998
1999
2000
2001
2002
2003
2004
2005
2006
2007
2008
2009
1846
1846
1846
1845
1846
1846
2018
2018
3170
2019
446
2021
2022
2023
2024
2025
2026
2027
2028
2029
2030
2031
2032
2033
2034
2035
2036
2037
2038
2039
2040
2041
2042
2043
2044
2045
2046
2047
2048
2049
2050
2051
2052
2053
2054
2055
2056
2057
2058
2059
2060
2061
2062
2063
2064
2065
2066
2067
2068
2069
2070
2071
2072
2073
2074
2075
2076
2077
2078
2079
2080
2081
2082
2083
2084
2085
2086
2087
2088
2089
2090
2091
2092
2093
2094
2095
2096
2097
2098
2099
2100
2101
2102
2103
2104
2105
2106
2107
2108
2109
2110
2111
2112
2113
2114
2115
2116
2117
2118
2119
2120
2121
2122
2123
2124
2125
2126
2127
496
2831
2128
4401
2135
2133
2132
2135
2136
2137
2138
2139
2140
2141
2142
2143
2144
2145
2146
2147
2148
111
6
106
7
2153
2154
97
2156
2159
2159
2821
513
2161
2162
2163
2164
2165
2166
2167
2168
3187
3187
3187
988
517
370
2174
1843
2180
2178
2179
2180
2183
2182
2183
2181
2184
2186
521
2188
5270
2190
2191
526
257
4734
4735
215
258
2395
2395
535
2198
2205
2202
536
4836
1459
4814
2208
4813
4814
4754
2214
2212
4831
542
2219
266
543
2383
544
2221
2222
313
2224
2225
6124
6124
6124
6124
2246
6124
2247
4886
2246
6124
6124
6124
1685
1685
5714
1685
5714
6123
5714
1685
4932
4960
4932
2248
556
608
4859
2399
608
4858
6124
2247
6124
6124
2260
2261
2262
2263
2264
2265
2266
2267
2268
2269
2270
2271
2272
2273
2274
2275
2276
2277
2278
2279
2280
2281
2282
2283
2284
2285
2286
2287
2288
2289
2290
2291
2292
2293
2294
2295
2296
2297
2298
2299
2300
2301
2302
2303
2304
2305
2306
2307
2308
2309
2310
2311
2312
2313
2314
2315
2316
2317
2318
2319
2320
2321
2322
2323
2324
2325
2326
2327
2328
2329
2330
2331
2332
2333
2334
2335
2336
2337
2338
2339
2340
2341
2342
2343
2344
2345
2346
2347
2348
2349
2350
2351
2352
2353
2354
2355
2356
2357
2358
2359
2360
5237
5237
5239
5240
5238
2366
2366
2368
2370
5318
2371
2369
5257
2374
2375
2376
2377
2378
2379
2380
2381
2382
2385
1458
4796
1656
2388
4741
262
2394
1441
2394
4803
4801
2396
606
5528
6149
4928
6149
4886
2402
2403
2404
2405
2406
2407
2408
2409
2410
2411
2412
2413
2414
2415
2416
2417
2418
2419
6124
6124
6124
6124
6124
6124
6123
6124
6124
4957
4934
622
2367
2433
2434
2435
2436
2437
2438
2439
2440
2441
2442
2443
2444
2445
2446
2447
2448
2449
2450
2451
2452
2453
2454
2455
2456
2457
2458
2459
2460
2461
2462
2463
2464
2465
2466
2467
2468
2469
2470
2471
2472
2473
2474
2475
2476
2477
2478
2479
2480
2481
2482
2483
2484
2485
2486
2487
2488
2489
2490
2491
2492
2493
2494
2495
2496
2497
2498
2499
2500
2501
2502
2503
2504
2505
2506
2507
2508
2509
2510
2511
2512
2513
2514
2515
2516
2517
2518
2519
2520
2521
2522
2523
2524
2525
2526
2527
2528
2529
2530
2531
2532
2533
2534
4632
6147
2535
4631
2540
2540
679
2542
2543
2544
2545
2546
2547
2548
2549
2550
2551
2552
2553
2554
2555
4753
2557
2558
543
270
1470
4818
2565
690
4623
2565
2567
2568
2569
2570
6182
5731
6182
6182
694
2572
2244
4904
2579
2580
2581
2582
2583
2585
2585
2586
2589
2588
2589
2590
2591
2592
2593
2594
2595
2596
2597
2598
2599
2600
2601
2602
2603
2604
2605
2606
2607
2608
2609
2610
2611
2612
2613
2614
2615
2616
2617
2618
2619
2620
2621
2622
2623
2624
2625
2626
2627
2628
2629
2630
2631
2632
2633
2635
3563
2636
2637
729
2639
2640
2641
2642
2647
735
2645
737
2647
2648
2649
2650
2651
2652
2653
2654
2655
2656
2657
2658
2659
2660
2661
2662
2663
2664
2665
2666
2667
2668
2669
2670
2671
2672
2673
2674
2675
2676
2677
2678
2679
2680
2681
2682
2683
2684
2685
2686
2687
2688
2689
2690
2691
2692
2693
2694
2695
2696
2697
2702
764
2698
767
2712
2707
768
2703
765
3665
2708
2709
2710
2711
2713
3698
773
772
2716
2717
2718
2719
2720
2721
2722
2723
2724
2725
2726
2727
2728
2729
2730
2731
2732
2733
2734
2735
2736
2737
2738
2739
2740
2741
789
2741
2744
2745
2746
2747
2748
2749
2750
2753
2751
4555
796
2755
2756
2757
2758
2759
2130
497
498
2134
1164
1164
1164
3956
2768
2769
2770
2771
2772
2773
2774
2775
2776
2777
2778
2779
3384
2781
2782
2783
2784
2785
2786
2787
2788
2789
2790
2794
2791
819
3742
2795
2843
2798
2841
1838
2801
3386
824
2800
823
2805
2806
2807
830
2809
2810
2811
2808
2814
3646
2815
2813
825
2818
2819
2820
2845
2822
2823
2824
2825
3051
3055
3051
3422
938
837
3780
3654
2833
812
2836
2837
2838
2839
2836
373
3089
2017
373
2845
2846
845
2840
842
2848
839
2852
2853
2854
2855
2856
2857
2858
2859
2862
2861
3471
2863
2864
2865
2866
2867
2868
2872
2869
874
2900
2873
2874
2875
2876
2878
2878
860
2877
859
2882
2883
2884
2885
2886
2888
3627
867
2890
866
2893
1790
2894
2895
348
2897
2898
2899
2903
2901
875
3480
2904
2905
2906
2907
2908
2909
2910
2911
116
114
1077
1077
116
1949
3473
122
120
3473
3475
3476
62
2948
33
124
2948
2949
2948
126
2932
21
127
86
2944
2937
2944
2946
1982
2945
2942
1981
4385
3443
4385
4267
3466
3444
899
2950
1958
351
111
7
106
3558
2961
2959
2958
2961
2964
2962
3500
2965
2966
2967
2980
903
2970
2972
4390
2973
2971
2975
2976
2977
2978
2979
2982
3013
3007
916
2984
2985
2986
2987
2988
2989
907
2991
2992
2993
2994
2995
2998
2996
3757
3441
3441
3000
2994
360
913
3007
917
49
3008
3009
3010
3011
41
151
42
107
107
3017
101
3019
115
112
115
3023
3024
3025
3026
3027
3028
3029
3030
3031
3032
3033
3034
3035
3036
3037
3040
931
3758
3041
3042
3043
3044
1166
1166
2017
3991
1846
1846
3418
940
3417
1063
3420
3074
940
3075
3076
3074
3077
941
970
3078
940
3059
3058
939
3060
939
3056
429
1991
3134
968
3134
3098
3133
974
3960
3960
3960
1848
3965
3965
3140
950
444
3090
3091
3093
951
4373
952
3099
953
3095
3132
3099
3103
3100
3102
3125
958
3973
1846
3188
3973
3109
3110
3111
3112
3113
3114
956
3116
3117
3118
3119
3120
3121
3058
935
3058
3125
967
3128
3130
3129
3130
969
3134
3098
3134
3135
3136
3137
954
974
954
3144
971
972
3145
3145
3146
3147
3148
3149
3150
974
3163
3164
3960
3960
3960
3960
1846
3960
1846
1848
3111
3163
3162
978
3166
3163
3168
3168
3171
4375
3169
3172
3164
3162
973
3992
3163
961
3178
3166
975
3180
3183
3176
3974
6208
3974
3189
3190
3191
3192
3180
981
3193
3196
3197
3196
2172
2170
358
3202
3203
3204
3205
3206
3207
3208
3209
3210
3211
3212
3213
3214
3215
3216
3217
3218
3219
3220
3221
3222
3223
3224
3225
3226
3227
3228
3229
3230
3231
3232
3233
3234
3235
3236
3237
3238
3239
3240
3241
3242
3243
3244
3245
3246
3247
3248
3249
3250
3251
3252
3253
3254
3255
3256
3257
3258
3259
3260
3261
3262
3263
3264
3265
3266
3267
3268
3269
3270
3271
3272
3273
3274
3275
3276
3277
3278
3279
3280
3281
3282
3283
3284
3285
3286
3287
3288
3289
3290
3291
3292
3293
3294
3295
3296
3297
3298
3299
3300
3301
3302
3303
3304
3305
3306
3307
3308
3309
3310
3311
3312
3313
3314
3315
3316
3317
3318
3319
3320
3321
3322
3323
3324
3325
3326
3327
3328
3329
3330
3331
3332
3333
3334
3335
3336
3337
3338
3339
3340
3341
3342
3343
3344
3345
3346
3347
3348
3349
3350
3351
3352
3353
3354
3355
3356
3357
3358
3359
3360
3361
3362
3363
3364
3365
3366
3367
3368
3369
3459
3371
3372
3373
3374
3375
3376
3377
3378
3379
3380
3381
3382
3383
2803
826
2826
2826
2830
3389
3390
3391
3392
3393
3394
3395
3396
3397
3398
3399
3400
3401
3402
3403
3404
3405
3406
3407
3408
3110
960
3409
3110
3135
3137
3136
3130
3420
3416
3421
3130
969
3417
3419
3411
3424
1061
3427
3428
3429
3430
3432
3435
1066
3434
3436
2880
1067
2877
2881
861
3442
3442
1070
1069
126
125
2931
2999
3449
3450
3451
3452
3453
3454
3455
3456
3457
3458
3460
3464
858
2960
3462
3463
3465
3466
3467
3468
3469
3470
2870
857
3474
3483
1074
902
123
2925
122
3480
3481
3482
3483
3484
3485
3486
3487
3488
3476
3492
3476
2963
2963
2963
2963
116
114
118
117
3500
876
3504
908
3504
3502
3505
1085
3508
3509
3510
3511
3512
3513
3514
3515
3516
3517
3518
3519
3520
3521
3522
3523
3524
3525
3526
3527
3528
3529
3530
3531
3532
3533
3534
3535
3536
3537
3538
3539
3540
790
3542
3543
3544
3545
3546
3547
3548
3549
3550
3551
3552
3553
3554
3555
901
112
112
3559
3560
3561
3562
3564
5325
3565
3566
3567
3568
3052
3052
3124
843
381
1853
3570
3569
3067
3802
1101
1839
3955
3846
1840
3584
3585
3586
3587
3588
3589
1963
421
3592
3593
3594
3595
3596
3597
3598
3599
3600
3601
3602
3603
3604
3605
3606
3607
3608
3609
3610
3611
3612
3613
3614
3615
872
3617
3618
3619
3620
3621
3622
2762
800
3623
801
3629
766
3645
3630
3631
3632
2812
2812
512
511
3637
3638
3639
3640
3643
4382
3656
3641
3644
824
835
3647
3652
3649
1120
3661
822
3573
822
3657
4380
1121
3583
2828
3661
3662
1122
3664
3666
4384
1123
3668
3669
3670
3671
3672
3673
3674
2705
3675
769
3678
3679
3684
3676
1126
3681
3016
3685
3686
3688
3836
3687
1128
3694
3691
817
3694
3696
3699
3695
3689
2700
3700
3701
3702
3703
3704
3705
3697
3707
868
3683
1127
3711
3712
3713
3714
3715
3716
3717
3718
3716
3720
3721
3722
3723
3724
345
3726
3727
3728
3730
3736
1133
2734
3732
785
3735
3733
1134
3738
3739
3740
3741
3742
1969
3743
3745
3746
3747
3748
3749
3752
3750
3752
927
3754
2997
1984
1807
3751
3759
3760
3761
3762
3763
3764
3765
3766
3767
3768
3769
3770
3771
3772
3773
1980
3775
3776
3777
3778
3779
3782
1102
3795
3971
3971
1166
3088
949
934
3797
3788
3791
3792
1104
3803
382
1166
3993
976
3185
3800
3801
3057
3069
3804
3805
3806
3807
3808
3809
3810
3811
3812
3813
3814
3815
3816
3719
3817
3818
3822
1140
3822
1141
3824
3825
3826
3827
3828
3829
3830
3831
3832
3833
3834
3835
3692
1124
1129
3839
3840
3841
3952
3845
3953
2792
3956
3956
3848
3849
3850
3851
3852
3853
3854
3855
3856
3857
3858
3859
3860
3862
3862
3863
3864
3865
3866
3867
3868
3869
3870
3871
3872
3873
3874
3875
3876
3877
3878
3879
3880
3881
3882
3883
3884
3885
3886
3887
3888
3889
3890
3891
3892
3893
3894
3895
3896
3897
3898
3899
3900
3901
3902
3903
3904
3905
3906
3907
3908
3909
3910
3911
3912
3913
3914
3915
3916
3917
3918
3919
3920
3921
3922
3923
3924
3925
3926
3927
3928
3929
3930
3931
3932
3933
3934
3935
3936
3940
3938
1161
3940
3941
3942
3943
3944
3945
3946
3947
3948
3949
3950
3951
2792
2793
2743
4376
2850
4377
4377
4378
4377
3961
3962
3963
950
4403
1166
2017
1166
3991
1166
3975
3993
1168
1168
3994
3976
3977
3978
3982
3980
1167
3982
3983
2752
3985
3986
3988
3988
3989
974
3164
3164
982
3198
990
3996
3997
3998
3999
4000
4001
4002
4003
4004
4005
4006
4007
4008
4009
4010
4011
4012
4013
4014
4015
4016
4017
4018
4019
4020
4021
4022
4023
4024
4025
4026
4027
4028
4029
4030
4031
4032
4033
4034
4035
4036
4037
4038
4039
4040
4041
4042
4043
4044
4045
4046
4047
4048
4049
4050
4051
4052
4053
4054
4055
4056
4057
4058
4059
4060
4061
4062
4063
4064
4065
4066
4067
4068
4069
4070
4071
4072
4073
4074
4075
4076
4077
4078
4079
4080
4081
4082
4083
4084
4085
4086
4087
4088
4089
4090
4091
4092
4093
4094
4095
4096
4097
4098
4099
4100
4101
4102
4103
4104
4105
4106
4107
4108
4109
4110
4111
4112
4113
4114
4115
4116
4117
4118
4119
4120
4121
4122
4123
4124
4125
4126
4127
4128
120
1947
4131
4132
4133
4134
4135
4136
4137
4138
4139
4140
4141
4142
4143
4144
4145
4146
4147
4148
4149
4150
4151
4152
4153
4154
4155
4156
4157
4158
4159
4160
4161
4162
4163
4164
4165
4166
4167
4168
4169
4170
4171
4172
4173
4174
4175
4176
4177
4178
4179
4180
4181
4182
4183
4184
4185
4186
4187
4188
4189
4190
4191
4192
4193
4194
4195
4196
4197
4198
4199
4200
4201
4202
4203
4204
4205
4206
4207
4208
4209
4210
4211
4212
4213
4214
4215
4216
4217
4218
4219
4220
4221
4222
4223
4224
4225
4226
4227
4228
4229
4230
4231
4232
4233
4234
4235
4236
4237
4238
4239
4240
4241
4242
4243
4244
4245
4246
4247
4248
4249
4250
4251
4252
4253
4254
4255
4256
4257
4258
4259
4260
4261
4262
4263
4264
4265
4266
3466
4268
4269
4270
4271
4272
4273
4274
4275
4276
4277
4278
4279
4280
4281
4282
4283
4284
4285
4286
4287
4288
4289
4290
4291
4292
4293
4294
4295
4296
4297
4298
4299
4300
4301
4302
4303
4304
4305
4306
4307
4308
4309
4310
4311
4312
4313
4314
4315
4316
4317
4318
4319
4320
4321
4322
4323
4324
4325
4326
4327
4328
4329
4330
4331
4332
4333
4334
4335
4336
4337
4338
4339
4340
4341
4342
4343
4344
4345
4346
4347
4348
4349
4350
4351
4352
4353
4354
4355
4356
4357
4358
4359
4360
4361
4362
4363
4364
4365
4366
4367
4368
4369
941
3063
430
4373
4374
4375
2850
846
3173
944
3843
2833
3653
2797
3650
3509
4386
4387
4388
4389
3744
4391
421
4393
112
4395
4396
4397
4398
4399
4400
4401
3960
3097
1846
3166
4406
4407
4408
4409
4410
4411
4412
4413
4414
4415
4416
4417
4418
4419
4420
4421
4422
4423
4424
4425
4426
4427
4428
4429
4430
4431
4432
4433
4434
4435
4436
4437
4438
4439
4440
4441
4442
4443
4444
4445
4446
4447
4448
4449
4450
4451
4452
4453
4455
4455
4456
1307
4458
4459
4460
4461
4462
4463
4464
4465
4466
4467
4468
4469
4470
4471
4472
4473
4474
4475
4476
4477
4478
4479
4480
4481
4482
4483
4484
4485
4486
4487
4488
4489
4490
4491
4492
4493
4494
4495
4496
4497
4498
4499
4500
4501
4502
4503
4504
4505
4507
4520
1332
4509
4510
4511
4512
4513
4514
4515
4516
4517
4518
4519
4523
1339
1340
5458
4524
4525
4526
4527
4528
4529
4530
4531
4532
4533
4534
4535
4536
4537
4537
4539
1349
4541
4542
4543
4544
4545
4546
4547
4548
4549
4550
4551
4552
4553
4554
4557
1301
4557
4558
4559
4560
4561
4562
2537
2541
4564
677
5714
5714
5714
5714
4571
4572
4573
4574
4575
4576
4577
4578
4579
4580
4581
5161
4583
4584
4585
4586
4587
4588
4589
4590
4591
4592
4595
5717
5501
1377
4593
2431
5713
550
4642
4605
4602
1382
5162
4606
4607
4608
4609
4609
4611
4612
4613
4618
1381
4614
4617
5407
4619
4620
4623
4622
4645
4624
4625
4626
4849
5188
4852
4850
1392
4635
4634
5416
5536
4639
4636
4638
4639
1396
1498
5721
2246
2429
4645
1399
4647
4637
1393
4651
1394
4652
4653
4654
4658
4655
1403
4658
4659
4660
4661
5235
4663
4664
4665
4666
4667
4668
4668
4670
1427
4672
4673
4674
4675
4680
1411
4676
1414
4680
4681
4682
4683
4684
4685
4690
1418
4686
1421
5388
4695
524
4691
4694
5484
4696
4697
4698
4699
4700
1426
4702
2544
683
4703
4708
4707
4693
4709
4710
4713
202
5258
5255
287
293
203
2364
291
2364
5238
1596
235
4746
296
204
4748
4748
4747
297
4731
298
192
4734
4735
4736
4743
4744
2391
4745
4741
5531
4745
1462
6131
6020
5206
6020
4749
4750
4751
4752
4753
4754
4755
4756
4757
4758
4757
4760
4764
4761
4763
5264
4765
4766
4767
533
5471
4770
4771
4772
4773
4777
4774
540
4833
1480
4781
4780
4804
4782
4783
4784
1456
4786
4787
4775
1457
4788
4791
4792
4793
4794
4797
4795
5515
4799
5205
4799
4794
1464
537
4805
223
4806
4786
4808
1468
4807
4811
4812
320
4815
4815
4816
273
4790
4820
2369
4819
4822
4823
4824
4825
4826
4827
4828
4829
4830
4831
4832
4835
538
4987
4837
5516
1481
4839
4841
541
4842
5749
4928
2247
5749
6124
6124
5186
5187
5185
1489
4871
4871
4873
4874
4871
1493
4876
4925
4872
1489
4856
4855
4854
4854
4853
1487
4929
4929
4924
4923
4924
4922
4925
4925
6124
2247
6124
1685
4886
623
6149
4886
2430
4889
2430
1499
4958
6120
4890
4893
4893
1502
4896
1501
4897
4898
4898
4900
6124
6124
5730
5731
4905
4906
4907
4908
4909
4900
4911
4912
4913
4912
4856
4856
1485
4918
4920
4920
4921
4922
1510
4924
4894
4926
4927
1503
4895
4925
1512
1512
4935
4933
4937
1508
4939
1507
4939
4925
4952
4953
1685
1685
6124
6124
6124
2247
4908
4953
1519
4949
4927
4953
4914
4955
1513
4938
4956
4959
4952
5748
4952
4949
4950
4953
4950
1506
4964
4961
4972
4967
5731
1689
4593
4976
4977
4978
4967
4979
1521
4978
1529
4982
1527
2571
2201
4988
4989
4990
4991
4992
4993
4994
4995
4996
4997
4998
4999
5000
5001
5002
5003
5004
5005
5006
5007
5008
5009
5010
5011
5012
5013
5014
5015
5016
5017
5018
5019
5020
5021
5022
5023
5024
5025
5026
5027
5028
5029
5030
5031
5032
5033
5034
5035
5036
5037
5038
5039
5040
5041
5042
5043
5044
5045
5046
5047
5048
5049
5050
5051
5052
5053
5054
5055
5056
5057
5058
5059
5060
5061
5062
5063
5064
5065
5066
5067
5068
5069
5070
5071
5072
5073
5074
5075
5076
5077
5078
5079
5080
5081
5082
5083
5084
5085
5086
5087
5088
5089
5090
5091
5092
5093
5094
5095
5096
5097
5098
5099
5100
5101
5102
5103
5104
5105
5106
5107
5108
5109
5110
5111
5112
5113
5114
5115
5116
5117
5118
5119
5120
5121
5122
5123
5124
5125
5126
5127
5128
5129
5130
5131
5132
5133
5134
5135
5136
5137
5138
5139
5140
5141
5142
5143
5144
5145
5146
5147
5148
5149
5150
5223
5152
5153
5154
5155
5156
5157
5158
5159
5160
4603
4627
4629
5164
5165
5166
5167
5168
5169
5170
5171
5172
5173
5174
5175
5176
5177
5178
4906
4906
5179
4926
4921
4927
5187
5183
4921
5185
5181
5189
5191
5192
5193
5194
5198
5196
1585
5199
5200
5202
1586
4678
1413
1412
5208
1588
1589
5208
297
4730
295
4798
5213
5214
5215
5216
5217
5218
5219
5220
5221
5222
5225
1409
5228
4759
5226
5227
5229
5230
5231
5232
5233
5234
4669
1410
5240
1452
1593
5240
294
292
4724
5244
5245
5246
5247
5248
5249
5250
5251
5252
5258
5258
602
4762
1451
4762
5256
4713
290
1431
285
4705
1428
5266
5266
5268
5269
5267
1604
5272
5273
5274
5275
5276
5277
5278
5279
5280
5281
5282
5283
5284
5285
5286
5287
5288
5289
5290
5291
5292
5293
5294
5295
5296
5297
5298
5299
5300
5301
5302
5303
5304
5305
5306
5307
5308
5309
5310
5311
5312
5313
5314
5315
5316
5317
5318
5320
286
5321
5322
1429
5324
4449
5326
5327
5328
5329
4852
1486
4862
4870
4859
2254
1509
5336
5559
4867
5330
5603
2239
5600
5710
5345
5346
5347
5348
5349
5350
5351
5352
5378
5354
5355
5356
5357
5358
5359
5360
5361
5362
5363
5364
5365
5366
5367
5368
5369
5370
5371
5372
5373
5374
4693
1422
5375
5377
1633
5380
5381
5382
5383
4565
1360
5385
1361
5389
5406
1333
5391
5392
5393
4610
5395
691
5397
5398
689
5400
5401
5404
5402
5417
1639
5403
5409
1623
5421
5411
5422
1640
5410
5333
4600
559
5420
5341
1641
5601
4629
5423
5595
1642
5425
5426
1643
6130
5429
5430
5431
4546
5433
5432
5435
5436
5437
5438
5440
5469
5441
5438
5442
1646
5445
5446
5592
5593
5450
5592
5434
1644
1375
5434
5455
5456
5457
5449
5459
5460
5461
5462
5463
5464
5465
5456
5467
5468
5443
1647
5468
5472
5473
5474
5475
5476
5476
5478
5479
5480
5481
5386
5483
5484
5485
5329
5487
5488
5489
5495
4538
5492
1348
5491
5494
1654
5497
5498
5499
5500
5499
5502
5503
5504
5505
5506
5507
5510
1583
5510
5511
5508
4795
2393
2203
5512
5517
5518
5519
5520
5521
5522
5523
5524
5525
5526
5527
5528
5529
5530
2390
5532
5533
5534
5535
1622
5537
5334
6125
5729
5730
5729
2249
5721
618
5542
5726
5548
1625
1624
5560
558
5749
5748
1483
1516
5337
5558
4864
6116
5561
5562
5563
5564
5565
5566
5567
5568
5569
5570
5571
5572
5477
5573
5575
5576
5577
5578
5579
1663
5581
5582
5583
5584
5585
5586
5587
5588
5589
5590
5591
1645
5454
1645
5595
5596
5597
5709
5453
5709
5599
1378
1378
5604
5605
5606
5607
5608
5609
5610
5611
5612
5613
5614
5615
5616
5617
5618
5619
5620
5621
5622
5623
5624
5625
5626
5627
5628
5629
5630
5631
5632
5633
5634
5635
5636
5637
5638
5639
5640
5641
5642
5643
5644
5645
5646
5647
5648
5649
5650
5651
5652
5653
5654
5655
5656
5657
5658
5659
5660
5661
5662
5663
5664
5665
5666
5667
5668
5669
5670
5671
5672
5673
5674
5675
5676
5677
5678
5679
5680
5681
5682
5683
5684
5685
5686
5687
5688
5689
5690
5691
5692
5693
5695
5695
1681
5697
5698
5699
5700
5701
5702
5703
5704
5705
5706
5707
5708
1375
4597
5711
4596
6122
4596
6123
4960
5718
5718
5719
623
4888
5749
4928
5749
2247
5730
5730
5749
1689
5751
5751
5732
5733
5734
5736
5736
1688
5738
5739
5740
5741
5742
5744
5744
5745
4925
4952
1522
1522
4984
1532
5752
5753
5754
5755
5756
5757
5758
5759
5760
5761
5762
5763
5764
5765
5766
5767
5768
5769
5770
5771
5772
5773
5774
5775
5776
5777
5778
5779
5780
5781
5782
5783
5784
5785
5786
5787
5788
5789
5790
5791
5792
5793
5794
5795
5796
5797
5798
5799
5800
5801
5802
5803
5804
5805
5806
5807
5808
5809
5810
5811
5812
5813
5814
5815
5816
5817
5818
5819
5820
5821
5822
5823
5824
5825
5826
5827
5828
5829
5830
5831
5832
5833
5834
5835
5836
5837
5838
5839
5840
5841
5842
5843
5844
5845
5846
5847
5848
5849
5850
5851
5852
5853
5854
5855
5856
5857
5858
5859
5860
5861
5862
5863
5864
5865
5866
5867
5868
5869
5870
5871
5872
5873
5874
5875
5876
5877
5878
5879
293
4718
5882
5883
5884
5885
5886
5887
5888
5889
5890
5891
5892
5893
5894
5895
5896
5897
5898
5899
5900
5901
5902
5903
5904
5905
5906
5907
5908
5909
5910
5911
5912
5913
5914
5915
5916
5917
5918
5919
5920
5921
5922
5923
5924
5925
5926
5927
5928
5929
5930
5931
5932
5933
5934
5935
5936
5937
5938
5939
5940
5941
5942
5943
5944
5945
5946
5947
5948
5949
5950
5951
5952
5953
5954
5955
5956
5957
5958
5959
5960
5961
5962
5963
5964
5965
5966
5967
5968
5969
5970
5971
5972
5973
5974
5975
5976
5977
5978
5979
5980
5981
5982
5983
5984
5985
5986
5987
5988
5989
5990
5991
5992
5993
5994
5995
5996
5997
5998
5999
6000
6001
6002
6003
6004
6005
6006
6007
6008
6009
6010
6011
6012
6013
6014
6015
6016
6017
6018
6019
5231
6021
6022
6023
6024
6025
6026
6027
6028
6029
6030
6031
6032
6033
6034
6035
6036
6037
6038
6039
6040
6041
6042
6043
6044
6045
6046
6047
6048
6049
6050
6051
6052
6053
6054
6055
6056
6057
6058
6059
6060
6061
6062
6063
6064
6065
6066
6067
6068
6069
6070
6071
6072
6073
6074
6075
6076
6077
6078
6079
6080
6081
6082
6083
6084
6085
6086
6087
6088
6089
6090
6091
6092
6093
6094
6095
6096
6097
6098
6099
6100
6101
6102
6103
6104
6105
6106
6107
6108
6109
6110
6111
6112
6113
6114
6115
1488
4860
2399
4899
1504
4910
1377
4650
1400
6117
5598
5414
4601
4598
5413
5273
6132
6133
6134
6135
6136
6137
6138
6139
2369
6141
6142
6143
6144
6145
6146
4587
6124
1500
6124
4927
6152
6153
5693
6155
6156
6157
6158
6159
1846
6124
6162
6163
6164
6165
6166
6167
6168
6169
6170
6171
6172
6173
6174
6175
6176
6177
6178
6179
6180
6181
6182
6183
2176
4985
6186
6187
6188
6189
6190
6191
1530
6193
6194
6195
6196
6204
6198
5546
6200
6201
6202
6203
1064
6205
6206
6207
6208
6210
1525
6212
986
6213
6214
6215
6216
6217
6218
6219
6220
6221
6222
6223
6224
6225
6226
6227
6228
6229
6230
6231
6232
6233
6234
6235
6236
6237
1064
6239
6240
6241
6242
6243
6244
6245
6246
6247
6248
6249
6250
6251
6252
6253
6254
6255
4980
6257
6258
6259
6260
6261
6262
6263
6264
6265
6266
6267
6268
6269
6270
6271
6272
6273
6290
6275
6276
6277
6278
6279
6280
6281
6282
6283
6284
6285
6286
6287
6288
6289
6271
6269
