46
2
101
3018
368
5
6
111
8
9
10
894
132
13
14
15
16
17
18
19
1979
352
923
2155
922
368
26
27
28
28
30
31
1078
1068
34
35
160
146
38
39
40
49
154
168
37
147
37
45
48
49
50
386
48
53
54
55
56
57
58
59
60
61
62
63
64
65
2934
161
12
69
70
71
72
74
131
73
76
77
78
79
80
81
82
75
45
1800
1
2
94
23
2155
96
922
2155
922
100
3018
922
3018
102
3018
3018
368
105
5
105
106
107
28
28
108
106
7
110
114
7
116
117
118
119
120
121
122
3477
3478
3446
3445
3447
128
129
130
131
34
133
134
137
146
137
135
139
140
144
141
143
144
99
1972
99
148
149
150
151
52
152
41
156
156
157
158
159
160
138
3
163
164
165
159
166
38
151
169
217
264
4816
4817
545
176
177
280
179
180
181
1444
303
2224
185
186
187
188
189
190
2389
529
2560
1474
4817
545
197
198
199
199
201
202
5242
1587
205
206
2221
318
209
210
211
223
324
338
208
218
208
316
219
219
1472
222
185
224
225
226
227
228
229
230
231
232
233
234
235
236
237
307
236
240
241
242
243
246
245
302
247
248
249
250
251
252
253
245
218
173
172
2197
2560
271
1474
2217
1474
4816
4817
2560
4817
272
4817
1474
545
545
545
277
275
276
277
176
199
276
279
199
178
284
285
281
290
288
289
290
291
292
293
5241
5211
5243
5209
5210
299
300
301
302
205
304
305
308
306
308
207
310
311
313
313
314
313
2222
268
2222
319
320
321
322
220
212
323
327
327
328
329
330
331
307
196
334
335
336
329
209
337
320
340
1782
343
1783
345
346
347
348
349
350
899
352
353
1979
46
3710
357
1803
1805
1807
3036
106
1819
3034
3030
2991
1974
368
3783
3783
3785
1829
3787
1830
1832
372
1840
3783
3173
440
3574
3803
3785
3785
27
26
2081
1861
389
390
391
1910
393
394
395
396
397
398
399
400
401
402
403
404
405
1913
407
408
409
410
411
412
413
414
415
416
417
418
419
420
2950
4394
423
424
425
1972
2975
428
933
3064
4368
3887
433
434
435
436
437
438
439
934
3783
3785
3049
1849
379
2020
447
448
449
450
451
452
453
454
455
456
457
458
459
460
461
462
463
464
465
466
467
468
469
470
471
472
473
474
475
476
477
478
479
480
481
482
483
484
485
486
487
488
489
490
491
492
493
494
495
2835
2129
2132
3767
2824
3614
2909
503
2901
2906
2141
2815
2776
509
2147
3636
3635
2160
514
515
3105
517
2180
2179
520
521
522
523
524
525
526
4751
1443
529
2389
264
217
5470
534
2199
2201
2203
4835
276
2213
4829
4832
4788
4818
545
5540
5540
5541
2230
550
2232
2234
2239
549
4848
4960
618
5560
5334
5541
5541
198
563
2262
2492
566
567
568
569
2322
571
572
573
574
575
576
577
578
579
580
581
582
583
584
585
2323
587
588
589
590
591
592
593
594
595
596
597
598
599
600
601
4820
603
604
605
5528
4844
4859
6114
610
5643
612
613
614
615
616
617
4948
5541
4848
546
556
2248
2434
625
626
627
628
629
630
631
632
633
634
635
636
637
638
639
640
641
642
643
644
645
646
647
648
649
650
651
652
653
654
655
656
657
658
659
660
661
662
663
664
665
666
667
668
669
670
671
672
673
674
4632
2539
2538
5524
4626
5375
4709
682
4704
4702
2551
2587
4617
688
5399
2564
5396
692
693
4901
695
2581
2586
4576
4783
700
701
2665
3873
704
705
706
707
708
709
710
711
712
713
714
715
716
2619
3565
3855
3868
721
722
723
724
725
726
727
728
729
730
731
732
733
734
735
736
737
738
739
740
741
742
743
744
745
2734
3727
2668
2689
758
342
751
3670
2679
3700
6190
2737
2691
759
760
3630
2693
763
2699
2706
766
2701
2704
769
770
771
3643
2713
774
775
776
777
778
779
780
781
782
783
784
4384
3652
788
2740
2742
3541
2744
792
793
2749
795
796
797
798
799
2760
3634
3959
2768
4395
805
2773
2772
2781
2779
3385
2817
2785
813
814
815
816
817
3956
2794
3704
821
822
823
824
825
2804
827
829
512
3639
831
3816
2830
2828
3387
3388
837
2833
842
3740
3740
3741
1854
1829
2847
2850
3749
3749
849
850
2138
852
853
854
855
856
857
858
859
2879
3440
862
863
864
865
3625
867
868
3722
870
871
872
3482
874
2902
3501
877
1083
880
32
3498
2929
883
2933
2941
2942
1978
2997
2998
1980
3617
2956
3618
894
119
115
106
28
28
900
3556
3476
2969
2967
2973
2979
2975
908
1809
2996
911
2945
3004
150
151
386
386
905
906
919
923
922
2155
30
3024
3761
3753
928
3028
2978
3040
3029
3086
3785
936
834
2830
3423
3066
3058
941
944
966
382
3099
3097
1830
933
3090
2018
3171
3144
963
951
3102
6192
3148
6192
3785
3131
968
2853
3119
841
848
3570
956
3099
3126
3097
839
971
6236
6236
975
976
3108
3190
3192
968
981
982
983
2175
985
986
987
988
989
990
991
992
993
994
995
996
997
998
999
1000
1001
1002
1003
1004
1005
1006
1007
1008
1009
1010
1011
1012
1013
1014
1015
1016
1017
1018
1019
1020
1021
1022
1023
1024
1025
1026
1027
1028
1029
1030
1031
1032
1033
1034
1035
1036
1037
1038
1039
1040
1041
1042
1043
1044
1045
1046
1047
1048
1049
1050
1051
1052
3511
1054
1055
1056
1057
3406
3408
3131
1061
3126
3054
1064
1065
1066
1067
1068
1069
3443
1071
1072
10
1074
1075
1950
2923
1078
1079
1080
3022
3557
31
1959
1085
1086
1087
1088
1089
1090
1091
1092
1093
1094
1095
3540
1097
1098
1099
3841
3576
1102
1103
3578
1105
3581
3583
1108
1109
1110
1111
1112
3616
1114
1115
1116
3813
3814
4382
3689
3657
3837
3667
3671
3674
1126
1127
3843
3845
3702
1131
1132
1133
3733
3751
1136
1137
1138
1139
1140
1141
1142
1143
1144
1145
1146
802
1148
3854
1150
1151
3905
1153
1154
1155
3920
1157
1158
1159
1160
1161
1162
1163
3960
3086
1166
1167
1168
1169
1170
1171
1172
1173
1174
1175
1176
1177
1178
1179
1180
1181
1182
1183
1184
1185
1186
1187
1188
1189
1190
1191
1192
1193
1194
1195
1196
1197
1198
1199
1200
1201
1202
1203
1204
1205
1206
1207
1208
1209
1210
1211
1212
1213
1214
1215
1216
1217
1218
1219
1220
1221
1222
1223
1224
1225
1226
1227
1228
1229
1230
1231
1232
1233
1234
1235
1236
1237
1238
1239
1240
1241
1242
1243
1244
1245
1246
1247
1248
1249
1250
1251
1252
1253
1254
1255
1256
1257
1258
1259
1260
1261
1262
1263
1264
1265
1266
1267
1268
1269
1270
1271
1272
1273
4476
1275
5629
1277
1278
1279
1280
1281
1282
1283
1284
1285
1286
1287
1288
4430
5624
5611
5326
1293
1294
1295
1296
1297
1298
1299
1300
1301
1302
1303
1304
1305
1306
1307
1308
1309
1310
1311
1312
1313
1314
5486
4538
4477
4495
1320
518
1325
4488
5430
4482
4500
1326
1327
1328
4501
5391
4510
4508
1333
4513
4515
1336
1337
1338
5404
4523
1341
1342
1343
1344
1345
1346
1347
6130
5411
4549
4547
5305
1353
1354
4552
1356
1357
1358
1359
5395
4563
2426
4571
4577
1365
4575
4579
4581
4615
4585
1371
4590
1373
1374
1375
5465
4595
5714
1379
1380
1381
1382
1383
1386
5400
691
1387
5572
5163
4629
4634
1392
1394
5499
5500
5500
2253
2230
4646
4650
2547
1402
1403
1404
1405
1406
1407
1408
1409
1410
1411
1412
5203
4679
1415
1416
1417
5384
5482
1420
1421
4692
4693
1424
5245
4701
1427
5265
1429
1602
5262
203
1432
4729
1435
216
255
4741
4742
4797
2390
5378
1633
1444
289
284
199
199
276
1450
5318
5238
4766
4768
1482
4776
4774
4775
2205
1460
4795
4744
1463
4801
1472
320
321
1456
1455
4788
221
197
2560
4817
1474
201
4824
5510
4826
4777
4837
4830
4883
5541
1486
1390
4864
1488
4856
1492
1509
558
1514
4893
2232
1498
1483
2430
4933
4958
1507
4899
1500
1508
5541
4922
4914
1395
5332
4893
1503
1393
1512
1511
1511
1516
1517
4903
4978
1510
1521
1522
1523
2577
1525
1526
1527
1528
1529
1530
1531
1532
1533
1534
1535
1536
1537
1538
1539
1540
1541
1542
1543
1544
1545
1546
1547
1548
1549
1550
5026
1552
1553
1554
1555
1556
2457
1558
1559
1560
1561
1562
1563
1564
1565
1566
1567
1568
1569
1570
1571
1572
1573
1574
1575
1576
1577
1578
1579
1580
1581
1582
5178
1584
1585
1586
1587
1588
5207
1590
1591
181
1593
1594
1431
2363
5242
4763
1599
4821
4821
202
2374
1604
1605
1606
1607
1608
1609
1610
1611
1612
1613
1614
5302
1616
1617
1618
4749
5597
5340
1622
1623
1624
5338
5342
5344
1628
1629
1630
1631
1632
5376
1634
1635
1636
5570
5568
6128
5449
5420
5594
5427
5433
5432
1646
1647
5601
5599
5461
1651
1652
1653
5494
5512
5513
1657
1658
1659
1660
1661
1662
1663
1664
1665
1666
1667
1362
1669
5609
1671
1672
5661
1674
1675
1676
5675
1678
1679
1680
1681
1682
1683
1684
5716
4883
1687
1688
1689
1690
1691
1692
1693
1694
1695
1696
1697
1698
1699
1700
1701
1702
1703
1704
1705
1706
1707
1708
1709
1710
1711
1712
1713
1714
1715
1716
1717
1718
1719
1720
1721
1722
1723
1724
1725
1726
1727
1728
1729
1730
1731
1732
1733
1734
1735
1736
1737
1738
1739
1740
1741
1742
1743
1744
1745
1746
1747
1748
1749
1750
1751
1752
1753
1754
1755
1756
1757
1758
1759
1760
1761
1762
1763
1764
1765
1766
1767
1768
1769
1770
1771
1772
1773
1774
1775
1776
1777
1778
1779
1780
343
2692
343
1781
1785
1786
1785
1788
1789
1790
1791
1792
1793
1794
1795
1796
45
90
1
1800
45
1803
1803
1802
357
1810
361
1806
358
3201
107
107
151
3680
899
1818
1818
3033
365
2156
2153
2155
1821
2990
3783
3783
3050
3783
371
934
3783
1833
1833
3050
1830
3050
3083
3083
3082
375
1842
3783
1842
3106
1845
1846
440
1845
3173
1851
4379
382
1851
381
934
934
934
3785
1860
4195
387
1860
1863
1864
1865
1866
1867
1870
392
3238
1871
1872
1873
1874
1875
1876
1877
1878
1879
1880
1881
1882
1883
1884
1885
1886
1887
1888
1889
1890
1891
1892
1893
1894
1895
1896
1897
1898
1899
1900
1901
1902
1903
1904
1905
1906
1907
1908
1909
405
1909
1912
1915
1914
1915
1916
1917
1918
1919
1920
1921
1922
1923
1924
1925
1926
1927
1928
1929
1930
1931
1932
1933
1934
1935
1936
1937
1938
1939
1940
1941
1942
1943
1944
1945
2918
2918
881
1947
2922
1952
1952
1951
2149
892
3557
2149
2950
1963
502
1962
421
3590
1967
1964
425
3900
144
1968
39
141
1972
907
2976
2990
2977
1823
367
23
1984
3756
2943
889
2996
1805
1986
1985
1988
3046
1988
429
432
3890
1994
1992
1996
1997
1998
1999
2000
2001
2002
2003
2004
2005
2006
2007
2008
2009
383
383
934
934
3161
442
2016
2016
1849
1953
420
1953
2022
2023
2024
2025
2026
2027
2028
2029
2030
2031
2032
2033
2034
2035
2036
2037
2038
2039
2040
2041
2042
2043
2044
2045
2046
2047
2048
2049
2050
2051
2052
2053
2054
2055
2056
2057
2058
2059
2060
2061
2062
2063
2064
2065
2066
2067
2068
2069
2070
2071
2072
2073
2074
2075
2076
2077
2079
3928
2078
424
2082
2083
2084
2085
2086
2087
2088
2089
2090
2091
2092
2093
2094
2095
2096
2097
2098
2099
2100
2101
2102
2103
2104
2105
2106
2107
2108
2109
2110
2111
2112
2113
2114
2115
2116
2117
2118
2119
2120
2121
2122
2123
2124
2125
2126
2127
4401
496
2131
4401
2823
499
2811
2825
2137
2904
505
2136
2140
2143
2142
4393
2143
2145
2146
506
2145
899
106
899
2956
2153
2154
922
2989
2158
3635
2158
511
2161
2162
2163
2164
2165
2166
2167
2168
2172
2170
2171
3186
2174
2174
983
2173
520
2177
520
4499
2181
2182
2181
2184
2185
2186
2187
2188
2189
2190
2191
2192
218
172
264
218
2197
534
534
2198
2201
2204
538
4987
536
2202
275
5441
320
275
276
2214
541
4831
2214
2559
2560
4790
4790
2559
313
2222
313
210
331
5540
5540
5540
4848
548
5540
1484
2233
548
2232
4848
2232
4878
552
4879
4878
2245
4902
2245
5540
2246
2247
4960
2246
618
2252
6125
559
2252
558
1484
5541
5540
1484
2263
2263
565
5946
2264
2265
2266
2267
2268
2271
2270
5029
570
2273
2274
2275
2276
2277
2278
2279
2280
2281
2282
2283
2284
2285
2286
2287
2288
2289
2290
2291
2292
2293
2294
2295
2296
2297
2298
2299
2300
2301
2302
2303
2304
2305
2306
2307
2308
2309
2310
2311
2312
2313
2314
2315
2316
2317
2318
2319
2320
2319
563
2324
2324
2325
2326
2327
2328
2329
2330
2331
2332
2333
2334
2335
2336
2337
2338
2339
2340
2341
2342
2343
2344
2345
2346
2347
2348
2349
2350
2351
2352
2353
2354
2355
2356
2357
2358
2359
2360
4718
4718
4722
2362
1431
2368
2366
2368
2555
2555
4749
2555
4819
2377
2378
681
5351
2371
2380
5656
604
2379
4789
4775
1457
1458
195
2562
2217
2393
5531
1461
4795
1440
2199
2395
2397
2398
607
2400
4846
611
2402
2404
5644
2406
2407
2408
2409
2410
2411
2412
2413
2414
2415
2416
2417
2418
2419
2257
4948
2257
560
2256
4847
4947
619
4848
2429
556
2429
2367
2367
601
2435
2436
2437
2438
2439
2440
2441
2442
2443
2444
2445
2446
2447
2448
2449
2450
2451
2452
2453
2454
2455
2456
638
2458
2459
2460
2461
2462
2463
2464
2465
2466
2467
2468
2469
2470
2471
2472
2473
2474
2475
2476
2477
2478
2479
2480
2481
2482
2483
2484
2485
2486
2487
2488
2489
2490
2494
605
2491
5684
2495
2496
2497
2498
2499
2500
2501
2502
2503
2504
2505
2506
2507
2508
2509
2510
2511
2512
2513
2514
2515
2516
2517
2518
2519
2520
2521
2522
2523
2524
2525
2526
2527
2528
2529
2530
2531
2532
2533
2534
6147
6147
2536
675
4624
4625
4611
678
2544
4703
2545
2543
683
687
2548
2550
687
2549
2549
685
199
276
276
1443
4790
1474
1474
4788
2566
689
2566
5396
2567
2568
2569
2570
2572
4973
2573
2574
2578
2575
1523
2578
2579
2579
686
2584
697
2585
507
507
2589
698
6139
2590
2591
2592
2593
2594
703
2667
3874
2598
2599
2600
2601
2602
2603
2604
2605
2606
2607
2608
2609
2610
2611
2612
2613
2614
2615
2616
2617
2618
719
2621
3568
3856
2622
2624
2625
2626
2627
2628
2629
2630
2631
2632
2633
2634
2635
2636
2637
2638
2639
2640
2641
2642
2643
2644
2645
2646
2647
2648
2649
2650
2651
2652
2653
2654
2655
2656
2657
2658
2659
2660
2661
2662
2663
747
746
2731
3728
720
3870
2669
2623
2686
2689
2687
2688
2686
3738
1784
753
2678
2736
750
6190
787
2735
2687
2690
342
758
2692
759
2692
2693
760
2694
2696
2697
2700
765
2700
2701
2698
2705
2704
2705
2706
2703
2708
2709
2710
2711
2715
772
764
3641
2716
2717
2718
2719
2720
2721
2722
2723
2724
2725
2726
2727
2728
2729
2730
2732
3650
786
3734
2738
2738
788
2739
2729
784
2743
446
3954
790
2741
2746
2747
2748
2749
2750
2751
2752
2753
2754
2755
2756
2757
2758
2759
498
2130
3633
500
1835
1831
3158
3154
2770
2768
508
2770
805
2773
2773
2776
2776
2780
2777
810
3384
811
2774
2782
807
806
2786
2787
2788
2789
2790
2791
2792
2793
820
3961
2796
2797
2798
2796
2800
2801
2802
2803
2804
2805
2806
2807
3639
2822
2822
2824
830
2813
2814
2815
2813
825
2816
2818
512
2159
3638
832
3640
3768
2829
2826
835
3386
836
2832
3778
837
2831
812
3739
2839
3740
3739
3741
2844
2841
1832
2844
2159
2845
513
2849
3742
819
2849
3748
3749
3748
3748
2857
3559
2858
2856
2860
2861
2862
2863
2864
2865
2866
2867
2868
2869
2870
2871
2872
2873
2874
2875
2876
2880
2878
861
3438
2881
2882
2883
2884
2885
2886
2887
3624
2889
2891
761
2892
2893
2894
2895
2896
2897
2898
2899
2900
873
874
2903
2905
3500
876
2910
2907
501
3614
2911
2916
3022
3496
895
8
2920
2917
1073
58
2918
880
1083
62
2925
2926
61
2925
883
2928
2934
2932
355
2934
1801
2935
1978
2936
2938
2942
884
367
1975
2939
885
2944
2947
2948
2949
3618
3618
2951
3618
28
106
28
106
2960
875
3462
2958
2963
3492
2962
902
2970
356
2966
503
2970
2974
2971
932
929
363
2979
2978
363
3042
2968
904
49
903
3041
3041
2973
2985
2979
2975
2975
2976
1808
909
360
2992
930
2977
930
3001
2999
3448
889
3757
1983
49
386
49
906
2988
2988
2985
41
151
154
107
105
3017
3018
2976
2954
2955
7
3025
926
3760
927
3023
762
3030
2696
2695
3031
3033
3034
1817
364
3035
1804
3038
359
3042
3043
3029
3028
3796
3796
3785
933
3783
3967
2827
834
2826
833
3422
3065
3067
3052
3059
939
3062
4370
3061
4371
3123
3071
3123
3070
3068
3802
3570
3072
1853
3076
3075
3095
3152
3079
3151
1830
1830
1830
1829
3046
3046
3048
3045
2016
2016
445
3143
3170
972
3141
4374
4375
3093
3096
957
3149
3120
3148
3116
6192
959
384
977
3967
3135
3128
961
3189
3137
3118
3121
2855
964
2854
841
2854
848
3569
3569
2828
3114
3115
3101
3103
953
3125
3104
3095
3097
3095
3127
955
967
4403
4403
3092
3172
2851
3142
3169
3168
2837
3146
840
2852
848
3153
954
3138
1830
1830
1830
3050
3783
3050
934
3785
3163
3134
3167
3196
3098
954
2839
842
3141
3144
2848
846
3174
3167
3176
3177
3166
3136
3180
3134
3182
3183
3184
3185
3186
3187
3188
3191
991
3191
1530
3193
3194
3195
3197
6214
990
3199
3199
3202
3720
3203
3204
3205
3206
3207
3208
3209
3210
3211
3212
3213
3214
3215
3216
3217
3218
3219
3220
3221
3222
3223
3224
3225
3226
3227
3228
3229
3230
3231
3232
3233
3234
3235
3236
3238
1862
1862
3240
3241
3242
3243
3244
3245
3246
3247
3248
3249
3250
3251
3252
3253
3254
3255
3256
1018
3258
3259
3260
3261
3262
3263
3264
3265
3266
3267
3268
3269
3270
3271
3272
3273
3274
3275
3276
3277
3278
3279
3280
3281
3282
3283
3284
3285
3286
3287
3288
3289
3290
3291
3292
3293
3294
3295
3296
3297
3298
3299
3300
3301
3302
3303
3304
3305
3306
3307
3308
3309
3310
3311
3312
3313
3314
3315
3316
3317
3318
3319
3320
3321
3322
3323
3324
3325
3326
3327
3328
3329
3332
3332
2080
3333
3334
3335
3336
3337
3337
3339
3340
3341
3342
3343
3344
3345
3346
3347
3348
3349
3350
3351
3352
3353
3354
3355
3356
3357
3358
3359
3360
3361
3362
3363
3364
3365
3366
3367
3368
3369
3370
3371
2778
3373
809
808
3376
3377
3378
3379
3380
3381
3382
3383
2803
826
3386
3387
3388
3389
3390
3391
3392
3393
3394
3395
3396
1053
3398
3399
3400
3401
3402
3403
3404
3403
864
3405
1057
3110
960
3411
3128
3127
967
955
3125
3053
3051
937
3416
1062
2826
2830
3424
3425
3426
3427
3428
3429
3430
3431
3432
3433
3434
3435
3436
3437
3436
3439
1067
3000
3442
912
3444
3445
3446
3447
2932
3449
3450
3451
3452
3453
3454
3455
3456
3457
3458
3459
3460
3461
3463
3463
3464
3465
3466
3467
3468
3469
3470
3471
3472
1949
3473
3475
1948
3477
3478
10
3480
3481
1079
3483
3484
3485
3486
3487
3488
3496
3557
3496
3491
2914
1954
2914
8
115
118
117
2964
1084
3502
3503
3504
3505
3506
3507
3508
4385
3510
3511
3512
2670
3514
3515
3516
3517
3518
3519
3520
3521
3522
3523
3524
3525
3526
3527
3528
3529
3530
3531
3532
3533
3534
3535
3536
3537
3538
3539
3540
795
3540
3541
3544
3545
3546
3547
3548
3549
3550
3551
3552
3553
3554
3555
1958
7
110
3561
3560
3562
3562
3563
3564
1096
3567
3543
3542
3571
1101
3660
3572
3573
1102
3575
3660
3575
3578
3579
2799
1840
3580
821
3584
3585
3586
3587
3588
3589
3592
2951
3615
3593
3594
3595
3596
3597
3598
3599
3600
3601
3602
3603
3604
3605
3606
3607
3608
3609
3610
3611
3612
3613
2895
3614
872
1113
1113
3619
3620
3621
3622
801
2762
3626
3632
3627
3628
3629
1116
3631
3804
2808
828
3637
1117
3814
3637
1118
3815
3642
4381
1119
3644
3645
3646
3647
3648
3651
2714
3698
1120
3653
3654
3655
3659
1107
3656
4383
3660
3664
1100
3687
3839
2707
3665
768
2021
3668
344
2745
2745
3671
789
3675
3676
3677
3679
3709
3678
3681
3682
3683
3678
2735
2737
3690
1128
1121
4380
3691
3691
3693
1125
3695
3696
3697
3658
3699
2674
752
2675
2680
754
3703
3706
3707
3708
3683
3710
3711
3712
3713
3714
3715
3719
3717
3718
3817
3720
3721
761
3723
3724
3725
3726
1100
3566
3729
3730
3731
1123
3667
3666
3733
3730
3736
1784
3701
3701
1130
3705
1968
2972
869
869
3032
6190
6190
3754
428
3750
1058
3754
2977
2997
3037
1987
3758
3407
1059
2819
3763
3764
3765
3766
3769
804
2775
3770
2884
3752
3773
888
3775
3776
3777
3779
3779
3780
3781
3782
3967
3784
1137
1833
843
3788
3789
3790
3791
3792
3793
3794
3795
3796
3797
3798
3799
3800
3801
3577
1104
2846
845
3806
3807
3808
3809
3810
2148
3811
510
2769
2769
2771
3818
3819
3812
3820
3821
3822
3823
3824
3825
3826
3827
3828
3829
3830
3831
3832
3833
3834
3835
3692
1124
3842
791
2744
790
3844
1106
2767
1147
1839
2766
3848
3849
3850
3851
2748
3852
794
794
3854
3857
3858
3859
3860
3861
3862
3863
3864
3865
1134
3867
1149
1149
3869
3871
3872
718
2620
3735
3876
3877
3878
3879
3880
3881
3882
3883
3884
3885
3886
3888
3888
3889
3888
3891
3892
3893
3894
3895
3896
3897
3898
717
2671
3901
3902
3903
3904
3853
3906
3907
3908
3909
3910
3911
3912
3913
3914
3915
3916
748
3918
3918
3920
3921
3922
3923
3924
3925
3926
3927
3928
3929
3930
3931
3932
3933
3934
3935
3936
3937
3938
3939
3940
3941
3942
3943
3944
3945
3946
3947
3948
3949
3950
3951
3953
3955
3947
3958
1164
380
2014
1855
1847
3962
3963
3669
3045
444
3796
3785
3084
933
3085
3971
948
3973
3974
3975
3976
3977
3978
3979
3980
3981
3982
3983
3984
3985
3986
3987
3988
3989
3153
3138
3990
3993
3995
3995
3996
3997
3998
3999
4000
4001
4002
4003
4004
4005
4006
4007
4008
4009
4010
4011
4012
4013
4014
4015
4016
4017
4018
4019
4020
4021
4022
4023
4024
4025
4026
4027
4028
4029
4030
4031
4032
4033
4034
4035
4036
4037
4038
4039
4040
4041
4042
4043
4044
4045
4046
4047
4048
4049
4050
4051
4052
4053
4054
4055
4056
4057
4058
4059
4060
4061
4062
4063
4064
4065
4066
4067
4068
4069
4070
4071
4072
4073
4074
4075
4076
4077
4078
4079
4080
4081
4082
4083
4084
4085
4086
4087
4088
4089
4090
4091
4092
4093
4094
4095
4096
4097
4098
4099
4100
4101
4102
4103
4104
4105
4106
4107
4108
4109
4110
4111
4112
4113
4114
4115
4116
4117
4118
4119
4120
4121
4122
4123
4124
4125
4126
4127
4128
120
121
4131
4132
4133
4134
4135
4136
4137
4138
4139
4140
4141
4142
4143
4144
4145
4146
4147
4148
4149
4150
4151
4152
4153
4154
4155
4156
4157
4158
4159
4160
4161
4162
4163
4164
4165
4166
4167
4168
4169
4170
4171
4172
4173
4174
4175
4176
4177
4178
4179
4180
4181
4182
4183
4184
4185
4186
4187
4188
4189
4190
4191
4192
4193
4194
4197
1156
4389
3919
4199
4200
4201
4202
4203
4204
4205
4206
4207
4208
4209
4210
4211
4212
4213
4214
4215
4216
4217
4218
4219
4220
4221
4222
4223
4224
4225
4226
4227
4228
4229
4230
4231
4232
4233
4234
4235
4236
4237
4238
4239
4240
4241
4242
4243
4244
4245
4246
4247
4248
4249
4250
4251
4252
4253
4254
4255
4256
4257
4258
4259
4260
4261
4262
4263
4264
4265
4235
4267
4268
4269
4270
4271
4272
4273
4274
4275
4276
4277
4278
4279
4280
4281
4282
4283
4284
4285
4286
4287
4288
4289
4290
4291
4292
4293
4294
4295
4296
4297
4298
4299
4300
4301
4302
4303
4304
4305
4306
4307
4308
4309
4310
4311
4312
4313
4314
4315
4316
4317
4318
4319
4320
4321
4322
4323
4324
4325
4326
4327
4328
4329
4330
4331
4332
4333
4334
4335
4336
4337
4338
4339
4340
4341
4342
4343
4344
4345
4346
4347
4348
4349
4350
4351
4352
4353
4354
4355
4356
4357
4358
4359
4360
4361
4362
4363
4364
4365
4366
4367
1152
4369
3069
1852
1850
3147
3145
3145
4376
4377
4378
3795
3582
2834
838
3655
3666
2946
4386
4387
4388
2598
2971
4391
2951
4393
2955
508
4396
4397
4398
4399
4400
499
1830
3091
3783
3098
1276
4407
4408
5630
4474
4411
4412
4413
4414
4415
4416
4417
4418
4419
4420
4421
4422
4423
4424
4425
4426
4427
4428
4429
1291
4432
5612
5327
4433
4435
4436
4437
4438
4439
4440
4441
4442
4443
4444
4445
4446
4447
4448
4449
4450
4451
4452
4453
4454
4455
4456
4457
4458
4459
4460
4461
4462
4463
4464
4465
4466
4467
4468
4469
4470
4471
4472
1315
5487
4537
1316
1290
4431
4480
5625
4494
4494
4496
4497
4495
5497
4489
1323
2178
4543
4541
6190
4484
4497
1325
518
4498
4499
4499
1326
4501
4502
4503
4505
1327
4509
4506
4508
4509
1334
4511
4511
4513
4514
4515
4516
4517
4518
4519
4507
5402
1331
1339
4524
4525
4526
4527
4528
4529
4530
4531
4532
4533
4534
4535
4536
4540
5493
1349
5410
4542
4544
4542
4534
4548
4545
1352
5711
624
4550
4551
4552
4553
4554
4555
4556
4557
4558
4559
4560
4561
4562
676
679
5394
2537
4880
4943
4946
2231
4573
4573
698
4571
4575
4576
4576
4579
4579
4582
1369
5161
4580
4578
1367
1366
4584
4588
4589
4590
4591
4592
4593
5717
1376
4596
4597
4598
4598
4600
4601
4602
4603
4604
4605
4606
4607
4608
5400
1385
4626
5397
691
4614
1381
4614
4617
4618
4616
4619
691
5397
2565
1388
5526
5401
4628
5162
1389
4627
4635
1370
4631
4634
5535
5498
5499
5498
5500
4638
4642
4642
2234
4641
2565
2564
4645
4651
4651
1377
5501
5507
5507
5507
4658
4655
4657
5321
4659
4660
4661
4662
4663
4664
4665
4666
4667
4668
4669
4670
4671
4672
4673
4674
4675
4678
4677
5202
1413
4680
4681
4682
4683
4684
4685
4686
5386
4687
4689
4690
4691
4692
4693
4694
4695
4696
4697
4698
4699
4700
1427
1425
4705
1428
5264
4708
1423
5375
680
4706
4715
1445
5260
4821
179
4719
1592
4716
231
4718
1602
1432
235
4724
235
1444
4724
4727
1435
4732
4730
4732
532
218
2388
172
4735
255
4742
1438
2383
2385
1438
1437
1438
4746
1434
4748
5379
4751
5379
5379
199
276
199
276
4759
4757
5226
1426
4762
5258
1452
4761
4769
682
4765
533
4769
4772
4770
1479
1482
540
4776
4840
540
4777
4767
1453
223
1454
4839
4839
4776
4784
4773
4776
4774
4775
2206
1459
4791
537
1480
4778
1480
4800
4798
5212
4803
2394
5515
223
223
1472
4785
4784
4785
4785
212
324
320
277
277
4817
545
4775
528
2555
178
4825
4822
1478
5518
1329
4828
4504
4503
4829
4831
4832
2212
4833
542
2200
535
4836
4841
4841
4829
4826
5553
1483
5541
5553
5540
5725
4630
5188
4627
1390
4862
1487
4855
4852
4863
4861
6117
4858
6116
4917
4917
4867
4868
4865
5332
5559
4869
2254
4873
4942
4892
1494
4940
4941
2232
2230
2232
2232
4846
4843
5721
4846
2429
622
4885
4934
4931
1513
4957
6120
4910
4896
4890
6121
4939
4939
4937
4913
1505
5540
5725
1518
4906
4921
4976
1506
4912
1508
4652
4654
4654
1395
5330
4629
5330
4909
4900
4897
4898
1501
4892
4892
4895
4920
1502
6149
4891
6149
4959
4649
4956
4932
4955
4636
4639
4936
4652
4929
4928
1503
2231
2231
4848
5540
1484
5541
4950
4924
4951
4954
4894
1503
4638
4637
4932
4933
4648
1400
4961
4962
4963
4954
4953
4924
4967
4927
4969
4970
4971
4972
4973
4974
4975
4977
4977
1529
4979
4980
4981
4983
6233
1532
4985
4985
4988
5480
4989
4990
4991
4992
4993
4994
4995
4996
4997
4998
4999
5000
5001
5002
5003
5004
5005
5006
5007
5008
5009
5010
5011
5012
5013
5014
5015
5016
5017
5018
5019
5020
5021
5022
5023
5024
5025
5026
5027
5029
5029
2261
5031
5032
5033
5034
5035
5036
5037
5038
5039
5040
5041
5042
5043
5044
5045
5046
5047
1555
5049
5050
5051
5052
5053
5054
5055
5056
5057
5058
5059
5060
5061
5062
5063
5064
5065
5066
5067
5068
5069
5070
5071
5072
5073
5074
5075
5076
5077
5078
5079
5080
5081
5082
5083
5084
5085
5086
5087
5088
5089
5090
5091
5092
5093
5094
5095
5096
5097
5098
5099
5100
5101
5102
5103
5104
5105
5106
5107
5108
5109
5110
5111
5112
5113
5116
5116
2493
5117
5118
5119
5120
5121
5122
5122
2460
5125
5126
5127
5128
5129
5130
5131
5132
5133
5134
5135
5136
5137
5138
5139
5140
5141
5142
5143
5144
5145
5146
5147
5148
5149
5150
5151
4583
1368
5154
5155
5156
5157
5158
5159
5160
4603
5162
5163
5164
5165
5166
5167
5168
5169
5170
5171
5172
5173
5174
5175
5174
5176
1417
4906
4921
5181
4920
4918
1502
4851
4849
5183
4627
5189
5190
5191
5192
5193
5194
5195
5196
5197
5198
5199
5200
5201
5200
1586
5204
4799
5206
1462
5205
5209
5210
5211
4731
5213
5214
5215
5216
5217
5218
5219
5220
5221
5222
5223
5224
5225
5227
5227
5228
5229
5230
5231
5232
5233
5234
5235
5236
2364
2365
1596
5237
5241
292
5243
5244
1598
5246
5247
5248
5249
5250
5251
5252
5260
5260
4821
5253
2372
4713
4713
179
290
289
284
4764
1603
5266
5267
5268
5269
5270
5271
5272
6131
5274
5275
5276
4479
5278
5279
5280
5281
5282
5283
5284
5285
5286
5287
5288
5289
5290
5291
5292
5293
5294
5295
5296
5297
5298
5299
5300
5301
5302
5302
5302
1354
5306
5307
5308
5309
5310
5311
5312
5313
5314
5315
5316
5317
527
178
281
5322
5324
5323
4710
5325
1615
5304
5303
5328
5331
5421
1621
5333
1622
5335
5336
5337
5338
5336
5421
4599
1379
5341
553
5345
5346
5347
5348
5349
5350
5378
4751
5377
5354
5355
5356
5357
5358
5359
5360
5361
5362
5363
5364
5365
5366
5367
5368
5369
5370
5371
5372
5373
5374
4693
1422
5375
5377
1633
5380
5381
5382
5383
1360
5392
5385
4565
5388
5389
5390
1636
5561
5393
4610
1384
5398
5398
5570
1638
1637
5571
5405
5403
1639
6127
5406
5407
5408
5409
5412
1640
5458
1340
5414
5415
5416
5418
6129
5417
1626
5421
5423
5595
5447
1620
4512
1335
5426
2433
519
5429
4546
1350
5432
4546
5436
5437
5438
5440
5469
5439
5442
5443
5444
5439
4541
5448
6126
1641
1648
5451
1644
5453
5451
5455
5456
5457
5419
5459
4483
4483
1319
4487
5463
1322
5466
5467
5468
5443
5470
5471
5472
5473
5474
5475
5477
5573
5478
5479
5480
5481
1330
5483
5484
5485
5328
5329
5488
5489
5490
1643
5494
5428
5427
5490
5496
2178
5462
1650
5462
5464
6136
4771
1419
1419
4827
6190
5509
5509
1583
5508
606
4778
4796
4834
2396
5516
5177
4620
5520
5521
1372
5523
5525
4577
1364
5527
4684
5511
1655
5514
5532
5533
4838
5535
5536
5537
5538
5539
5725
1658
5542
2233
1397
5545
5546
5547
5548
5549
5550
5551
5551
5553
5554
5555
5556
5557
5558
5339
1625
4647
1399
5563
5564
5565
5566
2580
696
5567
4574
4574
4572
5574
5575
5569
5576
5577
5578
5579
5580
5581
5582
5583
5584
5585
5586
5587
5588
5589
5590
5591
5454
5598
1645
1351
4547
1352
5600
1668
4568
1627
4567
4569
5604
5605
5606
5607
5608
1355
5610
5304
5609
5613
5614
5615
5616
5617
5618
5619
5620
5621
5622
1654
1670
5626
1670
5627
5628
1292
4434
5492
5632
5633
5634
5635
5636
5637
5638
5639
5640
5641
5642
5646
5646
5645
5661
5647
5648
5649
5650
5651
5652
5653
5654
1289
4478
5657
5658
5659
5660
5610
5662
5663
5664
5665
5666
5667
5668
5669
5670
5671
5672
1317
5674
5675
5676
5677
5678
5679
5680
5681
5682
5683
5684
5685
5686
5687
5688
5689
5690
5691
5692
5693
5694
5695
5696
5697
5698
5699
5700
5701
5702
5703
5704
5705
5706
5707
5708
5710
5712
5703
5713
557
1685
6161
2250
5718
5719
5431
4887
623
5553
1483
4881
5541
4884
5727
5723
5729
5730
5731
5732
5733
5734
5735
5736
5737
5738
5739
5740
5741
5742
5743
5744
5745
4929
4930
5746
5749
5750
5751
5752
5753
5754
5755
5756
5757
5758
5759
5760
5761
5762
5763
5764
5765
5766
5767
5768
5769
5770
5771
5772
5773
5774
5775
5776
5777
5778
5779
5780
5781
5782
5783
5784
5785
5786
5787
5788
5789
5790
5791
5792
5793
5794
5795
5796
5797
5798
5799
5800
5801
5802
5803
5804
5805
5806
5807
5808
5809
5810
5811
5812
5813
5814
5815
5816
5817
5818
5819
5820
5821
5822
5823
5824
5825
5826
5827
5828
5829
5830
5831
5832
5833
5834
5835
5836
5837
5838
5839
5840
5841
5842
5843
5844
5845
5846
5847
5848
5849
5850
5851
5852
5853
5854
5855
5856
5857
5858
5859
5860
5861
5862
5863
5864
5865
5866
5867
5868
5869
5870
5871
5872
5873
5874
5875
5876
5877
5878
5879
291
293
5882
5883
5884
5885
5886
5887
5888
5889
5890
5891
5892
5893
5894
5895
5896
5897
5898
5899
5900
5901
5902
5903
5904
5905
5906
5907
5908
5909
5910
5911
5912
5913
5914
5915
5916
5917
5918
5919
5920
5921
5922
5923
5924
5925
5926
5927
5928
5929
5930
5931
5932
5933
5934
5935
5936
5937
5938
5939
5940
5941
5942
5943
5944
5945
5947
6135
1677
5676
5950
5951
5952
5953
5954
5955
5956
5957
5958
5959
5960
5961
5962
5963
5964
5965
5966
5967
5968
5969
5970
5971
5972
5973
5974
5975
5976
5977
5978
5979
5980
5981
5982
5983
5984
5985
5986
5987
5988
5989
5990
5991
5992
5993
5994
5995
5996
5997
5998
5999
6000
6001
6002
6003
6004
6005
6006
6007
6008
6009
6010
6011
6012
6013
6014
6015
6016
6017
6018
5987
6020
6021
6022
6023
6024
6025
6026
6027
6028
6029
6030
6031
6032
6033
6034
6035
6036
6037
6038
6039
6040
6041
6042
6043
6044
6045
6046
6047
6048
6049
6050
6051
6052
6053
6054
6055
6056
6057
6058
6059
6060
6061
6062
6063
6064
6065
6066
6067
6068
6069
6070
6071
6072
6073
6074
6075
6076
6077
6078
6079
6080
6081
6082
6083
6084
6085
6086
6087
6088
6089
6090
6091
6092
6093
6094
6095
6096
6097
6098
6099
6100
6101
6102
6103
6104
6105
6106
6107
6108
6109
6110
6111
6112
6113
1673
6115
4866
2255
2251
4938
4935
4936
6122
6123
6124
5552
5343
4633
1391
6129
5428
4745
6132
6133
6134
4408
4770
6137
4751
6139
2555
698
6142
6143
6144
6145
6146
678
4878
4888
5540
4894
6152
6153
6154
6155
3338
5123
6158
6159
3050
619
6162
6163
6164
6165
6166
6167
6168
6169
6170
6171
6172
6173
6174
6175
6176
6177
6178
6179
6180
6181
1533
992
2175
2577
6186
6187
6188
6189
2740
1953
1530
2367
6194
6195
6196
6238
6198
6199
6200
6201
6202
6203
6238
6193
1528
6191
988
6209
6210
6211
6212
6213
6214
982
979
6217
6218
6219
6220
6221
6222
6223
6224
6225
6226
6227
6228
6229
6230
6231
6232
6233
6234
979
982
6237
6238
6218
6240
6241
6242
6243
6244
6245
6246
6247
6248
6249
6250
6251
6252
6232
6254
6234
6256
6257
6258
6259
6260
6261
6262
6263
6264
6265
6266
6267
6268
6269
6270
6271
6272
6273
6274
6275
6276
6277
6278
6279
6280
6281
6282
6283
6284
6285
6286
6287
6288
6272
6274
6269
