355
91
92
96
25
150
149
3497
1083
2920
61
2926
138
130
50
69
81
18
68
131
354
884
921
1822
2155
368
386
169
3558
3558
3499
121
123
882
137
158
146
147
159
140
56
48
153
154
45
91
44
1
51
48
13
139
51
60
55
60
16
17
2919
64
83
63
63
65
18
67
2931
161
67
77
19
77
76
12
132
68
130
130
19
19
78
75
73
68
1
2933
2936
88
1979
1979
1979
354
921
921
1822
94
922
923
3018
100
3018
3018
25
148
170
148
3557
148
3557
3558
3557
3497
924
924
3499
3496
2915
881
2917
895
10
122
124
11
125
883
2932
3448
34
34
139
132
135
895
3498
136
145
36
37
140
160
1971
1971
386
142
3
99
95
150
35
157
38
26
143
152
3496
3496
14
15
49
142
46
2
164
165
80
41
154
154
159
43
171
172
173
174
175
320
4821
5263
4715
4719
232
1444
183
184
222
243
252
233
237
246
191
4733
1473
1475
1474
545
210
340
4756
5320
5261
293
4722
1435
205
330
207
208
329
210
225
219
324
337
215
216
217
218
219
219
221
184
222
229
187
229
226
188
188
232
230
234
189
236
4723
238
237
238
4732
242
185
248
190
237
244
183
248
299
190
251
253
254
245
189
255
256
257
192
259
260
261
262
263
264
265
2217
267
268
269
2560
271
175
4817
275
319
5319
275
320
5320
4821
5319
5320
1476
5263
5261
1476
4712
1445
291
202
181
296
292
4723
4726
4724
4732
4730
300
300
302
303
303
1445
304
306
307
308
309
310
311
313
331
210
315
316
317
318
206
209
328
206
220
212
325
5260
5260
241
223
186
331
332
333
335
336
250
212
329
324
209
338
342
343
344
345
346
347
348
349
3439
107
884
2937
354
2933
2967
357
358
359
360
361
149
363
364
365
1974
1975
368
4378
4378
1845
1846
1988
4378
1832
3960
1164
4378
3172
4378
4372
3069
1845
1845
169
386
387
388
389
390
391
392
393
394
395
396
397
398
399
400
401
402
403
404
405
406
407
408
409
410
411
412
413
414
415
416
417
418
419
420
1954
3493
423
424
425
426
2990
428
3140
3079
431
432
433
434
435
436
437
438
439
3173
4378
1846
4378
3141
3142
446
447
448
449
450
451
452
453
454
455
456
457
458
459
460
461
462
463
464
465
466
467
468
469
470
471
472
473
474
475
476
477
478
479
480
481
482
483
484
485
486
487
488
489
490
491
492
493
494
495
2835
497
498
499
2812
3592
1959
2969
504
505
506
507
508
509
510
2160
2159
2847
514
515
4377
3960
518
519
520
2182
522
523
524
5271
5204
280
277
4733
191
531
532
4768
534
535
536
537
538
4821
540
541
542
543
544
545
6124
6124
2249
2247
2398
6124
2233
1685
5716
6124
4959
6124
4866
2254
2246
2246
340
563
564
565
566
567
568
569
570
571
572
573
574
575
576
577
578
579
580
581
582
583
584
585
586
587
588
589
590
591
592
593
594
595
596
597
598
599
600
601
5258
603
604
605
606
4929
4940
609
610
611
612
613
614
615
616
617
2247
2247
6124
1685
4932
4931
624
625
626
627
628
629
630
631
632
633
634
635
636
637
638
639
640
641
642
643
644
645
646
647
648
649
650
651
652
653
654
655
656
657
658
659
660
661
662
663
664
665
666
667
668
669
670
671
672
673
674
4632
676
677
678
4610
5353
681
682
2547
684
685
686
687
688
689
4646
2565
692
693
5714
5716
696
697
698
699
700
701
702
703
704
705
706
707
708
709
710
711
712
713
714
715
716
717
718
719
720
721
722
723
724
725
726
727
728
729
730
731
732
733
734
735
736
737
738
739
740
741
742
743
744
745
746
747
748
749
750
751
752
753
754
755
756
757
758
759
760
761
762
763
764
765
766
2715
768
769
770
771
3658
773
774
775
776
777
778
779
780
781
782
783
784
785
786
787
788
789
790
791
792
793
794
795
796
797
798
799
800
801
4376
2769
2771
805
2774
3769
808
809
810
811
812
813
814
815
816
2795
2793
2849
820
2798
3572
823
824
825
826
827
828
2821
2810
831
2824
937
3124
835
836
837
3654
2836
840
841
842
3073
1845
845
2848
847
848
849
850
851
3461
853
854
855
856
857
2871
859
860
2879
2881
863
864
865
866
867
868
869
870
2910
872
873
874
875
876
877
1949
3475
3475
120
3444
911
2945
912
1982
2940
3756
889
3004
898
3020
351
66
2917
2916
3497
3558
3558
900
2963
3474
2983
915
905
906
2977
908
909
1984
1069
3443
913
157
38
3006
1970
918
2989
2156
921
2155
1822
3499
925
926
927
928
929
930
931
932
3993
1845
3058
3052
938
3419
3056
3075
3074
3063
3057
3062
968
3098
4378
4403
3091
3170
4373
3147
3102
3095
3129
3115
3117
958
1846
960
3136
3150
3148
3119
3121
3122
3131
968
969
3098
3168
3145
3162
3162
975
3992
3973
978
979
3136
981
3165
2174
2176
985
986
6208
819
989
990
991
2792
993
994
995
996
997
998
999
1000
1001
1002
1003
1004
1005
1006
1007
1008
1009
1010
1011
1012
1013
1014
1015
1016
1017
1018
1019
1020
1021
1022
1023
1024
1025
1026
1027
1028
1029
1030
1031
1032
1033
1034
1035
1036
1037
1038
1039
1040
1041
1042
1043
1044
1045
1046
1047
1048
1049
1050
1051
1052
1053
1054
1055
1056
1057
1058
1059
960
1061
969
3421
1064
1065
1066
3440
882
1069
1070
1071
1072
61
3467
1075
1074
3473
123
1079
1080
2914
3491
121
1084
3503
1086
1087
1088
1089
1090
1091
1092
1093
1094
1095
1096
1097
1098
1099
1100
3569
4379
1103
3802
1105
1147
3581
1108
1109
1110
1111
1112
3618
1114
1115
1116
1117
3638
4383
3663
3690
3837
1123
3673
1125
1126
1127
3838
3693
1130
1131
1132
1133
1134
1135
1136
1166
3798
1139
1140
1141
1142
1143
1144
1145
1146
818
1148
1149
1150
1151
1152
1153
1154
1155
1156
1157
1158
1159
1160
1161
1162
1163
2850
3993
3994
1167
3995
1169
1170
1171
1172
1173
1174
1175
1176
1177
1178
1179
1180
1181
1182
1183
1184
1185
1186
1187
1188
1189
1190
1191
1192
1193
1194
1195
1196
1197
1198
1199
1200
1201
1202
1203
1204
1205
1206
1207
1208
1209
1210
1211
1212
1213
1214
1215
1216
1217
1218
1219
1220
1221
1222
1223
1224
1225
1226
1227
1228
1229
1230
1231
1232
1233
1234
1235
1236
1237
1238
1239
1240
1241
1242
1243
1244
1245
1246
1247
1248
1249
1250
1251
1252
1253
1254
1255
1256
1257
1258
1259
1260
1261
1262
1263
1264
1265
1266
1267
1268
1269
1270
1271
1272
1273
1274
1275
1276
1277
1278
1279
1280
1281
1282
1283
1284
1285
1286
1287
1288
1289
1290
1291
1292
1293
1294
1295
1296
1297
1298
1299
1300
1301
1302
1303
1304
1305
1306
1307
1308
1309
1310
1311
1312
1313
1314
1315
1316
1317
1318
1319
1320
1321
1322
1323
1324
1325
1326
1327
1328
1329
1330
1331
1332
1333
1334
1335
1336
1337
1338
1339
1340
1341
1342
1343
1344
1345
1346
1347
1348
1349
1350
1351
1352
1353
1354
1355
1356
1357
1358
1359
1360
1361
5714
1363
4572
1365
5525
4578
1368
1369
4587
1371
1372
1373
1374
4594
1376
4651
4596
4600
5333
1381
1382
1383
1384
4612
4623
1387
5401
1389
4916
5416
1392
4640
4638
1395
1396
4870
2246
1399
4648
1401
1402
1403
1404
1405
5224
1407
1408
1409
1410
1411
4677
4679
1414
1415
1416
1417
1418
1419
1420
1421
1422
1423
1424
1425
1426
1427
4704
1429
1595
293
1596
5239
4747
4747
1436
1437
1438
1439
1440
1441
6138
4752
4726
231
179
4756
5320
4821
1450
4762
1452
4780
1466
1455
1456
1457
1458
1459
1460
1461
5207
5206
1464
4806
1467
209
1468
1469
1470
1471
210
1473
1474
1475
5261
1477
1478
1479
1480
1481
1482
5748
2246
4856
4852
4853
4873
4874
4860
4862
4861
1511
1510
5716
4889
4929
4957
4938
6120
4899
1502
4894
4910
2247
4927
4937
4914
4915
1510
1511
4955
4935
4954
4954
5723
4967
5729
1519
4927
1521
4951
5545
2576
4971
4980
6206
6206
1529
1530
1531
4983
6182
1534
1535
1536
1537
1538
1539
1540
1541
1542
1543
1544
1545
1546
1547
1548
1549
1550
1551
1552
1553
1554
1555
1556
1557
1558
1559
1560
1561
1562
1563
1564
1565
1566
1567
1568
1569
1570
1571
1572
1573
1574
1575
1576
1577
1578
1579
1580
1581
1582
1583
1584
5201
5203
1435
1588
1589
1590
1591
232
5230
1594
5238
1593
4722
1598
1599
5254
179
293
1603
5269
1605
1606
1607
1608
1609
1610
1611
1612
1613
1614
1615
1616
1617
1618
2370
1620
5330
6125
1623
1624
5559
5344
1668
1628
1629
1630
1631
1632
5379
1634
1635
1636
1637
1638
1639
1640
5448
5594
1643
1644
1645
1646
1647
5593
5453
1650
1651
1652
1653
1654
1655
1656
1657
5726
5555
1660
1661
1662
1663
1664
1665
1666
1667
1378
1669
1670
1671
1672
1673
1674
1675
1676
1677
1678
1679
1680
1681
1682
1683
1684
6122
5749
5750
1688
5751
1690
1691
1692
1693
1694
1695
1696
1697
1698
1699
1700
1701
1702
1703
1704
1705
1706
1707
1708
1709
1710
1711
1712
1713
1714
1715
1716
1717
1718
1719
1720
1721
1722
1723
1724
1725
1726
1727
1728
1729
1730
1731
1732
1733
1734
1735
1736
1737
1738
1739
1740
1741
1742
1743
1744
1745
1746
1747
1748
1749
1750
1751
1752
1753
1754
1755
1756
1757
1758
1759
1760
1761
1762
1763
1764
1765
1766
1767
1768
1769
1770
1771
1772
1773
1774
1775
1776
1777
1778
1779
1780
1781
1782
1783
1784
1785
1785
1787
1788
1786
1790
1791
1792
3506
1794
1795
1796
2935
89
2936
2933
2935
1802
1803
1804
1805
1806
1807
1808
1809
1810
148
148
157
148
149
1816
1817
1818
1819
1820
1820
921
1823
1973
4378
4378
4378
4378
1845
1846
1846
1848
1989
4378
4378
4378
3960
1846
1164
1829
1164
4378
1164
4377
3173
3173
3173
379
3172
4371
944
4370
942
3073
1846
1846
1846
1845
1859
1860
1861
1862
1863
1864
1865
1866
1867
1868
1869
1870
1871
1872
1873
1874
1875
1876
1877
1878
1879
1880
1881
1882
1883
1884
1885
1886
1887
1888
1889
1890
1891
1892
1893
1894
1895
1896
1897
1898
1899
1900
1901
1902
1903
1904
1905
1906
1907
1908
1909
1910
1911
1912
1913
1914
1915
1916
1917
1918
1919
1920
1921
1922
1923
1924
1925
1926
1927
1928
1929
1930
1931
1932
1933
1934
1935
1936
1937
1938
1939
1940
1941
1942
1943
1944
1945
3474
32
3473
3474
1074
1951
1952
1953
1081
1956
3495
1081
3021
1961
1084
2962
3494
1962
1964
1965
1966
1967
1968
1969
1970
1971
1972
1976
427
888
2997
22
2942
1979
1983
1980
890
3002
889
1985
1986
1987
3048
3090
3048
3140
1992
1993
1994
1995
1996
1997
1998
1999
2000
2001
2002
2003
2004
2005
2006
2007
2008
2009
4378
4378
4378
1846
4378
4378
379
379
3142
2019
2020
2021
2022
2023
2024
2025
2026
2027
2028
2029
2030
2031
2032
2033
2034
2035
2036
2037
2038
2039
2040
2041
2042
2043
2044
2045
2046
2047
2048
2049
2050
2051
2052
2053
2054
2055
2056
2057
2058
2059
2060
2061
2062
2063
2064
2065
2066
2067
2068
2069
2070
2071
2072
2073
2074
2075
2076
2077
2078
2079
2080
2081
2082
2083
2084
2085
2086
2087
2088
2089
2090
2091
2092
2093
2094
2095
2096
2097
2098
2099
2100
2101
2102
2103
2104
2105
2106
2107
2108
2109
2110
2111
2112
2113
2114
2115
2116
2117
2118
2119
2120
2121
2122
2123
2124
2125
2126
2127
2128
2129
2130
2131
2134
2132
2134
500
2136
2137
2138
2139
2140
2141
2142
2143
2144
2145
2146
2147
2148
3022
3022
897
3022
1821
2153
923
366
513
2157
2159
2160
2161
2162
2163
2164
2165
2166
2167
2168
3187
3187
2792
988
1827
4404
2174
516
2180
2178
2179
2180
2181
2182
2183
2181
2184
2185
521
2188
5270
2190
2191
526
2196
257
2195
2196
532
2198
2199
2200
2201
2202
2203
2204
2205
2206
319
319
209
319
4821
2212
2213
2214
2215
2216
2217
2218
2219
2220
2221
2222
315
210
2225
6124
6124
6124
6124
2246
2247
2247
2429
2249
6124
6124
6124
5716
2234
1685
5716
1685
1685
1685
5716
4960
4960
4959
556
6124
1490
1492
4870
4859
6116
2247
2246
2247
2247
2260
2261
2262
2263
2264
2265
2266
2267
2268
2269
2270
2271
2272
2273
2274
2275
2276
2277
2278
2279
2280
2281
2282
2283
2284
2285
2286
2287
2288
2289
2290
2291
2292
2293
2294
2295
2296
2297
2298
2299
2300
2301
2302
2303
2304
2305
2306
2307
2308
2309
2310
2311
2312
2313
2314
2315
2316
2317
2318
2319
2320
2321
2322
2323
2324
2325
2326
2327
2328
2329
2330
2331
2332
2333
2334
2335
2336
2337
2338
2339
2340
2341
2342
2343
2344
2345
2346
2347
2348
2349
2350
2351
2352
2353
2354
2355
2356
2357
2358
2359
2360
5237
5237
5239
5240
5238
2366
2366
2368
284
2373
2372
284
5258
2375
2375
2376
2374
1451
2379
2380
2381
2382
2383
2384
2385
2386
2387
2388
262
2390
2391
2392
2393
2394
2397
2396
2397
1498
4929
5721
4886
2402
2403
2404
2405
2406
2407
2408
2409
2410
2411
2412
2413
2414
2415
2416
2417
2418
2419
6124
2247
6124
6124
6124
6124
6124
6124
6124
556
4932
556
2367
2433
2434
2435
2436
2437
2438
2439
2440
2441
2442
2443
2444
2445
2446
2447
2448
2449
2450
2451
2452
2453
2454
2455
2456
2457
2458
2459
2460
2461
2462
2463
2464
2465
2466
2467
2468
2469
2470
2471
2472
2473
2474
2475
2476
2477
2478
2479
2480
2481
2482
2483
2484
2485
2486
2487
2488
2489
2490
2491
2492
2493
2494
2495
2496
2497
2498
2499
2500
2501
2502
2503
2504
2505
2506
2507
2508
2509
2510
2511
2512
2513
2514
2515
2516
2517
2518
2519
2520
2521
2522
2523
2524
2525
2526
2527
2528
2529
2530
2531
2532
2533
2534
2537
2536
2537
2538
2541
679
5394
2539
2543
2544
2545
2546
2547
2548
2549
2550
2551
2552
2553
2554
177
5319
4819
4756
2559
2560
2561
2562
2563
2564
2565
2563
2567
2568
2569
2570
4975
1528
4597
4975
2245
694
2578
4848
2579
2580
2581
2582
2583
2584
2585
2586
2587
2588
2589
2590
2591
2592
2593
2594
2595
2596
2597
2598
2599
2600
2601
2602
2603
2604
2605
2606
2607
2608
2609
2610
2611
2612
2613
2614
2615
2616
2617
2618
2619
2620
2621
2622
2623
2624
2625
2626
2627
2628
2629
2630
2631
2632
2633
2634
2635
2636
2637
2638
2639
2640
2641
2642
2643
2644
2645
2646
2647
2648
2649
2650
2651
2652
2653
2654
2655
2656
2657
2658
2659
2660
2661
2662
2663
2664
2665
2666
2667
2668
2669
2670
2671
2672
2673
2674
2675
2676
2677
2678
2679
2680
2681
2682
2683
2684
2685
2686
2687
2688
2689
2690
2691
2692
2693
2694
2695
2696
2697
2702
2699
2700
2701
2712
2703
2704
2705
2706
2707
2708
2709
2710
2711
2712
2713
2714
2715
2716
2717
2718
2719
2720
2721
2722
2723
2724
2725
2726
2727
2728
2729
2730
2731
2732
2733
2734
2735
2736
2737
2738
2739
2740
2741
2742
2743
2744
2745
2746
2747
2748
2749
2750
2751
2752
2753
2754
2755
2756
2757
2758
2759
2760
2761
2762
2763
1164
1164
4377
3956
2768
2769
2770
803
2775
2773
807
2775
2776
2777
2778
2779
2780
2781
2784
499
3767
2782
2786
2787
2788
2789
2790
2794
2791
819
3742
820
2841
2798
2842
2843
2800
2801
2802
2803
2804
2805
2806
2807
828
829
829
2808
2812
2813
2814
2815
2816
2817
2818
2819
2821
2845
2820
2811
830
2823
2827
3053
834
2829
833
2832
2832
3654
2833
2835
2836
2837
2838
2839
842
373
2016
1845
3787
2845
2846
2847
842
842
2849
2840
2852
2853
2854
2855
2856
2857
2858
2859
2860
2861
3471
2863
2864
2865
2866
2867
2868
2869
2869
2871
2872
2873
2874
2875
2876
2878
2878
2879
2877
859
2882
2883
2884
2885
2886
2887
2888
2889
2890
2891
2892
2893
2894
2895
2896
2897
2898
2899
2900
2901
2902
2903
2137
2905
505
2909
2908
3590
501
2911
118
2912
118
58
2915
59
32
61
59
32
3475
1949
2948
4267
2949
63
4267
911
4267
21
2999
884
2931
2936
2938
2937
2944
2944
886
2945
2942
2943
2946
3443
4385
3466
3466
3444
2150
2151
6
103
3557
3022
3558
3022
2958
2959
2960
2961
2962
902
2964
2965
2968
904
2980
903
2966
2971
4390
2973
2974
2975
2976
2977
2978
2979
3005
914
3007
916
2984
2985
2986
919
2976
907
907
2990
2992
2993
2994
2995
2996
2996
2998
3441
3442
3000
3002
3003
3004
48
917
48
3010
920
3019
3011
52
38
153
148
148
3017
3018
427
896
2913
896
3023
3024
3025
3026
3027
3028
3029
3030
3031
3032
3033
3034
3035
3036
3037
3038
3039
3040
3041
3042
3043
3044
3975
3975
1845
3991
4378
1846
3055
935
3051
938
3417
3059
3058
940
3074
3059
941
3060
946
3078
935
3057
3052
3066
939
943
3065
429
1991
4405
3415
3134
946
954
954
1846
4378
1846
1846
444
444
4403
2018
1849
1849
3143
3171
952
4374
972
3099
3102
3096
3132
3099
3101
3114
957
3103
956
4378
4378
4377
3973
3109
3110
3111
3112
3113
3116
962
3149
963
3118
3119
3118
3121
3052
936
936
3125
3126
3128
3128
3129
3130
969
3134
3098
3134
3135
968
3137
954
954
3097
971
3169
971
3146
3146
3168
3148
964
3120
965
974
3163
3164
4378
4378
4378
4378
4378
4378
1846
1845
3111
3166
3162
3165
3166
3163
3168
2837
3144
3145
839
2851
3164
3162
3164
3992
3163
961
3180
3166
3183
3183
3184
3182
3974
6208
3974
3189
3190
3191
3192
3193
3194
3195
3196
3197
3196
2172
2169
3201
3202
3203
3204
3205
3206
3207
3208
3209
3210
3211
3212
3213
3214
3215
3216
3217
3218
3219
3220
3221
3222
3223
3224
3225
3226
3227
3228
3229
3230
3231
3232
3233
3234
3235
3236
3237
3238
3239
3240
3241
3242
3243
3244
3245
3246
3247
3248
3249
3250
3251
3252
3253
3254
3255
3256
3257
3258
3259
3260
3261
3262
3263
3264
3265
3266
3267
3268
3269
3270
3271
3272
3273
3274
3275
3276
3277
3278
3279
3280
3281
3282
3283
3284
3285
3286
3287
3288
3289
3290
3291
3292
3293
3294
3295
3296
3297
3298
3299
3300
3301
3302
3303
3304
3305
3306
3307
3308
3309
3310
3311
3312
3313
3314
3315
3316
3317
3318
3319
3320
3321
3322
3323
3324
3325
3326
3327
3328
3329
3330
3331
3332
3333
3334
3335
3336
3337
3338
3339
3340
3341
3342
3343
3344
3345
3346
3347
3348
3349
3350
3351
3352
3353
3354
3355
3356
3357
3358
3359
3360
3361
3362
3363
3364
3365
3366
3367
3368
3369
3459
3371
3372
3373
3374
3375
3376
3377
3378
3379
3380
3381
3382
3383
3384
3385
3386
3387
3388
3389
3390
3391
3392
3393
3394
3395
3396
3397
3398
3399
3400
3401
3402
3403
3404
3405
3406
3407
3408
3409
3410
3411
3110
3135
3137
968
3130
3418
3416
1063
3413
3414
3051
3054
3424
3425
3426
3427
3428
3429
3430
3432
3432
1066
3434
3435
3438
3437
2880
862
861
3442
3442
1070
1069
2932
883
3448
3000
3449
3450
3451
3452
3453
3454
3455
3456
3457
3458
3460
3460
858
3462
3463
3464
3465
3465
3467
3468
3469
3470
2870
857
3474
3483
1074
3474
11
125
61
3480
3481
3482
3483
3484
3485
3486
3487
3488
1948
3489
1948
3476
3476
3492
1077
2915
3499
2917
881
3500
876
3504
908
3504
3502
3505
1085
3508
3509
3510
3511
3512
3513
3514
3515
3516
3517
3518
3519
3520
3521
3522
3523
3524
3525
3526
3527
3528
3529
3530
3531
3532
3533
3534
3535
3536
3537
3538
3539
3540
3541
3542
3543
3544
3545
3546
3547
3548
3549
3550
3551
3552
3553
3554
3555
422
3497
924
3559
3560
3561
3562
3563
3564
3565
3566
3567
3568
834
3123
3571
1854
3574
1851
3575
3576
3570
3578
3579
1837
3955
3846
2796
3584
3585
3586
3587
3588
3589
29
111
2952
3593
3594
3595
3596
3597
3598
3599
3600
3601
3602
3603
3604
3605
3606
3607
3608
3609
3610
3611
3612
3613
3615
3617
1113
2951
893
3619
3620
3621
3622
3623
3624
3625
3626
3627
3628
3629
3630
3631
3632
3633
3634
2158
3636
3635
512
2822
3639
3641
3642
3659
3644
3645
3646
3647
3648
3649
3650
1120
3652
822
3573
822
1107
3582
1121
3583
3660
3664
3662
1122
3839
3665
3666
1123
3668
3669
3670
3671
3672
3673
3674
3675
3676
3677
3680
3678
1814
3681
3682
3683
5
3685
3686
3688
3836
3687
1128
3694
3691
817
3961
3695
3696
3697
3689
3699
3700
3701
3702
3703
3704
3705
3706
3707
3708
3709
3710
3711
3712
3713
3714
3715
3716
3717
3718
3719
3720
3721
3722
3723
3724
3725
3726
3727
3728
3729
3736
3731
3732
3733
3734
3735
3733
1134
3738
3739
3740
3741
3742
3743
3743
3745
3746
3747
3748
3749
3750
3751
3752
3753
3754
2997
910
3757
3758
3759
3760
3761
3762
3763
3764
3765
3766
3768
3816
804
3770
3771
3772
3773
1981
3775
3776
2993
3778
3779
3780
3781
3782
3973
3971
3975
2016
3072
3967
3797
3788
3791
3792
3793
3794
3803
1166
3177
976
3799
3800
3801
966
3070
3804
3805
3806
3807
3808
3809
3810
3811
3812
3813
3814
3815
3815
3817
3818
3819
3820
3821
3822
3823
3824
3825
3826
3827
3828
3829
3830
3831
3832
3833
3834
3835
3692
1124
1129
3672
3840
3841
3952
3845
818
2792
3956
4376
3848
3849
3850
3851
3852
3853
3854
3855
3856
3857
3858
3859
3860
3861
3862
3863
3864
3865
3866
3867
3868
3869
3870
3871
3872
3873
3874
3875
3876
3877
3878
3879
3880
3881
3882
3883
3884
3885
3886
3887
3888
3889
3890
3891
3892
3893
3894
3895
3896
3897
3898
3899
3900
3901
3902
3903
3904
3905
3906
3907
3908
3909
3910
3911
3912
3913
3914
3915
3916
3917
3918
3919
3920
3921
3922
3923
3924
3925
3926
3927
3928
3929
3930
3931
3932
3933
3934
3935
3936
3937
3938
3939
3940
3941
3942
3943
3944
3945
3946
3947
3948
3949
3950
3951
2791
2793
3954
4376
2850
4376
4377
4378
846
3961
3962
3963
445
3094
3975
1845
3975
3991
3975
3975
3993
1168
1168
3995
3976
3977
3978
3979
3980
3981
3982
3983
3984
3985
3986
3987
3988
3989
974
3164
982
982
3198
990
3996
3997
3998
3999
4000
4001
4002
4003
4004
4005
4006
4007
4008
4009
4010
4011
4012
4013
4014
4015
4016
4017
4018
4019
4020
4021
4022
4023
4024
4025
4026
4027
4028
4029
4030
4031
4032
4033
4034
4035
4036
4037
4038
4039
4040
4041
4042
4043
4044
4045
4046
4047
4048
4049
4050
4051
4052
4053
4054
4055
4056
4057
4058
4059
4060
4061
4062
4063
4064
4065
4066
4067
4068
4069
4070
4071
4072
4073
4074
4075
4076
4077
4078
4079
4080
4081
4082
4083
4084
4085
4086
4087
4088
4089
4090
4091
4092
4093
4094
4095
4096
4097
4098
4099
4100
4101
4102
4103
4104
4105
4106
4107
4108
4109
4110
4111
4112
4113
4114
4115
4116
4117
4118
4119
4120
4121
4122
4123
4124
4125
4126
4127
4128
59
122
4131
4132
4133
4134
4135
4136
4137
4138
4139
4140
4141
4142
4143
4144
4145
4146
4147
4148
4149
4150
4151
4152
4153
4154
4155
4156
4157
4158
4159
4160
4161
4162
4163
4164
4165
4166
4167
4168
4169
4170
4171
4172
4173
4174
4175
4176
4177
4178
4179
4180
4181
4182
4183
4184
4185
4186
4187
4188
4189
4190
4191
4192
4193
4194
4195
4196
4197
4198
4199
4200
4201
4202
4203
4204
4205
4206
4207
4208
4209
4210
4211
4212
4213
4214
4215
4216
4217
4218
4219
4220
4221
4222
4223
4224
4225
4226
4227
4228
4229
4230
4231
4232
4233
4234
4235
4236
4237
4238
4239
4240
4241
4242
4243
4244
4245
4246
4247
4248
4249
4250
4251
4252
4253
4254
4255
4256
4257
4258
4259
4260
4261
4262
4263
4264
4265
4266
3466
4268
4269
4270
4271
4272
4273
4274
4275
4276
4277
4278
4279
4280
4281
4282
4283
4284
4285
4286
4287
4288
4289
4290
4291
4292
4293
4294
4295
4296
4297
4298
4299
4300
4301
4302
4303
4304
4305
4306
4307
4308
4309
4310
4311
4312
4313
4314
4315
4316
4317
4318
4319
4320
4321
4322
4323
4324
4325
4326
4327
4328
4329
4330
4331
4332
4333
4334
4335
4336
4337
4338
4339
4340
4341
4342
4343
4344
4345
4346
4347
4348
4349
4350
4351
4352
4353
4354
4355
4356
4357
4358
4359
4360
4361
4362
4363
4364
4365
4366
4367
4368
4369
939
3061
3064
957
3117
963
819
2850
846
382
3843
838
3653
2797
4384
3509
4386
4387
4388
4389
4390
4391
111
4393
2913
4395
4396
4397
4398
4399
4400
2133
1846
3093
4378
3166
4406
4407
4408
4409
4410
4411
4412
4413
4414
4415
4416
4417
4418
4419
4420
4421
4422
4423
4424
4425
4426
4427
4428
4429
4430
4431
4432
4433
4434
4435
4436
4437
4438
4439
4440
4441
4442
4443
4444
4445
4446
4447
4448
4449
4450
4451
4452
4453
4454
4455
4456
4457
4458
4459
4460
4461
4462
4463
4464
4465
4466
4467
4468
4469
4470
4471
4472
4473
4474
4475
4476
4477
4478
4479
4480
4481
4482
4483
4484
4485
4486
4487
4488
4489
4490
4491
4492
4493
4494
4495
4496
4497
4498
4499
4500
4501
4502
4503
4504
4505
4506
4507
4508
4509
4510
4511
4512
4513
4514
4515
4516
4517
4518
4519
4520
4521
4522
4523
4524
4525
4526
4527
4528
4529
4530
4531
4532
4533
4534
4535
4536
4537
4538
4539
4540
4541
4542
4543
4544
4545
4546
4547
4548
4549
4550
4551
4552
4553
4554
4555
4556
4557
4558
4559
4560
4561
4562
4563
4564
4565
4566
1685
5714
1685
1685
4571
1363
4573
4574
4575
4576
4577
1366
4579
4580
4581
4582
4583
4586
4584
5524
678
4588
4589
4590
4591
4592
4595
4594
5501
1377
4593
4644
4643
4642
5333
4602
4603
4604
4605
4606
4607
4608
1384
4610
4609
1386
1386
4614
4615
4616
4617
4618
4619
4620
4623
4621
4645
4611
4624
1385
4630
4628
4629
4851
4635
4632
4634
5416
4635
4636
4636
4638
4639
4640
2400
4869
2246
2401
4645
4646
4647
1394
4637
4651
1394
4652
4653
4654
4655
4656
4657
4658
4659
4660
4661
5235
4663
4664
4665
4666
4667
4668
4669
4670
4671
4672
4673
4674
4675
4676
4677
4676
4679
4680
4681
4682
4683
4684
4685
4686
4687
4688
4689
4690
4691
4692
4693
4694
4695
4696
4697
4698
4699
4700
4701
4702
2544
683
4705
4706
4707
4708
4709
4710
289
291
202
179
288
203
2363
2364
230
5237
293
1596
4724
4746
4723
4726
4748
4748
4747
4730
4731
4732
4733
4734
4735
4736
4737
4738
4739
4740
4741
4742
4743
1462
4745
6020
1463
6020
2555
1448
4749
4754
5319
5319
5320
5319
4757
4758
4759
4760
4761
4762
4763
4764
4767
1453
4779
1454
4765
4770
4771
4772
4773
4774
4775
4776
4777
4778
4804
1465
4805
2209
4783
4784
4785
4786
4787
4788
4789
4790
4791
4792
4793
4794
4795
4796
4797
4799
5205
4798
4801
4802
4803
4805
223
1471
4807
4808
4809
4810
212
324
209
319
275
4816
4817
4818
326
284
4714
4822
4823
4824
4825
4826
4827
4828
4829
4830
4831
4832
4833
4834
4835
4836
4837
4838
4839
4840
4841
4842
1687
5748
2246
1687
2247
2247
4850
5185
4849
1485
4871
4855
4873
1489
4856
4872
4875
1493
1488
1485
4852
4857
4864
1487
4862
1491
607
2399
6151
4966
4924
5184
1503
4930
2247
2247
2247
5716
623
2430
6149
1687
2248
4934
2248
4958
1513
6121
1499
4892
4893
4894
4896
4899
4900
4897
1504
4909
6124
6124
5729
6123
4905
4906
4907
1506
4911
1507
4939
4912
4912
4914
4852
1486
4916
4918
4920
4920
4921
4922
4924
4924
1511
4926
1510
1503
4895
4930
1512
4956
4936
1512
1508
4955
1508
4937
4913
5746
5746
4954
5716
5716
6124
6124
2247
2246
4950
4953
4951
1515
4953
4954
4955
4640
4933
4935
1393
4649
5746
5748
5747
1515
4950
4953
4967
1506
4972
4963
1526
4979
6122
5731
6206
4976
4977
4978
4979
4980
4981
4982
4983
4982
2572
2571
4987
4988
4989
4990
4991
4992
4993
4994
4995
4996
4997
4998
4999
5000
5001
5002
5003
5004
5005
5006
5007
5008
5009
5010
5011
5012
5013
5014
5015
5016
5017
5018
5019
5020
5021
5022
5023
5024
5025
5026
5027
5028
5029
5030
5031
5032
5033
5034
5035
5036
5037
5038
5039
5040
5041
5042
5043
5044
5045
5046
5047
5048
5049
5050
5051
5052
5053
5054
5055
5056
5057
5058
5059
5060
5061
5062
5063
5064
5065
5066
5067
5068
5069
5070
5071
5072
5073
5074
5075
5076
5077
5078
5079
5080
5081
5082
5083
5084
5085
5086
5087
5088
5089
5090
5091
5092
5093
5094
5095
5096
5097
5098
5099
5100
5101
5102
5103
5104
5105
5106
5107
5108
5109
5110
5111
5112
5113
5114
5115
5116
5117
5118
5119
5120
5121
5122
5123
5124
5125
5126
5127
5128
5129
5130
5131
5132
5133
5134
5135
5136
5137
5138
5139
5140
5141
5142
5143
5144
5145
5146
5147
5148
5149
5150
5151
5152
5153
5154
5155
5156
5157
5158
5159
5160
5161
5162
5163
5164
5165
5166
5167
5168
5169
5170
5171
5172
5173
5174
5175
5176
5177
5178
5179
4906
5181
4926
4921
1510
5187
5187
5182
4849
5189
5190
5191
5192
5193
5194
5198
5196
1585
5199
5200
5202
1586
4678
1413
1412
5205
1588
5207
5208
4732
4730
4726
4800
5213
5214
5215
5216
5217
5218
5219
5220
5221
5222
5225
1409
5225
4759
5227
5228
5229
5230
5231
5232
5233
5234
4669
5236
5240
1452
1593
5247
4723
4717
4724
5244
5245
5246
5247
5248
5249
5250
5251
5252
202
202
290
1452
5256
5238
202
289
202
291
4711
5264
5265
5268
5266
5268
1460
5267
1604
5272
5273
5274
5275
5276
5277
5278
5279
5280
5281
5282
5283
5284
5285
5286
5287
5288
5289
5290
5291
5292
5293
5294
5295
5296
5297
5298
5299
5300
5301
5303
5303
5304
5305
5306
5307
5308
5309
5310
5311
5312
5313
5314
5315
5316
5317
602
5263
1476
5321
5322
5323
5324
5325
5326
5327
5328
5329
1390
5331
4917
559
2252
5334
5336
5337
5338
5332
5340
2238
4600
5602
5712
5345
5346
5347
5348
5349
5350
5352
2371
1442
5354
5355
5356
5357
5358
5359
5360
5361
5362
5363
5364
5365
5366
5367
5368
5369
5370
5371
5372
5373
5374
5375
5376
5378
4751
1443
5380
5381
5382
5383
5384
5385
5386
5387
5388
5389
5390
5391
5392
5393
5394
5395
5396
691
5398
5399
4622
1637
5402
5403
5404
5405
5406
5407
5408
5409
5410
5411
5412
5413
1380
1380
5335
1626
5342
5419
6126
5421
5422
5423
1642
5425
5426
5427
5428
5429
5430
5431
5432
5433
5434
5435
2186
5437
5438
5441
5440
5445
5442
5443
5444
4814
5446
5450
1648
5447
5592
5452
5452
1375
5451
5455
5456
5457
5458
5459
5460
5461
5462
5463
5464
5465
5466
5467
5468
5469
5470
5471
5472
5473
5474
5475
5476
5477
5478
5479
5480
5481
5482
5483
5484
5485
5486
5487
5488
5489
5490
5491
5492
5493
5494
5495
1654
5497
5498
5499
5500
5501
5502
5502
5504
5505
5506
5507
5508
5509
5510
5511
5512
5513
5514
5515
5516
5517
5518
5519
5520
5521
5522
5523
5524
1364
5572
5527
5528
5529
5530
5531
5532
5534
5534
5535
5536
5537
1622
5539
5727
1687
5727
2429
4869
5725
5547
5554
5548
5549
5550
5551
5560
1687
5728
1516
4970
5557
5558
1509
4868
5561
5562
5563
5564
5565
5566
5567
5568
5569
5570
5571
5571
5573
5574
5575
5576
5577
5578
5579
5580
5581
5582
5583
5584
5585
5586
5587
5588
5589
5590
5591
5454
1649
1645
5595
5596
5597
5709
5709
5710
5599
5714
1378
5604
5605
5606
5607
5608
5609
5610
5611
5612
5613
5614
5615
5616
5617
5618
5619
5620
5621
5622
5623
5624
5625
5626
5627
5628
5629
5630
5631
5632
5633
5634
5635
5636
5637
5638
5639
5640
5641
5642
5643
5644
5645
5646
5647
5648
5649
5650
5651
5652
5653
5654
5655
5656
5657
5658
5659
5660
5661
5662
5663
5664
5665
5666
5667
5668
5669
5670
5671
5672
5673
5674
5675
5676
5677
5678
5679
5680
5681
5682
5683
5684
5685
5686
5687
5688
5689
5690
5691
5692
5693
5694
5695
5696
5697
5698
5699
5700
5701
5702
5703
5704
5705
5706
5707
5708
4597
4596
5711
6122
6122
4596
6123
6123
5717
5718
5719
622
4889
1687
5748
1687
2246
1687
5730
5749
1689
5751
1689
5732
5733
5734
5735
5736
5737
5738
5739
5740
5741
5742
5743
5744
5745
5746
5746
1522
1522
4984
1532
5752
5753
5754
5755
5756
5757
5758
5759
5760
5761
5762
5763
5764
5765
5766
5767
5768
5769
5770
5771
5772
5773
5774
5775
5776
5777
5778
5779
5780
5781
5782
5783
5784
5785
5786
5787
5788
5789
5790
5791
5792
5793
5794
5795
5796
5797
5798
5799
5800
5801
5802
5803
5804
5805
5806
5807
5808
5809
5810
5811
5812
5813
5814
5815
5816
5817
5818
5819
5820
5821
5822
5823
5824
5825
5826
5827
5828
5829
5830
5831
5832
5833
5834
5835
5836
5837
5838
5839
5840
5841
5842
5843
5844
5845
5846
5847
5848
5849
5850
5851
5852
5853
5854
5855
5856
5857
5858
5859
5860
5861
5862
5863
5864
5865
5866
5867
5868
5869
5870
5871
5872
5873
5874
5875
5876
5877
5878
5879
203
292
5882
5883
5884
5885
5886
5887
5888
5889
5890
5891
5892
5893
5894
5895
5896
5897
5898
5899
5900
5901
5902
5903
5904
5905
5906
5907
5908
5909
5910
5911
5912
5913
5914
5915
5916
5917
5918
5919
5920
5921
5922
5923
5924
5925
5926
5927
5928
5929
5930
5931
5932
5933
5934
5935
5936
5937
5938
5939
5940
5941
5942
5943
5944
5945
5946
5947
5948
5949
5950
5951
5952
5953
5954
5955
5956
5957
5958
5959
5960
5961
5962
5963
5964
5965
5966
5967
5968
5969
5970
5971
5972
5973
5974
5975
5976
5977
5978
5979
5980
5981
5982
5983
5984
5985
5986
5987
5988
5989
5990
5991
5992
5993
5994
5995
5996
5997
5998
5999
6000
6001
6002
6003
6004
6005
6006
6007
6008
6009
6010
6011
6012
6013
6014
6015
6016
6017
6018
6019
5231
6021
6022
6023
6024
6025
6026
6027
6028
6029
6030
6031
6032
6033
6034
6035
6036
6037
6038
6039
6040
6041
6042
6043
6044
6045
6046
6047
6048
6049
6050
6051
6052
6053
6054
6055
6056
6057
6058
6059
6060
6061
6062
6063
6064
6065
6066
6067
6068
6069
6070
6071
6072
6073
6074
6075
6076
6077
6078
6079
6080
6081
6082
6083
6084
6085
6086
6087
6088
6089
6090
6091
6092
6093
6094
6095
6096
6097
6098
6099
6100
6101
6102
6103
6104
6105
6106
6107
6108
6109
6110
6111
6112
6113
6114
6115
4854
4858
608
1504
4910
1507
1377
4650
1400
558
5601
1391
5414
4601
6130
6131
6132
6133
6134
6135
6136
6137
2371
6139
284
6141
6142
6143
6144
6145
6146
2542
2247
4890
6124
4953
6152
6153
6154
6155
6156
6157
6158
6159
4378
6124
6162
6163
6164
6165
6166
6167
6168
6169
6170
6171
6172
6173
6174
6175
6176
6177
6178
6179
6180
6181
6182
2792
2176
2576
6186
6187
6188
6189
6190
6191
1530
6193
6194
6195
6196
6197
6198
6199
6200
6201
6202
6203
6204
6205
6206
6207
819
6209
6210
6211
6212
6213
6214
6215
6216
6217
6218
6219
6220
6221
6222
6223
6224
6225
6226
6227
6228
6229
6230
6231
6232
6233
6234
6235
6236
6237
6238
6239
6212
6241
6242
6243
6244
6245
6246
6247
6248
6249
6250
6251
6252
6253
6254
6255
6256
6257
6258
6259
6260
6261
6262
6263
6264
6265
6266
6267
6268
6269
6270
6271
6272
6273
6274
6275
6276
6277
6278
6279
6280
6281
6282
6283
6284
6285
6286
6287
6288
6289
6290
6291
