85
91
96
100
102
104
2950
28
114
118
32
33
67
13
14
78
57
62
11
75
1979
21
2155
922
922
368
386
27
891
891
113
31
879
33
137
35
160
145
38
1970
133
3012
42
43
45
162
44
1
48
3007
50
917
52
9
118
58
55
10
32
3477
59
123
124
125
3446
126
126
0
66
71
79
76
69
65
68
63
77
128
81
17
16
64
64
63
1
21
87
88
92
1822
922
94
922
922
922
98
3018
922
3018
1972
3018
3018
102
2953
27
893
2951
105
891
891
28
28
110
29
3558
2955
117
117
31
116
121
121
32
124
124
33
127
127
129
131
130
12
138
116
8
36
146
36
46
140
140
142
142
386
141
99
4
3
3015
107
150
385
152
153
154
115
115
157
158
159
1968
46
95
362
164
56
166
167
168
385
170
258
260
267
4816
272
278
4749
1448
285
289
203
1587
238
184
222
249
228
5241
182
245
2389
2194
2560
1474
4817
545
1472
198
5353
1442
286
202
203
204
308
206
331
316
209
2224
304
4811
4812
214
218
172
215
333
219
220
1471
222
4805
180
226
231
180
181
230
5241
5881
5243
182
295
296
239
236
171
297
242
240
247
190
237
234
237
248
299
252
187
253
233
233
234
172
259
256
192
2217
265
2560
2217
1474
269
1474
1474
4817
2222
4817
1474
4817
545
4817
1443
277
1442
1443
198
1442
4750
5352
1442
281
4756
201
200
290
287
202
290
293
203
293
296
204
296
298
298
300
300
302
303
306
287
179
207
217
207
318
311
311
315
315
1472
2223
268
174
2222
4814
562
321
275
323
4811
325
5319
1449
328
329
330
2221
217
264
539
335
225
337
338
339
341
341
342
343
344
1786
2704
347
1791
3775
3505
2951
21
1977
1979
21
1127
357
3201
1802
361
3036
2950
1819
3034
3030
2976
2990
368
934
3785
3966
934
1989
3783
1833
3050
3083
934
3172
1845
1853
3069
3966
3966
27
386
387
388
389
390
391
392
393
394
395
396
397
398
399
400
401
402
403
404
405
406
407
408
409
410
411
412
413
414
415
416
417
418
419
420
3590
3556
423
424
425
2986
2975
1987
3139
3079
431
432
433
434
435
436
437
438
439
2016
934
3084
384
3143
3142
2020
447
448
449
450
451
452
453
454
455
456
457
458
459
460
461
462
463
464
465
466
467
468
469
470
471
472
473
474
475
476
477
478
479
480
481
482
483
484
485
486
487
488
489
490
491
492
493
494
495
2835
497
2134
2825
2811
3614
2909
3712
3482
876
506
2585
2144
509
510
3636
3635
513
514
515
3108
3784
518
519
520
2184
522
4515
2186
5532
5267
1442
4751
2194
2389
2388
192
1647
534
2198
4987
538
4835
4749
2213
4829
4832
4788
4818
545
4845
1484
4843
548
2398
4845
2233
1398
2230
1484
4959
2246
4865
1490
4881
5722
198
563
564
565
566
567
568
569
570
571
572
573
574
575
576
577
578
579
580
581
582
583
584
585
586
587
588
589
590
591
592
593
594
595
596
597
598
599
600
601
5318
603
604
605
2396
4930
4876
609
610
611
612
613
614
615
616
617
2429
4881
4845
561
4932
4934
2434
625
626
627
628
629
630
631
632
633
634
635
636
637
638
639
640
641
642
643
644
645
646
647
648
649
650
651
652
653
654
655
656
657
658
659
660
661
662
663
664
665
666
667
668
669
670
671
672
673
674
4632
2541
677
4625
4611
5375
4709
5472
1428
1425
2554
686
2548
688
5399
690
5396
692
693
4903
5542
696
2583
2588
4787
700
701
702
2596
704
705
706
707
708
709
710
711
712
713
714
715
716
3874
747
2621
2623
721
722
723
724
725
726
727
728
729
730
731
732
733
734
735
736
737
738
739
740
741
742
743
744
745
3735
2666
748
2673
750
751
752
3670
2679
755
756
757
758
759
760
761
762
763
764
2699
2701
767
768
2706
770
771
772
773
774
775
2718
2720
778
779
780
781
782
783
784
3734
2732
787
788
2742
790
3840
792
793
3855
795
796
797
798
799
800
3634
4404
2769
2771
2776
2774
3769
808
809
2779
2781
2782
813
814
815
2789
817
4376
819
820
822
3573
826
2802
811
810
827
2809
2820
3639
2815
3640
937
3422
3387
3388
3780
837
839
2838
3740
3741
3072
3785
845
2851
2853
3749
3593
850
505
858
3472
854
855
856
504
2960
3451
3449
3449
3504
863
864
865
866
3628
2889
869
2893
2892
3676
1079
2961
900
1084
2911
1077
3475
1950
878
2949
882
885
2938
3774
2942
2977
3037
1980
3592
891
1113
883
1083
3557
2952
891
891
3467
1962
902
2969
356
932
3041
2975
2995
1806
930
3444
2939
3002
151
904
2983
916
905
2979
906
2155
922
922
113
3024
3761
3750
3773
3032
2978
3039
3044
3991
3968
940
3052
3054
1063
3059
945
3076
3063
3057
3062
968
3166
3783
3990
3138
3094
3093
3171
3102
3132
3129
3150
963
956
3968
960
961
965
3148
3119
847
3122
3131
968
969
3166
3169
3144
3163
3163
6236
3174
3971
978
979
961
3179
3165
3790
983
3195
3184
988
6208
989
990
991
2171
993
994
995
996
997
998
999
1000
1001
1002
1003
1004
1005
1006
1007
1008
1009
1010
1011
1012
1013
1014
1015
1016
1017
1018
1019
1020
1021
1022
1023
1024
1025
1026
1027
1028
1029
1030
1031
1032
1033
1034
1035
1036
1037
1038
1039
1040
1041
1042
1043
3437
1045
1046
1047
1048
1049
1050
1051
3397
3511
1793
3399
1056
1057
3754
1059
960
6235
969
1063
1064
1065
3440
2878
33
3441
3443
1071
1072
1078
1074
1075
3475
3476
879
2965
1080
1954
1955
31
1959
908
1086
1087
1088
1089
1090
1091
1092
1093
1094
1095
3566
1097
1098
1099
3662
3571
3795
3648
3802
1105
1837
821
1108
1109
1110
1111
1112
872
1114
1115
1116
1117
1118
4382
3651
1121
3663
1123
1124
1125
3677
1126
1128
1129
1130
3708
1132
1133
1134
3758
3793
3796
3799
1139
1140
1141
1142
1143
1144
1145
1146
3958
1148
3856
1150
1151
3870
1153
1154
1155
1156
1157
1158
1159
1160
1161
1162
1163
4378
3992
3993
1167
3995
1169
1170
1171
1172
1173
1174
1175
1176
1177
1178
1179
1180
1181
1182
1183
1184
1185
1186
1187
1188
1189
1190
1191
1192
1193
1194
1195
1196
1197
1198
1199
1200
1201
1202
1203
1204
1205
1206
1207
1208
1209
1210
1211
1212
1213
1214
1215
1216
1217
1218
1219
1220
1221
1222
1223
1224
1225
1226
1227
1228
1229
1230
1231
1232
1233
1234
1235
1236
1237
1238
1239
1240
1241
1242
1243
1244
1245
1246
1247
1248
1249
1250
1251
1252
1253
1254
1255
1256
1257
1258
1259
1260
1261
1262
1263
1264
1265
1266
1267
1268
1269
1270
1271
1272
1273
1274
1275
4410
1277
1278
1279
1280
1281
1282
1283
1284
1285
1286
1287
1288
5630
4431
4433
1315
1293
1294
1295
1296
1297
1298
1299
1300
1301
1302
1303
1304
1305
1306
1307
1308
1309
1310
1311
1312
1313
1314
4475
5492
1317
4485
1319
1320
1321
4488
5430
1324
1325
1326
1327
1328
1329
1330
1331
1332
4508
4510
1335
4513
1337
1338
1339
1340
1341
4525
1343
1344
1345
1346
1347
5493
4540
4549
5596
1352
1353
1354
1355
1356
1357
1358
1359
5395
1361
6150
4574
4572
4576
5525
4578
1368
4581
4584
1371
4590
1373
1374
1375
1376
1377
6122
1380
5334
1369
4604
1383
4613
5400
4621
4617
5401
5163
5188
1392
5536
4637
5499
5500
4639
4870
2233
1399
4648
683
1402
1403
1404
1405
1409
1407
1408
4759
2545
5214
5268
5213
5213
1415
1416
1417
1418
1419
4689
5390
4692
4691
5484
1598
1450
4757
1603
4707
5238
1430
1596
5239
1463
4747
1437
4737
4742
5531
4797
2390
5353
1633
1435
1602
5319
5353
1442
4750
5230
1451
1452
4766
533
1482
4839
4774
4775
2202
4793
4795
4743
5206
4801
4780
1454
562
1456
1455
4785
1465
1472
2560
4817
1474
286
5530
5508
4827
4777
4838
4842
5747
5722
1489
4852
4855
4873
1494
4860
4862
6116
4953
1510
4845
4928
4930
4889
4958
4896
1504
4922
4923
1507
5722
1506
1508
4914
4915
1510
4953
4956
4933
4950
4950
4961
6255
5726
1519
1506
4968
4951
5546
1523
4971
4980
1528
6206
1529
1530
1531
4983
1527
1534
1535
1536
1537
1538
1539
1540
1541
1542
1543
1544
1545
1546
1547
1548
1549
1550
1551
1552
1553
1554
1555
1556
1557
1558
1559
1560
1561
1562
1563
1564
1565
1566
1567
1568
1569
1570
1571
1572
1573
1574
1575
1576
1577
5201
1579
1580
5171
2189
5509
1584
4678
4680
204
1588
1589
1590
1591
1597
1593
1594
5238
5239
203
4763
1599
5318
2370
202
2375
1460
1605
1606
1607
1608
1609
1610
1611
1612
1613
1614
5329
1616
1617
1618
5351
5425
5331
5552
5408
5337
5339
1379
554
1628
1629
1630
1631
1632
1422
1634
1635
1636
1637
1638
6128
5412
1641
5424
1643
1644
1645
5437
1646
1648
1649
1650
5467
1652
1653
1654
5517
1457
5549
5553
5556
1660
1661
1662
1663
1664
1665
1666
1667
5715
1669
5612
1671
1672
5625
1674
1675
1676
1677
1678
1679
1680
1681
1682
1683
1684
6124
5747
5749
1688
5751
1690
1691
1692
1693
1694
1695
1696
1697
1698
1699
1700
1701
1702
1703
1704
1705
1706
1707
1708
1709
1710
1711
1712
1713
1714
1715
1716
1717
1718
1719
1720
1721
1722
1723
1724
1725
1726
1727
1728
1729
1730
1731
1732
1733
1734
1735
1736
1737
1738
1739
1740
1741
1742
1743
1744
1745
1746
1747
1748
1749
1750
1751
1752
1753
1754
1755
1756
1757
1758
1759
1760
1761
1762
1763
1764
1765
1766
1767
1768
1769
1770
1771
1772
1773
1774
1775
1776
1777
1778
1779
1780
1781
1782
1783
1784
1787
346
1787
1785
346
1789
2705
3507
1085
3506
349
3775
1
1977
87
21
1798
1803
1803
1803
1803
1810
361
1806
1810
3201
2953
105
385
893
2950
1818
1818
3033
365
2156
2153
922
2156
907
934
3785
3783
934
3084
3785
934
3084
3045
934
934
934
1829
1829
3049
3786
3783
3785
3783
959
379
3173
1845
379
3142
4371
1852
4370
3064
3073
3785
3785
3785
3966
1859
1860
1861
1862
1863
1864
1865
1866
1867
1868
1869
1870
1871
1872
1873
1874
1875
1876
1877
1878
1879
1880
1881
1882
1883
1884
1885
1886
1887
1888
1889
1890
1891
1892
1893
1894
1895
1896
1897
1898
1899
1900
1901
1902
1903
1904
1905
1906
1907
1908
1909
1910
1911
1912
1913
1914
1915
1916
1917
1918
1919
1920
1921
1922
1923
1924
1925
1926
1927
1928
1929
1930
1931
1932
1933
1934
1935
1936
1937
1938
1939
1940
1941
1942
1943
1944
1945
1949
1946
1077
3473
3475
1952
1952
1953
421
421
3556
899
3591
1963
502
1959
1963
3590
1964
1965
1966
1964
1968
3744
26
142
1972
2977
2975
2977
2977
1821
366
1822
2998
2996
1981
2998
930
1805
1985
359
3086
3969
3086
3138
1992
1993
1994
1995
1996
1997
1998
1999
2000
2001
2002
2003
2004
2005
2006
2007
2008
2009
934
934
934
3964
934
934
1849
1849
3141
2019
2020
2019
2022
2023
2024
2025
2026
2027
2028
2029
2030
2031
2032
2033
2034
2035
2036
2037
2038
2039
2040
2041
2042
2043
2044
2045
2046
2047
2048
2049
2050
2051
2052
2053
2054
2055
2056
2057
2058
2059
2060
2061
2062
2063
2064
2065
2066
2067
2068
2069
2070
2071
2072
2073
2074
2075
2076
2077
2078
2079
2080
2081
2082
2083
2084
2085
2086
2087
2088
2089
2090
2091
2092
2093
2094
2095
2096
2097
2098
2099
2100
2101
2102
2103
2104
2105
2106
2107
2108
2109
2110
2111
2112
2113
2114
2115
2116
2117
2118
2119
2120
2121
2122
2123
2124
2125
2126
2127
2131
496
2130
2133
2135
2135
500
2823
2905
3500
2906
2904
2901
2142
2584
2142
506
2145
2146
2147
2148
891
891
891
2952
2154
2154
922
2976
2158
2158
2158
511
2161
2162
2163
2164
2165
2166
2167
2168
3186
3107
3187
3188
3788
3788
983
2174
2177
2178
2179
2180
2183
2181
2183
523
523
4514
2185
5271
1604
5530
525
5270
172
256
2387
2195
255
2201
2198
536
2201
2204
538
4987
2204
2202
4752
1443
4782
277
4751
2214
541
4831
2214
2559
1474
1474
4790
2559
2221
2222
2223
197
6136
1484
1484
1484
1484
4882
4845
4884
2401
5720
4845
4845
4845
2230
5543
2232
4845
1484
1484
5540
1484
556
4960
4959
556
2429
6117
2255
6118
1490
6116
4884
4881
5722
4884
2260
2261
2262
2263
2264
2265
2266
2267
2268
2269
2270
2271
2272
2273
2274
2275
2276
2277
2278
2279
2280
2281
2282
2283
2284
2285
2286
2287
2288
2289
2290
2291
2292
2293
2294
2295
2296
2297
2298
2299
2300
2301
2302
2303
2304
2305
2306
2307
2308
2309
2310
2311
2312
2313
2314
2315
2316
2317
2318
2319
2320
2321
2322
2323
2324
2325
2326
2327
2328
2329
2330
2331
2332
2333
2334
2335
2336
2337
2338
2339
2340
2341
2342
2343
2344
2345
2346
2347
2348
2349
2350
2351
2352
2353
2354
2355
2356
2357
2358
2359
2360
5237
2364
5239
5237
5238
2368
2367
2368
1619
1619
5352
1619
5318
2377
2374
681
4709
2377
2379
2379
2381
2382
4789
4775
1457
4789
2216
2219
2217
2393
2392
1461
4795
4797
2199
535
2395
4883
4928
4844
1497
2402
2403
2404
2405
2406
2407
2408
2409
2410
2411
2412
2413
2414
2415
2416
2417
2418
2419
4884
4881
4884
4884
4845
4845
4845
4845
4845
556
4931
2248
2432
2432
2434
2435
2436
2437
2438
2439
2440
2441
2442
2443
2444
2445
2446
2447
2448
2449
2450
2451
2452
2453
2454
2455
2456
2457
2458
2459
2460
2461
2462
2463
2464
2465
2466
2467
2468
2469
2470
2471
2472
2473
2474
2475
2476
2477
2478
2479
2480
2481
2482
2483
2484
2485
2486
2487
2488
2489
2490
2491
2492
2493
2494
2495
2496
2497
2498
2499
2500
2501
2502
2503
2504
2505
2506
2507
2508
2509
2510
2511
2512
2513
2514
2515
2516
2517
2518
2519
2520
2521
2522
2523
2524
2525
2526
2527
2528
2529
2530
2531
2532
2533
2534
2536
2542
2537
675
2540
4624
679
2540
4703
4705
4702
4703
4704
2549
2552
2549
685
2552
2553
2554
1442
1442
5352
1442
1474
1474
1474
4788
2566
689
2566
2566
2567
2568
2569
2570
4973
4974
4975
4904
5545
2578
5546
5545
2579
2580
2581
2582
2583
2582
2584
697
2550
686
2550
2590
2591
2592
2593
2594
2595
2596
2597
2598
2599
2600
2601
2602
2603
2604
2605
2606
2607
2608
2609
2610
2611
2612
2613
2614
2615
2616
2617
2618
2620
3873
3728
2619
717
2624
2625
2626
2627
2628
2629
2630
2631
2632
2633
2634
2635
2636
2637
2638
2639
2640
2641
2642
2643
2644
2645
2646
2647
2648
2649
2650
2651
2652
2653
2654
2655
2656
2657
2658
2659
2660
2661
2662
2663
2665
2665
746
2664
2671
2668
2670
3899
2674
2673
2674
2675
2672
2677
2678
753
2680
2685
749
2681
2684
2685
2686
2687
2688
2689
2690
2691
2692
2693
2694
2695
2696
2697
2702
764
2698
767
2702
2707
768
2703
765
3665
2708
2709
2710
345
2712
2713
2714
2715
2716
2717
2718
2716
2720
2721
2722
2723
2724
2725
2726
2727
2728
2729
2730
2734
785
2731
3732
2735
2736
2737
2738
2739
2740
2744
446
2743
3841
791
2746
2747
2748
2749
2750
2751
2752
2753
2754
2755
2756
2757
2758
2759
2760
2761
2763
3633
3049
3050
384
1857
2768
2769
2770
2771
2775
2772
807
4395
508
808
2778
2779
2777
808
2784
499
3767
2782
2786
2787
2788
2789
2790
2791
2793
819
2794
2795
2844
3572
1854
2798
3384
2803
825
2780
3385
2805
2806
2807
830
829
2822
2824
2808
2818
2816
507
2818
811
2819
2819
512
2159
3638
2823
2824
832
2826
3053
2828
3386
2830
2832
3778
837
2831
2783
2839
2837
841
3739
842
3072
373
1833
3072
2821
2845
513
2840
3742
2848
839
2854
848
3748
2852
2856
3561
2858
2856
2860
2861
3471
2863
2864
2865
4391
2867
2868
2900
2872
2958
3480
2873
2874
2138
2876
3449
3449
3449
859
3451
2882
2883
2884
2885
2886
2888
3627
867
2890
2891
348
1790
2893
2896
348
2897
2898
2899
3481
1079
900
3481
3500
2964
3501
871
2907
2910
2895
871
3499
4394
3491
1083
3499
2921
1947
2922
4130
1946
1950
1948
2930
2948
2929
2928
4267
2949
4267
352
352
21
127
1798
1798
1978
887
887
2943
2945
1973
2997
2940
2938
886
4267
4267
911
3617
3617
3592
3618
891
2952
891
2950
3450
3467
3450
3465
2963
2963
2962
902
3711
3710
2966
503
3707
2974
2971
932
3747
363
2979
2978
1819
3042
2968
2967
2980
903
3041
3042
2973
2985
2979
2979
2975
2975
1808
2992
1807
913
2978
2978
3035
885
885
2941
3757
3757
1983
2982
2983
3012
906
906
906
905
41
385
3014
2953
893
3017
3018
2976
892
899
2954
927
926
3753
3752
3026
762
3028
3030
3031
3032
3033
3034
1816
364
1817
358
909
3038
3043
3043
3029
929
1165
1165
3966
3991
3785
3785
3055
935
3051
938
3418
3074
940
3075
3076
3074
3077
941
946
3078
3058
3056
3052
3066
939
3071
3065
3048
1991
3134
968
3136
3134
970
3167
934
3783
934
934
948
3969
3139
3086
445
950
3170
952
3093
952
972
3095
4373
3098
3098
3099
3114
3116
957
3101
962
959
3785
3108
3968
3109
3110
3111
3112
3113
3149
965
3120
3148
2855
840
3118
2853
3052
3124
936
3103
958
3128
3130
968
3130
969
968
3134
3136
3135
3136
3137
970
3167
3133
971
3169
3144
971
3146
3146
3145
964
3118
3121
974
3166
974
3783
3783
3783
934
934
934
934
3966
3162
961
3162
3165
3136
3166
3168
3169
3144
972
839
2851
974
3163
6236
3991
3163
961
3178
961
975
3180
985
3176
3188
6208
3973
3189
3190
3191
3192
981
981
989
3196
3197
3198
517
3199
3202
3202
3203
3204
3205
3206
3207
3208
3209
3210
3211
3212
3213
3214
3215
3216
3217
3218
3219
3220
3221
3222
3223
3224
3225
3226
3227
3228
3229
3230
3231
3232
3233
3234
3235
3236
3237
3238
3239
3240
3241
3242
3243
3244
3245
3246
3247
3248
3249
3250
3251
3252
3253
3254
3255
3256
3257
3258
3259
3260
3261
3262
3263
3264
3265
3266
3267
3268
3269
3270
3271
3272
3273
3274
3275
3276
3277
3278
3279
3280
3281
3282
3283
3284
3285
3286
3287
3288
3289
3290
3291
3292
3293
3294
3295
3296
3297
3298
3299
3300
3301
3302
3303
3304
3305
3306
3307
3308
3309
3310
3311
3312
3313
3314
3315
3316
3317
3318
3319
3320
3321
3322
3323
3324
3325
3326
3327
3328
3329
3330
3331
3332
3333
3334
3335
3336
3337
3338
3339
3340
3341
3342
3343
3344
3345
3346
3347
3348
3349
3350
3351
3352
3353
3354
3355
3356
3357
3358
3359
3360
3361
3362
3363
3364
3365
3366
3367
3368
3369
3464
3371
3372
3373
3374
3375
3376
3377
3378
3379
3380
3381
3382
3383
2780
810
2800
824
2804
3389
3390
3391
3392
3393
3394
3395
3398
1053
3510
1794
3396
3401
3402
3403
3404
3405
3406
3407
3408
3110
960
3409
3110
3135
3137
3136
3130
3418
3416
1063
3130
969
3053
3054
3411
3425
1061
3427
3428
3429
3430
3436
3439
1067
3435
862
2881
2877
859
3502
2878
912
3443
2944
3444
127
33
127
2941
1070
3442
1070
3452
3453
3454
3455
3456
3457
3458
3463
861
3462
860
860
2879
1069
3466
1074
3468
3469
3470
2869
2140
3473
3474
3475
3476
3478
124
32
3483
3483
2965
3474
3484
3485
3486
3487
3488
3495
1955
3493
3492
3492
3556
3493
3499
3558
31
117
2962
1960
3508
908
3508
3504
1085
3776
3509
4385
928
925
3512
3513
3514
3515
3516
3517
3518
3519
3520
3521
3522
3523
3524
3525
3526
3527
3528
3529
3530
3531
3532
3533
3534
3535
3536
3537
3538
3539
1096
3541
3565
3567
3544
3545
3546
3547
3548
3549
3550
3551
3552
3553
3554
3555
421
29
29
3561
3593
2908
2908
3563
3564
3727
2733
3566
718
2828
3123
3660
1853
1102
4379
3575
1103
3570
3577
3800
2796
4402
2799
2797
3584
870
3586
3587
3588
3589
501
3592
3615
2894
3594
3595
3596
3597
3598
3599
3600
3601
3602
3603
3604
3605
3606
3607
3608
3609
3610
3611
3612
3613
2896
872
872
3615
3616
3619
3620
3621
3622
3623
3624
3625
3626
3629
766
3645
3630
3631
3632
2812
828
3635
1117
3637
3638
3639
3640
3641
3642
3643
3644
3645
2814
3646
831
3650
3650
3651
3649
3654
3781
3654
3659
1107
3658
3655
3647
3652
786
1120
3661
3665
3666
3667
2021
3668
3670
3671
3839
3673
789
2705
3675
769
3709
3683
3679
3676
1126
3681
3678
3685
3686
3689
3687
3689
3690
3691
3692
3693
3694
3696
3699
3695
3698
2700
3700
3701
3702
2680
754
3705
3697
3697
868
3681
3682
3706
1131
3713
3714
3715
3719
3717
3718
3817
3720
3721
3722
3723
3724
1790
3726
2733
747
3729
3730
3731
3733
3733
3734
3735
3736
3737
3738
3701
755
3741
3742
4390
2972
2890
3745
3746
2683
756
3751
3758
3751
3750
428
2977
930
3035
3040
931
3760
3761
3762
3763
3764
3765
816
3768
3816
804
3770
3771
1135
3759
2997
3777
3777
2993
2785
806
1136
3782
3794
3785
1137
3796
1833
1990
3789
3798
1138
2773
805
3793
1104
1104
1165
3177
976
986
3801
4393
966
3070
3804
3805
2719
776
3808
3809
3810
3811
3812
3813
3814
3815
803
3818
3819
3812
3820
3821
3822
3823
3824
3825
3826
3827
3828
3829
3830
3831
3832
3833
3834
3835
3836
1122
3838
3664
3664
1100
3847
3581
443
3955
441
2014
3848
3849
3850
3851
3852
1149
3854
2621
719
3857
3858
3859
3860
3861
3862
3863
3864
3865
3866
3867
2622
3868
720
3871
3872
2667
703
3875
3876
3877
3878
3879
3880
3881
3882
3883
3884
3885
3886
3887
3888
3889
3890
3891
3892
3893
3894
3895
3896
3897
3898
2597
3900
3901
3902
3903
3904
3905
3906
3907
3908
3909
3910
3911
3912
3913
3914
3915
3916
3917
3918
3919
3920
3921
3922
3923
3924
3925
3926
3927
3928
3929
3930
3931
3932
3933
3934
3935
3936
3937
3938
3939
3940
3941
3942
3943
3944
3945
3946
3947
3948
3949
3950
3951
818
1164
3954
380
4377
1847
959
3967
1846
3961
3963
3669
3965
4403
1165
3966
3972
3991
3972
1166
3992
3975
1168
3994
3976
3977
3978
3979
3980
3981
3982
3983
3984
3985
3986
3987
3988
3989
974
974
3164
982
3198
990
3996
3997
3998
3999
4000
4001
4002
4003
4004
4005
4006
4007
4008
4009
4010
4011
4012
4013
4014
4015
4016
4017
4018
4019
4020
4021
4022
4023
4024
4025
4026
4027
4028
4029
4030
4031
4032
4033
4034
4035
4036
4037
4038
4039
4040
4041
4042
4043
4044
4045
4046
4047
4048
4049
4050
4051
4052
4053
4054
4055
4056
4057
4058
4059
4060
4061
4062
4063
4064
4065
4066
4067
4068
4069
4070
4071
4072
4073
4074
4075
4076
4077
4078
4079
4080
4081
4082
4083
4084
4085
4086
4087
4088
4089
4090
4091
4092
4093
4094
4095
4096
4097
4098
4099
4100
4101
4102
4103
4104
4105
4106
4107
4108
4109
4110
4111
4112
4113
4114
4115
4116
4117
4118
4119
4120
4121
4122
4123
4124
4125
4126
4127
4128
4130
121
4131
4132
4133
4134
4135
4136
4137
4138
4139
4140
4141
4142
4143
4144
4145
4146
4147
4148
4149
4150
4151
4152
4153
4154
4155
4156
4157
4158
4159
4160
4161
4162
4163
4164
4165
4166
4167
4168
4169
4170
4171
4172
4173
4174
4175
4176
4177
4178
4179
4180
4181
4182
4183
4184
4185
4186
4187
4188
4189
4190
4191
4192
4193
4194
4195
4196
4197
4198
4199
4200
4201
4202
4203
4204
4205
4206
4207
4208
4209
4210
4211
4212
4213
4214
4215
4216
4217
4218
4219
4220
4221
4222
4223
4224
4225
4226
4227
4228
4229
4230
4231
4232
4233
4234
4235
4236
4237
4238
4239
4240
4241
4242
4243
4244
4245
4246
4247
4248
4249
4250
4251
4252
4253
4254
4255
4256
4257
4258
4259
4260
4261
4262
4263
4264
4265
4266
3466
4268
4269
4270
4271
4272
4273
4274
4275
4276
4277
4278
4279
4280
4281
4282
4283
4284
4285
4286
4287
4288
4289
4290
4291
4292
4293
4294
4295
4296
4297
4298
4299
4300
4301
4302
4303
4304
4305
4306
4307
4308
4309
4310
4311
4312
4313
4314
4315
4316
4317
4318
4319
4320
4321
4322
4323
4324
4325
4326
4327
4328
4329
4330
4331
4332
4333
4334
4335
4336
4337
4338
4339
4340
4341
4342
4343
4344
4345
4346
4347
4348
4349
4350
4351
4352
4353
4354
4355
4356
4357
4358
4359
4360
4361
4362
4363
4364
4365
4366
4367
4368
4369
3060
3061
430
4374
4375
3147
2850
846
3173
382
3580
2834
2833
3653
4384
1982
4386
4387
4388
4389
2971
2137
3592
2143
899
2770
4396
4397
4398
4399
4400
2133
934
951
3785
3136
4406
4407
4408
4409
4410
4411
4412
4413
4414
4415
4416
4417
4418
4419
4420
4421
4422
4423
4424
4425
4426
4427
4428
4429
4434
1289
4430
5487
5629
4435
4436
4437
4438
4439
4440
4441
4442
4443
4444
4445
4446
4447
4448
4449
4450
4451
4452
4453
4454
4455
4456
4457
4458
4459
4460
4461
4462
4463
4464
4465
4466
4467
4468
4469
4470
4471
4472
4476
4473
1316
4476
4478
5655
4479
4477
4484
4482
1320
4484
1321
4486
4487
1323
4489
4491
4491
4492
1318
4494
4495
4496
4497
4498
4499
4500
4501
4502
4503
4504
4505
4507
4507
1332
4506
4510
4512
5426
1334
4511
1335
4516
4517
4518
4519
4520
4521
4522
4523
4524
4525
4524
4527
4528
4529
4530
4531
4532
4533
4534
4535
4536
4538
5491
4537
1348
4541
4542
4543
4544
4547
1351
5597
4548
624
4550
4551
4552
4553
4554
4555
4556
4557
4558
4559
4606
4561
4562
4563
5394
4564
4566
2232
2256
561
2232
4571
1363
4571
4574
4577
698
6141
1366
4575
4583
1368
4580
4583
4586
4584
5524
678
4588
4589
4590
4591
4592
4593
4594
4595
1377
4597
4642
4600
2253
5333
5161
4582
1381
4603
4606
4607
4608
1385
4609
4626
4622
1386
4616
1369
4619
687
4616
4620
4620
691
5397
2565
4624
1388
5401
4627
5162
4627
5188
4635
4587
4631
1392
5535
4638
1394
5498
1395
4640
4869
4869
2233
2400
4623
690
4645
4651
4637
4648
5501
4654
4652
5507
4658
4655
4657
5321
4659
4660
4661
5235
4663
4664
4665
4666
4667
4699
4670
4700
4759
4672
4673
2547
4675
5213
5214
1411
5213
5214
4681
4682
4683
4684
4685
4690
4687
4686
1421
5388
524
524
4691
4695
2187
4696
4697
4698
5244
5246
4758
5245
5264
5265
4764
1423
4694
4693
4708
4706
5253
4721
5259
2372
5261
4720
1433
2361
5881
2364
1595
5239
4746
4748
4727
4729
6020
6020
4747
5212
4800
4731
4738
2195
4741
1438
4739
4744
5531
4739
2383
2385
1439
4740
2391
6020
5206
6020
5378
5353
5377
5378
1442
1442
1442
5352
5215
5229
5215
5229
4762
4762
1452
4761
5471
682
4765
5470
5468
4772
4770
5506
1482
540
4776
4840
2213
4777
4767
1453
4779
4768
4839
4840
4839
4784
4773
4776
4774
1456
2206
4791
1464
4803
1480
4778
1480
4799
5205
4798
4803
2394
5515
4781
4805
4780
4784
4787
4785
4783
4811
4812
562
4752
1443
4816
4817
4788
2371
1619
527
1478
4824
5511
5510
1329
1419
4828
1329
4826
4831
4832
2212
2215
542
536
4836
1459
4841
4841
4830
1479
1686
5747
5722
1686
5722
5722
4850
5186
4849
1485
4874
4871
4873
4874
1489
4872
4875
1493
1488
4856
4852
4853
1491
4864
4863
4867
607
2399
4924
4924
4927
1510
1511
4954
4845
548
4845
4845
1497
1497
4930
5723
2248
4957
622
1499
1513
1499
4890
4896
4893
4922
4894
6119
4911
4900
4910
4939
1484
1484
5724
4903
4905
4906
4907
4908
4913
4937
4913
4653
4653
1396
1486
4851
4916
4898
4920
4921
4921
1510
1510
4927
4924
4926
4927
1511
4925
4954
1512
4956
1512
4933
4936
4936
1508
4935
4912
1515
1515
4950
4845
4845
4845
4845
4884
4881
4908
1506
1519
4949
1506
4950
4955
1393
4933
1513
1393
4649
1515
5747
6255
4950
4950
1506
4965
1506
1517
4963
1526
4967
1518
5729
6206
4976
4977
4978
1521
1531
1521
4982
4983
4982
2244
4985
4988
4988
4989
4990
4991
4992
4993
4994
4995
4996
4997
4998
4999
5000
5001
5002
5003
5004
5005
5006
5007
5008
5009
5010
5011
5012
5013
5014
5015
5016
5017
5018
5019
5020
5021
5022
5023
5024
5025
5026
5027
5028
5029
5030
5031
5032
5033
5034
5035
5036
5037
5038
5039
5040
5041
5042
5043
5044
5045
5046
5047
5048
5049
5050
5051
5052
5053
5054
5055
5056
5057
5058
5059
5060
5061
5062
5063
5064
5065
5066
5067
5068
5069
5070
5071
5072
5073
5074
5075
5076
5077
5078
5079
5080
5081
5082
5083
5084
5085
5086
5087
5088
5089
5090
5091
5092
5093
5094
5095
5096
5097
5098
5099
5100
5101
5102
5103
5104
5105
5106
5107
5108
5109
5110
5111
5112
5113
5114
5115
5116
5117
5118
5119
5120
5121
5122
5123
5124
5125
5126
5127
5128
5129
5130
5131
5132
5133
5134
5135
5136
5137
5138
5139
5140
5141
5142
5143
5144
5145
5146
5147
5148
5149
5150
5225
5152
5153
5154
5155
5156
5157
5158
5159
5160
4582
4605
1382
5164
5165
5166
5167
5168
5172
5169
2192
2191
5173
5174
5175
5176
5177
5178
4906
4906
5179
4926
4921
4927
5186
5187
4920
4851
5181
5190
5191
5192
5193
5194
5200
5199
1586
5204
1412
4677
4676
1411
4680
5266
5205
5206
5207
5205
298
298
204
4798
5208
1589
5208
5216
5217
5218
5219
5220
5221
5222
5227
4671
1413
1414
4679
4679
1588
5231
5231
5232
5233
5234
4668
2545
5237
5238
1593
5240
4728
203
296
5247
4763
5247
5240
5248
5249
5250
5251
5252
5258
5258
5318
5256
2378
5256
5256
290
290
202
5320
4761
1603
1460
5269
5272
1460
1604
5533
5273
4802
1477
5275
5276
5277
5278
5279
5280
5281
5282
5283
5284
5285
5286
5287
5288
5289
5290
5291
5292
5293
5294
5295
5296
5297
5298
5299
5300
5301
1615
5328
5326
5305
5306
5307
5308
5309
5310
5311
5312
5313
5314
5315
5316
5317
1619
1448
200
5322
4710
5354
4710
5325
5486
1292
5486
4539
4629
1389
5330
2254
2255
1622
5340
5557
5336
1621
1623
4598
4601
4598
6148
5345
5346
5347
1424
5349
5350
680
5353
5375
4694
5355
5356
5357
5358
5359
5360
5361
5362
5363
5364
5365
5366
5367
5368
5369
5370
5371
5372
5373
5374
4692
1422
5375
5375
5376
5380
5381
5382
5383
5384
5385
5386
5387
5389
5406
1333
5391
5392
5393
4610
1384
5396
5398
5398
5399
1637
5401
5402
5403
5404
5405
5406
4618
1387
5407
5413
5410
5412
5413
5538
5416
5538
5418
6129
5419
1626
5409
5411
5422
1640
1349
5426
5427
5428
2433
5430
5429
5435
1350
5434
5595
4514
1336
5436
5469
5443
5440
5438
5438
1646
5439
5446
5449
5448
5449
5447
5451
5452
5453
5454
5457
5455
5459
5458
4509
4482
1319
5462
4487
5464
5465
5456
1420
5456
5442
5444
5466
1651
5473
5474
5475
5477
5573
5478
5479
5480
5481
5482
5483
2187
5485
4539
1315
5488
5489
5490
5491
5492
5493
5494
5495
5496
5497
5462
5499
1324
5501
6136
4771
4688
5504
5505
4492
5512
606
5508
5512
5516
1457
4796
4834
4837
1481
5518
5519
5520
5521
1372
5523
5526
1364
5572
5527
5528
1655
5517
5514
5534
5534
4792
4585
1657
1367
5539
5551
5722
4846
1658
2401
4869
5547
1659
5555
4579
1624
1365
5338
1625
1686
4962
1516
1525
5558
6139
1509
4868
5561
5562
4526
5564
5565
5566
5567
5568
5569
5570
5571
1363
5574
5575
5569
5576
5577
5578
5579
5580
5581
5582
5583
5584
5585
5586
5587
5588
5589
5590
5591
5592
5593
1642
5423
5423
1620
5603
5710
621
5602
4946
6161
5604
5605
5606
5607
5608
5611
1670
5327
1291
5613
5614
5615
5616
5617
5618
5619
5620
5621
5622
5623
4432
1290
5624
5627
5628
4474
1276
5631
5632
5633
5634
5635
5636
5637
5638
5639
5640
5641
5642
5643
5644
5645
5646
5647
5648
5649
5650
5651
5652
5653
5654
4409
5656
5657
5658
5659
5660
5661
5662
5663
5664
5665
5666
5667
5668
5669
5670
5671
5672
5673
5674
5675
5676
5677
5678
5679
5680
5681
5682
5683
5684
5685
5686
5687
5688
5689
5690
5691
5692
5693
5694
5695
5696
5697
5698
5699
5700
5701
5702
5703
5704
5705
5706
5707
5708
1378
1685
5711
5716
2250
6123
5725
2247
5717
5719
5431
4883
4891
1686
5747
1686
5722
5728
1687
5748
5730
5750
1689
5732
5733
5734
5735
5736
5737
5738
5739
5740
5741
5742
5743
5744
5745
1515
1515
4952
1522
4984
1532
5752
5753
5754
5755
5756
5757
5758
5759
5760
5761
5762
5763
5764
5765
5766
5767
5768
5769
5770
5771
5772
5773
5774
5775
5776
5777
5778
5779
5780
5781
5782
5783
5784
5785
5786
5787
5788
5789
5790
5791
5792
5793
5794
5795
5796
5797
5798
5799
5800
5801
5802
5803
5804
5805
5806
5807
5808
5809
5810
5811
5812
5813
5814
5815
5816
5817
5818
5819
5820
5821
5822
5823
5824
5825
5826
5827
5828
5829
5830
5831
5832
5833
5834
5835
5836
5837
5838
5839
5840
5841
5842
5843
5844
5845
5846
5847
5848
5849
5850
5851
5852
5853
5854
5855
5856
5857
5858
5859
5860
5861
5862
5863
5864
5865
5866
5867
5868
5869
5870
5871
5872
5873
5874
5875
5876
5877
5878
5879
5881
293
5882
5883
5884
5885
5886
5887
5888
5889
5890
5891
5892
5893
5894
5895
5896
5897
5898
5899
5900
5901
5902
5903
5904
5905
5906
5907
5908
5909
5910
5911
5912
5913
5914
5915
5916
5917
5918
5919
5920
5921
5922
5923
5924
5925
5926
5927
5928
5929
5930
5931
5932
5933
5934
5935
5936
5937
5938
5939
5940
5941
5942
5943
5944
5945
5946
5947
5948
5949
5950
5951
5952
5953
5954
5955
5956
5957
5958
5959
5960
5961
5962
5963
5964
5965
5966
5967
5968
5969
5970
5971
5972
5973
5974
5975
5976
5977
5978
5979
5980
5981
5982
5983
5984
5985
5986
5987
5988
5989
5990
5991
5992
5993
5994
5995
5996
5997
5998
5999
6000
6001
6002
6003
6004
6005
6006
6007
6008
6009
6010
6011
6012
6013
6014
6015
6016
6017
6018
6019
6020
6021
6022
6023
6024
6025
6026
6027
6028
6029
6030
6031
6032
6033
6034
6035
6036
6037
6038
6039
6040
6041
6042
6043
6044
6045
6046
6047
6048
6049
6050
6051
6052
6053
6054
6055
6056
6057
6058
6059
6060
6061
6062
6063
6064
6065
6066
6067
6068
6069
6070
6071
6072
6073
6074
6075
6076
6077
6078
6079
6080
6081
6082
6083
6084
6085
6086
6087
6088
6089
6090
6091
6092
6093
6094
6095
6096
6097
6098
6099
6100
6101
6102
6103
6104
6105
6106
6107
6108
6109
6110
6111
6112
6113
6114
6115
4854
4858
4859
6120
6121
4938
4650
1400
4960
5560
5341
4633
4634
5414
6130
1441
6132
6133
6134
6135
4770
2544
5353
2589
1619
4573
6142
6143
6144
6145
6146
2542
4845
4895
5722
1506
6152
6153
6154
6155
6156
6157
6158
6159
934
4884
6162
6163
6164
6165
6166
6167
6168
6169
6170
6171
6172
6173
6174
6175
6176
6177
6178
6179
6180
6181
1527
2171
983
1523
6186
6187
6188
6189
6190
6191
1530
6193
6194
6195
6196
6197
6198
6199
6200
6201
6202
6203
6204
6205
6206
6207
6208
6209
6210
6211
6212
6213
6214
6215
6216
6217
6218
6219
6220
6221
6222
6223
6224
6225
6226
6227
6228
6229
6230
6231
6232
6233
6234
6216
6215
6237
6204
6239
6240
6241
6242
6243
6244
6245
6246
6247
6248
6249
6250
6251
6252
6232
6254
6234
6256
6257
6258
6259
6260
6261
6262
6263
6264
6265
6266
6267
6268
6269
6270
6271
6272
6273
6271
6275
6276
6277
6278
6279
6280
6281
6282
6283
6284
6285
6286
6287
6288
6272
6271
6269
