44
91
92
98
100
43
1814
1814
40
55
61
66
138
39
48
14
79
75
68
128
1979
1799
23
23
24
25
2969
43
351
351
3497
58
123
127
137
157
1969
145
154
903
165
2968
153
154
45
162
37
1
26
2968
51
2983
26
80
16
60
80
17
59
64
82
63
11
65
68
0
0
46
67
50
76
13
48
12
132
12
51
130
71
19
69
19
74
73
1
47
354
1979
921
1822
2155
90
922
23
24
96
101
97
101
100
101
101
25
3684
43
3684
1815
170
1815
351
362
1814
3022
3557
40
1812
54
3496
55
53
10
10
62
11
125
126
85
21
139
34
3006
34
137
56
165
36
146
160
136
140
141
142
1971
386
142
3
99
95
38
1811
159
166
26
26
153
1812
1812
49
72
2968
1968
37
2
1811
158
15
2966
153
154
42
167
215
260
263
269
271
341
539
539
4715
226
232
239
307
210
219
185
251
254
237
301
2389
2193
2218
2559
1474
196
4766
341
2558
1447
1476
5880
294
298
310
328
2225
317
337
1453
336
4767
4812
213
218
172
218
260
197
197
1453
221
4779
187
250
229
225
229
253
233
230
234
189
236
182
171
238
217
171
222
185
184
247
183
246
303
184
184
242
243
190
190
245
244
2195
2387
2195
2193
1473
261
2559
1473
2561
265
1474
2218
195
271
273
1474
273
196
273
2208
2208
2211
5445
341
2555
539
2556
1447
4821
1446
5260
5319
5262
1445
4719
5262
181
235
292
295
297
295
258
529
300
4806
300
205
308
224
211
207
309
331
318
1471
312
2223
2221
1472
2223
174
264
268
320
338
329
2210
197
325
197
4715
1446
223
324
241
2221
208
173
206
330
186
324
213
324
339
214
342
343
344
1785
2704
3731
1789
3775
862
3680
1799
1978
1979
1797
3710
357
358
359
360
361
3684
1819
364
3030
2976
427
25
1856
1855
3047
1829
1989
3160
2842
2766
377
1856
3091
3087
3073
3062
3085
3085
43
2969
424
2081
1867
1888
1870
4196
2039
4199
395
396
1876
2120
3290
1925
3355
1897
1901
1904
4196
3257
3255
3304
1914
1917
1872
412
413
414
415
416
417
418
3354
420
1957
1081
3917
1964
3899
2986
2976
428
3048
3079
4368
3890
1994
3902
3306
3913
437
438
439
3084
383
3084
2010
3140
3092
446
447
448
449
450
451
452
453
454
2031
456
3229
2068
3335
1909
461
2163
4215
4231
2071
2073
4232
467
3928
2082
2078
472
2089
2095
3281
4237
477
2106
479
4250
1907
1879
2116
2114
485
2118
391
2042
2045
3342
1019
2119
3253
3340
495
496
497
498
499
500
3615
898
1131
504
505
506
2586
2144
509
510
511
512
2160
514
515
3958
3080
4497
2177
4499
2181
5489
4515
2186
5532
4677
177
528
2193
2389
4741
2196
1647
534
2395
2198
537
538
2211
2213
4829
4832
4789
1458
196
2230
560
2233
2234
5544
2234
4641
4643
2234
4948
4889
4887
6116
2254
4881
548
341
5948
2492
605
2268
5982
2311
2498
5029
2450
572
573
2277
2275
672
2279
2281
2290
5021
6155
5023
583
584
2310
5048
5046
2332
2329
2325
5986
2336
593
594
595
596
597
598
599
600
601
5259
5673
5655
2379
5509
607
2399
6114
2404
5644
5658
5093
5668
615
616
617
4882
4881
4948
619
4891
4929
2432
625
626
627
628
629
630
631
632
2444
634
5019
2480
5045
2321
639
640
5951
5015
5983
5967
2483
2485
5984
647
5684
2495
2491
653
5029
654
2502
656
5072
658
2513
2517
6004
662
2315
2293
665
2317
1557
2460
6018
5127
2528
2525
2529
674
675
676
677
678
679
5377
681
1651
4704
684
5519
2549
2551
5520
5575
2564
2566
692
693
557
2231
696
2583
2588
4787
3233
2591
2664
3873
2595
705
706
707
708
709
710
711
712
713
714
715
716
2620
3566
3568
2622
721
722
723
724
725
726
727
728
2754
730
731
732
733
734
735
736
737
738
3603
740
741
742
743
744
745
2731
2733
2668
750
2689
2688
2675
753
754
749
3686
787
758
759
760
3625
762
763
764
765
766
767
768
2706
2709
2711
772
773
774
775
3807
2759
778
779
780
781
782
783
784
785
786
2737
788
789
790
791
792
2747
2749
795
4556
3393
3718
2757
800
801
3958
803
804
805
806
807
3375
3374
2779
2781
812
2787
814
815
816
817
4377
2851
820
3583
3574
836
2829
811
810
827
828
2820
830
2815
832
3419
3417
3053
937
837
838
3144
964
3740
839
1990
1832
2847
3143
965
3749
849
850
851
2862
2866
854
855
856
2140
2870
859
860
861
2881
863
864
865
3624
3628
2889
2891
3725
2895
2896
2901
874
2902
876
877
120
3477
62
58
3448
3447
2936
2938
3774
2943
2997
2998
1980
893
107
3678
66
55
40
362
351
351
3465
3494
1949
503
356
932
3041
2979
908
909
2996
2999
2939
913
904
2967
2969
903
905
2985
906
23
24
23
3497
925
926
927
3772
3032
2978
3039
3044
3048
3085
3420
3418
1063
3421
3074
3416
3076
3078
940
3061
3413
4405
3160
3048
3139
3138
3098
3096
955
3134
3129
3126
3099
967
3085
6235
968
3104
3102
957
956
3058
3131
3413
3414
4405
952
3093
3181
3181
3181
3153
3968
3136
6235
3412
3179
3167
3788
2174
3180
3176
3974
1168
3194
3196
978
3187
993
994
995
996
4200
2057
999
1000
1001
3263
3216
3936
1005
3222
1007
1008
2592
2161
3234
2080
2085
3240
1015
1865
3606
3918
6156
2045
1021
1022
1023
1024
1025
4237
2103
3279
3334
3301
1031
1032
3326
1034
1035
1036
1037
1038
1039
1040
1041
1042
1043
3433
1045
1046
3377
3379
3382
1050
3395
1052
1053
350
1055
1056
3403
1058
3407
6235
6235
3414
1062
3426
1065
3437
3440
127
3441
2946
1071
1072
61
2948
1075
2930
4129
123
1079
1080
896
896
58
1084
3503
3512
1087
1088
1089
1090
1091
1092
1093
1094
1095
3567
1097
1098
1099
1100
3569
4379
3660
3802
3575
3846
3582
3601
3879
3619
1111
3878
3616
3620
3875
1116
1117
1118
1119
1120
3690
1122
1123
1124
1125
3677
3682
3838
3693
752
3708
3766
3737
1134
3759
1136
3046
3798
1139
1140
1141
1142
1143
1144
1145
1146
3955
3849
3854
1150
1151
3869
3884
3906
1155
3920
1157
1158
1159
1160
1161
1162
1163
1846
3048
3991
1167
3995
1169
1170
1171
1172
1173
1174
1175
1176
1177
1178
1179
1180
1181
1182
1183
1184
1185
1186
1187
1188
1189
1190
1191
1192
1193
1194
1195
1196
1197
1198
1199
1200
1201
1202
1203
1204
1205
1206
1207
1208
1209
1210
1211
1212
1213
1214
1215
1216
1217
1218
1219
1220
1221
1222
1223
1224
1225
1226
1227
1228
1229
1230
1231
1232
1233
1234
1235
1236
1237
1238
1239
1240
1241
1242
1243
1244
1245
1246
1247
1248
1249
1250
1251
1252
1253
1254
1255
1256
1257
1258
1259
2092
1261
1262
1263
2096
1265
4245
1267
1268
1269
1270
1271
1272
1273
4473
4406
5629
1277
1278
1279
1280
1281
1282
4424
1284
5606
5641
1287
1288
4430
4432
5327
5329
1293
1294
1295
1296
1297
1298
1299
1300
4446
1302
1303
1304
1305
1306
1307
1308
1309
5363
1311
1312
1313
1314
5486
4475
4477
1321
1320
4494
4541
4488
5497
1318
4542
4534
1327
1328
1329
5386
1331
1332
4508
4510
5427
4513
4516
4519
5419
5412
4527
5563
1343
1344
1345
1346
1347
4540
5425
5429
4545
5711
1353
5703
4552
4554
5166
4561
5478
1360
1361
557
4574
1364
5558
1366
1367
5153
4580
1370
5159
4588
4591
5160
4594
5463
4648
6123
1379
1380
4582
4628
1383
1384
1385
4621
4614
1388
4851
5185
5415
1392
4955
1650
1324
1508
4870
5543
4646
4932
2547
1402
5323
1404
1405
1406
1407
1408
1409
1410
5214
1411
4679
5215
1415
5175
5173
1418
1419
4689
5390
4692
1423
1424
1425
1426
1427
5265
4710
4720
5880
5241
5241
5209
5209
4737
4740
2392
2390
4797
2394
4751
5379
239
4719
4715
2558
1447
1449
1450
1451
4763
682
533
1482
4839
4774
1457
1459
4793
4795
4743
4800
4794
4766
1454
4782
4784
4773
4788
1453
4766
2218
1474
2559
1476
5529
1478
4827
4834
4838
1479
4844
548
5187
5186
4871
4873
5183
4860
1489
4858
4942
5182
2234
4928
607
4928
4892
4894
1502
4922
4923
4893
4881
1510
4899
1504
4856
5182
4942
4958
4890
4942
4942
1483
1514
4884
4927
1520
4968
6255
5545
2578
4963
4972
5731
1689
4907
979
4981
4951
6206
1534
1535
1536
1537
1538
1539
1540
1541
5004
5692
5006
1545
1546
1547
2299
5013
5027
5026
5031
1553
5367
5674
638
2458
1558
1559
1560
1561
1562
5071
5991
5119
5089
1567
1568
2298
5121
1571
1572
1573
1574
1575
1576
1577
1578
5154
5155
1581
2192
5177
1584
1585
1586
298
4798
5207
1590
1591
232
4728
1594
2362
4724
294
1598
1599
179
179
5880
1603
5534
5275
1606
1607
1608
1609
1610
1611
1612
1613
1614
5303
1616
1617
1618
2371
5596
5330
6125
1389
5336
5559
1626
5344
5365
5635
5368
5372
5634
5376
5383
5632
1636
1637
1638
5418
5424
5448
5594
5493
5719
5434
5437
5444
5593
5453
1319
5467
5521
5496
5492
5517
4796
1657
4843
5555
1660
1661
1662
1663
5586
1665
1666
1667
1685
5607
5609
1671
1672
5626
5662
5639
1676
5675
1678
1679
1680
1681
1682
1683
1684
2247
4844
5746
1688
4984
1690
1691
1692
1693
1694
1695
1696
1697
1698
1699
1700
1701
1702
1703
1704
1705
1706
1707
1708
1709
1710
1711
1712
1713
1714
1715
1716
1717
1718
1719
1720
1721
1722
1723
1724
1725
1726
1727
1728
1729
1730
1731
1732
1733
1734
1735
1736
1737
1738
1739
1740
1741
1742
1743
1744
1745
1746
1747
1748
1749
1750
1751
1752
1753
1754
1755
1756
1757
1758
1759
1760
1761
1762
1763
1764
1765
1766
1767
1768
1769
1770
1771
1772
1773
1774
1775
1776
5989
1778
6000
1780
1781
1782
1783
1784
1787
1787
3729
1788
1786
1786
346
3507
3505
3439
349
3773
1798
1977
354
1797
1798
1802
1803
1804
1805
1806
1807
1808
1809
1810
151
151
904
170
3684
365
1816
1818
365
366
23
23
366
2990
1856
1856
1856
1858
1829
1830
1830
371
371
1856
3160
3160
2764
1832
2766
1840
2012
1857
3105
2010
3965
950
3087
949
3092
3064
942
3061
430
3072
1858
1858
1858
3085
4195
4197
2081
4195
468
1863
494
4234
2076
3239
3238
1860
2085
1876
1876
1875
460
2045
398
3297
398
4264
1883
1882
1939
1884
1887
397
1923
1016
1885
1893
1890
1878
1893
1896
1896
1014
1894
1900
1899
2094
1901
1864
1902
389
1906
2117
486
1905
4198
4196
405
3257
3257
3255
1018
407
3258
407
1921
3258
3258
3255
1924
3339
491
488
1926
1929
490
1930
1931
1932
1933
1934
1935
1936
1937
1938
1941
1940
2115
1942
1943
1944
1945
3479
122
4129
3479
2928
1951
1952
1953
3022
156
896
3022
107
1959
1960
1961
1955
111
425
1967
425
3900
4390
4390
903
1971
100
907
2976
3755
907
1823
367
1822
1984
910
1981
889
2996
1985
1986
1987
3048
3045
1989
3151
432
4368
432
1993
1997
3921
435
1999
434
2004
2002
2001
3914
2005
2006
2007
2008
2009
383
383
1858
3084
383
383
949
3086
4403
2019
2020
2021
2022
2023
2024
2025
2026
2027
2028
2029
2033
2031
458
4229
3228
2036
3335
2036
2035
394
406
1913
1911
2046
3338
1910
1909
392
2048
2049
2050
2051
2052
2053
2054
2055
2059
2056
2059
4218
2060
462
2062
2063
2163
2067
2065
4230
466
2070
4217
464
2069
463
467
4216
467
4232
1965
1965
2079
424
387
2086
2082
387
2078
473
2087
3279
2087
2088
472
2088
2051
455
453
2097
2099
2099
3282
2105
2105
478
2101
2106
1028
2107
1014
2108
3240
2124
2113
3291
482
2112
484
1889
390
490
2121
3254
3343
1877
1880
2125
2126
2127
2128
2129
2128
2131
2133
2133
2134
2135
2137
2137
2138
2136
504
2142
2584
2142
2144
2145
2146
2147
2148
1815
1815
351
1815
97
24
97
906
2157
2158
2157
2160
2162
6158
1033
1009
2165
2166
2167
2168
3188
3186
988
3188
517
3784
2174
517
2180
518
2180
4498
2183
2183
5488
2183
2184
523
2184
5271
1604
5530
525
5204
531
2195
2388
531
2193
2199
2199
2200
534
2202
2203
2204
2205
2206
278
198
1454
176
275
2214
541
4831
2214
1458
2218
1458
4789
2384
2221
271
2223
1453
4771
560
560
560
4948
2233
2234
2230
550
2233
2234
2234
2234
4644
4641
1398
5543
2422
4948
2424
2256
1498
4886
4888
5721
5720
4859
6117
4870
4859
4861
2230
548
2230
2230
5946
5946
2492
5947
648
2264
2489
5986
591
5030
2498
5030
5029
2275
2275
2460
638
2276
576
6017
576
5087
2285
2283
2284
2351
2288
2287
6168
2337
592
2292
6163
673
2291
2295
2299
2296
581
6159
2302
2300
1552
2302
2307
2305
2306
5988
2265
2308
2481
566
2313
2316
2312
666
2318
568
2318
5949
5048
563
5948
5048
5048
5046
2331
2332
2331
587
5047
2324
5047
2335
2333
5126
669
667
2527
2338
2276
5050
2342
2343
2344
2345
2346
2347
2348
2349
2350
2351
2521
2353
2354
2355
2356
2357
2358
2359
664
1432
203
4724
4722
4720
520
2366
2368
326
326
177
326
179
2374
2375
2376
2377
2378
5656
5656
604
2380
4789
4789
1457
5513
2386
2386
1473
2393
2394
2393
4797
1440
2397
2396
5528
2398
607
2398
2401
611
2405
5645
5644
2406
5677
612
2409
613
2412
5670
2411
2414
2415
2416
2417
2418
2419
4882
4882
4882
4882
4948
2234
2421
4948
4948
1496
6149
1496
2366
519
601
2435
2436
2437
2438
2439
2440
2441
2442
2446
2444
5017
5981
2443
2449
5120
1570
2451
637
586
586
6157
2459
2321
2322
2319
570
2461
2462
2463
2464
2465
2466
2467
2468
2470
5970
2470
2469
2473
2474
5015
2476
2477
645
2478
645
5982
2486
644
2482
643
5968
5969
5984
2490
5969
2382
605
2494
2382
2497
2497
2491
565
2495
2500
2500
5070
2500
2503
2503
2506
2507
2508
2509
2510
2515
2511
660
2515
2501
2516
1563
1552
5031
2518
2522
2523
2530
2530
670
2528
5128
5044
2278
2279
578
2532
2533
2534
2535
2536
2535
2538
2539
2540
2541
2542
2543
2544
2545
2546
683
685
2554
2549
4620
2554
688
5519
274
2211
1449
277
1458
1474
195
4788
689
5574
2563
689
2567
2568
2569
2570
4974
4974
5714
4973
5545
2245
5545
5542
2553
2580
2579
2583
3762
2582
2584
697
2548
686
2550
700
700
2590
1011
3233
703
2667
3874
2597
2596
2600
2601
2602
2603
2604
2605
2606
2607
2608
2609
2610
2611
2612
2613
2614
2615
2616
2617
2618
2621
718
3565
719
2619
2624
2625
2626
2627
2628
2629
2630
2631
2632
2633
2634
2635
2636
2637
729
2639
2640
2641
2642
2643
2644
2645
2646
2647
2648
2649
2650
2651
2652
2653
2654
2655
2656
2657
2658
2659
2660
2661
2662
2663
747
2666
2731
747
720
720
2669
2623
2674
750
2686
751
2674
2678
3738
2679
2677
3685
2673
3685
3686
2736
2686
2687
2688
2689
2690
2691
2692
2693
761
3722
2696
2697
2698
2699
2700
2701
2702
2707
768
2703
765
2707
1788
347
2710
1788
2712
2713
2714
2715
2716
2717
2718
3806
777
2721
2722
2723
2724
2725
2726
2727
2728
2729
2730
2731
2732
2733
2734
2735
2735
2737
2738
2739
2740
2741
2742
2743
2744
2745
2750
2747
2746
795
2750
2753
2752
4555
796
2756
3770
798
2755
797
2760
2761
2762
2763
2766
2766
3958
802
2768
2769
2770
2771
2775
2773
2774
2775
508
2778
3372
809
2777
808
2782
2783
2784
2785
2786
2787
2788
2789
2787
2850
4376
846
2848
2795
2796
821
1854
2799
2803
3386
825
2780
826
2758
799
2807
2808
829
2810
2811
2812
2818
2816
2586
2818
2781
2819
3762
2820
2159
2822
2823
2824
2825
3055
3417
3055
2826
3419
2831
2832
2833
2834
2835
3168
3145
840
2839
971
373
1833
3786
843
2845
2846
2847
3142
839
3142
3141
2855
847
3748
3120
2857
2857
2858
2856
2860
2861
853
2863
2864
2865
2866
2867
2868
2869
857
2871
2872
2873
2874
2875
2876
2878
2878
2879
2877
859
2882
2883
2884
2885
2886
2888
3627
867
2887
866
2893
1790
2892
2892
348
2897
2898
2899
2900
2901
2902
2900
2904
2905
2906
2910
877
2909
3614
871
54
40
9
55
54
59
10
62
59
10
123
58
11
3446
126
11
2929
3448
2929
352
352
1797
1800
1798
887
1978
2940
2940
3774
2938
1975
3756
886
2939
886
882
882
3001
893
3618
2953
3680
1815
362
351
3684
2958
875
2960
3450
2962
3492
2964
3474
3711
3710
2970
3712
3707
3747
2974
932
3746
363
2979
2978
363
3042
2966
2967
2966
2969
3041
3041
2973
2985
3041
2979
2975
2979
2992
2993
3002
2995
930
2977
3037
885
2945
885
3003
3757
1983
2968
903
2968
2985
2984
906
2986
2968
166
153
170
3684
24
101
2976
3022
3022
3022
3023
3024
3025
3026
3027
3031
3028
762
3722
869
3033
3034
1817
3036
3035
3038
3039
3040
3042
3043
3029
929
3045
3045
3085
3048
384
384
3420
3420
3418
3421
3420
945
3075
3416
3415
3076
946
3077
946
3079
3075
3075
940
3059
3060
3056
940
1988
1991
3415
3413
3415
4405
3152
3152
1856
3160
1832
1829
3045
3045
3048
1989
3086
3086
3140
3097
954
3095
3097
3132
3098
3098
3132
3129
3127
3125
3099
3127
967
384
384
2013
3085
6235
6235
3136
3135
6235
3103
958
3100
953
3116
963
3101
962
3058
3417
3418
3128
3131
3128
3128
3129
3130
3131
3415
4405
3415
3130
3413
3414
3152
3151
3133
3093
952
3093
3093
4373
4374
4373
3102
3100
3104
3151
4405
3151
2012
2012
2012
3160
1858
3160
1858
3084
3134
980
6236
3166
980
4405
3147
3171
951
951
972
3094
973
3181
973
3048
980
3412
3179
980
3175
3178
975
3174
3973
3974
3971
3110
961
3112
960
3178
981
3193
3163
3165
974
516
516
3201
3202
3203
3204
3205
3206
3207
3208
3209
3210
3211
3212
3264
3214
3217
1004
3217
3215
3218
3220
3221
1003
3223
3224
3225
3226
1009
2164
465
4204
2032
3241
3235
471
2080
469
1860
4195
4195
3241
404
3242
3243
3244
3245
3246
3249
3248
4251
3250
410
3253
1919
1918
1018
3607
3919
3256
2046
2045
460
3264
3263
3264
3265
3266
3267
3268
3269
3270
3271
3272
3273
3274
3275
3276
3277
3278
459
3252
4236
4237
3283
4236
3285
3286
3287
3288
4264
493
3289
3292
3293
3295
6162
3296
2119
1928
492
3303
1029
3303
1908
1017
3306
3608
3307
3308
3309
3310
3311
3312
3313
3314
3315
3316
3317
3319
3324
3318
3320
3322
1903
3325
3328
701
3236
3329
2080
2078
2078
2078
1908
481
1919
3305
3255
3255
1869
1868
1869
409
2040
3344
3345
3346
3347
3348
3349
1875
2043
3352
3353
1928
400
401
3302
3358
3359
3360
3361
3362
3363
3364
3365
3366
3367
3368
3369
852
3371
3373
3373
1046
1045
3380
813
3376
1049
3381
3381
3382
3383
2777
2779
2829
2829
836
3389
3390
3391
3378
1047
3392
1048
3396
3397
3398
1794
3400
3401
3402
3403
3404
3405
3406
3407
3405
6235
6235
3409
6235
3130
3414
3413
3414
3416
3416
1062
3413
3414
3418
1063
3411
3424
1061
3427
3428
3429
3430
3432
3436
1066
3434
3438
2880
1067
2880
2881
861
2945
3443
2944
2999
85
126
21
2941
3449
3442
3451
3452
3453
3454
3455
3456
3457
3458
3460
3464
3471
3462
3463
3463
1069
911
3466
3468
3469
3470
3472
4391
879
1076
2947
1947
11
125
62
2903
3481
873
1074
3484
3485
3486
3487
3488
9
896
118
3495
118
1956
118
54
40
55
3496
2905
876
3504
908
3504
3502
1085
3776
3508
3509
3510
3511
431
2670
1995
3515
3516
3517
3518
3519
3520
3521
3522
3523
3524
3525
3526
3527
3528
3529
3530
3531
3532
3533
3534
3535
3536
3537
3538
3539
3543
3541
3540
3543
3544
3545
3546
3547
3548
3549
3550
3551
3552
3553
3554
3555
155
3022
3557
3559
3560
3561
3561
3563
5325
3567
3566
3567
1096
3055
935
2828
381
3574
1851
1101
3571
3570
3577
3576
3580
2767
3581
3583
3586
870
2711
771
3588
3589
891
105
3617
2894
3594
3595
3596
3597
3598
3599
3602
423
3513
1086
3600
3605
1109
3880
3609
3621
3612
3610
3877
1112
872
3616
872
1113
1113
1115
3866
3876
3620
3623
800
3623
3623
3629
766
3629
3626
3631
3632
3633
3634
3635
3636
3637
3638
3639
3640
3641
3642
3643
3644
3645
2802
3387
3646
3649
3650
3651
3652
822
3573
821
3656
4380
3658
3659
835
3661
3662
3663
3664
3665
3666
3667
3668
3669
3670
3671
3672
3673
3674
2705
3675
769
3679
3709
3678
3676
1126
3681
27
2736
787
3688
3836
3689
1128
3691
3691
3693
3694
3696
3699
3695
3698
2700
2672
2676
2675
2680
3704
3703
3697
3706
868
3683
1127
3707
1131
3713
3808
3715
3719
3716
1132
3817
3720
3721
3625
3723
3724
345
3726
3662
3727
3730
3730
1133
3732
3733
3734
3735
3736
3737
3738
3701
755
1130
3742
2972
2972
2890
3745
3746
2683
2684
3750
3751
1135
3753
3754
2977
2997
3037
3758
931
3760
3761
3763
3763
813
3764
816
3767
3768
3769
3764
3771
3752
3776
910
3776
3777
2993
3778
3779
3780
1102
3795
3049
3049
934
1833
1990
1137
3796
3789
3791
3792
3793
1104
3803
3045
933
3177
976
3648
4393
3057
3068
3804
3805
3394
1051
3717
3809
3810
3811
3812
3813
3814
3815
3816
3818
3818
3819
3820
3821
3822
3823
3824
3825
3826
3827
3828
3829
3830
3831
3832
3833
3834
3835
3692
3837
1129
3839
3840
3841
3845
3844
3847
3953
3957
3957
3830
793
3850
3851
2748
3852
794
3542
3855
3857
3858
3859
3860
3861
3862
3863
3864
3865
1134
3865
3856
1149
3868
3871
3872
3728
2620
746
2665
3867
1114
702
2599
3885
3882
3881
1154
4369
3886
3888
3905
3887
1152
3893
3892
3901
3894
3895
3896
3897
3898
717
2671
1114
3622
3903
3904
3853
1148
3907
3908
3909
3910
3883
3912
1153
3889
3915
3916
748
704
3918
704
1110
3922
3923
3924
3925
3926
3927
423
3928
3930
3931
3932
3933
3604
1108
3929
3937
3938
3939
3940
3941
3942
3943
3944
3945
3946
3947
3948
3949
3950
3951
818
3956
3954
1164
4378
3960
2013
3161
3089
3961
3962
3963
948
3138
3045
3085
3045
3048
3969
1165
3990
3972
1168
3992
3976
3977
3978
3979
3980
3981
3982
3983
3984
3985
3986
3987
3988
3989
3151
3151
6236
974
3164
3198
3996
3997
3998
3999
4000
4001
4002
4003
4004
4005
4006
4007
4008
4009
4010
4011
4012
4013
4014
4015
4016
4017
4018
4019
4020
4021
4022
4023
4024
4025
4026
4027
4028
4029
4030
4031
4032
4033
4034
4035
4036
4037
4038
4039
4040
4041
4042
4043
4044
4045
4046
4047
4048
4049
4050
4051
4052
4053
4054
4055
4056
4057
4058
4059
4060
4061
4062
4063
4064
4065
4066
4067
4068
4069
4070
4071
4072
4073
4074
4075
4076
4077
4078
4079
4080
4081
4082
4083
4084
4085
4086
4087
4088
4089
4090
4091
4092
4093
4094
4095
4096
4097
4098
4099
4100
4101
4102
4103
4104
4105
4106
4107
4108
4109
4110
4111
4112
4113
4114
4115
4116
4117
4118
4119
4120
4121
4122
4123
4124
4125
4126
4127
4128
59
10
4131
4132
4133
4134
4135
4136
4137
4138
4139
4140
4141
4142
4143
4144
4145
4146
4147
4148
4149
4150
4151
4152
4153
4154
4155
4156
4157
4158
4159
4160
4161
4162
4163
4164
4165
4166
4167
4168
4169
4170
4171
4172
4173
4174
4175
4176
4177
4178
4179
4180
4181
4182
4183
4184
4185
4186
4187
4188
4189
4190
4191
4192
4193
4194
4197
1156
4389
3918
3305
4199
4201
4202
4203
4205
4231
4206
4207
4208
4209
4210
4211
4212
4213
1010
470
2084
2083
4200
4219
4220
4221
4222
4223
4224
4225
4226
4227
4228
2072
463
471
2085
1013
1871
4233
4203
1255
4238
4241
4240
4241
4242
4243
4209
1258
4244
4247
4248
4249
1266
4244
4252
4253
3291
4255
2109
4256
4258
4259
4260
4261
2047
391
493
2040
4234
2949
4268
4269
4270
4271
4272
4273
4274
4275
4276
4277
4278
4279
4280
4281
4282
4283
4284
4285
4286
4287
4288
4289
4290
4291
4292
4293
4294
4295
4296
4297
4298
4299
4300
4301
4302
4303
4304
4305
4306
4307
4308
4309
4310
4311
4312
4313
4314
4315
4316
4317
4318
4319
4320
4321
4322
4323
4324
4325
4326
4327
4328
4329
4330
4331
4332
4333
4334
4335
4336
4337
4338
4339
4340
4341
4342
4343
4344
4345
4346
4347
4348
4349
4350
4351
4352
4353
4354
4355
4356
4357
4358
4359
4360
4361
4362
4363
4364
4365
4366
4367
3870
3851
941
3063
430
3095
3095
3096
379
445
3090
382
3843
4381
4382
3583
4384
1982
4386
4387
4388
2598
2971
2139
103
2143
3022
4395
4396
4397
4398
4399
4400
4401
1832
3133
1858
980
1276
4410
4409
5630
4474
4411
4412
4413
4414
4415
4416
4417
4418
4419
4423
4420
4422
5620
1285
4425
5642
1286
4428
4429
1291
4432
1291
5326
4433
4435
4436
4437
4438
4439
4440
4441
4442
4443
4444
4445
4446
4447
4448
4449
4450
4451
4452
4453
4454
4455
4456
4457
4458
4459
4460
4461
4462
4463
4464
4465
4466
4467
4468
4469
4470
4471
4472
1315
5487
1315
4473
1290
4431
4480
5625
4484
4484
1320
4495
1321
4489
4486
4489
4496
5446
4543
4491
4485
1325
4541
4497
1325
4500
1326
4544
4501
4502
4503
4504
4505
4507
4507
4508
4506
1331
4512
5426
1334
4511
1335
522
2182
4516
522
4523
1339
1340
5458
2718
4526
3807
775
4528
4529
4530
4531
4532
4533
784
4535
4536
4539
4537
5486
1349
2737
788
2737
2740
624
4549
4548
2434
2433
4551
4551
1354
4550
1353
4557
1301
4557
4562
5167
4559
1359
5168
4563
4564
4565
4566
2423
2426
2423
2422
4571
4572
4573
4574
4577
698
4577
4578
4579
4583
4583
4580
5152
4584
4585
4586
4587
4592
4592
4588
1374
5159
4595
5465
5464
4650
4593
4642
4599
2253
4601
826
4582
4603
4628
1342
4607
4608
4609
4610
4611
4612
1386
1369
4581
4581
4616
4615
1368
5153
2565
691
2565
4624
4625
4626
4850
4627
4850
5185
4631
4632
1391
5414
4635
4640
4640
5462
1396
4936
5544
2253
5543
5544
690
4646
4647
1393
4956
4649
5499
4653
4913
5507
4658
4655
4657
5321
4659
4660
4661
4662
4663
4664
4665
4666
4667
4668
4669
4670
4671
4672
4673
4674
4675
4680
5214
4680
1414
5213
1416
4682
5175
4681
4685
4690
4687
4686
1421
5388
4695
524
4691
4694
4695
4696
5483
4698
4699
4700
4701
4702
4703
1428
4705
4706
4707
5375
4709
4710
1431
4719
4721
305
1445
1592
235
5242
228
5242
4720
5241
182
5211
182
297
5211
5211
5209
2197
192
258
4736
1438
4742
1439
2391
4740
2390
2391
1656
5514
1441
4743
1441
5211
5212
4729
1443
4749
4751
1443
2555
2211
1447
1449
4757
4758
4759
4760
4761
4762
4763
4764
5471
5472
4769
5470
5468
5506
4772
5505
4842
540
4776
4840
2213
4777
4765
4766
4765
4768
4839
4840
4839
4784
4773
4776
4774
4775
2206
1459
1464
537
1480
4778
4834
1437
4744
192
4803
4801
4803
4767
4767
1453
4784
1455
1456
4783
4767
4812
338
2208
5445
195
273
4775
4821
327
4821
4822
4823
4824
4825
4828
1419
4828
1329
4826
4831
4832
2212
4833
542
4836
4837
1459
4841
4830
4830
1479
2401
607
548
2401
2230
2230
5187
5187
5186
5187
1494
4873
1494
5183
1494
4872
4875
1493
1488
4874
1489
4874
4853
4855
1489
4853
2400
4870
5184
6151
5184
5182
4876
4940
2234
5543
2234
2234
2401
2401
607
2401
4883
4929
4883
1503
4895
4894
1503
4922
1502
4922
4923
1502
4919
4919
4893
4918
560
560
4884
618
6235
6235
4926
4927
4898
1501
4897
4911
4900
1507
4856
5186
1485
4920
4920
4921
4921
4922
5184
5184
4942
5180
5182
4876
4925
4940
1499
1513
1499
4890
6120
6121
1504
6119
4897
4940
4940
4942
2234
2234
2234
2230
2230
4881
4927
4966
1506
6255
6151
4942
4938
1513
1500
4896
4933
4931
4940
4844
4941
1514
4966
4966
4966
1520
4961
4962
4972
4964
5729
5727
5731
4906
4907
1506
4965
4979
1521
4908
1519
4949
4569
2574
4988
5480
4989
4990
4991
4992
4993
4994
4995
4996
4997
4998
5054
5000
5003
5001
5003
1543
5002
1542
5007
5008
5009
5010
5011
5012
2297
2297
1569
1548
5014
5955
646
2447
633
5032
5026
5023
1551
2493
651
5030
2263
5946
5032
585
5033
5034
6010
5036
5037
5040
661
6005
5041
5044
5045
2328
2327
1555
5049
5676
5370
638
2457
2458
5054
5054
5055
5056
5057
5058
5059
5060
5061
5062
5063
5064
5065
5066
5067
5068
5069
637
5043
5990
5991
5990
5075
5076
5077
5078
5079
5082
5080
6017
5083
5084
2339
672
2339
5090
1565
2314
5090
1554
5369
5092
5095
5096
5097
5098
5099
5100
5101
5102
5103
5104
5105
5108
5106
5112
5109
5110
2309
5113
5693
2491
2491
2491
649
2314
663
2327
5094
2324
2324
2272
2272
2269
590
2453
5129
5130
5131
5132
5133
5134
5135
5136
592
579
5091
5140
5141
5142
5143
5144
5145
5146
5147
5148
5149
5150
5151
3374
5152
1046
5156
5159
5155
5156
5159
5160
4580
4628
4628
3391
5164
5157
5166
5157
5169
5170
5171
5172
3404
1057
1056
3408
1059
5174
6235
6235
5179
5180
5182
5182
5183
5183
5182
5186
5181
5189
5191
5192
5193
5194
5198
5196
5197
5199
5200
5202
5201
4676
1413
1411
4744
4800
4745
5205
258
529
297
192
5208
1589
1588
5216
5217
5218
5219
5220
5221
5222
5223
5224
5225
5226
5227
5228
5229
5230
1434
5232
5233
5234
5235
5236
4722
1452
4727
5240
182
235
295
5244
5245
5246
5247
5248
5249
5250
5251
5252
1430
1430
179
4762
1451
2365
1430
5262
5262
4719
305
5264
5265
5272
1460
5272
4792
5269
5533
5273
1464
2191
609
2403
4479
5278
5279
5280
5281
5282
5283
5284
5285
5286
5287
5288
5289
5290
5291
5292
5293
5294
5295
5296
5297
5298
5299
5300
5301
5305
1352
5302
5711
5306
5307
5308
5309
5310
5311
5312
5313
5314
5315
5316
5317
602
4821
5319
5322
5324
1429
2376
4449
5328
1615
5597
5329
4852
1390
1485
559
2252
5334
1621
5340
5339
5332
5331
5341
5342
5343
553
5347
1337
4517
5348
5349
5350
5351
4750
5378
5354
5355
5356
5357
5358
5359
5360
5364
5361
1605
5277
5364
5366
1629
5382
5368
5636
5373
1632
5633
5371
4693
1422
5377
5378
1633
5382
5380
5632
1635
5384
5385
5386
5387
5389
5389
1333
5391
5392
5393
5394
5395
5399
5396
1638
5575
5397
5401
5404
5403
5417
1639
5406
1382
1382
5163
5411
5422
1640
5410
1380
4601
5335
5420
1626
1641
6126
1389
5423
5595
1642
1620
5428
1643
6130
519
2178
5430
1350
5431
5433
4546
4514
1336
5436
5440
5443
5439
5438
5442
1646
5441
4543
5450
1648
5447
5592
1644
5718
1375
5451
5457
5455
5459
5449
4509
4481
4483
4482
4486
5463
4487
5456
1420
5466
5443
5444
5466
1651
5473
5474
5475
5477
5573
5523
5476
5480
5481
5482
3724
521
5485
5486
5329
5490
1653
5495
4538
1316
1348
5491
5494
1654
518
5460
5461
4493
5461
4771
4770
4688
5504
5505
4490
5508
5178
5510
5511
5512
4778
4796
5515
5516
1481
5518
5153
1579
1371
4589
5158
5524
5525
5526
1580
1417
5511
1655
1461
5534
4792
4838
5535
5536
5537
5538
5539
548
548
5541
550
4869
1658
5547
5554
5548
5549
5557
5551
5560
2401
4843
4962
4970
5409
4617
4862
4865
5561
5562
5167
5479
5165
5565
5567
5568
5569
5568
5571
5572
1372
4590
5575
5576
5577
5578
5579
5580
5581
5582
5583
5584
5587
1665
5587
5585
5589
5589
5591
5454
1649
1645
5435
1351
4547
1668
4975
5713
5598
5715
5716
5588
5604
1664
1356
4553
1355
5608
5304
5611
5613
5614
5615
5616
5617
5618
5619
5590
5623
5621
5631
5612
5624
1670
5627
5628
1292
4434
4476
4476
5622
1634
1274
4407
5638
6115
1674
5637
1283
4421
5646
1673
5643
5661
5648
5657
5649
5650
5651
5652
5653
5654
1289
4478
5381
1630
5659
5660
5610
1669
5663
5664
5665
5666
5640
1675
5667
5645
5671
5672
1317
1275
4408
5675
1630
5678
5679
5680
5681
5682
5683
603
5684
5686
5687
5688
5689
5362
1628
5691
5025
5694
5695
5696
5697
5698
5699
5700
5701
5702
5703
5704
5705
5706
5707
5708
1528
1685
2434
5716
2250
6124
618
2249
1322
4488
1323
4883
4928
2401
607
2401
548
5723
5723
5746
5728
5748
5751
5732
5733
5734
5735
5736
5737
5738
5739
5740
5741
5742
5743
5744
4535
4940
4940
6255
1515
4952
1522
5752
5753
5754
5755
5756
5757
5758
5759
5760
5761
5762
5763
5764
5765
5766
5767
5768
5769
5770
5771
5772
5773
5774
5775
5776
5777
5778
5779
5780
5781
5782
5783
5784
5785
5786
5787
5788
5789
5790
5791
5792
5793
5794
5795
5796
5797
5798
5799
5800
5801
5802
5803
5804
5805
5806
5807
5808
5809
5810
5811
5812
5813
5814
5815
5816
5817
5818
5819
5820
5821
5822
5823
5824
5825
5826
5827
5828
5829
5830
5831
5832
5833
5834
5835
5836
5837
5838
5839
5840
5841
5842
5843
5844
5845
5846
5847
5848
5849
5850
5851
5852
5853
5854
5855
5856
5857
5858
5859
5860
5861
5862
5863
5864
5865
5866
5867
5868
5869
5870
5871
5872
5873
5874
5875
5876
5877
5878
5879
181
292
5882
5883
5884
5885
5886
5887
5888
5889
5890
5891
5892
5893
5894
5895
5896
5897
5898
5899
5900
5901
5902
5903
5904
5905
5906
5907
5908
5909
5910
5911
5912
5913
5914
5915
5916
5917
5918
5919
5920
5921
5922
5923
5924
5925
5926
5927
5928
5929
5930
5931
5932
5933
5934
5935
5936
5937
5938
5939
5940
5941
5942
5943
5944
5945
5947
6135
1677
1677
5094
5950
5952
5953
5954
5956
5983
1550
5958
5959
5960
5961
5962
5963
5964
5965
5966
650
2496
2499
5951
5971
5972
5973
5974
5975
5976
5977
5978
5979
5980
2484
644
651
2498
569
2270
5985
5988
5989
5953
1768
5992
5993
5994
5995
5996
5997
5959
5998
1770
6001
6002
6003
1779
5998
6006
6007
5081
6009
2520
6010
6012
6013
6014
2460
653
671
2456
5986
4729
6021
6022
6023
6024
6025
6026
6027
6028
6029
6030
6031
6032
6033
6034
6035
6036
6037
6038
6039
6040
6041
6042
6043
6044
6045
6046
6047
6048
6049
6050
6051
6052
6053
6054
6055
6056
6057
6058
6059
6060
6061
6062
6063
6064
6065
6066
6067
6068
6069
6070
6071
6072
6073
6074
6075
6076
6077
6078
6079
6080
6081
6082
6083
6084
6085
6086
6087
6088
6089
6090
6091
6092
6093
6094
6095
6096
6097
6098
6099
6100
6101
6102
6103
6104
6105
6106
6107
6108
6109
6110
6111
6112
6113
5625
5605
4854
4860
608
4892
4896
6119
4960
556
622
2255
5601
6128
6129
5342
5413
4802
6132
6133
6134
604
4770
6137
4750
687
327
6141
6142
6143
6144
6145
6146
6147
5543
4925
2230
6151
6152
6153
5025
582
1915
2323
2592
582
383
4882
1891
6163
6164
6166
6170
6167
2274
2334
1873
2334
6172
6173
6174
6175
6176
6177
6178
6179
6180
6181
6206
3187
2174
2578
6186
6187
6188
6189
6190
6191
979
6193
6243
6195
6196
1064
6198
6199
6248
6201
6202
6203
1064
6205
1689
6207
1168
6209
4971
6211
986
6192
6214
6215
6216
6217
6218
6219
6220
6221
6222
6261
6224
6258
6226
6227
6228
6229
6230
6231
6232
6233
6234
6235
6236
985
6238
6239
6212
6241
6242
6243
6244
6245
6246
6247
6248
6249
6250
6251
6252
6253
6210
6255
6256
6257
6258
6259
6260
6261
6262
6263
6264
6265
6266
6267
6268
6270
6270
6274
6273
6273
6274
6278
6276
6277
6278
6279
6280
6281
6282
6283
6284
6285
6287
6287
6288
6273
6274
6270
