0
1
2
3
4
104
6
3557
8
9
10
11
12
13
14
15
16
17
18
19
20
21
22
23
24
25
26
27
28
108
30
31
32
1068
34
35
36
37
915
39
40
41
42
43
44
45
46
47
48
49
50
51
52
53
54
55
56
57
58
59
60
61
62
63
64
65
66
67
68
69
70
71
72
73
74
75
76
77
78
79
80
81
82
83
84
85
86
87
88
89
90
91
92
93
94
95
96
97
98
99
100
101
102
103
104
105
2955
107
106
28
110
111
112
113
114
115
116
117
118
119
120
121
122
123
3478
125
126
127
128
129
130
131
132
133
134
135
136
137
138
139
140
141
142
26
144
145
146
147
148
149
150
151
152
153
154
155
156
157
158
159
160
161
162
163
164
165
166
167
168
169
170
171
172
173
174
175
176
177
5319
179
180
181
182
183
184
185
186
187
188
189
190
530
192
1473
1475
195
196
2224
198
199
282
201
202
203
204
205
206
207
208
209
210
211
212
213
214
215
216
217
218
219
220
221
222
223
224
225
226
227
228
229
230
231
232
233
234
235
236
237
238
239
240
241
242
243
244
245
246
247
248
249
250
251
252
253
254
255
256
257
258
259
260
261
259
263
264
265
2217
267
268
269
195
269
272
271
274
275
276
277
278
279
280
281
282
283
284
285
286
287
288
289
290
291
292
293
294
295
296
297
298
299
300
301
302
303
304
305
306
307
308
309
310
311
312
313
314
315
316
317
318
319
320
321
322
323
324
325
326
327
328
329
330
331
332
333
334
335
336
337
338
339
340
341
342
343
344
1785
2704
3731
1791
1085
862
2954
21
1798
20
1800
3710
1805
1806
3038
1980
2998
897
3041
3036
3043
2154
1823
25
369
1828
1830
1831
1833
3154
2841
1839
2767
1828
4403
384
1853
3062
1830
3049
27
26
387
388
389
390
391
392
393
394
395
396
397
398
399
400
401
402
403
404
405
406
407
408
409
410
411
412
413
414
415
416
417
418
419
420
421
3494
423
424
425
1972
2153
3758
3045
429
431
432
433
434
435
436
437
438
439
3084
369
1830
2765
3140
3140
446
447
448
449
450
451
452
453
454
455
456
457
458
459
460
461
462
463
464
465
466
467
468
469
470
471
472
473
474
475
476
477
478
479
480
481
482
483
484
485
486
487
488
489
490
491
492
493
494
495
2835
2129
2132
2784
2823
501
2908
3712
2901
505
506
2585
508
509
2147
511
3635
513
514
515
3105
1842
518
519
520
2181
5489
4515
2186
1460
1411
2371
2556
192
530
2195
2197
1647
2198
2205
2202
1440
5515
1449
540
541
542
2559
2220
196
2234
2230
2233
2234
550
2234
4641
552
4643
560
1500
4881
4866
2254
2233
2233
198
563
564
565
566
567
568
569
570
571
572
573
574
575
576
577
578
579
580
581
582
583
584
585
586
587
588
589
590
591
592
593
594
595
596
597
598
599
600
601
1451
603
604
605
4837
607
2399
609
610
611
612
613
614
615
616
617
4883
4881
2234
4948
4895
1503
624
625
626
627
628
629
630
631
632
633
634
635
636
637
638
639
640
641
642
643
644
645
646
647
648
649
650
651
652
653
654
655
656
657
658
659
660
661
662
663
664
665
666
667
668
669
670
671
672
673
674
4632
2541
2538
678
4611
680
681
5472
683
684
4620
686
2551
5566
5574
2564
2566
692
693
2250
2231
2581
2583
698
699
700
701
702
703
704
705
706
707
708
709
710
711
712
713
714
715
716
717
718
719
720
721
722
723
724
725
726
727
728
2752
730
731
3985
733
734
735
736
737
738
739
740
741
742
743
744
745
746
747
748
2673
750
751
2675
753
3704
2682
2684
3686
758
759
760
761
762
763
2714
2699
2701
767
3667
765
770
771
772
3651
2717
775
776
777
778
779
780
781
782
783
784
785
786
787
788
789
790
791
792
2748
3542
3541
2753
797
798
799
2760
801
3958
2768
3769
805
806
807
3375
3374
2779
2818
812
3377
2787
2789
816
2793
4378
3172
2794
3583
822
3388
824
825
2803
2807
828
2820
3639
831
3768
1063
3417
3051
3054
837
838
4375
3117
3119
3168
373
3083
845
3094
3104
847
849
850
851
2862
2866
854
855
856
2139
2870
3451
3450
2879
859
863
3406
3402
3624
3628
2889
2891
870
871
2896
873
2872
875
2906
3560
3476
1076
1950
1077
2949
882
352
885
2940
354
1823
3756
886
3591
1958
893
3446
895
896
111
108
28
900
901
902
2969
2967
905
2984
2156
3508
2992
1820
911
2945
1982
151
904
916
39
918
3009
3017
22
24
23
30
925
926
3752
3773
929
2990
3039
932
3045
3049
3420
3418
1063
3421
3074
3416
4405
1991
3075
3063
3413
4405
376
3045
3045
3138
3098
3098
955
3152
3413
967
955
3131
3050
6235
3412
3126
953
3102
3104
3058
6235
3413
6235
4405
4373
3096
6236
6236
3178
933
959
6235
6235
3412
3409
6236
3788
2173
3193
3176
3973
3975
3194
3163
3110
988
993
994
995
996
997
998
999
1000
1001
1002
1003
1004
1005
1006
1007
1008
1009
1010
1011
1012
1013
1014
1015
1016
1017
1018
1019
1020
1021
1022
1023
1024
1025
1026
1027
1028
1029
1030
1031
1032
1033
1034
1035
1036
1037
1038
1039
1040
1041
1042
1043
3433
3390
3391
1047
1048
1049
3382
1051
1052
1053
3506
3399
1056
3408
1058
1059
6235
3410
3414
1062
3426
1065
1067
861
1068
1069
3443
1071
1072
3479
1074
1075
3475
3476
32
1079
1080
422
422
31
3501
3503
1086
1087
1088
1089
1090
1091
1092
1093
1094
1095
3567
1097
1098
1099
1100
3569
1102
3660
3802
1105
3846
3582
1108
1109
1110
1111
1112
3616
1114
1115
1116
1117
3814
1119
3663
3690
1122
3734
1124
3694
3677
3682
3838
3693
1130
3708
1132
3737
1134
3759
1136
3785
3798
1139
1140
1141
1142
1143
1144
1145
1146
3955
3853
3856
1150
1151
1152
1153
3888
1155
1156
1157
1158
1159
1160
1161
1162
1163
1845
3045
6239
1167
3992
1169
1170
1171
1172
1173
1174
1175
1176
1177
1178
1179
1180
1181
1182
1183
1184
1185
1186
1187
1188
1189
1190
1191
1192
1193
1194
1195
1196
1197
1198
1199
1200
1201
1202
1203
1204
1205
1206
1207
1208
1209
1210
1211
1212
1213
1214
1215
1216
1217
1218
1219
1220
1221
1222
1223
1224
1225
1226
1227
1228
1229
1230
1231
1232
1233
1234
1235
1236
1237
1238
1239
1240
1241
1242
1243
1244
1245
1246
1247
1248
1249
1250
1251
1252
1253
1254
1255
1256
1257
1258
1259
1260
1261
1262
1263
1264
1265
1266
1267
1268
1269
1270
1271
1272
1273
1274
1275
1276
1277
1278
1279
1280
1281
1282
1283
1284
1285
1286
1287
1288
1289
1290
1291
1292
1293
1294
1295
1296
1297
1298
1299
1300
4557
5742
1303
1304
1305
1306
1307
1308
1309
1310
1311
1312
1313
1314
1315
1316
1317
4485
1319
1320
1321
1322
1323
4493
1325
1326
1327
1328
1329
1330
4522
4521
4508
4510
5427
1334
4518
1338
5419
5412
4527
1342
1343
1344
1345
1346
1347
4540
1349
1350
1351
1352
1353
1354
5304
4553
1357
4560
1359
1360
1361
2250
4571
6141
5558
1366
1367
5153
4581
1370
5158
1372
4590
4592
4593
1376
4648
4960
4600
5334
4603
4605
4607
4647
5397
4623
4618
5572
4849
5185
5414
1392
4938
4955
1396
4910
4870
5543
1399
4931
1401
1402
1403
1404
1405
1406
1407
1408
4671
1410
5214
5214
1414
5215
1415
5175
5178
1418
1419
4689
5390
4692
1423
5347
4705
4760
4701
1428
1429
1452
5238
2363
1596
1434
4729
192
192
4739
1439
1461
2391
5352
1443
182
1595
5263
199
282
4820
5230
2375
4763
4766
4768
4773
4784
4789
4818
4794
4793
1656
1462
4747
4802
1465
4782
320
4807
4787
4810
4806
2224
1473
195
1475
201
5530
1655
4827
4778
4791
4842
2401
548
5187
5186
1494
4873
5183
4860
4874
4861
6151
5182
5543
2398
2398
4928
4894
4894
1502
5182
4942
1502
2230
6235
1501
4899
4856
5182
6151
6119
4892
6255
6255
1483
4966
4884
6235
5180
4968
6255
5545
695
4963
4979
5729
5730
4906
960
4981
4949
1528
1534
1535
1536
1537
1538
1539
1540
1541
1542
1543
1544
1545
1546
1547
1548
1549
1550
1551
1552
1553
1554
1555
1556
1557
1558
1559
1560
1561
1562
1563
1564
1565
1566
1567
1568
1569
1570
1571
1572
1573
1574
1575
1576
1577
1578
5165
1580
1581
5270
1583
1584
5201
4679
204
1463
5207
1590
1591
4717
1593
1594
1452
5239
203
4764
1599
1451
1451
202
1603
1460
1605
1606
1607
1608
1609
1610
1611
1612
1613
1614
5328
1616
1617
1618
1619
1620
5330
1622
5421
5336
5559
1626
5344
1628
1629
1630
1631
1632
1633
1634
1635
1636
5570
5569
5418
5424
5448
5594
5493
1644
1645
1336
5444
5593
5453
5461
5467
1652
5496
1654
1481
2386
1657
548
5555
1660
1661
1662
1663
1664
1665
1666
1667
5716
5610
5612
1671
1672
1673
5646
1675
1676
1677
1678
1679
1680
1681
1682
1683
1684
1498
2401
5746
1688
5749
1690
1691
1692
1693
1694
1695
1696
1697
1698
1699
1700
1701
1702
1703
1704
1705
1706
1707
1708
1709
1710
1711
1712
1713
1714
1715
1716
1717
1718
1719
1720
1721
1722
1723
1724
1725
1726
1727
1728
1729
1730
1731
1732
1733
1734
1735
1736
1737
1738
1739
1740
1741
1742
1743
1744
1745
1746
1747
1748
1749
1750
1751
1752
1753
1754
1755
1756
1757
1758
1759
1760
1761
1762
1763
1764
1765
1766
1767
1768
1769
1770
1771
1772
1773
1774
1775
1776
1777
1778
1779
1780
1781
1781
1783
1784
1787
1787
3729
1788
346
1786
346
3507
3505
862
3507
3775
1799
354
86
85
1797
358
358
1809
1985
360
1984
2994
1808
1807
107
107
151
3684
897
1819
363
1819
3042
923
2155
93
921
1821
369
369
1828
369
1829
1831
1831
1829
1830
3157
1834
3157
1839
1837
2764
377
1825
1825
1844
1828
949
949
3084
949
4403
3073
942
3061
3072
3787
1831
369
369
1830
1859
1860
1861
1862
1863
1864
1865
1866
1867
1868
1869
1870
1871
1872
1873
1874
1875
1876
1877
1878
1879
1880
1881
1882
1883
1884
1885
1886
1887
1888
1889
1890
1891
1892
1893
1894
1895
1896
1897
1898
1899
1900
1901
1902
1903
1904
1905
1906
1907
1908
1909
1910
1911
1912
1913
1914
1915
1916
1917
1918
1919
1920
1921
1922
1923
1924
1925
1926
1927
1928
1929
1930
1931
1932
1933
1934
1935
1936
1937
1938
1939
1940
1941
1942
1943
1944
1945
3473
3473
3476
3473
3475
1953
1952
2019
3556
3556
3494
1955
421
1960
3562
1961
1962
502
1964
1965
1966
1967
144
1969
39
142
99
1820
2153
1823
1820
1979
1977
89
3774
1823
2940
3774
1975
359
1987
3040
3047
3047
371
3048
1992
1993
1994
1992
1996
1997
1998
1999
2000
2001
2002
2003
2004
2005
2006
2007
2008
2009
1857
1857
1857
384
1857
1857
3086
3086
3140
2019
2020
2021
2022
2023
2024
2025
2026
2027
2028
2029
2030
2031
2032
2033
2034
2035
2036
2037
2038
2039
2040
2041
2042
2043
2044
2045
2046
2047
2048
2049
2050
2051
2052
2053
2054
2055
2056
2057
2058
2059
2060
2061
2062
2063
2064
2065
2066
2067
2068
2069
2070
2071
2072
2073
2074
2075
2076
2077
2078
2079
2080
2081
2082
2083
2084
2085
2086
2087
2088
2089
2090
2091
2092
2093
2094
2095
2096
2097
2098
2099
2100
2101
2102
2103
2104
2105
2106
2107
2108
2109
2110
2111
2112
2113
2114
2115
2116
2117
2118
2119
2120
2121
2122
2123
2124
2125
2126
2127
4401
496
2131
4401
2135
2133
500
2825
2137
2904
2138
2137
2136
2141
2142
2141
2144
2145
2146
2147
2148
2152
2955
892
1957
2155
3017
97
2154
2157
3636
2157
2160
2161
2162
2163
2164
2165
2166
2167
2168
3188
3186
3188
977
517
3784
2174
517
2178
2178
2179
2180
5488
522
5488
2183
523
523
2184
1604
5269
5532
5271
5267
2193
257
2195
2193
258
536
2200
2205
536
537
1440
2203
2206
4794
275
2208
320
275
1449
2212
2213
2214
2212
2216
2217
2559
2216
2220
2221
2222
315
210
2225
2234
2234
2234
560
2234
2234
2230
550
550
2234
2234
2234
4643
4641
4643
5543
2259
560
620
2231
4929
6149
4895
4929
4881
1490
1492
6118
4859
6116
2230
2233
2230
2230
2260
2261
2262
2263
2264
2265
2266
2267
2268
2269
2270
2271
2272
2273
2274
2275
2276
2277
2278
2279
2280
2281
2282
2283
2284
2285
2286
2287
2288
2289
2290
2291
2292
2293
2294
2295
2296
2297
2298
2299
2300
2301
2302
2303
2304
2305
2306
2307
2308
2309
2310
2311
2312
2313
2314
2315
2316
2317
2318
2319
2320
2321
2322
2323
2324
2325
2326
2327
2328
2329
2330
2331
2332
2333
2334
2335
2336
2337
2338
2339
2340
2341
2342
2343
2344
2345
2346
2347
2348
2349
2350
2351
2352
2353
2354
2355
2356
2357
2358
2359
2360
5240
5237
1596
5240
1452
2366
2367
2368
2378
2378
1619
5318
1451
2374
2375
2376
2377
2378
2379
2380
2381
2382
2219
543
2383
2220
2387
2387
259
2392
2391
2392
5514
2390
535
4836
535
2398
607
2398
2401
2402
2403
2404
2405
2406
2407
2408
2409
2410
2411
2412
2413
2414
2415
2416
2417
2418
2419
4882
4881
2230
4882
4882
4948
5720
4882
2234
4929
4895
4929
2432
2433
2434
2435
2436
2437
2438
2439
2440
2441
2442
2443
2444
2445
2446
2447
2448
2449
2450
2451
2452
2453
2454
2455
2456
2457
2458
2459
2460
2461
2462
2463
2464
2465
2466
2467
2468
2469
2470
2471
2472
2473
2474
2475
2476
2477
2478
2479
2480
2481
2482
2483
2484
2485
2486
2487
2488
2489
2490
2491
2492
2493
2494
2495
2496
2497
2498
2499
2500
2501
2502
2503
2504
2505
2506
2507
2508
2509
2510
2511
2512
2513
2514
2515
2516
2517
2518
2519
2520
2521
2522
2523
2524
2525
2526
2527
2528
2529
2530
2531
2532
2533
2534
2536
6147
2536
675
2540
4625
679
2539
2546
2544
2545
2546
2547
685
685
2548
4619
2554
688
5519
4756
4756
2372
527
2561
195
4816
1470
689
5573
2564
5399
2567
2568
2569
2570
4974
557
5731
5715
5542
2245
5545
5542
2553
2580
2579
2582
509
2582
2584
697
2550
2587
2589
2590
2591
2592
2593
2594
2595
2596
2597
2598
2599
2600
2601
2602
2603
2604
2605
2606
2607
2608
2609
2610
2611
2612
2613
2614
2615
2616
2617
2618
2619
2620
2621
2622
2623
2624
2625
2626
2627
2628
2629
2630
2631
2632
2633
2634
2635
2636
2637
3984
2639
2640
2641
2642
2643
2644
2645
2646
2647
2648
2649
2650
2651
2652
2653
2654
2655
2656
2657
2658
2659
2660
2661
2662
2663
2664
2665
2666
2667
2668
2669
2670
2671
2672
750
2674
2675
2672
2677
2678
754
2680
2685
749
2681
757
3685
2686
2687
2688
2689
2690
2691
2692
2693
2694
3722
2696
2697
2702
764
2698
767
2712
2707
768
2703
765
3665
2708
2709
2710
2708
2712
2713
2714
2715
2716
2717
2718
2719
2716
2721
2722
2723
2724
2725
2726
2727
2728
2729
2730
2731
2732
2733
2734
2735
2736
2737
2738
2739
2740
2741
2742
2743
2744
2745
2749
2747
794
3540
795
2751
2751
2753
2751
2755
2756
2757
777
2759
498
2130
2763
2134
2764
2764
2766
2767
2770
2768
4395
804
2772
2773
2774
2775
2776
2778
3372
809
2777
808
2782
2783
807
2785
2790
813
2786
816
3764
2850
4376
3173
2851
2791
2799
2797
2844
2799
2800
3386
2802
2803
2804
2720
2805
774
830
829
2822
2824
2808
2816
2814
507
2586
2816
2819
3762
2159
2821
3638
832
3640
3767
3055
3417
3055
2829
3419
2831
2832
2833
2831
812
3145
4375
3148
3146
3144
3787
1832
2842
1854
2845
2846
2847
972
971
3141
952
3116
962
3118
3101
2856
2857
2858
2859
2860
2861
853
2863
2864
2865
2865
2867
2868
2140
857
2869
2140
2873
2874
2875
2876
2878
3449
860
2878
859
2885
2883
3771
3401
865
2888
3627
867
2887
866
2893
3725
2894
2892
348
2899
2898
3723
504
2901
875
2903
2904
2905
2906
2911
877
2907
2910
3593
2914
1081
3493
881
2916
1947
1949
879
4129
1949
1076
1077
2930
2947
883
2925
2947
882
2948
3447
3448
352
3445
1799
1799
1798
2938
2938
2940
352
1977
1977
2939
885
2939
2948
4267
2949
2952
891
4392
2953
106
111
28
897
2961
2959
2958
2961
2962
2963
2964
2965
2970
356
2966
503
3711
2974
2972
2973
3747
906
2984
3019
2979
2985
2968
904
41
903
918
2986
2986
426
3009
3009
2156
2154
913
2995
1980
2995
1824
366
1976
3001
2999
3001
1981
910
886
41
3006
41
426
3017
2154
426
154
151
42
107
105
98
101
2154
4394
1955
3022
3023
3024
3025
3752
3772
3028
3029
3028
3031
3032
365
364
2978
361
2977
909
909
909
3041
3042
3043
3044
934
934
3049
3045
1826
1826
3420
3420
3418
3421
3420
945
3075
3416
3415
3076
946
3077
946
429
3075
3074
940
3059
941
3056
940
371
1988
3415
3413
980
4405
3151
3151
1834
376
3083
372
3047
3047
3045
3047
3086
3047
3140
954
954
3098
954
3129
955
3152
3415
3129
3127
3127
955
3127
967
4404
4404
3106
3967
6235
6235
6235
6235
6235
3127
3126
3125
3099
3100
3102
3100
3104
940
3058
3418
6235
6235
6235
6235
3413
6235
6235
3415
4405
980
6235
3412
6235
3151
3151
3151
951
3093
3097
3096
4373
4373
3096
953
3103
958
3151
3181
3151
1839
2765
1839
3157
369
3157
1857
1830
6236
980
6236
6215
980
3181
4373
4374
3097
3095
3093
3091
3153
6236
973
3046
980
3412
3179
980
3175
3178
975
3174
3971
3973
3970
3135
3136
3110
6216
3179
981
3193
3136
961
3166
516
516
1810
3201
3203
3204
3205
3206
3207
3208
3209
3210
3211
3212
3213
3214
3215
3216
3217
3218
3219
3220
3221
3222
3223
3224
3225
3226
3227
3228
3229
3230
3231
3232
3233
3234
3235
3236
3237
3238
3239
3240
3241
3242
3243
3244
3245
3246
3247
3248
3249
3250
3251
3252
3253
3254
3255
3256
3257
3258
3259
3260
3261
3262
3263
3264
3265
3266
3267
3268
3269
3270
3271
3272
3273
3274
3275
3276
3277
3278
3279
3280
3281
3282
3283
3284
3285
3286
3287
3288
3289
3290
3291
3292
3293
3294
3295
3296
3297
3298
3299
3300
3301
3302
3303
3304
3305
3306
3307
3308
3309
3310
3311
3312
3313
3314
3315
3316
3317
3318
3319
3320
3321
3322
3323
3324
3325
3326
3328
3328
3329
3330
3331
3332
3333
3334
3335
3336
3337
3338
3339
3340
3341
3342
3343
3344
3345
3346
3347
3348
3349
3350
3351
3352
3353
3354
3355
3356
3357
3358
3359
3360
3361
3362
3363
3364
3365
3366
3367
3368
3369
3459
3371
3373
3389
1046
1045
3376
3377
3378
3379
3376
3380
1049
3381
811
2780
3386
3387
3388
3383
814
1050
3392
3393
3394
3395
3398
1053
1795
350
3400
3403
3402
3405
1057
3407
1058
3407
1059
6235
6235
3409
6235
6235
6235
3412
3414
3416
3416
1062
3413
3414
3418
1063
3411
3424
1061
3427
3428
3429
3430
3435
3438
3437
3431
3438
2880
3440
2877
2881
861
3000
3441
912
3444
3447
3446
127
3001
3442
3450
1070
3452
3453
3454
3455
3456
3457
3458
3460
3464
3471
2960
3462
3463
3465
3466
3467
3468
3469
3470
3472
4391
3474
3474
1074
902
62
3478
3479
3480
3481
3482
3483
3484
3485
3486
3487
3488
3493
422
3493
2963
2963
901
3492
3496
3497
3498
117
3500
876
3504
908
3508
3502
3502
3503
3508
4385
1796
3511
3512
3513
3514
3515
3516
3517
3518
3519
3520
3521
3522
3523
3524
3525
3526
3527
3528
3529
3530
3531
3532
3533
3534
3535
3536
3537
3538
3539
3543
790
1096
3841
3544
3545
3546
3547
3548
3549
3550
3551
3552
3553
3554
3555
3556
3557
113
3559
3560
3559
3561
3563
3564
3566
3566
1100
3565
3055
935
2828
381
3574
1851
1101
3571
3570
3577
3576
3580
3581
1106
3583
3584
3585
3586
3587
3588
3589
3590
1963
3592
3593
3594
3595
3596
3597
3598
3599
3600
3601
3602
3603
3604
3605
3606
3607
3608
3609
3610
3611
3612
3613
2895
3615
872
3617
3618
3619
3620
3621
3622
3623
2762
3625
3626
3629
766
2761
3630
3631
3632
3633
3634
1117
3636
3813
3637
1118
3815
3641
3642
3643
3644
3645
3646
3387
3648
3649
3649
1120
3652
3653
3654
4383
3657
4380
1121
1107
835
3661
3662
1122
3664
3666
4384
1123
3668
3669
3670
3671
3672
3673
1125
2705
3675
2706
3679
3709
3678
3676
1126
3681
3680
2736
787
3688
3836
3687
1128
3691
3692
2792
3694
3699
2700
3696
3689
2700
2676
3701
752
3703
820
3742
3697
3706
868
3683
1127
3707
1131
3713
3714
3715
3716
3717
3718
3719
3720
3721
3625
3723
3724
345
3726
3727
3728
3730
3736
1133
3732
3733
785
3735
3733
3737
3738
2839
841
2836
2840
3743
3744
2890
3745
3746
3748
3749
3750
3751
1135
3753
3754
366
1823
2997
3039
931
3760
3761
3763
3809
3764
3765
3766
3769
804
807
3770
428
3775
3776
1823
3777
3777
2993
3778
3779
3780
3781
3782
1826
3783
3049
1832
373
1137
3797
3789
3791
3792
3793
3794
3795
934
3046
3796
976
3800
3801
3057
3070
3804
3805
3806
3807
3808
2788
815
3811
3812
510
2769
803
2771
3817
3818
3819
3820
3821
3822
3823
3824
3825
3826
3827
3828
3829
3830
3831
3832
3833
3834
3835
3692
3837
1129
3839
3840
3840
3845
3842
3847
3953
802
3957
3848
3852
3850
3851
3854
1149
3855
3568
719
3857
3858
3859
3860
3861
3862
3863
3864
3865
3866
3867
3868
3868
3870
3871
3872
3873
3874
3875
3876
3877
3878
3879
3880
3881
3882
3883
3884
3885
3886
3887
1152
3889
3890
3891
3892
3893
3894
3895
3896
3897
3898
3899
3900
3901
3902
3903
3904
3869
3905
3907
3908
3909
3910
3911
3912
3913
3914
3915
3916
3917
3918
3919
3920
3921
3922
3923
3924
3925
3926
3927
3928
3929
3930
3931
3932
3933
3934
3935
3936
3937
3938
3939
3940
3941
3942
3943
3944
3945
3946
3947
3948
3949
3950
3951
818
1164
3954
3960
1846
380
3959
1857
3087
2795
3961
3962
3047
3045
934
3049
934
3045
934
3969
6239
1165
1166
3990
3976
3977
3978
3979
3980
3981
3982
3983
3984
3985
3986
3987
3988
3989
3151
3048
6236
6236
3167
3164
3996
3997
3998
3999
4000
4001
4002
4003
4004
4005
4006
4007
4008
4009
4010
4011
4012
4013
4014
4015
4016
4017
4018
4019
4020
4021
4022
4023
4024
4025
4026
4027
4028
4029
4030
4031
4032
4033
4034
4035
4036
4037
4038
4039
4040
4041
4042
4043
4044
4045
4046
4047
4048
4049
4050
4051
4052
4053
4054
4055
4056
4057
4058
4059
4060
4061
4062
4063
4064
4065
4066
4067
4068
4069
4070
4071
4072
4073
4074
4075
4076
4077
4078
4079
4080
4081
4082
4083
4084
4085
4086
4087
4088
4089
4090
4091
4092
4093
4094
4095
4096
4097
4098
4099
4100
4101
4102
4103
4104
4105
4106
4107
4108
4109
4110
4111
4112
4113
4114
4115
4116
4117
4118
4119
4120
4121
4122
4123
4124
4125
4126
4127
4128
4129
121
4131
4132
4133
4134
4135
4136
4137
4138
4139
4140
4141
4142
4143
4144
4145
4146
4147
4148
4149
4150
4151
4152
4153
4154
4155
4156
4157
4158
4159
4160
4161
4162
4163
4164
4165
4166
4167
4168
4169
4170
4171
4172
4173
4174
4175
4176
4177
4178
4179
4180
4181
4182
4183
4184
4185
4186
4187
4188
4189
4190
4191
4192
4193
4194
4195
4196
4197
4198
4199
4200
4201
4202
4203
4204
4205
4206
4207
4208
4209
4210
4211
4212
4213
4214
4215
4216
4217
4218
4219
4220
4221
4222
4223
4224
4225
4226
4227
4228
4229
4230
4231
4232
4233
4234
4235
4236
4237
4238
4239
4240
4241
4242
4243
4244
4245
4246
4247
4248
4249
4250
4251
4252
4253
4254
4255
4256
4257
4258
4259
4260
4261
4262
4263
4264
4265
4266
4267
4268
4269
4270
4271
4272
4273
4274
4275
4276
4277
4278
4279
4280
4281
4282
4283
4284
4285
4286
4287
4288
4289
4290
4291
4292
4293
4294
4295
4296
4297
4298
4299
4300
4301
4302
4303
4304
4305
4306
4307
4308
4309
4310
4311
4312
4313
4314
4315
4316
4317
4318
4319
4320
4321
4322
4323
4324
4325
4326
4327
4328
4329
4330
4331
4332
4333
4334
4335
4336
4337
4338
4339
4340
4341
4342
4343
4344
4345
4346
4347
4348
4349
4350
4351
4352
4353
4354
4355
4356
4357
4358
4359
4360
4361
4362
4363
4364
4365
4366
4367
4368
3906
3077
3063
1990
3098
3098
3095
379
3090
3965
382
3843
4381
4382
3659
3650
2944
4386
4387
4388
4389
4390
2866
1958
4393
1955
4395
4396
4397
4398
4399
4400
499
1837
3151
369
980
4406
4407
4408
4409
4410
4411
4412
4413
4414
4415
4416
4417
4418
4419
4420
4421
4422
4423
4424
4425
4426
4427
4428
4429
4430
4431
4432
4433
4434
4435
4436
4437
4438
4439
4440
4441
4442
4443
4444
4445
5740
4447
4448
4449
4450
4451
4452
4453
4454
4455
4456
4457
4458
4459
4460
4461
4462
4463
4464
4465
4466
4467
4468
4469
4470
4471
4472
4473
4474
4475
4476
4477
4478
4479
4480
4481
4481
4483
4484
4485
4486
4487
4488
4489
4491
5446
4490
1318
4494
4495
4496
4497
4498
4499
4500
4501
4502
4503
4504
4505
4507
4520
1332
4506
1331
5426
5426
4510
4512
1335
4519
4516
4518
4519
4523
1339
1340
5458
4524
4524
4526
4527
4528
4529
4530
4531
4532
4533
4534
4535
4536
4537
4538
4539
4540
4541
4542
4543
4544
4545
4546
4547
4548
4549
4552
4551
5302
1355
4554
4555
4555
4555
4559
4559
1342
4561
4562
676
5394
4565
2537
2424
2426
618
4878
4573
4573
6141
4571
4575
4576
4576
4578
4579
4583
1368
4580
5152
4584
4585
1366
4587
4589
5521
1372
4588
1371
1377
4594
4651
4650
4596
4642
4642
2253
5333
4602
826
4602
4605
4525
1341
4606
1385
4609
4626
691
4623
4615
5161
4619
4614
1381
4620
5519
2565
5396
690
1388
5524
5401
3419
4628
4850
5185
4635
1370
4631
5416
4635
4935
4936
4640
4937
6121
5544
2253
5543
5544
690
4646
1399
1512
1513
4959
1393
4939
4900
4653
4655
4656
4657
4658
4659
4660
4661
4662
4663
4664
4665
4666
4667
4670
4669
4699
1427
4672
4673
4674
4675
5213
5214
5213
5215
5213
4681
1416
5173
5528
4685
4690
4687
4686
1421
5388
4695
524
4691
4694
5484
4697
5483
4696
4700
5244
1426
4703
4703
4704
4705
4706
4707
4708
4709
4710
5256
5238
4762
5257
5256
2364
1432
2364
231
5237
1452
2363
4724
4727
235
5211
4728
4728
1434
5209
5212
5209
2197
4737
1438
4740
4740
192
1439
4743
2387
5531
4743
4744
4745
4746
1434
4746
2558
6138
1442
528
4756
1449
282
281
4758
5229
4758
1450
4761
4761
4763
4764
5471
682
4765
5470
5468
4772
4770
5506
1482
4776
4788
4839
4774
1457
4767
1453
4781
1454
4783
4839
4783
4786
1455
4790
2384
4818
1464
1464
1464
4801
5513
2385
4796
4798
4798
4800
2390
1441
2393
223
212
4806
4810
1469
4810
4810
212
213
320
275
277
4816
271
1470
5318
5318
1600
4822
4824
5511
1478
4826
4827
4828
4829
4830
4831
4832
4833
1480
538
2206
1459
4791
4840
4840
4841
1479
2401
2401
2230
548
2230
2230
5187
5187
5186
5187
1494
4873
5184
5183
4874
4872
4875
1493
4871
4874
1489
4874
4853
4855
1489
4857
2400
4870
5184
6151
5184
5182
4876
4940
5543
5543
5543
2234
2233
2233
2398
2233
4929
1503
4883
1503
1503
4894
1503
4922
1502
5184
4923
1502
4919
4920
1502
4919
2257
2230
4884
2257
6235
6235
6235
6235
4918
4893
4898
4897
4897
1504
4856
5186
5185
6235
6235
6235
6235
5182
5184
1520
6151
6235
5182
4940
4876
4940
4895
4890
4896
4895
4893
6119
4899
4893
4898
4940
4940
4942
549
5543
2234
2234
2230
2233
6255
1520
6234
6255
1520
4942
6120
6120
1503
4892
1499
4890
6255
4844
4941
6255
1520
1520
4968
5180
4964
4961
4972
4965
5727
5727
5729
6216
960
4926
4968
4979
1521
4927
1506
4953
4569
2574
2204
4987
4989
4990
4991
4992
4993
4994
4995
4996
4997
4998
4999
5000
5001
5002
5003
5004
5005
5006
5007
5008
5009
5010
5011
5012
5013
5014
5015
5016
5017
5018
5019
5020
5021
5022
5023
5024
5025
5026
5027
5028
5029
5030
5031
5032
5033
5034
5035
5036
5037
5038
5039
5040
5041
5042
5043
5044
5045
5046
5047
5048
5049
5050
5051
5052
5053
5054
5055
5056
5057
5058
5059
5060
5061
5062
5063
5064
5065
5066
5067
5068
5069
5070
5071
5072
5073
5074
5075
5076
5077
5078
5079
5080
5081
5082
5083
5084
5085
5086
5087
5088
5089
5090
5091
5092
5093
5094
5095
5096
5097
5098
5099
5100
5101
5102
5103
5104
5105
5106
5107
5108
5109
5110
5111
5112
5113
5114
5115
5116
5117
5118
5119
5120
5121
5122
5123
5124
5125
5126
5127
5128
5129
5130
5131
5132
5133
5134
5135
5136
5137
5138
5139
5140
5141
5142
5143
5144
5145
5146
5147
5148
5149
5150
5151
5154
1579
5164
5155
5155
5157
5158
5156
5159
810
5162
4628
5160
1374
5166
5167
5168
5172
5170
2192
2191
5174
5176
5175
5177
5177
1583
6235
6235
5179
6235
3414
5182
5183
5183
3414
5186
5181
5189
5191
5192
5193
5194
5198
5196
1585
5200
4678
4676
5203
4680
4679
1411
4799
4747
1462
4799
297
298
295
4800
5208
1589
1588
5216
5217
5218
5219
5220
5221
5222
5225
5224
5228
4757
4759
5227
5231
5230
6020
5232
5233
5234
5235
5236
5240
1452
5239
5240
235
1432
296
5246
5264
5246
5247
5248
5249
5250
5251
5252
4762
4762
1451
4762
1451
4762
4762
287
290
289
285
5264
5265
5272
5214
5272
4793
5268
1460
5273
6131
2190
5275
5276
5277
5278
5279
5280
5281
5282
5283
5284
5285
5286
5287
5288
5289
5290
5291
5292
5293
5294
5295
5296
5297
5298
5299
5300
5301
5303
5597
1615
5305
5306
5307
5308
5309
5310
5311
5312
5313
5314
5315
5316
5317
2378
283
286
5321
5322
5323
5324
5325
5329
5326
5328
5329
4850
4849
1485
559
2252
5334
1621
5340
5339
5332
5331
2239
4598
5343
2238
5345
5346
1337
5348
5349
5350
5351
6138
5353
5354
5355
5356
5357
5358
5359
5360
5361
5362
5363
5364
5365
5366
5367
5368
5369
5370
5371
5372
5373
5374
4693
1422
5377
5378
5379
5380
5381
5382
5383
5384
5385
5386
5387
5389
5406
1333
5391
5392
5393
5395
5561
1638
5398
5568
5575
1637
5571
5404
5402
5417
5405
5403
4604
5407
5163
5411
5411
1640
5410
1380
1380
5335
5420
1626
1641
6126
1389
5422
5423
1642
5425
5428
1643
6130
5429
5430
5431
5432
5433
5434
5435
4514
4513
5436
5440
5469
5441
5438
5442
1646
5445
5446
5450
1648
5447
5592
5451
5452
1375
5451
5459
5455
4509
5449
4506
4482
1319
5460
5463
5464
5465
5456
1420
5466
5443
5444
5466
1651
5473
1383
5475
5476
5477
5478
5479
5480
5481
5482
5483
4517
5485
5486
5487
5490
1653
5495
5491
5492
1348
5491
5494
1654
5497
5462
1650
5500
1394
5503
4771
4688
5504
5505
5507
5512
5516
5508
5517
4838
2383
1656
4795
4838
4838
5518
5520
5565
5521
5522
5523
5525
4577
1364
5527
2396
5533
5534
5531
4792
4792
4791
5535
5536
5537
5538
5539
2230
548
2232
550
4869
1658
5547
5554
5550
5549
5557
5551
5560
2401
4843
4962
1516
5408
1387
4862
4868
5561
5562
5563
5564
4591
1373
5567
5567
5569
696
4574
4572
5573
5574
5575
5576
5577
5578
5579
5580
5581
5582
5583
5584
5585
5586
5587
5588
5589
5590
5591
5454
1649
5594
5595
5596
5597
5599
5714
5713
5598
5715
5716
5604
5605
5606
5608
5609
5611
1670
5327
1291
5613
5614
5615
5616
5617
5618
5619
5620
5621
5622
5623
5624
5625
5624
5627
5628
5629
5630
5631
5632
5633
5634
5635
5636
5637
5638
5639
5640
5641
5642
5643
5644
5645
1673
5647
5648
5649
5650
5651
5652
5653
5654
5655
5656
5657
5658
5659
5660
5626
5661
5663
5664
5665
5666
5667
5668
5669
5670
5671
5672
5673
5674
5675
5676
5677
5678
5679
5680
5681
5682
5683
5684
5685
5686
5687
5688
5689
5690
5691
5692
5693
5694
5695
5696
5697
5698
5699
5700
5701
5702
5703
5704
5705
5706
5707
5708
6122
6123
5711
2247
2246
4960
4887
5721
5717
5718
5719
2398
2398
2401
2401
548
2230
548
5723
2401
5728
5747
1687
5732
5733
6113
5735
5736
5737
5738
5739
5740
5741
5742
5743
5744
5745
4940
4844
6255
6255
4954
4952
5752
5753
5754
5755
5756
5757
5758
5759
5760
5761
5762
5763
5764
5765
5766
5767
5768
5769
5770
5771
5772
5773
5774
5775
5776
5777
5778
5779
5780
5781
5782
5783
5784
5785
5786
5787
5788
5789
5790
5791
5792
5793
5794
5795
5796
5797
5798
5799
5800
5801
5802
5803
5804
5805
5806
5807
5808
5809
5810
5811
5812
5813
5814
5815
5816
5817
5818
5819
5820
5821
5822
5823
5824
5825
5826
5827
5828
5829
5830
5831
5832
5833
5834
5835
5836
5837
5838
5839
5840
5841
5842
5843
5844
5845
5846
5847
5848
5849
5850
5851
5852
5853
5854
5855
5856
5857
5858
5859
5860
5861
5862
5863
5864
5865
5866
5867
5868
5869
5870
5871
5872
5873
5874
5875
5876
5877
5878
5879
291
293
5882
5883
5884
5885
5886
5887
5888
5889
5890
5891
5892
5893
5894
5895
5896
5897
5898
5899
5900
5901
5902
5903
5904
5905
5906
5907
5908
5909
5910
5911
5912
5913
5914
5915
5916
5917
5918
5919
5920
5921
5922
5923
5924
5925
5926
5927
5928
5929
5930
5931
5932
5933
5934
5935
5936
5937
5938
5939
5940
5941
5942
5943
5944
5945
5946
5947
5948
5949
5950
5951
5952
5953
5954
5955
5956
5957
5958
5959
5960
5961
5962
5963
5964
5965
5966
5967
5968
5969
5970
5971
5972
5973
5974
5975
5976
5977
5978
5979
5980
5981
5982
5983
5984
5985
5986
5987
5988
5989
5990
5991
5992
5993
5994
5995
5996
5997
5998
5999
6000
6001
6002
6003
6004
6005
6006
6007
6008
6009
6010
6011
6012
6013
6014
6015
6016
6017
6018
6019
4748
6021
6022
6023
6024
6025
6026
6027
6028
6029
6030
6031
6032
6033
6034
6035
6036
6037
6038
6039
6040
6041
6042
6043
6044
6045
6046
6047
6048
6049
6050
6051
6052
6053
6054
6055
6056
6057
6058
6059
6060
6061
6062
6063
6064
6065
6066
6067
6068
6069
6070
6071
6072
6073
6074
6075
6076
6077
6078
6079
6080
6081
6082
6083
6084
6085
6086
6087
6088
6089
6090
6091
6092
6093
6094
6095
6096
6097
6098
6099
6100
6101
6102
6103
6104
6105
6106
6107
6108
6109
6110
6111
6112
6113
6114
6115
4871
4858
4859
1502
1502
1502
4959
4934
4891
558
5601
6127
6129
4601
5413
4745
6132
6133
6134
6135
4771
6137
2371
4617
5318
698
6142
6143
6144
6145
6146
2542
5543
607
2230
1520
6152
6153
5693
6155
6156
6157
6158
6159
1857
4882
6162
6163
6164
6165
6166
6167
6168
6169
6170
6171
6172
6173
6174
6175
6176
6177
6178
6179
6180
6181
1528
988
2173
695
6186
6187
6188
6189
6190
6191
960
6193
6194
6195
6196
6197
6198
6199
6200
6201
6202
6203
1064
6205
5730
6207
3975
6209
6210
6211
6212
3192
6214
6236
6235
6217
6218
6219
6220
6221
6222
6223
6224
6225
6226
6227
6228
6229
6230
6231
6232
4978
6234
6235
6236
6237
6238
6239
6240
6241
6242
6243
6244
6245
6246
6247
6248
6249
6250
6251
6252
6253
6254
6255
6256
6286
6258
6259
6260
6261
6275
6263
6264
6265
6266
6267
6268
6270
6270
6274
6273
6218
6274
6278
6276
6277
6278
6279
6280
6281
6282
6283
6284
6285
6287
6287
6288
6273
6274
6270
