161
1
2
3
4
150
3022
3022
3499
55
2919
65
12
130
50
69
79
83
68
131
20
21
22
923
922
25
39
170
2955
7
116
2923
62
126
34
158
36
37
159
39
56
49
3007
42
44
45
46
44
48
14
13
51
48
16
895
60
80
17
2917
1073
82
3477
63
65
18
67
3445
161
12
71
19
77
71
12
131
73
77
128
19
19
78
75
75
73
47
0
86
87
88
89
90
91
92
1822
94
95
96
2155
98
99
100
100
102
148
170
1812
3558
148
3558
2955
3558
3557
924
924
3499
924
1083
2914
2915
1083
2918
2921
61
11
125
66
3447
3447
34
34
130
132
132
3498
2916
135
136
137
138
139
140
144
142
39
160
145
146
147
35
35
157
38
153
153
153
896
896
72
15
49
160
161
162
896
165
80
154
42
42
43
43
2197
172
173
174
175
321
5263
1476
304
4716
296
1587
183
300
247
243
252
233
237
190
191
192
193
270
2560
196
210
341
178
178
287
293
294
4729
205
330
207
208
328
310
225
223
4805
213
215
215
217
218
184
219
221
184
185
187
187
229
226
1592
188
232
230
4725
189
1444
4723
236
237
238
5209
242
240
248
190
244
244
246
248
299
251
249
253
253
245
245
216
256
255
171
259
260
261
262
263
264
265
266
267
268
269
1475
271
272
271
319
319
5319
319
321
284
1476
284
178
179
305
288
285
180
4712
231
289
4720
294
203
4724
4726
4727
298
4731
301
205
302
302
303
4712
1602
306
307
308
309
308
311
312
331
210
315
316
317
318
206
321
328
335
325
325
325
5260
5260
241
223
186
331
332
333
5260
336
250
324
329
213
214
214
2688
1783
3670
345
2704
347
348
349
3439
897
21
353
20
355
356
357
358
359
360
361
3022
363
364
365
366
367
25
440
1847
3087
442
373
1847
1832
1847
3959
1847
3143
1845
4372
382
3089
3087
170
39
387
388
389
390
391
392
393
394
395
396
397
398
399
400
401
402
403
404
405
406
407
408
409
410
411
412
413
414
415
416
417
418
419
2020
1962
3494
423
424
425
426
427
428
3990
430
431
432
433
434
435
436
437
438
439
2017
440
3088
380
3092
3094
789
447
448
449
450
451
452
453
454
455
456
457
458
459
460
461
462
463
464
465
466
467
468
469
470
471
472
473
474
475
476
477
478
479
480
481
482
483
484
485
486
487
488
489
490
491
492
493
494
495
496
497
2763
499
3633
3592
1960
503
504
505
506
507
508
509
510
511
512
513
514
515
1164
4404
4496
5430
520
521
522
523
524
525
526
2369
4821
192
191
4735
532
533
534
535
536
537
2203
322
4777
541
542
2219
544
196
2247
2247
2429
2247
5721
2247
2431
1685
5716
6124
4931
6124
6116
6118
2246
2246
341
563
564
565
566
567
568
569
570
571
572
573
574
575
576
577
578
579
580
581
582
583
584
585
586
587
588
589
590
591
592
593
594
595
596
597
598
599
600
601
5256
603
604
605
606
4929
4875
609
610
611
612
613
614
615
616
617
2247
2246
2247
6124
4957
4889
4549
625
626
627
628
629
630
631
632
633
634
635
636
637
638
639
640
641
642
643
644
645
646
647
648
649
650
651
652
653
654
655
656
657
658
659
660
661
662
663
664
665
666
667
668
669
670
671
672
673
674
675
676
677
678
2541
5351
2376
682
2547
684
685
686
687
688
689
690
691
692
693
5714
5716
696
697
698
699
700
701
702
703
704
705
706
707
708
709
710
711
712
713
714
715
716
717
718
719
720
721
722
723
724
725
726
727
728
2638
730
731
732
733
734
735
736
737
738
739
740
741
742
743
744
745
746
747
748
2682
2673
2675
3702
2679
3704
3740
3749
2684
2686
2690
760
761
762
763
2714
2699
2701
2715
3667
2706
770
771
3658
3651
774
775
776
777
778
779
780
781
2727
783
2739
785
786
3685
2735
3674
2744
3672
792
793
794
3541
2754
797
798
799
800
801
1164
3816
3768
805
2782
2784
808
809
810
811
812
813
814
815
816
2791
4376
2848
820
2798
3572
823
824
2817
3385
827
3634
828
2808
831
2823
3054
936
835
2830
837
3654
971
964
840
2840
3787
1832
845
3172
965
847
849
850
851
3461
3472
854
855
856
2140
2871
3451
860
2879
2881
863
864
865
866
867
868
869
870
871
872
873
2902
2959
876
877
1077
1950
879
1948
882
883
884
2941
886
887
888
889
890
898
1957
2953
894
2915
134
3020
7
2955
900
901
902
2983
2981
905
906
907
2995
909
910
911
912
913
150
38
3006
51
918
919
920
22
922
923
116
925
926
927
928
929
930
931
932
3992
3970
3058
3052
938
3419
939
940
941
942
3066
944
3415
946
2013
429
3140
4403
3095
951
955
946
3129
958
953
967
3971
1060
980
3104
3102
3117
3115
3071
969
3415
3414
946
972
952
973
973
975
3176
3973
3111
3113
3179
981
3164
3790
2173
985
986
2793
6208
989
3196
3189
987
993
994
995
996
997
998
999
1000
1001
1002
1003
1004
1005
1006
1007
1008
1009
1010
1011
1012
1013
1014
1015
1016
1017
1018
1019
1020
1021
1022
1023
1024
1025
1026
1027
1028
1029
1030
1031
1032
1033
1034
1035
1036
1037
1038
1039
1040
1041
1042
1043
3433
1045
1046
1047
1048
1049
1050
1051
1052
1053
1054
1055
1056
1057
1058
1059
1060
1061
3414
3421
1064
1065
3437
3440
126
1069
1070
1071
1072
2919
1074
1075
3475
3476
62
1079
1080
8
8
2923
3501
3503
1086
1087
1088
1089
1090
1091
1092
1093
1094
1095
1096
1097
1098
1099
1100
1101
1102
1103
1104
1105
3844
3582
1108
1109
1110
1111
1112
1113
1114
1115
1116
1117
3639
1119
3663
3690
1122
3734
1124
3694
1126
1127
3838
3693
3741
1131
3766
3737
1134
1135
1136
3796
1138
1139
1140
1141
1142
1143
1144
1145
1146
3956
1148
1149
1150
1151
1152
1153
1154
1155
1156
1157
1158
1159
1160
1161
1162
1163
4378
3992
3993
1167
3995
1169
1170
1171
1172
1173
1174
1175
1176
1177
1178
1179
1180
1181
1182
1183
1184
1185
1186
1187
1188
1189
1190
1191
1192
1193
1194
1195
1196
1197
1198
1199
1200
1201
1202
1203
1204
1205
1206
1207
1208
1209
1210
1211
1212
1213
1214
1215
1216
1217
1218
1219
1220
1221
1222
1223
1224
1225
1226
1227
1228
1229
1230
1231
1232
1233
1234
1235
1236
1237
1238
1239
1240
1241
1242
1243
1244
1245
1246
1247
1248
1249
1250
1251
1252
1253
1254
1255
1256
1257
1258
1259
1260
1261
1262
1263
1264
1265
1266
1267
1268
1269
1270
1271
1272
1273
1274
1275
4410
1277
1278
1279
1280
1281
1282
1283
1284
1285
1286
1287
1288
5630
1290
4430
5487
1293
1294
1295
1296
1297
1298
1299
1300
4556
4446
4448
4472
1305
1306
1307
1308
1309
1310
1311
1312
1313
1314
4475
1316
1317
4493
5461
4481
5446
1322
4488
5500
4541
4534
1327
1328
1329
1330
4522
4521
1333
4512
5427
1336
1337
1338
5419
1340
1341
1342
1343
1344
1345
1346
4536
1348
1349
5433
5435
4547
1353
1354
5611
1356
1357
1358
5478
1360
1361
5714
1363
1364
1365
1366
1367
1368
1369
1370
1371
1372
1373
1374
4594
1376
4648
4596
4600
559
1381
1382
1383
1384
4609
4613
1387
1388
4629
1486
5416
1392
4956
4637
4639
1508
4870
2249
1399
4959
1401
1402
1403
1404
5236
5224
1407
1408
1409
1410
1411
1412
1413
1414
1415
1416
1417
1418
1419
1420
1421
1422
4708
1424
1425
1426
1427
4704
1429
5238
291
2363
1596
4747
1434
1436
1437
1438
1439
1440
1441
2371
1449
4726
226
4713
178
178
327
1450
4762
4763
4780
209
1455
4775
4796
2385
1459
1460
1461
1462
5206
1464
221
209
321
4818
4808
2562
221
210
193
2560
270
287
1477
1478
1479
4797
1481
1482
5748
2246
4856
4852
4853
4872
4874
4860
4857
4861
1511
5184
2247
6149
4929
4891
4890
1500
4893
4922
1511
1501
2246
1520
1504
1507
4863
5184
1511
4933
4958
4954
4954
4961
4967
5729
4908
1520
1521
4952
552
6185
1525
1526
4596
6206
1529
3192
1531
4983
6182
1534
1535
1536
1537
1538
1539
1540
1541
1542
1543
1544
1545
1546
1547
1548
1549
1550
1551
1552
1553
1554
1555
1556
1557
1558
1559
1560
1561
1562
1563
1564
1565
1566
1567
1568
1569
1570
1571
1572
1573
1574
1575
1576
1577
1578
1579
1580
1581
1582
1583
1584
1585
1586
4729
1588
1589
1590
1591
1432
5230
1594
1452
1593
294
1598
1599
5259
5254
293
5265
1604
1605
1606
1607
1608
1609
1610
1611
1612
5741
5301
5326
1616
1617
1618
5318
1620
5330
6125
1623
1624
5559
5343
1668
1628
1629
1630
1631
1632
5439
1634
1635
1636
1637
1638
1639
1640
5448
1642
1643
1644
1645
1646
1647
5593
5453
1650
1651
5522
1653
1654
1655
1656
1657
4843
5555
1660
1661
1662
1663
1664
1665
1666
1667
1378
1669
1670
1671
1672
1673
1674
1675
1676
1677
1678
1679
1680
1681
1682
5734
1684
6122
5749
5749
1688
5751
1690
1691
1692
1693
1694
1695
1696
1697
1698
1699
1700
1701
1702
1703
1704
1705
1706
1707
1708
1709
1710
1711
1712
1713
1714
1715
1716
1717
1718
1719
1720
1721
1722
1723
1724
1725
1726
1727
1728
1729
1730
1731
1732
1733
1734
1735
1736
1737
1738
1739
1740
1741
1742
1743
1744
1745
1746
1747
1748
1749
1750
1751
1752
1753
1754
1755
1756
1757
1758
1759
1760
1761
1762
1763
1764
1765
1766
1767
1768
1769
1770
1771
1772
1773
1774
1775
1776
1777
1778
1779
1780
1784
1784
3670
3738
1787
1786
3729
1788
1786
1790
1791
1792
1793
1794
1795
1796
1797
1798
86
1800
1801
1802
1803
1804
1805
1806
1807
1808
1809
1810
148
148
38
148
3022
1816
1817
1818
1819
1820
1821
1822
1823
1824
1847
440
1847
440
3087
440
440
3087
3087
440
440
440
442
442
3959
2843
380
1847
3958
380
2018
445
1848
444
3170
1853
1850
1852
1853
843
440
440
440
3964
1859
1860
1861
1862
1863
1864
1865
1866
1867
1868
1869
1870
1871
1872
1873
1874
1875
1876
1877
1878
1879
1880
1881
1882
1883
1884
1885
1886
1887
1888
1889
1890
1891
1892
1893
1894
1895
1896
1897
1898
1899
1900
1901
1902
1903
1904
1905
1906
1907
1908
1909
1910
1911
1912
1913
1914
1915
1916
1917
1918
1919
1920
1921
1922
1923
1924
1925
1926
1927
1928
1929
1930
1931
1932
1933
1934
1935
1936
1937
1938
1939
1940
1941
1942
1943
1944
1945
1949
1949
1077
3473
1076
2021
1953
3668
155
422
8
155
1954
1959
1960
1961
901
1959
1964
1965
1966
1967
160
3743
39
142
1972
1973
1974
1975
1976
1977
1978
89
1980
1981
1982
1983
1984
1985
1986
1987
948
3969
948
3139
1992
1993
1994
1995
1996
1997
1998
1999
2000
2001
2002
2003
2004
2005
2006
2007
2008
2009
440
440
440
2017
440
440
3090
3090
3091
3668
2742
3669
2022
2023
2024
2025
2026
2027
2028
2029
2030
2031
2032
2033
2034
2035
2036
2037
2038
2039
2040
2041
2042
2043
2044
2045
2046
2047
2048
2049
2050
2051
2052
2053
2054
2055
2056
2057
2058
2059
2060
2061
2062
2063
2064
2065
2066
2067
2068
2069
2070
2071
2072
2073
2074
2075
2076
2077
2078
2079
2080
2081
2082
2083
2084
2085
2086
2087
2088
2089
2090
2091
2092
2093
2094
2095
2096
2097
2098
2099
2100
2101
2102
2103
2104
2105
2106
2107
2108
2109
2110
2111
2112
2113
2114
2115
2116
2117
2118
2119
2120
2121
2122
2123
2124
2125
2126
2127
2128
2129
2130
2131
2134
2133
2763
2132
2136
2137
2138
2139
2140
2141
2142
2141
2144
2145
2146
2147
2148
3021
3020
2152
3021
2153
2154
2155
2156
2159
2158
2821
2160
2161
2162
2163
2164
2165
2166
2167
2168
818
2172
3187
3956
2174
375
2174
517
2178
5497
2177
518
2183
2182
2183
2181
2184
2186
2187
2188
2189
2190
2191
2192
215
255
2195
2196
529
2198
2199
2200
2201
2202
537
2204
2205
2206
319
319
321
319
322
2215
2213
2214
4833
2216
266
2216
2219
2220
331
268
315
210
5502
2247
2247
2247
6124
2249
2247
2247
2429
2429
2247
2247
2247
5716
5716
1685
2247
1685
6124
1685
5716
2248
556
4934
622
2247
1490
6117
4870
4859
4861
2247
2246
2247
2247
2260
2261
2262
2263
2264
2265
2266
2267
2268
2269
2270
2271
2272
2273
2274
2275
2276
2277
2278
2279
2280
2281
2282
2283
2284
2285
2286
2287
2288
2289
2290
2291
2292
2293
2294
2295
2296
2297
2298
2299
2300
2301
2302
2303
2304
2305
2306
2307
2308
2309
2310
2311
2312
2313
2314
2315
2316
2317
2318
2319
2320
2321
2322
2323
2324
2325
2326
2327
2328
2329
2330
2331
2332
2333
2334
2335
2336
2337
2338
2339
2340
2341
2342
2343
2344
2345
2346
2347
2348
2349
2350
2351
2352
2353
2354
2355
2356
2357
2358
2359
2360
5240
5237
5239
5240
1452
2366
2367
2366
602
602
2370
2373
5258
2375
1603
1603
2374
1451
2379
2379
2381
2382
1656
2383
5514
2386
2387
4741
262
2390
2391
2392
2393
4801
2395
2396
2397
1496
4929
1496
5721
2402
2403
2404
2405
2406
2407
2408
2409
2410
2411
2412
2413
2414
2415
2416
2417
2418
2419
2247
2246
2247
2247
6124
6124
6124
6124
2247
2430
4957
2430
2433
5429
624
2435
2436
2437
2438
2439
2440
2441
2442
2443
2444
2445
2446
2447
2448
2449
2450
2451
2452
2453
2454
2455
2456
2457
2458
2459
2460
2461
2462
2463
2464
2465
2466
2467
2468
2469
2470
2471
2472
2473
2474
2475
2476
2477
2478
2479
2480
2481
2482
2483
2484
2485
2486
2487
2488
2489
2490
2491
2492
2493
2494
2495
2496
2497
2498
2499
2500
2501
2502
2503
2504
2505
2506
2507
2508
2509
2510
2511
2512
2513
2514
2515
2516
2517
2518
2519
2520
2521
2522
2523
2524
2525
2526
2527
2528
2529
2530
2531
2532
2533
2534
2535
2536
2535
2538
2539
2539
2541
2542
2543
2544
2545
2546
1401
2548
2549
2550
2551
2552
2553
2554
4819
334
327
4820
2216
1475
2559
2219
2563
2564
2565
2566
2567
2568
2569
2570
1378
6122
4597
1378
2425
694
6185
2231
2579
2580
2581
2582
2583
2584
2585
2586
2587
2588
2589
2590
2591
2592
2593
2594
2595
2596
2597
2598
2599
2600
2601
2602
2603
2604
2605
2606
2607
2608
2609
2610
2611
2612
2613
2614
2615
2616
2617
2618
2619
2620
2621
2622
2623
2624
2625
2626
2627
2628
2629
2630
2631
2632
2633
2634
2635
2636
2637
2638
2639
2640
2641
2642
2643
2644
2645
2646
2647
2648
2649
2650
2651
2652
2653
2654
2655
2656
2657
2658
2659
2660
2661
2662
2663
2664
2665
2666
2667
2668
2669
2670
2671
2676
749
2672
752
3700
2680
2677
754
3703
2683
755
3748
756
2681
2674
2688
751
750
342
2687
1782
2693
2694
2695
2696
2697
2702
764
2698
767
2712
2707
768
2703
765
3665
2708
2709
2710
2711
2713
3698
773
772
2716
2717
2718
2719
2720
2721
2722
2723
2724
2725
2726
2727
2728
2691
2726
2731
2732
2733
2734
2736
3685
2736
2689
758
2738
2745
789
2741
791
3671
2746
2747
2748
2749
2750
2752
2752
2751
729
2755
2756
2757
2758
2759
2760
2761
2762
2762
380
380
3960
3958
2768
2769
2770
3816
2772
2774
2784
2775
2776
2777
2778
2779
2780
2781
2783
2783
499
2783
2786
2787
2788
2789
2790
819
2793
2850
2849
2795
2844
3572
2844
375
2803
2801
2802
3384
826
2805
2806
2807
2812
828
828
2812
3634
2816
2814
2815
2816
811
2818
2819
829
2821
2810
500
2811
2135
2827
3051
834
2829
3423
2831
2832
837
2831
2835
3168
3146
3119
2837
3169
373
373
1832
3787
2846
2846
2847
2851
2848
2851
3172
3118
3121
2855
3120
2856
2857
2858
2859
2860
2861
3471
2863
2864
2865
2866
2867
2868
2872
2869
874
2900
2873
2874
2875
2876
2878
2878
860
2877
859
2882
2883
2884
2885
2886
2887
2888
2889
2890
2891
2892
2893
2894
2895
2896
2897
2898
2899
2903
2901
875
3480
2904
2905
2906
2907
2908
502
501
2911
54
134
3489
881
54
2918
1946
880
2917
1946
1950
1948
2924
2928
2926
63
2930
882
2930
2931
2932
2933
2934
2935
2936
2937
2938
2939
2940
884
2942
2943
2944
2945
2946
2947
2948
2949
892
899
1958
103
3558
3020
2955
3557
2961
900
2958
2961
2962
2963
2964
2965
2966
904
2980
2969
2970
2971
2972
2973
2974
2975
2976
2977
2978
2979
41
38
49
916
2984
2985
2986
2987
2988
2989
2990
2991
2992
2992
2994
2995
2996
2997
2998
2999
3000
3448
3002
3003
3004
49
51
49
3008
3009
3010
3011
49
38
3007
148
1812
3017
100
3019
156
155
2913
3023
3024
3025
3026
3027
3028
3029
3030
3031
3032
3033
3034
3035
3036
3037
3038
3039
3040
3041
3042
3043
3044
1165
3972
3968
3991
440
440
3055
935
3055
3419
3417
3059
3056
940
3059
3060
3061
3062
3063
3064
3057
3066
3065
3068
3069
3070
943
3073
3073
3074
3075
3076
3077
3078
3079
2013
440
442
3161
3969
1165
3990
949
950
3965
3092
951
3097
3096
951
3132
3095
3098
3134
3129
3125
3103
3099
3127
3126
1847
440
3960
3971
3409
3412
3179
3109
960
3103
958
3100
3102
3116
3148
3114
962
3067
3122
3052
3128
3131
3130
3413
3415
3413
3414
3076
946
3076
3412
980
3414
3079
3079
954
3171
972
952
3171
4375
4375
4374
957
3101
956
3079
3152
3153
1847
1847
2013
1847
440
1847
440
3089
3178
3181
3175
3162
4405
3152
3145
3144
3093
3093
3144
3142
3174
3175
3176
3992
3178
3179
3180
3178
3182
3183
3184
3185
4377
3974
3973
3112
978
3189
979
3193
3194
3195
3165
3196
3165
516
2170
3201
3202
3203
3204
3205
3206
3207
3208
3209
3210
3211
3212
3213
3214
3215
3216
3217
3218
3219
3220
3221
3222
3223
3224
3225
3226
3227
3228
3229
3230
3231
3232
3233
3234
3235
3236
3237
3238
3239
3240
3241
3242
3243
3244
3245
3246
3247
3248
3249
3250
3251
3252
3253
3254
3255
3256
3257
3258
3259
3260
3261
3262
3263
3264
3265
3266
3267
3268
3269
3270
3271
3272
3273
3274
3275
3276
3277
3278
3279
3280
3281
3282
3283
3284
3285
3286
3287
3288
3289
3290
3291
3292
3293
3294
3295
3296
3297
3298
3299
3300
3301
3302
3303
3304
3305
3306
3307
3308
3309
3310
3311
3312
3313
3314
3315
3316
3317
3318
3319
3320
3321
3322
3323
3324
3325
3326
3328
3328
3329
3330
3331
3332
3333
3334
3335
3336
3337
3338
3339
3340
3341
3342
3343
3344
3345
3346
3347
3348
3349
3350
3351
3352
3353
3354
3355
3356
3357
3358
3359
3360
3361
3362
3363
3364
3365
3366
3367
3368
3369
3459
3371
3372
3373
3374
3375
3376
3377
3378
3379
3380
3381
3382
3383
2780
810
3386
3387
3388
3389
3390
3391
3392
3393
3394
3395
3396
3397
3398
3399
3400
3401
3402
3403
3404
3405
3406
3407
3408
3409
3410
3411
3412
3412
3414
980
3413
3418
3420
1063
3420
1062
3051
938
3424
3425
3426
3427
3428
3429
3430
3432
3435
1066
3434
350
3439
1067
2880
862
861
3441
3442
3443
3444
3445
66
3447
3448
3449
3450
3451
3452
3453
3454
3455
3456
3457
3458
3460
3464
858
2960
3462
3463
3465
3466
3467
3468
3469
3470
2870
857
3474
3474
1074
902
63
125
61
3480
3481
3482
3483
3484
3485
3486
3487
3488
3495
8
3495
2963
3492
3494
3493
2912
134
2915
2914
3500
876
3504
908
3508
3502
3505
1085
3508
3509
3510
3511
3512
3513
3514
3515
3516
3517
3518
3519
3520
3521
3522
3523
3524
3525
3526
3527
3528
3529
3530
3531
3532
3533
3534
3535
1952
3537
420
3539
3543
790
3542
3841
3544
3545
3546
3547
3548
3549
3550
3551
3552
3553
3554
3555
901
924
924
3559
3560
3561
3562
3563
3563
3565
3566
3567
3568
3123
966
3571
381
3574
3574
3575
3576
3577
3578
3579
1840
2766
1106
2798
3584
3585
3586
3587
3588
3589
1963
421
3591
3593
3594
3595
3596
3597
3598
3599
3600
3601
3602
3603
3604
3605
3606
3607
3608
3609
3610
3611
3612
3613
3614
3617
3616
2951
893
3619
3620
3621
3622
3623
3624
3625
3626
3627
3628
3629
3630
3631
3632
801
801
3635
3636
3637
2822
830
2824
3643
3642
3656
3641
3645
3646
3647
3648
3649
3650
1120
3652
3654
3573
822
3657
4380
1121
3659
3660
3661
3662
1122
3664
3666
4384
1123
3963
3963
753
3673
3672
3673
1125
3675
3676
3677
3680
3679
3684
3681
3682
3683
5
2685
757
3688
3836
3687
1128
3691
3692
817
3694
3695
3696
3697
3689
2700
3701
3739
1130
3705
820
3742
3706
3707
3708
3709
3710
3711
3712
3713
3714
3715
3719
3717
1132
3719
3720
3721
3722
3723
3724
3725
3726
3727
3728
3730
3736
3731
3732
3732
3734
3735
3733
1134
2678
2839
841
842
3742
3743
3744
3745
3746
3747
2854
848
3750
3751
3752
3753
3754
1976
3756
3757
3758
3759
3760
926
3762
3763
2790
3764
816
2825
2825
3769
3765
3771
3772
3773
3774
3775
3777
2993
3778
3779
3780
3781
3782
371
371
3046
3786
3787
3788
3789
3790
3791
3792
3793
3794
3795
3972
3177
3185
3799
3800
3801
3802
3803
3632
3805
3806
3807
3808
3809
3810
3811
3812
3813
3814
3640
832
3817
3818
3819
3820
3821
3822
3823
3824
3825
3826
3827
3828
3829
3830
3831
3832
3833
3834
3835
3836
3837
1129
3839
3840
3840
3845
3842
1147
3952
3957
3956
3848
3849
3850
3851
3852
3853
3854
3855
3856
3857
3858
3859
3860
3861
3862
3863
3864
3865
3866
3867
3868
3869
3870
3871
3872
3873
3874
3875
3876
3877
3878
3879
3880
3881
3882
3883
3884
3885
3886
3887
3888
3889
3890
3891
3892
3893
3894
3895
3896
3897
3898
3899
3900
3901
3902
3903
3904
3905
3906
3907
3908
3909
3910
3911
3912
3913
3914
3915
3916
3917
3918
3919
3920
3921
3922
3923
3924
3925
3926
3927
3928
3929
3930
3931
3932
3933
3934
3935
3936
3937
3938
3939
3940
3941
3942
3943
3944
3947
3946
3954
3948
3949
3950
3951
2792
4376
2743
3956
4377
1164
3960
1847
1846
3961
3961
3962
949
3140
1165
3968
3972
3991
1166
1166
3993
3975
1168
3994
3976
3977
3978
3979
3980
3981
3982
3983
3984
3985
3986
3987
3988
3989
3079
3153
3174
982
3198
990
3996
3997
3998
3999
4000
4001
4002
4003
4004
4005
4006
4007
4008
4009
4010
4011
4012
4013
4014
4015
4016
4017
4018
4019
4020
4021
4022
4023
4024
4025
4026
4027
4028
4029
4030
4031
4032
4033
4034
4035
4036
4037
4038
4039
4040
4041
4042
4043
4044
4045
4046
4047
4048
4049
4050
4051
4052
4053
4054
4055
4056
4057
4058
4059
4060
4061
4062
4063
4064
4065
4066
4067
4068
4069
4070
4071
4072
4073
4074
4075
4076
4077
4078
4079
4080
4081
4082
4083
4084
4085
4086
4087
4088
4089
4090
4091
4092
4093
4094
4095
4096
4097
4098
4099
4100
4101
4102
4103
4104
4105
4106
4107
4108
4109
4110
4111
4112
4113
4114
4115
4116
4117
4118
4119
4120
4121
4122
4123
4124
4125
4126
4127
4128
2917
2921
4131
4132
4133
4134
4135
4136
4137
4138
4139
4140
4141
4142
4143
4144
4145
4146
4147
4148
4149
4150
4151
4152
4153
4154
4155
4156
4157
4158
4159
4160
4161
4162
4163
4164
4165
4166
4167
4168
4169
4170
4171
4172
4173
4174
4175
4176
4177
4178
4179
4180
4181
4182
4183
4184
4185
4186
4187
4188
4189
4190
4191
4192
4193
4194
4195
4196
4197
4198
4199
4200
4201
4202
4203
4204
4205
4206
4207
4208
4209
4210
4211
4212
4213
4214
4215
4216
4217
4218
4219
4220
4221
4222
4223
4224
4225
4226
4227
4228
4229
4230
4231
4232
4233
4234
4235
4236
4237
4238
4239
4240
4241
4242
4243
4244
4245
4246
4247
4248
4249
4250
4251
4252
4253
4254
4255
4256
4257
4258
4259
4260
4261
4262
4263
4264
4265
4266
4267
4268
4269
4270
4271
4272
4273
4274
4275
4276
4277
4278
4279
4280
4281
4282
4283
4284
4285
4286
4287
4288
4289
4290
4291
4292
4293
4294
4295
4296
4297
4298
4299
4300
4301
4302
4303
4304
4305
4306
4307
4308
4309
4310
4311
4312
4313
4314
4315
4316
4317
4318
4319
4320
4321
4322
4323
4324
4325
4326
4327
4328
4329
4330
4331
4332
4333
4334
4335
4336
4337
4338
4339
4340
4341
4342
4343
4344
4345
4346
4347
4348
4349
4350
4351
4352
4353
4354
4355
4356
4357
4358
4359
4360
4361
4362
4363
4364
4365
4366
4367
4368
4369
4370
4371
4372
3095
3096
4373
846
3173
379
4379
3843
4381
3653
2797
3650
4385
4386
4387
4388
4389
4390
4391
111
4393
155
4395
4396
4397
4398
4399
4400
4401
442
954
440
4405
4406
4407
4408
4409
4410
4411
4412
4413
4414
4415
4416
4417
4418
4419
4420
4421
4422
4423
4424
4425
4426
4427
4428
4429
4434
1289
4432
4434
5629
4435
4436
4437
4438
4439
4440
4441
4442
4443
4444
4449
1301
4445
1304
5325
4450
4451
4452
4453
4454
4455
4456
4457
4458
4459
4460
4461
4462
4463
4464
4465
4466
4467
4468
4469
4470
4471
745
4473
4473
4475
4476
4478
5655
4479
4480
1318
5460
4482
4485
4491
1319
4487
4488
4483
4492
4490
5507
1324
1321
4543
4484
4495
4497
4499
1325
4501
4502
4503
4504
4505
4510
1331
4508
1334
5426
4511
5426
4513
4514
4515
4516
4517
4518
4519
4523
1339
1340
4523
4524
4525
4526
4527
4528
4529
4530
4531
4532
2730
784
4533
782
4537
4538
4539
4540
787
2737
3686
788
4546
5432
1351
4545
1350
4550
4551
4552
4553
4554
2753
796
4555
4558
4559
4560
4561
4562
4563
4564
4565
4566
1685
5714
1685
1685
4571
4572
4573
4574
4575
4576
4577
4578
4579
4580
4581
4582
4583
4584
4585
4586
4587
4588
4589
4590
4591
4592
4595
4594
4595
1377
4593
4641
4643
5544
5333
4602
5161
4604
4605
4606
4607
4608
4610
5394
679
4612
1384
4614
1369
4616
4617
4618
4619
4620
4621
4612
4623
4624
4625
4626
4630
4627
1390
4849
4631
4632
4634
5416
4635
4640
1393
4636
4914
4955
4869
4869
2249
4885
4645
4646
4647
1393
4956
4649
4637
4912
4913
4652
4655
4656
4657
4658
4659
4660
4661
5235
4663
4664
4665
4666
4667
4668
4669
4670
4671
4672
4673
4674
4675
4676
4677
4678
4679
4680
4681
4682
4683
4684
4685
4686
4687
4688
4689
4690
4691
4692
4693
4694
4695
4696
4697
4698
4699
4700
4701
4702
2544
683
4703
681
4706
4709
2377
5324
4721
231
2365
4713
1431
2361
2363
2364
228
5237
291
1596
4724
4746
4723
1435
4746
4746
4747
4730
4731
4730
4733
4734
4735
4736
4737
4738
1439
4740
4741
5531
4743
4744
4745
4748
1463
6020
177
177
2557
274
4819
4821
178
284
4757
4758
4759
4760
4764
4761
1598
5264
4767
1453
212
4782
4769
4770
6136
4772
4773
4778
1457
4774
1480
4795
212
1465
223
209
4785
1456
4788
4807
1469
4789
5513
2384
4791
4792
4793
4794
2393
1461
1440
4798
5205
4800
4801
4802
4803
223
223
221
4807
4808
4818
1470
223
4805
321
319
319
2561
271
2384
5255
1600
1601
4822
4823
4824
4825
4826
4827
4828
4829
4830
4831
4832
4833
5515
4835
4836
4837
4838
4839
4840
4841
4842
1687
5748
2246
1687
2247
2247
4850
5185
4850
1485
4855
4855
4871
1489
4853
1488
4860
4872
4854
4857
4862
4853
4864
1487
4862
1491
1496
608
4873
1493
6151
1494
1493
4930
2247
2246
2247
2247
1498
4886
6149
1498
623
4888
623
4890
1499
1500
1500
4894
1502
4923
4895
4892
4918
4919
1501
4898
6124
2247
2247
6123
4906
5180
4905
1506
4897
4899
4897
4939
4909
4937
4863
4852
1486
4920
4921
5182
5182
5184
4924
6151
1511
5182
5184
4930
1503
4930
1513
4933
1513
4958
6121
4938
4910
6120
4900
4930
5746
4954
1685
2247
2247
2247
2247
2246
4950
4953
4949
1515
6151
4954
4936
1512
1499
1499
1512
4932
5747
5748
1517
1515
4965
4953
4967
4968
4972
4963
4971
4972
6122
5731
6206
4907
4976
4978
4979
4980
4981
4982
4983
4984
5712
2571
4987
4988
4989
4990
4991
4992
4993
4994
4995
4996
4997
4998
4999
5000
5001
5002
5003
5004
5005
5006
5007
5008
5009
5010
5011
5012
5013
5014
5015
5016
5017
5018
5019
5020
5021
5022
5023
5024
5025
5026
5027
5028
5029
5030
5031
5032
5033
5034
5035
5036
5037
5038
5039
5040
5041
5042
5043
5044
5045
5046
5047
5048
5049
5050
5051
5052
5053
5054
5055
5056
5057
5058
5059
5060
5061
5062
5063
5064
5065
5066
5067
5068
5069
5070
5071
5072
5073
5074
5075
5076
5077
5078
5079
5080
5081
5082
5083
5084
5085
5086
5087
5088
5089
5090
5091
5092
5093
5094
5095
5096
5097
5098
5099
5100
5101
5102
5103
5104
5105
5106
5107
5108
5109
5110
5111
5112
5113
5114
5115
5116
5117
5118
5119
5120
5121
5122
5123
5124
5125
5126
5127
5128
5129
5130
5131
5132
5133
5134
5135
5136
5137
5138
5139
5140
5141
5142
5143
5144
5145
5146
5147
5148
5149
5150
5223
5152
5153
5154
5155
5156
5157
5158
5159
5160
4582
5162
5163
5164
5165
5166
5167
1580
5169
5170
5171
5172
5173
5174
5175
5176
5177
5178
5179
5180
5181
5182
5182
5184
5186
5187
5187
4849
5189
5190
5191
5192
5193
5194
5195
5196
5197
5198
5199
5200
5201
5202
5203
5204
5208
1588
5207
5208
4730
4731
4726
4800
5213
5214
5215
5216
5217
5218
5219
5220
5221
5222
5225
1409
5225
5226
5227
5228
5229
5230
5231
5232
5233
5234
4669
1410
5240
1452
1593
5247
4724
1432
4727
5244
5245
5246
5247
5248
5249
5250
5251
5252
2365
1595
5259
1452
4762
5238
5238
1431
289
180
305
4705
1428
5266
5267
5268
5269
5270
5271
5272
5273
5274
5275
5276
5277
5278
5279
5280
5281
5282
5283
5284
5285
5286
5287
5288
5289
5290
5291
5292
5293
5294
5295
5296
5297
5298
5745
5300
1613
5303
5597
5327
1352
5306
5307
5308
5309
5310
5311
5312
5313
5314
5315
5316
5317
5257
326
285
5321
5322
5323
5324
3564
5329
4433
5328
5486
1390
5331
4917
2253
2251
5334
5336
5337
5338
5332
5340
2241
4600
1627
5712
5345
5346
5347
5348
5349
5350
200
280
6138
5354
5355
5356
5357
5358
5359
5360
5361
5362
5363
5364
5365
5366
5367
5368
5369
5370
5371
5372
5373
5374
5377
5376
4751
1447
528
5380
5381
5382
5383
5384
5385
5386
5387
5388
5389
5390
5391
5392
5393
5394
5395
5396
5397
5398
5399
5400
5401
5404
5402
5404
5405
5406
5407
5408
5409
5410
5411
5412
5413
1380
1380
5335
5417
5418
5419
6126
5421
5422
5423
5424
5425
5428
5427
6130
5431
1323
5719
5432
1644
5434
5435
5436
5437
5438
5445
5440
278
5442
5443
5444
176
757
5450
1648
5449
5450
5451
5452
1375
5454
5455
5456
5457
5458
5459
5462
1650
5498
5463
5464
5465
5466
5467
5468
5469
5470
5471
5472
5473
5474
5475
5477
5573
1652
5479
5480
5481
5482
5483
5484
5485
4539
1315
5488
5489
5490
5491
5492
5493
5494
5495
5496
1320
4638
5499
1395
5501
5502
5502
5504
5505
5506
4654
5508
5509
5510
5511
5512
5514
5514
4803
5516
5517
5518
5519
5520
4589
1372
5521
5524
5525
5526
5523
5528
5529
5530
5531
5532
5533
5534
5535
5536
5537
1622
5539
2246
1687
5727
2431
4869
1505
5547
5724
5548
5549
5550
5551
5560
1687
5728
1516
4970
5557
5558
4867
4865
5561
5562
5563
5564
5565
5566
5567
5568
5569
5570
5571
5572
5574
5574
5575
5576
5577
5578
5579
5580
5581
5582
5583
5584
5585
5586
5587
5588
5589
5590
5591
5592
1649
5594
5595
5596
5596
5599
5709
5710
5598
5714
5714
5604
5605
5606
5607
5608
5609
5610
1291
4432
5613
5614
5615
5616
5617
5618
5619
5620
5621
5622
5623
5624
5625
5626
5627
5628
4474
1276
5631
5632
5633
5634
5635
5636
5637
5638
5639
5640
5641
5642
5643
5644
5645
5646
5647
5648
5649
5650
5651
5652
5653
5654
4409
5656
5657
5658
5659
5660
5661
5662
5663
5664
5665
5666
5667
5668
5669
5670
5671
5672
5673
5674
5675
5676
5677
5678
5679
5680
5681
5682
5683
5684
5685
5686
5687
5688
5689
5690
5691
5692
5693
5694
5695
5696
5697
5701
1683
5700
5732
5702
5703
5704
5706
6113
5707
5708
4597
4596
4548
6122
6123
6122
6123
6123
5717
5718
5719
4886
4891
1687
5748
1687
2246
1687
5730
5749
1689
5750
1689
4447
1303
1302
5735
5736
5737
5738
5739
4557
1347
5740
5743
5744
4535
4930
5747
4952
1522
4984
1532
5752
5753
5754
5755
5756
5757
5758
5759
5760
5761
5762
5763
5764
5765
5766
5767
5768
5769
5770
5771
5772
5773
5774
5775
5776
5777
5778
5779
5780
5781
5782
5783
5784
5785
5786
5787
5788
5789
5790
5791
5792
5793
5794
5795
5796
5797
5798
5799
5800
5801
5802
5803
5804
5805
5806
5807
5808
5809
5810
5811
5812
5813
5814
5815
5816
5817
5818
5819
5820
5821
5822
5823
5824
5825
5826
5827
5828
5829
5830
5831
5832
5833
5834
5835
5836
5837
5838
5839
5840
5841
5842
5843
5844
5845
5846
5847
5848
5849
5850
5851
5852
5853
5854
5855
5856
5857
5858
5859
5860
5861
5862
5863
5864
5865
5866
5867
5868
5869
5870
5871
5872
5873
5874
5875
5876
5877
5878
5879
4718
203
5882
5883
5884
5885
5886
5887
5888
5889
5890
5891
5892
5893
5894
5895
5896
5897
5898
5899
5900
5901
5902
5903
5904
5905
5906
5907
5908
5909
5910
5911
5912
5913
5914
5915
5916
5917
5918
5919
5920
5921
5922
5923
5924
5925
5926
5927
5928
5929
5930
5931
5932
5933
5934
5935
5936
5937
5938
5939
5940
5941
5942
5943
5944
5945
5946
5947
5948
5949
5950
5951
5952
5953
5954
5955
5956
5957
5958
5959
5960
5961
5962
5963
5964
5965
5966
5967
5968
5969
5970
5971
5972
5973
5974
5975
5976
5977
5978
5979
5980
5981
5982
5983
5984
5985
5986
5987
5988
5989
5990
5991
5992
5993
5994
5995
5996
5997
5998
5999
6000
6001
6002
6003
6004
6005
6006
6007
6008
6009
6010
6011
6012
6013
6014
6015
6016
6017
6018
6019
5231
6021
6022
6023
6024
6025
6026
6027
6028
6029
6030
6031
6032
6033
6034
6035
6036
6037
6038
6039
6040
6041
6042
6043
6044
6045
6046
6047
6048
6049
6050
6051
6052
6053
6054
6055
6056
6057
6058
6059
6060
6061
6062
6063
6064
6065
6066
6067
6068
6069
6070
6071
6072
6073
6074
6075
6076
6077
6078
6079
6080
6081
6082
6083
6084
6085
6086
6087
6088
6089
6090
6091
6092
6093
6094
6095
6096
6097
6098
6099
6100
6101
6102
6103
6104
6105
6106
6107
6108
6109
6110
6111
6112
5742
6114
6115
4854
4858
4859
4896
6119
6119
4650
1400
4960
2255
5601
6127
5414
1380
5493
6131
6132
6133
6134
6135
5503
6137
2369
6139
2373
6141
6142
6143
6144
6145
6146
6147
2247
4895
2247
6151
6152
6153
5693
6155
6156
6157
6158
6159
1847
2247
6162
6163
6164
6165
6166
6167
6168
6169
6170
6171
6172
6173
6174
6175
6176
6177
6178
6179
6180
6181
6182
987
2173
6185
6186
6187
6188
6189
6190
6191
3192
6193
6194
6195
6196
6197
6198
6199
6200
6201
6202
6203
6204
6205
6206
6207
6208
6209
6210
6211
6212
6213
6214
6215
6216
6217
6218
6219
6220
6221
6222
6223
6224
6225
6226
6227
6228
6229
6230
6231
6232
6233
6234
6235
6236
6237
6204
6239
6240
6241
6242
6243
6244
6245
6246
6247
6248
6249
6250
6251
6252
6253
6254
6255
6256
6257
6258
6259
6260
6261
6262
6263
6264
6265
6266
6267
6268
6269
6270
6271
6272
6273
6274
6275
6276
6277
6278
6279
6280
6281
6282
6283
6284
6285
6286
6287
6288
6289
6290
6291
