126
1
95
99
102
103
28
29
3022
2912
2917
2924
68
71
2980
165
118
32
124
81
1798
2931
23
97
24
25
52
3678
3592
3592
3558
2914
1946
2930
129
163
139
135
151
48
114
159
168
170
46
37
0
355
2968
157
2980
50
2968
116
117
31
119
121
2915
2917
121
2919
2919
124
122
125
894
66
123
80
80
3007
158
61
83
62
3007
69
55
57
54
58
10
10
355
2934
2933
1798
90
1823
1821
2
97
23
24
3
100
24
100
4
101
101
102
893
105
893
2951
105
2951
3592
2951
109
2151
2952
3022
2151
896
924
2912
896
881
2923
2918
1950
1950
2925
2926
883
19
19
76
75
74
30
30
132
137
917
12
916
386
39
143
52
39
36
1968
145
103
6
148
104
41
41
168
113
113
150
164
151
39
67
147
7
155
40
169
169
151
27
27
215
173
195
271
272
341
274
274
179
1445
1592
1444
306
1453
1453
241
187
188
234
248
1656
1436
4778
4777
4777
196
4772
341
1443
276
5263
1602
1432
1435
5503
321
1455
318
4765
4772
335
220
324
337
317
333
208
1470
4766
4766
4770
1453
219
224
336
226
227
228
229
1592
4719
4725
234
182
4725
171
183
332
4732
222
185
4780
242
302
246
205
4780
4780
243
186
243
252
253
245
172
261
256
4733
270
265
195
194
195
269
195
1480
273
272
273
4777
273
272
273
198
278
277
198
341
277
274
276
276
177
322
1446
177
4715
4715
4712
5260
4716
4717
4718
4723
4726
4724
4730
4731
184
4771
300
205
2225
304
305
207
207
311
4787
4771
4770
1482
4773
4772
315
4785
1468
4784
320
340
209
319
682
323
323
322
322
223
212
4812
4773
208
2562
319
206
330
324
337
324
338
338
2690
3539
343
345
346
347
348
1796
3435
2951
2931
87
1798
127
3710
2883
357
357
3201
3202
28
3033
3720
2696
3035
3037
25
4377
4377
1846
4378
1990
1164
1833
1164
3955
4377
2849
4376
4372
3069
4378
4378
3678
52
424
2081
4230
1888
1013
1862
2059
3336
395
396
1876
492
1880
1925
3355
2109
403
1904
4196
405
3255
1921
1914
1917
1872
412
413
414
415
416
417
418
3354
3538
3590
3556
3917
1967
2671
3041
3035
2884
3141
3078
3890
3887
3914
3902
3306
3912
437
438
439
846
4377
4378
3956
3172
2851
420
447
448
449
450
451
2028
453
454
455
456
3229
2068
3253
1911
461
2163
4215
4231
2071
2073
2084
467
3601
2083
3928
472
2089
1896
3281
476
2104
2106
3250
4250
1907
2123
483
2114
485
2118
391
3260
2047
3343
3261
2119
2121
4234
495
2835
497
500
2825
2824
2910
2909
3712
857
851
506
507
508
509
510
3636
3635
511
514
515
818
3960
4498
2179
5299
2184
2183
4514
5438
525
5199
1443
277
1436
1656
1458
216
5468
4685
534
2201
2204
542
277
4831
4503
4832
4777
4777
196
6124
6123
4960
6124
4869
6123
550
5716
6124
6123
4651
6123
4865
1490
4960
6124
341
1677
2492
605
591
2489
2311
2498
5948
5970
572
573
2273
2275
2526
6017
5087
592
2302
5693
5117
2303
2306
2310
5048
5049
5093
2332
5046
653
2336
593
2348
5035
6013
664
598
599
2295
5300
2373
5673
4478
2380
2397
4931
4875
5644
5670
5645
5657
5677
5669
615
616
617
1400
1400
6123
6123
4649
4649
601
625
626
627
628
629
630
631
632
2447
5966
5019
2480
5120
2319
639
2469
2410
5015
5983
5969
2483
2485
2499
5985
5684
2495
5684
2269
5030
2503
2452
5073
5072
2514
660
1563
661
662
2315
673
665
2317
2459
2321
2455
590
5045
5042
2278
674
4632
2539
2538
4586
4626
5377
5353
5504
683
2545
4619
2550
4617
2554
5575
689
1638
692
693
6122
5716
2581
2586
6139
4839
3233
2591
2667
2620
2597
705
706
707
708
709
710
2613
3850
713
714
715
2618
2622
3568
3854
3869
721
722
723
724
725
726
727
728
2634
2636
731
3977
2645
734
2647
736
737
738
3603
740
741
2656
743
744
2662
2666
718
2669
2736
2735
2687
2674
1784
3670
2685
757
4543
2739
2728
760
3630
2693
3726
764
765
766
767
768
769
770
771
772
773
774
4527
4526
777
3456
2721
3484
3458
2751
3984
2730
2732
3662
4541
2740
2019
3947
2743
3831
3829
2746
3945
3563
797
798
799
2760
3634
818
2769
804
805
806
807
2819
2778
3384
2816
812
813
814
815
816
3962
2795
3705
754
2798
3572
823
824
2814
2803
827
2820
2158
3638
831
3815
2830
2828
835
3388
3780
2833
1130
755
755
1130
3073
1833
2847
3742
756
756
849
850
2875
2860
2863
3485
855
856
853
2862
2877
2960
3463
3436
2898
2885
2899
3626
867
868
2695
870
871
2896
504
2870
2869
2906
877
3493
3474
3473
3495
4267
4267
3000
3441
360
360
361
1810
1806
3617
2951
3617
2948
2912
2152
2951
3592
3592
2900
1962
1079
503
356
365
1816
3035
3777
1804
361
3466
3442
1808
5
2967
2969
903
3042
1817
2978
23
24
97
3558
925
5177
3407
928
762
364
1987
3030
3141
4378
3052
3124
833
937
939
940
941
3061
3071
3062
945
4375
1164
3141
3142
3142
3145
3146
3075
3147
3075
965
3120
1063
4378
962
3415
3749
3119
3740
3749
3570
1063
945
1062
3147
3739
2837
3147
3147
3175
3174
4376
3120
965
3415
3179
3168
3788
2176
3195
3184
2795
2794
989
2839
2854
817
993
994
995
996
4200
998
999
1000
1001
3263
3216
3936
1005
3222
1007
1008
2593
2161
3234
3235
387
3240
1015
1865
3606
3918
460
2045
1021
1022
1023
1024
1025
4237
2103
3280
3334
3301
1031
1032
6158
1034
1035
1036
1037
3361
3427
3430
1041
3367
3546
3369
1045
1046
1047
1048
1049
1050
1051
3400
1053
3431
3434
5483
5173
3403
5174
3115
3410
3421
3419
1064
3457
3459
3464
2930
3465
3449
1071
3454
1949
3483
3469
3474
3492
1946
873
1080
892
1954
2914
3501
3507
3512
1087
1088
1089
1090
1091
1092
1093
3985
3949
2749
1097
1098
1099
3543
1101
4379
1103
1104
1105
3845
3580
3600
3880
3609
1111
3878
3616
3620
3876
3805
1117
3814
3655
3663
3690
3839
1123
2745
2742
1126
1127
3692
3691
752
3708
1132
3737
3735
3754
1136
3796
3798
1139
1140
1141
1142
3832
1144
1145
1146
2792
3848
3852
1150
1151
3906
3881
4369
1155
4389
1157
1158
1159
1160
1161
1162
1163
2791
3142
2851
3988
3742
1169
1170
1171
1172
1173
1174
1175
1176
1177
1178
1179
1180
1181
1182
1183
1184
1185
1186
1187
1188
1189
1190
1191
1192
1193
1194
1195
1196
1197
1198
1199
1200
1201
1202
1203
1204
1205
1206
1207
1208
1209
1210
1211
1212
1213
1214
1215
1216
1217
1218
1219
1220
1221
1222
1223
1224
1225
1226
1227
1228
1229
1230
1231
1232
1233
1234
1235
1236
1237
1238
1239
1240
1241
1242
1243
1244
1245
1246
1247
1248
1249
1250
1251
1252
1253
1254
1255
1256
1257
1258
1259
1260
1261
1262
1263
2096
1265
4245
1267
1268
1269
1270
1271
1272
1273
4473
4406
4434
1277
1278
1279
1280
1281
1282
4421
1284
4423
4426
1287
1288
4432
5626
5609
5327
1293
5628
1295
1296
1297
1298
1299
1300
5325
4447
1303
1304
1305
1306
1307
1308
1309
5363
4464
1312
1313
1314
5329
4537
4480
1321
1320
4496
4495
1323
5430
1318
4500
4535
5393
5485
4501
5391
4520
5402
1333
4506
5426
1336
5484
4516
5417
5458
4607
1342
1343
1344
1345
1346
2753
5410
5425
2433
4545
5711
5587
4551
4553
5588
1357
1358
1359
5395
4563
5714
4571
6141
1365
4575
4579
4581
4615
4585
1371
4590
5566
1374
5717
5463
5464
4593
4600
5334
1381
4605
1383
4621
5397
5396
1387
5572
5162
4627
5416
5536
5498
5462
1324
4492
4870
2247
2564
5501
1401
4657
5354
1404
1405
1406
1407
1408
5224
5236
1411
5202
5227
4759
4698
4697
4681
5384
5482
4686
1421
5442
4693
4695
4702
4701
4671
1428
4706
1595
2365
1596
1596
1463
4747
257
1462
1461
1440
4835
537
5379
5440
4726
289
326
1443
276
277
4760
5318
1452
5505
4769
4830
2212
2215
2215
536
5534
4834
5207
5206
2206
4772
4765
209
540
4840
540
4772
4772
4778
4777
4777
5263
1477
5508
1329
542
4837
4829
4932
4960
4851
4630
4857
4855
5185
4858
4915
6116
4873
5187
6124
4932
4932
4959
4955
4936
4939
5187
4938
4913
6124
4911
4914
5507
5330
5183
4938
4638
4640
4938
4938
4961
4965
4650
4913
5182
4968
4955
5545
2576
4971
4980
4593
4595
4654
848
1531
4638
1375
5110
1535
1536
1537
2408
1539
1540
5055
5004
5691
5006
1545
1546
2474
5957
5014
5027
5684
5031
1553
5367
5636
586
2321
5054
1559
1560
1561
1562
5071
5991
5119
5089
1567
1568
2298
5950
1571
5133
2353
2318
1575
1576
1577
1578
1579
1580
1581
5171
5528
1584
5197
5228
1435
1588
1589
1590
1591
292
5230
1594
5238
1593
1432
5245
1599
201
285
1602
1603
1604
5275
1606
1607
1608
1609
1610
1611
1612
5740
5706
5302
1616
1617
1618
4752
5597
5331
5552
5409
5337
5339
4599
5710
5365
5635
5380
5372
5633
5469
5621
5631
5562
5570
5567
5415
5424
6126
5594
6130
5431
5432
5455
5444
1649
5453
1319
4688
5522
5495
5491
5512
4834
5549
556
5555
1660
1661
1662
1663
5590
5591
1666
1667
4597
5605
1669
1671
1672
5662
5638
5640
1676
6135
1678
1679
1680
1681
1682
5701
1684
4596
4932
4649
1688
5501
1690
1691
1692
1693
1694
1695
1696
1697
1698
1699
1700
1701
1702
1703
1704
1705
1706
1707
1708
1709
1710
1711
1712
1713
1714
1715
1716
1717
1718
1719
1720
1721
1722
1723
1724
1725
1726
1727
1728
1729
1730
1731
1732
1733
1734
1735
1736
1737
1738
1739
1740
1741
1742
1743
1744
1745
1746
1747
1748
1749
1750
1751
1752
1753
1754
1755
1756
1757
1758
1759
1760
1761
1762
1763
1764
1765
1766
1767
1768
1769
1770
1771
2504
1773
1774
1775
1776
5989
5996
1779
1780
343
2692
343
1782
1785
1786
1787
1788
1789
1790
1791
1794
1794
3432
1054
1792
84
87
2933
127
84
2883
2883
357
2883
1803
3201
358
1802
3202
105
105
104
105
2951
3034
3034
763
3033
930
2977
23
2998
3037
4377
4377
4377
4377
1846
4378
4378
1846
1989
4377
4377
4377
1164
3960
3956
1832
3956
4377
3956
3956
2850
819
4376
846
2848
942
944
4370
942
3073
4377
4377
4377
4378
2081
4197
2081
4195
468
1867
1866
2077
2076
2085
3239
1860
2085
1876
1876
1875
2042
2047
398
3298
398
398
1883
1882
1939
1884
1887
1887
1923
1016
390
1893
1890
419
1893
1896
1896
1014
1894
1898
1899
2094
1901
389
1902
2067
1906
2117
486
1905
4196
4196
405
4198
3257
3257
3257
1922
407
1922
1920
407
3258
1915
4263
3340
491
488
1926
1929
2122
1930
1931
1932
1933
1934
1935
1936
1937
1938
1939
1940
2115
1942
1943
1944
1945
3476
3476
3493
902
3474
3536
3536
1952
3591
3591
1955
2952
891
502
1960
1959
1963
2909
3900
3917
3900
748
2972
2972
48
143
2985
3037
3035
361
3036
888
2998
1823
1810
1807
1806
1810
3036
2882
2882
2884
429
379
429
3079
3889
3887
3889
432
1997
3921
435
1999
434
436
3925
2001
3913
2005
2006
2007
2008
2009
4377
4377
4377
4377
4377
4376
846
846
2851
1952
420
1951
2022
2023
2024
2025
2026
2027
2028
2026
2033
2031
458
4229
3228
2036
3335
459
2035
394
2046
406
2045
2046
6156
3237
1909
3237
2048
2049
2050
2051
2052
2053
2054
2055
2059
2056
2059
4218
2063
462
2062
4214
2161
466
2065
2073
466
464
4217
464
2069
2070
4216
4216
2075
4232
423
423
3928
1965
2086
471
2082
2081
2078
473
2087
3279
2087
2088
2092
2093
2094
455
2096
2097
2098
2099
2100
2103
2105
478
2101
478
1028
2107
1014
2108
3240
2124
2111
2124
482
2112
484
390
390
490
2121
3254
3343
1877
1880
2125
2126
2127
2131
496
2131
4401
2823
2135
2811
832
4391
2139
851
2866
3472
2141
2142
2143
2144
2145
2146
2147
2148
2951
2951
2951
2951
2977
2976
24
2978
511
3636
2158
511
2162
6158
1033
1009
2165
2166
2167
2168
2792
987
817
2791
1842
1857
2174
516
2180
2180
520
4499
523
2181
4515
523
2186
5436
2186
2188
2188
2190
2191
1582
172
256
2383
218
216
534
534
534
4685
4987
4987
4988
2201
536
198
198
4765
198
277
4832
4831
1328
4832
4777
1480
4777
4777
1480
4773
4839
315
4772
4773
6123
6123
6123
6123
2247
6124
6124
2398
2246
6124
6123
6124
2233
2233
1685
6124
6123
6123
5714
6123
4648
4650
4648
4649
1400
6117
2255
4859
1490
4866
6124
4960
6124
6124
5947
5947
605
5947
5986
2267
2488
5985
5986
2263
2498
5946
2261
586
2275
2458
2459
2459
2526
671
5086
672
2352
659
1573
2521
2337
2286
574
2340
2336
6163
6163
2529
2291
665
581
2299
581
6159
2302
580
5031
1552
2301
2304
2306
5988
2264
2265
2266
2268
2313
2316
2313
666
568
568
6171
5949
5949
5949
5948
1555
1555
1555
5047
5092
5047
5047
1554
5049
1554
5126
2335
2272
5128
2455
5044
2338
2454
2454
2342
2343
5135
2342
2350
6012
596
2349
5033
2521
2523
597
2355
2358
2354
598
2294
600
2293
5237
2364
5239
5240
5238
2368
2368
5298
178
528
1443
178
201
5352
2375
681
4751
1447
5656
1317
5656
5673
4777
4777
4833
1480
4778
4778
194
538
4803
5515
538
538
534
2397
4681
4932
4876
2399
556
5645
611
5645
5643
2407
5658
612
2406
2407
614
614
2411
5681
2415
2416
2417
2418
2419
6123
1400
6123
6123
6123
6123
6123
6123
6123
4649
4649
1400
2368
2366
601
2435
2436
2437
2438
2439
2440
2441
2442
2446
2445
635
5981
636
1570
5121
1570
2448
2449
2323
2324
2325
586
2319
563
5048
2322
2461
2462
2463
2464
2465
2476
2467
2468
641
5951
641
2470
2475
642
5013
2475
2473
5982
2478
645
2489
643
2486
2482
5956
5968
5984
5984
647
2499
2382
2379
5684
603
2492
2491
2491
2492
2495
2502
2502
2452
655
655
655
2504
2509
2508
2509
2510
660
2515
2517
2502
2502
2503
5070
2519
5111
2518
2523
5081
577
5080
5044
5042
2455
589
576
5082
2281
2532
2533
2534
675
6147
2536
675
2540
4625
679
2540
2546
2543
1410
2546
2547
687
2551
687
4616
2551
2549
685
277
277
277
1443
4777
4777
4777
4777
5399
5575
5399
5399
2567
2568
2569
2570
4975
4596
6206
1527
4902
4904
2578
1505
2553
2553
686
2582
2583
2584
2585
507
2589
2589
6139
2594
700
2590
1011
3233
3874
3873
717
3899
703
2600
2601
2602
2603
2604
2605
2606
2607
2608
2611
712
3864
2612
2613
2614
2615
2616
2614
2618
3856
719
3855
1149
3868
2624
2625
2626
2627
2628
2629
2630
2631
2632
2633
2637
2634
731
3976
732
2639
2640
2641
2642
737
2647
2645
737
737
2648
2649
2650
2651
2652
2653
2654
2655
738
2657
2658
2659
2660
2661
730
2663
3728
2664
3728
718
3870
1152
4368
720
2689
2735
758
2686
750
2688
342
1784
751
3686
3685
2685
3686
787
758
2691
2687
2738
759
759
3989
760
3631
2694
2697
760
2698
2699
2700
2701
2702
2703
2704
2705
2706
2707
2708
2709
2710
2711
2712
2713
2714
2715
2718
775
4524
2719
2720
781
2725
2724
781
3458
2727
2752
783
2726
2727
3727
786
3566
2731
788
2737
788
2740
2729
784
3954
2020
3947
3954
2020
792
3831
2747
2750
792
2638
2638
729
2635
2755
2756
2757
2758
2759
498
2130
3633
3633
3956
3956
3956
818
2768
2769
2770
2771
2772
2773
2774
2775
2776
2781
808
2780
2817
2818
2782
2783
2784
2785
2786
2787
2788
2789
2790
3704
3961
820
3703
754
2841
3572
2844
375
2802
2801
3646
825
2804
2805
2806
2807
2822
512
512
3639
2810
2815
831
2815
507
2813
2586
697
2158
2157
3635
832
1118
3768
2829
2826
835
2829
836
2832
3778
837
2831
812
3701
755
755
3701
1130
3072
1990
1833
843
2157
2159
2160
1130
1130
3705
1130
2683
756
2683
2683
2856
2857
2858
2859
854
2864
2863
854
3484
2868
2865
2867
3544
3471
853
3471
3472
2873
2874
855
2876
3440
861
3463
1067
3438
2886
863
2882
865
2897
866
2888
2889
2891
761
2892
2893
2894
2895
2896
2897
2898
2717
857
2140
2870
2140
2136
2137
2138
2907
2908
2907
871
2911
1081
2152
3490
2914
2913
1077
1077
3473
881
1077
3473
3493
3475
1074
4267
3475
1074
4267
1074
2949
911
127
33
84
86
2937
2946
2946
360
3000
361
1807
4385
3441
4385
3467
3467
3466
3617
3617
3592
3618
2951
2951
3592
2951
874
2872
2871
2902
3500
2962
2905
3482
2970
356
2970
503
3711
929
929
3030
3032
1816
1817
364
364
1818
2966
2967
2966
2969
1819
1819
3042
363
1817
1817
3035
3035
1809
3038
1810
909
3036
3036
3036
1069
1069
3444
1810
1810
1806
2968
903
38
363
2979
2978
3041
38
104
168
105
893
906
101
3035
2950
2952
2950
926
4825
1059
3025
3027
2693
2696
2696
2693
2695
763
3721
3034
3720
364
1805
359
1985
365
3033
2696
762
379
379
4378
3141
4377
4377
3422
936
3422
3423
3051
3056
3065
935
3059
3060
941
3060
3077
3063
3067
943
3122
943
3068
3070
966
1991
430
3074
3075
3076
3077
946
972
4378
1164
4378
4378
379
379
3141
3173
3173
3173
3172
971
971
3146
3169
3074
3148
3145
3074
3075
3120
3120
3120
3418
965
4376
4377
4376
4377
3116
3413
3116
3120
962
3120
965
3748
964
2683
755
2683
756
3123
3569
834
3418
1063
3420
3420
945
3416
3421
3076
3147
3076
3416
945
1062
972
972
3144
2840
842
839
2837
3740
3740
3119
3740
3748
3749
972
3147
972
1164
3956
1164
4377
4377
4377
4377
4378
3148
963
3145
964
3076
3147
755
3739
839
3168
3741
3742
972
4375
952
3141
3117
980
3178
3117
3167
3167
985
3990
2791
2795
819
2855
2855
2854
847
3166
3136
3195
840
841
2837
2169
2169
3720
3720
3203
3204
3205
3206
3207
3208
3209
3210
3211
3212
3264
3214
3217
1004
3217
3215
3218
3220
3221
1003
3223
3224
3225
3226
3230
3227
465
4204
2032
3241
3235
3235
3928
3233
1860
4195
4195
3241
404
3242
3243
4256
3245
3246
3249
3248
4251
480
3254
3253
410
3342
1018
3607
3919
3256
460
2047
2042
3262
3263
3264
3265
3266
3267
3268
3269
3270
3271
3272
3273
3274
3275
3276
3277
3278
459
3252
4236
4237
3283
4236
3285
3286
3287
3288
3290
4264
3289
3292
3293
3294
6162
3296
1928
1928
492
3303
1029
3303
1908
1017
3304
1017
3307
3308
3309
3310
3311
3312
3313
3314
3315
3316
3317
3319
3324
3318
3320
1006
1903
3325
3328
701
3236
3236
3929
2079
2079
3928
1908
481
1919
1919
1915
1912
1869
1871
1869
2041
2040
3344
3345
3346
3347
3348
3349
1875
3259
3352
3353
400
400
401
3302
3358
3359
1040
3362
3430
3363
3360
1039
3365
1043
3428
780
2861
2723
3372
3373
3374
3375
3376
3377
3378
3379
3380
3381
3382
3383
2817
3384
3386
3387
3388
3389
3390
3391
3392
3393
3394
3395
1055
3400
3399
3434
1055
1056
3724
5173
5175
3404
3401
5174
5173
3101
3115
3409
3413
3416
1062
945
3420
3055
3417
3054
3418
1063
2827
833
3110
3425
960
1065
3429
3457
1065
1044
3433
3370
3371
1066
3437
3460
3437
3436
3464
1069
3450
3442
3465
2926
2925
883
3444
860
2958
2878
3452
3453
3454
3452
3457
4268
1072
852
852
2862
2871
858
3461
2959
900
2903
3455
452
3468
2862
853
902
3481
3483
2965
1076
1950
2918
2900
2903
2901
3480
3470
1075
2029
3486
3488
1956
1954
1956
3494
422
1962
422
2913
2955
2912
924
2904
876
862
1085
3502
3439
350
1793
908
2995
3510
3511
1992
431
433
3515
3516
3517
3518
3519
3520
3521
3522
3523
3524
3525
3526
3527
3528
3529
3530
3533
3531
3534
779
2722
3537
4367
1095
1094
795
3945
2749
795
3487
3545
778
3547
3548
3549
3550
3551
3552
3553
3554
3555
3591
2950
2952
3559
3560
3561
3562
2634
2635
3542
1096
3540
794
3571
3570
3571
381
3574
1851
3575
3576
3577
3578
3579
1840
3955
1106
2796
3584
3585
3586
3587
3588
3589
501
3592
501
3593
3594
3595
3596
3597
3598
3599
1086
3602
3513
3514
3600
3605
3607
3880
3606
1109
3612
3611
3877
1112
2895
3614
872
3615
1113
3621
1115
3879
3619
801
3623
3626
3632
3627
3628
3629
1116
3631
3804
2808
828
1117
3636
3813
3637
3637
3814
3641
3642
3643
3644
3645
3648
3647
3648
3652
3649
1120
3661
3573
3781
822
1107
3582
1121
821
3660
3664
1100
1122
3840
3665
3666
3667
1951
344
1783
446
2741
2742
446
3675
3676
3677
3679
3709
3678
3681
3682
3683
3678
2737
4541
3688
1124
3687
1128
3674
3673
1125
3963
3695
3696
3697
3689
3699
2673
749
2672
2677
2679
2680
3706
3706
3708
3683
1127
3707
1131
3713
3714
3715
3719
3716
3718
3817
3721
3726
761
775
5483
3725
3715
3567
3565
3729
3730
3731
2734
3732
785
746
3736
1134
1782
3700
2682
3702
3703
2972
2971
869
869
3032
2681
2684
3406
3406
3753
3405
864
3036
361
3036
3771
428
3408
5176
3762
3763
3764
3765
816
3767
2771
3769
3770
2882
3026
3772
1807
3773
3759
3040
3778
3779
3780
1102
3782
4378
1846
1846
1989
3072
1137
3797
3789
3791
3792
3793
3794
3803
379
933
976
3185
3800
3801
3802
3070
2846
845
3806
3807
3808
3809
3810
3811
3812
3813
3813
2769
803
3818
3819
3812
3822
1140
3822
1141
3824
3825
3826
3827
3828
3831
3829
3831
3833
3833
3834
3835
1124
3672
3691
2744
790
3541
3693
3845
3952
3693
3953
2792
1143
3830
1143
3850
793
3849
2748
2748
3852
3857
3858
3859
3860
3862
3862
1151
3835
3866
3875
3865
3853
1148
3905
3871
3872
2621
2619
2665
702
3867
1114
2599
2595
711
3886
3882
3885
2610
3886
1154
3906
3884
3888
3893
3892
3901
3894
3895
3896
3897
3898
2623
2668
3622
1110
3903
3904
1148
3851
3907
3908
3909
3910
716
715
3883
1153
3915
3916
2670
704
3920
2598
3608
3922
3923
3924
3925
3926
2003
423
1108
3930
3931
3932
3933
3604
1108
3935
1161
3938
3982
3940
3941
3942
3943
3944
3946
3948
3945
3948
1162
3950
3951
817
817
3945
2792
2791
2793
2793
4376
2793
3669
3668
2021
3173
3142
379
4378
3173
3141
3173
846
3142
819
3742
2848
3976
3977
3978
1167
3980
3988
1167
3983
732
732
3985
735
735
3986
972
3144
3144
3169
2840
842
3996
3997
3998
3999
4000
4001
4002
4003
4004
4005
4006
4007
4008
4009
4010
4011
4012
4013
4014
4015
4016
4017
4018
4019
4020
4021
4022
4023
4024
4025
4026
4027
4028
4029
4030
4031
4032
4033
4034
4035
4036
4037
4038
4039
4040
4041
4042
4043
4044
4045
4046
4047
4048
4049
4050
4051
4052
4053
4054
4055
4056
4057
4058
4059
4060
4061
4062
4063
4064
4065
4066
4067
4068
4069
4070
4071
4072
4073
4074
4075
4076
4077
4078
4079
4080
4081
4082
4083
4084
4085
4086
4087
4088
4089
4090
4091
4092
4093
4094
4095
4096
4097
4098
4099
4100
4101
4102
4103
4104
4105
4106
4107
4108
4109
4110
4111
4112
4113
4114
4115
4116
4117
4118
4119
4120
4121
4122
4123
4124
4125
4126
4127
4128
881
2923
4131
4132
4133
4134
4135
4136
4137
4138
4139
4140
4141
4142
4143
4144
4145
4146
4147
4148
4149
4150
4151
4152
4153
4154
4155
4156
4157
4158
4159
4160
4161
4162
4163
4164
4165
4166
4167
4168
4169
4170
4171
4172
4173
4174
4175
4176
4177
4178
4179
4180
4181
4182
4183
4184
4185
4186
4187
4188
4189
4190
4191
4192
4193
4194
4197
4197
1966
1156
3305
4199
4201
4202
4203
4205
3234
4206
4207
4208
4209
4210
4211
4212
4213
1010
470
2082
2083
4200
4219
4220
4221
4222
4223
4224
3264
4226
4227
4228
2072
463
471
2082
1013
4232
4233
4203
1255
4238
4239
4240
4241
4242
4243
4209
1258
4244
4247
4247
4248
1266
4244
4252
4253
3291
4255
2109
4256
4258
4259
4260
4261
391
391
493
2043
4233
3467
4268
4269
4270
4271
4272
4273
4274
4275
4276
4277
4278
4279
4280
4281
4282
4283
4284
4285
4286
4287
4288
4289
4290
4291
4292
4293
4294
4295
4296
4297
4298
4299
4300
4301
4302
4303
4304
4305
4306
4307
4308
4309
4310
4311
4312
4313
4314
4315
4316
4317
4318
4319
4320
4321
4322
4323
4324
4325
4326
4327
4328
4329
4330
4331
4332
4333
4334
4335
4336
4337
4338
4339
4340
4341
4342
4343
4344
4345
4346
4347
4348
4349
4350
4351
4352
4353
4354
4355
4356
4357
4358
4359
4360
4361
4362
4363
4364
4365
4366
3977
3888
712
3066
3062
3064
964
964
964
2794
2794
819
382
3843
2834
838
2797
4384
2992
4386
4387
4388
425
2971
2866
3592
4393
2952
4395
4396
4397
4398
4399
4400
499
371
3144
4377
3076
5630
4410
4409
1289
5629
4411
4412
4413
4414
4415
4416
4417
4418
4419
4420
4421
4422
4423
4420
4425
4426
4425
4428
4429
5612
5624
1670
5611
1291
4437
1294
5627
4438
4439
4440
4441
4442
4443
4444
4448
4449
1303
4448
5325
4450
4451
4452
4453
4455
4455
4456
1307
4458
4459
4460
5683
1310
4463
1308
4463
4466
4467
4468
4469
4470
4471
4472
5487
1292
4539
4475
5625
1290
6114
1673
4494
4484
1320
4494
4495
4489
4489
5430
5497
5446
4543
4491
4485
4497
1325
518
4498
1326
5745
1326
1327
1327
4502
4505
5393
1332
4521
4508
4509
4507
4513
4510
4513
1336
4511
2182
521
4517
2182
1339
5404
4523
5419
4525
4525
4526
1341
4528
4529
4530
4531
4532
782
4533
4536
2751
1349
4540
5486
1349
4542
4544
4541
4534
4548
624
4548
5711
2432
4554
1353
4550
1356
5585
2754
3564
796
4558
4559
4560
4561
4562
676
5394
4564
2537
5714
5714
6122
6123
2588
4573
698
4571
1365
5558
4576
4579
1365
4582
1369
5161
4580
4578
1367
4578
4584
4588
4589
1373
4591
4592
1376
5465
5463
1376
4594
4641
4644
1397
5333
4602
4603
4604
4605
4606
4607
4608
5397
1385
5400
5396
691
4618
1381
4614
1387
4618
4616
4619
2566
5396
2566
1388
5526
1637
836
5162
4628
4627
4635
1370
4631
5538
5535
1324
5462
1324
4492
5500
4869
4870
2247
4869
2563
2564
2563
1650
5499
5501
1650
4492
4492
4492
4658
4655
5348
5321
4659
4660
4661
4662
4663
4664
4665
4666
4667
4669
5235
4668
1409
4672
1402
4674
4672
1413
4678
1586
5226
4679
4682
4696
4682
4681
1415
1418
5386
4687
4690
5387
4692
5438
1422
4691
524
4696
4696
4698
4670
4699
1427
684
2544
4704
4703
4708
1423
5375
5377
4709
287
202
290
326
287
293
203
2364
291
2364
1595
1596
4724
4746
4723
4726
4748
4748
4747
258
4798
258
255
4735
262
1438
191
1462
1440
4745
1480
4797
1441
5207
4802
6020
5206
6020
5379
5379
1633
5439
277
277
276
277
4759
4757
5226
1426
4761
4762
1598
4764
1651
5505
5472
5471
1651
1479
1479
4827
4829
2214
2212
2214
2214
2215
682
5506
682
4769
2213
2213
2213
540
4841
2212
2215
540
2205
4838
4791
2202
4833
4833
4835
5205
5205
4799
538
537
4835
4766
212
4772
540
4840
540
540
212
324
340
198
198
540
273
4777
177
280
177
4822
4823
4824
5510
4501
4504
4504
4503
4503
1328
5481
4832
542
4832
2198
535
4836
541
4831
4503
1329
556
4932
6124
4960
6124
6124
4851
4849
4630
5188
1485
4853
1489
4850
4852
4854
4860
1488
1487
1486
4916
4863
4867
1491
4917
1509
2399
4859
4874
4871
1494
5186
1493
1513
6124
2247
6124
6124
4960
4960
4932
556
4960
4959
4960
4956
4956
4936
1512
4937
5186
4874
4935
4937
4913
1063
4913
4913
6123
6123
6123
6122
4911
4911
4913
4939
4913
4913
5507
4492
5507
5507
1390
4630
4629
1063
1063
3421
1062
5187
1494
1494
4938
1062
5183
4933
4933
4933
4637
1394
4638
1393
5500
5500
5507
4914
5507
4933
4933
4938
6123
6124
6123
6123
6124
4960
4937
1507
4914
4935
1494
4938
5500
5498
1393
4955
5499
4651
1513
4931
4964
6121
4910
4910
4968
4910
4954
4930
1526
4967
4596
1377
4593
4653
848
4653
4953
1531
4927
1396
1395
4640
2572
2571
5480
5480
4989
4990
4991
4992
4993
2409
1538
4994
4996
1541
640
4997
5003
5001
5690
1543
5002
1542
5005
1311
5009
5010
5109
5012
2297
1548
1569
5018
5016
5955
646
2479
5020
585
5026
5023
649
5684
651
5946
5946
5946
585
585
2305
584
583
5036
5037
5040
5039
6005
5041
589
5045
590
588
5370
5367
5674
5370
2321
2459
2321
640
640
5053
5056
5057
5058
1772
5060
5061
5062
5063
5064
5065
5066
5067
5068
5069
637
637
5990
5991
5990
5075
5076
5077
5078
5079
6017
5071
5043
5083
5075
2525
2528
2525
2314
1565
2314
5090
5369
5369
5093
5095
5096
5097
5098
5099
5100
5101
5102
5103
5104
5105
5108
5106
5112
5107
1544
2309
5113
5692
2494
2494
5684
5684
2312
663
5094
5094
5046
5046
570
570
2271
587
6157
5129
5130
5131
5132
5133
5134
5136
6014
2339
2290
5091
2287
5139
5142
5143
5144
5145
3366
5147
1042
5149
5150
5151
5152
5153
5154
5155
5156
5157
5158
5159
5160
4603
3388
5162
5164
5165
5166
5167
5168
5169
5170
5171
5172
1416
4683
4697
1417
1417
4684
4909
4909
5179
1062
3421
5183
4850
5185
1063
4630
4906
5190
5191
5192
5193
5194
5196
5196
1578
5195
5198
5201
1585
1586
5227
5200
5208
1588
1589
5208
4730
4731
4726
4798
5213
5214
5215
5216
5217
5218
5219
5220
5221
5222
5151
1406
5223
5227
5228
5225
4758
1450
5229
5232
5233
5234
4662
5236
5240
1452
1593
5247
4723
4717
4724
4700
1425
5244
5246
5248
5249
5250
5251
5252
5254
5259
201
5256
602
5258
5258
4715
5260
4712
326
4705
5265
5266
5267
5268
5269
5270
5271
5272
4793
5274
2402
610
609
5278
5279
5280
5281
5282
5283
5284
5285
5286
5287
5288
5289
5290
5291
5292
5293
5294
5295
5296
5297
5301
5741
1614
6113
1354
5305
4552
1354
5306
5307
5308
5309
5310
5311
5312
5313
5314
5315
5316
5317
4754
177
177
5322
4710
4707
681
3563
5304
1355
5303
1615
1389
1389
5330
2254
2255
6125
5340
1623
5336
1621
5421
552
4598
553
1685
1424
5347
5484
4694
1337
4518
5378
5379
1633
4694
5355
5356
5357
5358
5007
5360
1605
5361
5276
5277
5364
5366
1629
5382
5368
5636
5373
1632
5489
5371
1422
5443
5376
1633
5469
1635
5383
5632
5623
1360
5392
5385
4565
5388
5389
5390
1636
5561
5393
4609
1384
1638
5398
5568
5569
5398
5571
1639
5405
5418
6128
5406
5407
5408
1382
5411
5422
1640
5412
5335
1380
1622
1626
1379
5420
5343
5163
5423
5595
1642
1620
1331
5428
4522
519
2178
519
4549
5429
5433
4546
5436
5437
5437
5440
5469
533
1646
5444
5456
5439
4541
5450
5593
5447
5592
1644
5718
5452
5434
5455
5456
5457
1641
5459
4481
4483
4482
4486
4487
4488
5456
4688
5466
1647
1647
5467
5504
5473
5474
5475
5573
5574
1652
5476
5481
5485
1330
4697
2187
5474
5328
5326
4515
5490
5427
1348
4538
5413
5493
1643
5494
518
5460
5461
4493
5463
4773
1482
4687
1419
1419
4490
5509
5528
5509
5508
606
4833
4834
4835
2396
5516
5178
4620
5520
5521
1372
5523
5525
4577
1364
5527
4681
5529
5529
5515
5517
1481
1481
5537
1657
5548
5539
5551
6124
4960
2247
2400
4870
5724
5547
5554
5550
1624
5557
5338
1625
556
4962
1516
4970
5557
5558
5332
5559
4647
1399
5563
5479
5565
5566
2580
696
5567
696
4574
4572
5574
5575
5569
5579
5577
1662
5579
1663
5581
5582
5583
5584
5586
5589
1665
1664
5583
1666
1667
5454
5453
1645
1351
4547
1352
5709
1375
1378
5599
1378
1378
5606
1285
5620
5604
5607
5608
1669
4553
5608
5613
5614
5615
5616
5619
1672
5619
5615
1654
5496
5492
5610
5661
1669
1338
1631
4433
4430
1316
4476
1653
5622
1274
4407
5641
1283
5637
1286
5642
5642
5639
5643
1675
1674
5648
5634
5647
5649
5650
5651
5653
5654
4431
4477
1634
5381
5659
5660
5662
6115
5663
5664
5665
5666
4427
5667
1287
5668
5671
1282
4479
1275
4408
1275
1630
5678
5679
5680
5681
5682
2413
603
5365
5686
5687
5688
5689
5362
1628
5685
649
5695
5695
1681
5697
5700
5698
5700
1684
5704
5702
5705
5699
1683
5707
5708
1375
4593
5703
4596
4596
4596
6122
4650
1322
5431
5429
4960
4932
556
4932
4960
6124
4960
1400
4959
1377
4648
5501
5733
5733
5732
5736
5736
1688
5738
5739
4556
4557
4446
5744
5744
1347
4933
4933
1512
4956
4637
1394
5752
5753
5754
5755
5756
5757
5758
5759
5760
5761
5762
5763
5764
5765
5766
5767
5768
5769
5770
5771
5772
5773
5774
5775
5776
5777
5778
5779
5780
5781
5782
5783
5784
5785
5786
5787
5788
5789
5790
5791
5792
5793
5794
5795
5796
5797
5798
5799
5800
5801
5802
5803
5804
5805
5806
5807
5808
5809
5810
5811
5812
5813
5814
5815
5816
5817
5818
5819
5820
5821
5822
5823
5824
5825
5826
5827
5828
5829
5830
5831
5832
5833
5834
5835
5836
5837
5838
5839
5840
5841
5842
5843
5844
5845
5846
5847
5848
5849
5850
5851
5852
5853
5854
5855
5856
5857
5858
5859
5860
5861
5862
5863
5864
5865
5866
5867
5868
5869
5870
5871
5872
5873
5874
5875
5876
5877
5878
5879
4716
4718
5882
5883
5884
5885
5886
5887
5888
5889
5890
5891
5892
5893
5894
5895
5896
5897
5898
5899
5900
5901
5902
5903
5904
5905
5906
5907
5908
5909
5910
5911
5912
5913
5914
5915
5916
5917
5918
5919
5920
5921
5922
5923
5924
5925
5926
5927
5928
5929
5930
5931
5932
5933
5934
5935
5936
5937
5938
5939
5940
5941
5942
5943
5944
5945
6135
2381
5675
5675
613
2410
5952
5953
5954
5956
5027
1550
5958
5959
5960
5961
2451
2451
5964
5965
1549
650
2496
2495
5951
5971
5972
5973
2472
640
5976
5054
5977
5979
5980
2484
2490
651
2498
2498
569
2270
2462
5989
5953
1768
5994
1778
5995
5997
573
658
5959
5998
6000
6001
6003
6003
6004
5999
1777
2512
5080
6009
2520
5119
5089
1566
5141
2272
653
5043
2454
5985
5231
6021
6022
6023
6024
6025
6026
6027
6028
6029
6030
6031
6032
6033
6034
6035
6036
6037
6038
6039
6040
6041
6042
6043
6044
6045
6046
6047
6048
6049
6050
6051
6052
6053
6054
6055
6056
6057
6058
6059
6060
6061
6062
6063
6064
6065
6066
6067
6068
6069
6070
6071
6072
6073
6074
6075
6076
6077
6078
6079
6080
6081
6082
6083
6084
6085
6086
6087
6088
6089
6090
6091
6092
6093
6094
6095
6096
6097
6098
6099
6100
6101
6102
6103
6104
6105
6106
6107
6108
6109
6110
6111
6112
5734
5646
4424
4864
4861
4859
1508
1508
4914
4595
1377
1377
5560
1627
4634
5414
4601
1340
1464
6132
6134
6142
604
4842
6137
1443
6139
178
698
6142
6143
6144
6145
6146
4587
6124
1512
6124
1494
6152
6153
5117
5025
1912
5046
2592
5024
4376
6123
1891
5138
5138
6166
6170
6167
2274
575
397
2334
6172
2287
6174
6175
6176
6177
6178
6179
6180
6181
1375
817
2176
2576
6186
6187
6188
6189
6190
6191
848
6193
6194
6195
6196
6197
6198
6199
6248
6201
6202
6203
6204
6205
4595
6207
2794
6209
1525
6211
6212
6213
6214
3197
1530
6217
6239
6219
6220
6261
6222
6223
6224
6258
6258
6227
6228
6229
6230
6231
6232
6233
4982
6235
6236
6237
6204
3975
6212
6241
6242
6243
6244
6245
6246
6247
6248
6249
6250
6253
6252
5730
6210
4982
6256
6257
6258
6259
6260
6261
6262
6263
6264
6265
6266
6267
6268
6269
6291
6271
6272
6289
6290
6262
6276
6277
6275
6279
6280
6281
6282
6283
6284
6285
6286
6287
6288
6272
6271
6269
