65
44
147
146
141
893
3590
3590
421
3490
31
10
82
49
150
35
134
9
57
165
1
126
92
96
100
142
152
893
2909
2909
898
422
1948
1078
71
351
137
138
3684
52
2152
169
170
27
161
46
67
0
159
3013
157
49
166
8
3021
2913
155
2914
3489
118
133
120
121
2920
895
64
61
75
60
35
35
158
150
16
80
16
157
72
164
40
164
54
53
53
0
66
85
47
91
91
2
162
3
94
3
145
102
100
102
144
102
102
141
3592
893
3592
3592
2951
2909
2909
3590
3590
1963
3590
898
1963
1962
1962
1956
1955
3495
3493
31
121
121
1078
3477
3478
72
15
14
78
19
1954
2954
129
135
128
74
13
51
143
143
153
143
136
36
37
2950
2952
105
893
167
167
170
29
29
3015
149
27
140
12
37
3591
1815
163
27
27
27
3680
3680
237
208
318
331
313
5379
5353
5353
2377
6140
287
5880
251
329
4813
2210
334
304
226
330
172
239
264
545
272
312
4812
5379
680
680
2377
5318
5254
1597
242
4752
310
306
5441
4812
2555
562
198
5441
332
238
183
307
338
338
212
4813
562
178
177
326
2557
179
305
288
285
1445
227
228
5262
188
187
254
232
321
4814
321
206
250
225
250
1467
328
206
322
335
335
211
225
171
218
171
236
173
317
264
260
174
331
313
174
313
313
313
545
312
313
312
5378
5378
680
5378
5379
680
5353
4709
680
5351
5351
2377
4709
1448
4753
2370
1447
201
290
2373
1602
5881
1602
5241
5243
328
185
186
186
243
4753
200
301
302
184
308
219
221
314
314
4812
314
207
207
311
4751
1443
5441
4751
214
341
214
5351
1442
5445
198
277
314
246
309
1442
528
274
5441
5441
5441
5439
5439
342
1783
3670
345
2704
347
348
3507
3436
3592
126
45
1
65
3709
357
358
1804
3003
3037
3592
2985
1817
3043
24
92
142
1827
1841
959
374
373
2764
1840
2767
3581
1844
3173
3960
381
382
959
959
893
152
387
388
389
390
391
392
393
394
395
396
397
398
399
400
401
402
403
404
405
406
407
408
409
410
411
412
413
414
415
416
417
418
419
446
2909
1959
423
424
425
146
3009
428
948
430
431
432
433
434
435
436
437
438
439
380
378
1847
2767
444
1849
789
447
448
449
450
451
452
453
454
455
456
457
458
459
460
461
462
463
464
465
466
467
468
469
470
471
472
473
474
475
476
477
478
479
480
481
482
483
484
485
486
487
488
489
490
491
492
493
494
495
496
497
498
2783
500
871
877
2966
2136
2138
506
507
2776
509
510
3636
3638
2157
514
515
516
517
518
5430
520
521
522
523
524
5271
526
4709
680
239
172
208
236
5469
534
2200
2204
4803
4834
5353
1455
4830
2212
269
174
312
5602
5602
621
5602
4643
5602
5344
1627
1627
5602
6123
5603
2252
4642
4569
4569
5379
563
564
565
566
567
568
569
570
571
572
573
574
575
576
577
578
579
580
581
582
583
584
585
586
587
588
589
590
591
592
593
594
595
596
597
598
599
600
601
2374
603
604
605
2396
4881
4869
609
610
611
612
613
614
615
616
617
1362
1362
5602
5600
2247
2246
4549
625
626
627
628
629
630
631
632
633
634
635
636
637
638
639
640
641
642
643
644
645
646
647
648
649
650
651
652
653
654
655
656
657
658
659
660
661
662
663
664
665
666
667
668
669
670
671
672
673
674
2538
4563
5403
6147
2541
1423
4707
4769
2547
684
2549
4573
2589
2580
2566
2565
1385
692
693
1668
4985
4574
2818
4577
311
700
701
702
703
704
705
706
707
708
709
710
711
2610
713
714
715
716
717
718
719
720
721
722
723
724
725
726
727
728
2754
730
731
2638
733
734
735
736
737
738
739
740
741
742
743
744
745
746
747
748
2673
2689
751
752
2679
3704
2682
2684
3686
758
759
760
761
3028
2696
2714
2699
2701
2715
3667
2706
770
771
772
773
774
775
776
777
778
779
780
781
782
783
784
785
786
2737
788
1125
791
3672
3831
3848
794
3541
4556
797
798
799
800
801
3847
803
804
805
806
2774
2781
4583
4582
811
812
813
814
815
816
817
818
819
820
821
822
4605
2801
825
4603
827
2808
2822
2824
831
832
4630
834
2829
4628
837
838
2840
2838
3740
3741
843
4402
513
846
2853
3749
2858
2876
2875
852
853
854
855
856
857
858
2878
2961
2960
2880
863
864
865
866
3628
2889
3745
3586
2894
2896
2905
2869
2903
3559
849
901
902
3476
3494
879
2922
126
2932
2936
2935
1823
1975
887
501
2909
3615
10
422
899
3590
2909
2909
3481
1960
2962
2968
3678
3744
426
3009
3508
909
1823
1076
2999
4385
3680
3680
2982
3012
1968
1972
1972
92
100
96
898
925
926
927
928
3747
2989
931
2971
933
934
935
936
4851
938
939
940
941
942
943
944
3136
3167
2764
429
949
950
951
952
953
954
955
956
957
958
3108
4905
980
3150
3148
3119
3121
966
967
3136
4926
946
3169
3144
973
973
975
976
977
978
4907
980
981
982
983
984
985
986
3187
988
989
990
991
2171
993
994
995
996
997
998
999
1000
1001
1002
1003
1004
1005
1006
1007
1008
1009
1010
1011
1012
1013
1014
1015
1016
1017
1018
1019
1020
1021
1022
1023
1024
1025
1026
1027
1028
1029
1030
1031
1032
1033
1034
1035
1036
1037
1038
1039
1040
1041
1042
1043
1044
1045
5154
1047
1048
1049
5160
1051
1052
1053
1054
1055
1056
1057
1058
1059
5180
1061
4926
1063
1064
1065
3460
3463
1078
3466
3442
1071
1072
31
3483
1075
902
901
1948
2964
1080
899
1959
422
3561
3502
1086
1087
1088
1089
1090
1091
1092
1093
1094
1095
3567
1097
1098
1099
3664
1101
1102
1103
1104
1105
1106
1107
1108
1109
1110
1111
1112
3614
1114
1115
1116
1117
3640
1119
1120
1121
1122
1123
3692
3694
3677
3682
1128
1129
1130
3708
1132
1133
1134
1135
1136
1137
1138
1139
1140
1141
1142
3835
3834
1145
1146
1147
3851
3853
1150
1151
3888
1153
1154
1155
1156
1157
1158
1159
1160
1161
1162
1163
3956
3972
1166
1167
1168
1169
1170
1171
1172
1173
1174
1175
1176
1177
1178
1179
1180
1181
1182
1183
1184
1185
1186
1187
1188
1189
1190
1191
1192
1193
1194
1195
1196
1197
1198
1199
1200
1201
1202
1203
1204
1205
1206
1207
1208
1209
1210
1211
1212
1213
1214
1215
1216
1217
1218
1219
1220
1221
1222
1223
1224
1225
1226
1227
1228
1229
1230
1231
1232
1233
1234
1235
1236
1237
1238
1239
1240
1241
1242
1243
1244
1245
1246
1247
1248
1249
1250
1251
1252
1253
1254
1255
1256
1257
1258
1259
1260
1261
1262
1263
1264
1265
1266
1267
1268
1269
1270
1271
1272
1273
4410
1275
1276
1277
1278
1279
1280
1281
1282
1283
1284
1285
1286
1287
1288
1289
1290
1291
1292
1293
1294
1295
1296
1297
1298
1299
1300
1301
1302
1303
1304
1305
1306
1307
1308
1309
1310
1311
1312
1313
1314
1315
1316
1317
4485
4483
4496
4495
1322
1323
4493
1325
1326
4505
4503
4828
5386
1331
4506
5459
4511
1335
4514
1337
1338
1339
1340
1341
1342
1343
1344
1345
1346
1347
1348
1349
5433
5435
4547
1353
1354
1355
5604
1357
1358
1359
4565
5389
5600
5572
5524
4579
4584
5535
4620
4616
4631
4589
1372
1373
4591
1375
1376
4595
5709
5342
4601
4618
5409
1383
4610
4611
4609
5558
2540
5331
4917
6128
4634
4637
5499
5500
4639
4641
5344
4645
6122
4674
1402
4657
1404
1405
1406
1407
1408
1409
1410
4680
4678
4759
4758
5481
1416
1417
4690
5504
5456
5457
4692
4694
5347
4705
4699
4668
5321
5323
1451
1451
1595
5238
4722
1432
239
5210
2193
2193
1656
1438
4708
5375
5880
2370
2377
680
680
4709
5246
2376
4761
4767
5440
6136
1469
4810
273
2206
5272
2220
4731
2363
4745
4781
5439
5441
272
2221
175
4811
4812
264
272
545
2377
1477
1478
5506
4788
4838
4770
4846
2242
4857
4863
4861
4860
4855
6118
4866
2251
4930
4953
1627
5720
2401
2429
4889
4891
1501
1502
4929
4910
2242
4949
4937
4914
4868
1494
4930
4959
4931
5747
5747
5554
4963
694
4951
4950
4967
5749
2577
1524
5556
4971
2573
4975
1529
1530
4980
5751
1533
1534
1535
1536
1537
1538
1539
1540
1541
1542
1543
1544
1545
1546
1547
1548
1549
1550
1551
1552
1553
1554
1555
1556
1557
1558
1559
1560
1561
1562
1563
1564
1565
1566
1567
1568
1569
1570
1571
1572
1573
1574
1575
1576
1577
1578
5520
5523
1581
1582
1583
1584
1585
5227
1597
5231
5205
1590
1591
4713
1452
1594
1451
5238
5254
4764
1599
2377
2377
5318
5324
5269
1605
1606
1607
1608
1609
1610
1611
1612
1613
1614
1615
1616
1617
1618
4709
1620
5339
5335
5337
5549
5552
5420
5601
1628
1629
1630
1631
1632
4693
1634
1635
1636
4626
5398
5404
1640
1641
1642
1643
5452
1645
5438
5442
1648
1649
1650
5468
1652
1653
1654
5517
266
5536
5542
5546
1660
1661
1662
1663
5606
1665
1666
1667
5598
5605
1670
1671
1672
1673
1674
1675
1676
1677
1678
1679
1680
1681
1682
1683
1684
5710
5726
5727
1688
5731
1690
1691
1692
1693
1694
1695
1696
1697
1698
1699
1700
1701
1702
1703
1704
1705
1706
1707
1708
1709
1710
1711
1712
1713
1714
1715
1716
1717
1718
1719
1720
1721
1722
1723
1724
1725
1726
1727
1728
1729
1730
1731
1732
1733
1734
1735
1736
1737
1738
1739
1740
1741
1742
1743
1744
1745
1746
1747
1748
1749
1750
1751
1752
1753
1754
1755
1756
1757
1758
1759
1760
1761
1762
1763
1764
1765
1766
1767
1768
1769
1770
1771
1772
1773
1774
1775
1776
1777
1778
1779
1780
1784
1782
1781
1784
1787
1786
1787
1788
1786
1790
346
1794
350
3435
1795
349
0
45
85
66
0
1803
1803
358
1802
1806
3757
2994
1809
361
2951
2951
3680
2951
3592
363
363
1819
3042
94
96
94
92
97
1827
1827
1841
1827
1855
1828
3155
1829
1833
2765
2765
2766
377
1839
2767
377
1841
1841
1843
1841
1846
4378
3960
1845
379
1850
1851
1852
1853
1854
3106
3106
1826
959
1859
1860
1861
1862
1863
1864
1865
1866
1867
1868
1869
1870
1871
1872
1873
1874
1875
1876
1877
1878
1879
1880
1881
1882
1883
1884
1885
1886
1887
1888
1889
1890
1891
1892
1893
1894
1895
1896
1897
1898
1899
1900
1901
1902
1903
1904
1905
1906
1907
1908
1909
1910
1911
1912
1913
1914
1915
1916
1917
1918
1919
1920
1921
1922
1923
1924
1925
1926
1927
1928
1929
1930
1931
1932
1933
1934
1935
1936
1937
1938
1939
1940
1941
1942
1943
1944
1945
2963
2963
901
2963
902
344
1951
3668
502
502
1959
502
2909
2908
877
3562
502
2907
1964
1965
1964
1967
140
139
3014
143
160
2154
2154
1823
2153
2
353
91
2942
1977
887
2943
367
1805
1985
1987
1988
1989
1990
1991
1992
1993
1994
1995
1996
1997
1998
1999
2000
2001
2002
2003
2004
2005
2006
2007
2008
2009
3959
3959
3106
380
3958
3958
1845
1848
445
3668
2742
3669
2022
2023
2024
2025
2026
2027
2028
2029
2030
2031
2032
2033
2034
2035
2036
2037
2038
2039
2040
2041
2042
2043
2044
2045
2046
2047
2048
2049
2050
2051
2052
2053
2054
2055
2056
2057
2058
2059
2060
2061
2062
2063
2064
2065
2066
2067
2068
2069
2070
2071
2072
2073
2074
2075
2076
2077
2078
2079
2080
2081
2082
2083
2084
2085
2086
2087
2088
2089
2090
2091
2092
2093
2094
2095
2096
2097
2098
2099
2100
2101
2102
2103
2104
2105
2106
2107
2108
2109
2110
2111
2112
2113
2114
2115
2116
2117
2118
2119
2120
2121
2122
2123
2124
2125
2126
2127
2128
2129
2128
2128
2133
4401
2134
2135
2136
2138
851
2139
2140
2143
507
4393
508
2145
2146
2147
2145
2909
3590
2909
3590
98
100
100
3017
2158
3635
512
511
2161
2162
2163
2164
2165
2166
2167
2168
2169
2170
2171
2172
2173
2174
2175
2176
2180
2178
2177
2180
2181
2182
2183
2184
2185
2185
2187
2188
2189
525
2191
2192
332
171
208
332
236
2201
2201
536
4987
2203
5515
538
2202
537
5378
5378
5441
5378
680
4840
1482
541
540
174
174
267
267
174
314
331
314
4812
210
5602
5602
5602
5602
4567
5602
4568
6148
2240
5602
5602
5602
1627
1627
1627
1627
5600
5600
4985
5602
1685
1685
6124
5716
1362
559
559
4642
2253
2251
4568
4569
5602
5602
2260
2261
2262
2263
2264
2265
2266
2267
2268
2269
2270
2271
2272
2273
2274
2275
2276
2277
2278
2279
2280
2281
2282
2283
2284
2285
2286
2287
2288
2289
2290
2291
2292
2293
2294
2295
2296
2297
2298
2299
2300
2301
2302
2303
2304
2305
2306
2307
2308
2309
2310
2311
2312
2313
2314
2315
2316
2317
2318
2319
2320
2321
2322
2323
2324
2325
2326
2327
2328
2329
2330
2331
2332
2333
2334
2335
2336
2337
2338
2339
2340
2341
2342
2343
2344
2345
2346
2347
2348
2349
2350
2351
2352
2353
2354
2355
2356
2357
2358
2359
2360
4762
5256
5238
4762
1451
2179
2433
2366
681
681
4709
4709
2377
4710
2376
1429
4706
681
2379
2380
2379
2382
267
269
195
265
317
316
260
4741
4734
2195
544
4742
2199
535
2395
548
2398
2233
4845
2402
2403
2404
2405
2406
2407
2408
2409
2410
2411
2412
2413
2414
2415
2416
2417
2418
2419
5602
1362
5602
5602
5602
5600
5602
5602
5602
5716
2247
5716
2433
5429
624
2435
2436
2437
2438
2439
2440
2441
2442
2443
2444
2445
2446
2447
2448
2449
2450
2451
2452
2453
2454
2455
2456
2457
2458
2459
2460
2461
2462
2463
2464
2465
2466
2467
2468
2469
2470
2471
2472
2473
2474
2475
2476
2477
2478
2479
2480
2481
2482
2483
2484
2485
2486
2487
2488
2489
2490
2491
2492
2493
2494
2495
2496
2497
2498
2499
2500
2501
2502
2503
2504
2505
2506
2507
2508
2509
2510
2511
2512
2513
2514
2515
2516
2517
2518
2519
2520
2521
2522
2523
2524
2525
2526
2527
2528
2529
2530
2531
2532
2533
2534
4566
2535
4566
677
2536
2542
676
2536
2546
2547
2545
6137
1401
2550
686
2588
687
2549
2579
2552
680
680
4709
680
175
545
175
175
691
2566
4622
4622
2567
2568
2569
2570
5599
2571
1533
5599
1524
2576
1524
2575
2581
696
4571
2584
697
2585
507
2816
698
6141
698
2590
2591
2592
2593
2594
2595
2596
2597
2598
2599
2600
2601
2602
2603
2604
2605
2606
2607
2608
2609
2610
2611
2612
2613
2614
2615
2616
2617
2618
2619
2620
2621
2622
2623
2624
2625
2626
2627
2628
2629
2630
2631
2632
2633
2635
3563
2636
2637
729
2639
2640
2641
2642
2643
2644
2645
2646
2647
2648
2649
2650
2651
2652
2653
2654
2655
2656
2657
2658
2659
2660
2661
2662
2663
2664
2665
2666
2667
2668
2669
2670
2671
2674
750
2686
2675
2672
2677
2678
754
2680
2685
749
2681
757
3685
2686
2687
2688
758
2690
2691
2692
2693
2694
3722
762
2697
2702
764
2698
767
2712
2707
768
2703
765
3665
2708
2709
2710
2711
2713
2713
773
2715
2716
2717
2718
2719
2720
2721
2722
2723
2724
2725
2726
2727
2728
2729
2730
2731
2732
2733
2734
2738
2735
788
2738
2739
2740
3671
3674
2745
3672
3673
2746
3829
793
2749
2750
2753
2751
4555
796
2755
2756
2757
2758
2759
2130
2761
2762
2763
3846
2767
802
3846
2770
2769
4395
804
2772
2773
806
2772
2776
2777
2778
4580
2780
2781
2785
812
2782
2785
2786
2787
2788
2789
2790
2791
2792
2793
2794
2795
2796
2797
2798
3580
2804
823
2800
2803
2804
2805
2806
2807
2811
2810
830
2811
2811
2813
2814
2815
2816
2817
2818
2819
2822
512
3639
2823
2824
2825
2826
2827
2828
836
4627
2831
2832
2833
2834
2835
2839
2836
841
3739
842
2841
3786
4402
2844
2820
829
2157
2848
2849
2850
2851
2854
848
3748
2852
2859
2859
850
2873
2860
2861
2862
2863
2864
2865
2866
2867
2868
2869
2870
2871
2140
2873
2874
2875
2876
2879
860
2958
861
2877
2882
2883
2884
2885
2886
2887
2888
867
2890
2891
2893
3725
870
2892
348
2897
2898
2899
2901
2904
2872
873
505
2906
2857
3593
3560
2911
871
3593
1962
899
1962
3494
1962
3492
3492
1077
3493
2963
3476
901
1947
1946
880
120
1946
879
1949
2924
125
66
2927
355
2933
1801
2933
884
2935
2931
353
353
884
2932
2945
3473
3474
1950
501
501
2909
501
2909
3590
2909
3592
2959
3480
875
900
1084
1961
3501
2962
2967
3679
904
2968
356
903
2983
2972
2969
2987
3009
3010
906
2984
904
3678
385
2980
426
918
1968
1972
426
3009
3009
3009
913
2995
890
3509
366
2156
1973
2929
911
33
3774
3756
2940
385
3007
385
1972
1972
1972
1968
170
893
170
2951
3592
102
102
3017
3590
1963
3590
3023
3024
3025
3026
3027
929
3044
3029
3032
3746
365
1818
2978
3035
2977
3038
3039
3038
2986
2973
932
2974
3045
3046
3108
1165
378
370
3051
3052
3053
3054
3055
3056
3057
3058
3059
3060
3061
3062
3063
3064
3065
3066
3067
3068
3069
3070
3071
3072
3073
3134
3075
3166
3077
3078
3990
2765
2764
2765
3082
1989
3045
429
1989
2017
3088
3090
3091
3092
3093
3094
3095
3096
3097
3098
3099
3100
3101
3102
3103
3104
1844
3105
3107
3108
3109
1060
3111
3112
4905
3116
962
3149
963
2855
840
3118
847
3122
3123
3124
3125
3126
3127
1062
945
3137
1062
3076
946
3166
960
961
4906
3079
3079
3140
3142
3172
3141
971
3146
3168
3145
964
3120
965
3991
974
3174
2764
2764
2764
2766
1827
2766
3106
959
3162
3181
3164
3165
3163
974
2837
839
3143
972
2851
846
3174
3175
3176
3177
3178
3179
3180
3181
3182
3183
3184
3185
3186
3187
3188
3189
3190
3191
4976
3193
3194
3195
3196
3197
3198
3199
3200
3201
3202
3203
3204
3205
3206
3207
3208
3209
3210
3211
3212
3213
3214
3215
3216
3217
3218
3219
3220
3221
3222
3223
3224
3225
3226
3227
3228
3229
3230
3231
3232
3233
3234
3235
3236
3237
3238
3239
3240
3241
3242
3243
3244
3245
3246
3247
3248
3249
3250
3251
3252
3253
3254
3255
3256
3257
3258
3259
3260
3261
3262
3263
3264
3265
3266
3267
3268
3269
3270
3271
3272
3273
3274
3275
3276
3277
3278
3279
3280
3281
3282
3283
3284
3285
3286
3287
3288
3289
3290
3291
3292
3293
3294
3295
3296
3297
3298
3299
3300
3301
3302
3303
3304
3305
3306
3307
3308
3309
3310
3311
3312
3313
3314
3315
3316
3317
3318
3319
3320
3321
3322
3323
3324
3325
3326
3327
3328
3329
3330
3331
3332
3333
3334
3335
3336
3337
3338
3339
3340
3341
3342
3343
3344
3345
3346
3347
3348
3349
3350
3351
3352
3353
3354
3355
3356
3357
3358
3359
3360
3361
3362
3363
3364
3365
3366
3367
3368
3369
3370
3371
3372
3373
5152
3375
3376
3377
3378
3379
3380
3381
3382
3383
3384
5161
3388
3386
5162
3389
3390
5164
3392
3393
3394
3395
3396
3397
3398
3399
3400
3401
3402
3403
3404
3405
3406
3407
3408
3409
5179
3411
3412
960
4906
961
3135
3417
3418
3419
3420
3421
3422
5188
3424
3425
3426
3427
3428
3429
3430
3431
1066
3433
3434
3437
1067
3464
3440
3438
3462
3444
1069
3000
4267
3477
1078
3478
33
3450
3465
3449
3452
3453
3454
3455
3456
3457
3458
3459
3460
3461
874
2871
2871
3467
1074
3483
3468
3469
3470
3471
3472
2963
2965
902
2962
121
121
31
3482
1079
3500
2965
3484
3485
3486
3487
3488
1962
899
1962
1961
1961
1959
1961
1962
899
422
1962
876
3561
859
3504
859
2881
3439
3505
1070
3443
3510
3511
3512
3513
3514
3515
3516
3517
3518
3519
3520
3521
3522
3523
3524
3525
3526
3527
3528
3529
3530
3531
3532
3533
3534
3535
1952
3537
420
3539
3543
2744
1096
3841
3544
3545
3546
3547
3548
3549
3550
3551
3552
3553
3554
3555
502
3590
3590
2856
2858
2857
3560
3564
5325
3565
3566
1100
3568
2828
3570
835
3572
3573
3574
3575
3660
3577
3578
3579
3580
1106
3582
3583
3587
3584
3586
3587
3588
3589
2907
2909
2910
3585
3594
3595
3596
3597
3598
3599
3600
3601
3602
3603
3604
3605
3606
3607
3608
3609
3610
3611
3612
3613
2895
2895
872
3614
3614
3619
3620
3621
3622
3623
3624
3625
3626
3629
766
3645
3630
3631
3632
3633
3633
3637
3636
1118
1118
2824
832
3641
3642
3643
3644
3645
2802
824
3648
3649
3650
3651
3652
3653
3654
3655
3656
3657
3658
3659
3387
3661
3662
3663
1122
3666
4384
1123
3963
3963
753
3673
1124
3691
1125
2705
3675
769
1113
3616
1113
3676
1126
3681
3617
2736
787
3687
3688
3689
3690
3693
1129
3693
817
3696
3699
3695
3698
2700
3700
3701
3702
3703
3704
3705
3697
3706
868
872
3709
3710
2970
3713
3714
3715
3719
3717
3718
3817
3720
3721
3722
3723
3724
3725
3726
3727
3728
3729
3730
3731
3732
3733
3734
3735
3736
3737
3738
3701
755
3741
3742
1970
1970
3745
3712
503
2683
756
3750
3751
3752
3753
3754
920
1823
2997
3758
3759
3760
3761
3762
3763
3764
3765
3766
3767
3768
807
3770
3771
3773
3775
1977
3775
3503
908
3778
3779
3780
3781
3782
3783
3784
3785
3786
3787
3788
3789
3790
3791
3792
3793
3794
3795
3796
3797
3798
3799
3800
3801
3802
3803
828
3805
3806
3807
3808
3809
3810
3811
3812
3813
3814
3815
3816
3818
3818
3819
3820
3821
3822
3823
3824
3825
3826
3827
3828
3832
1143
1144
3833
3833
3834
3835
3836
3836
3838
3837
3839
3840
3842
3843
3844
3845
3844
1147
3850
3848
712
712
3849
1148
3854
3855
3856
3857
3858
3859
3860
3861
3862
3863
3864
3865
3866
3867
3869
3905
1152
3871
3872
3873
3874
3875
3876
3877
3878
3879
3880
3881
3882
3883
3884
3885
3886
3887
1154
3889
3890
3891
3892
3893
3894
3895
3896
3897
3898
3899
3900
3901
3902
3903
3904
3906
4369
3907
3908
3909
3910
3911
3912
3913
3914
3915
3916
3917
3918
3919
3920
3921
3922
3923
3924
3925
3926
3927
3928
3929
3930
3931
3932
3933
3934
3935
3936
3937
3938
3939
3940
3941
3942
3943
3944
3945
3946
2743
3944
3949
3950
3951
3952
3953
2741
3953
3956
3955
3957
2766
1164
2795
3961
3962
3089
3965
3045
3108
3970
1165
3970
3971
3972
3973
3974
3975
3976
3977
3978
3979
3980
3981
3982
3983
2752
3984
3986
3987
3988
3989
3991
3153
3992
3993
3994
3995
3996
3997
3998
3999
4000
4001
4002
4003
4004
4005
4006
4007
4008
4009
4010
4011
4012
4013
4014
4015
4016
4017
4018
4019
4020
4021
4022
4023
4024
4025
4026
4027
4028
4029
4030
4031
4032
4033
4034
4035
4036
4037
4038
4039
4040
4041
4042
4043
4044
4045
4046
4047
4048
4049
4050
4051
4052
4053
4054
4055
4056
4057
4058
4059
4060
4061
4062
4063
4064
4065
4066
4067
4068
4069
4070
4071
4072
4073
4074
4075
4076
4077
4078
4079
4080
4081
4082
4083
4084
4085
4086
4087
4088
4089
4090
4091
4092
4093
4094
4095
4096
4097
4098
4099
4100
4101
4102
4103
4104
4105
4106
4107
4108
4109
4110
4111
4112
4113
4114
4115
4116
4117
4118
4119
4120
4121
4122
4123
4124
4125
4126
4127
4128
3493
3493
4131
4132
4133
4134
4135
4136
4137
4138
4139
4140
4141
4142
4143
4144
4145
4146
4147
4148
4149
4150
4151
4152
4153
4154
4155
4156
4157
4158
4159
4160
4161
4162
4163
4164
4165
4166
4167
4168
4169
4170
4171
4172
4173
4174
4175
4176
4177
4178
4179
4180
4181
4182
4183
4184
4185
4186
4187
4188
4189
4190
4191
4192
4193
4194
4195
4196
4197
4198
4199
4200
4201
4202
4203
4204
4205
4206
4207
4208
4209
4210
4211
4212
4213
4214
4215
4216
4217
4218
4219
4220
4221
4222
4223
4224
4225
4226
4227
4228
4229
4230
4231
4232
4233
4234
4235
4236
4237
4238
4239
4240
4241
4242
4243
4244
4245
4246
4247
4248
4249
4250
4251
4252
4253
4254
4255
4256
4257
4258
4259
4260
4261
4262
4263
4264
4265
4266
3474
4268
4269
4270
4271
4272
4273
4274
4275
4276
4277
4278
4279
4280
4281
4282
4283
4284
4285
4286
4287
4288
4289
4290
4291
4292
4293
4294
4295
4296
4297
4298
4299
4300
4301
4302
4303
4304
4305
4306
4307
4308
4309
4310
4311
4312
4313
4314
4315
4316
4317
4318
4319
4320
4321
4322
4323
4324
4325
4326
4327
4328
4329
4330
4331
4332
4333
4334
4335
4336
4337
4338
4339
4340
4341
4342
4343
4344
4345
4346
4347
4348
4349
4350
4351
4352
4353
4354
4355
4356
4357
4358
4359
4360
4361
4362
4363
4364
4365
4366
4367
4368
4369
4370
4371
4372
4373
4374
3147
4376
4377
4377
4379
4380
4381
4382
4383
4384
912
4386
4387
4388
4389
386
4391
2909
4393
502
4395
4396
4397
4398
4399
4400
4401
1839
4403
378
3163
4406
4407
4408
4409
1276
4411
4412
4413
4414
4415
4416
4417
4418
4419
4420
4421
4422
4423
4424
4425
4426
4427
4428
4429
4430
4431
4432
4433
4434
4435
4436
4437
4438
4439
4440
4441
4442
4443
4444
4445
4446
4447
4448
4449
4450
4451
4452
4453
4454
4455
4456
4457
4458
4459
4460
4461
4462
4463
4464
4465
4466
4467
4468
4469
4470
4471
4472
4473
4474
4475
4476
4477
4478
4479
4480
4484
4481
1320
4494
1321
4486
4487
4488
4489
4491
5446
4490
1318
4497
1325
4496
4497
4498
4499
4500
4504
4501
1329
5482
1330
1334
4510
4509
4513
4512
4511
4512
4514
4514
4515
4516
4517
4518
4519
1331
4507
4522
4523
4524
4525
4526
4527
4528
4529
4530
4531
4532
4533
4534
4535
4536
4537
4538
4539
4540
4542
4542
4541
4544
4546
5432
1351
4545
1350
4550
4551
4552
4553
5585
4555
1301
4557
4558
4559
4560
4561
4562
4566
4565
1361
5406
5600
5600
5600
1627
4572
5526
1364
5572
1367
4575
4578
4585
1367
4581
4619
1369
1368
1370
4635
1370
4632
4588
4589
4590
4591
4588
4593
4594
4595
4593
4597
5341
5343
4599
1379
4604
1381
5407
1382
4606
4607
4608
679
5394
679
4609
4609
4617
4614
687
6139
1387
2551
685
4612
1385
4612
2539
678
4624
4629
1389
5330
1390
4633
675
6127
1391
4631
4638
1394
5498
1395
4636
2239
552
5344
2239
4613
4623
1384
4651
4650
1377
5501
4654
4652
5507
4656
4672
1402
4655
4659
4660
4661
4662
4663
4664
4665
4666
4667
4668
4669
4670
4671
4672
4673
4674
4675
4679
4676
1413
4757
1414
4681
4682
4683
4684
5480
4689
4686
5467
5455
1421
4695
524
4691
1424
5484
4696
4697
4698
4702
1425
4670
4703
683
683
4704
5354
5354
4694
4707
5323
4755
5318
4755
2377
1619
2373
5253
5256
5255
5256
1451
1595
1431
2362
4712
181
2362
2361
4722
4725
4723
232
236
332
208
2197
2197
297
2193
2197
317
2195
4733
4731
1436
2361
1433
2364
4708
4708
4708
680
680
680
680
4709
1426
1450
4701
5244
1603
2375
4761
5265
533
4765
4768
5469
5470
1453
4780
4766
4771
4783
699
4787
4784
4786
1454
4779
1454
5439
2221
2221
196
2221
2221
2222
2222
2222
1464
4791
5273
4801
4818
1470
1458
204
1434
204
2392
4739
1461
562
562
4781
272
2221
272
272
341
198
1443
5378
5378
313
312
271
5351
4709
5351
4822
4823
4824
4825
4827
5505
1419
4826
1479
4829
4831
540
4778
4833
2205
4836
1459
1455
4773
1482
4772
4845
4843
4569
4848
5602
2244
4852
1485
1486
4862
4854
4858
1488
4853
1487
4859
4870
608
1490
4864
1491
6116
558
1492
4868
558
550
5544
4872
4875
4954
4924
2399
1497
5602
5344
5344
1627
2420
6161
4882
2420
557
2249
557
623
2430
4888
4886
4892
4893
1503
6149
4896
4897
4898
4899
4909
5603
5602
694
1668
4908
4908
1519
4949
4911
1507
4939
4653
4912
1396
4867
4915
1509
4918
4919
5183
5183
1494
1511
4954
4928
1506
4950
4883
1496
1497
556
4960
4932
2248
4936
4955
1508
4935
4913
5723
4962
5746
1627
1627
5602
5602
5602
4569
4952
1515
1522
5748
1515
5746
4640
4959
622
4957
1400
6123
4962
5553
1516
4961
4964
1515
1517
4965
4970
5555
1525
4969
2571
2572
1527
4978
4977
4982
4972
1526
4979
4984
4983
5750
4986
4986
4835
542
4989
4990
4991
4992
4993
4994
4995
4996
4997
4998
4999
5000
5001
5002
5003
5004
5005
5006
5007
5008
5009
5010
5011
5012
5013
5014
5015
5016
5017
5018
5019
5020
5021
5022
5023
5024
5025
5026
5027
5028
5029
5030
5031
5032
5033
5034
5035
5036
5037
5038
5039
5040
5041
5042
5043
5044
5045
5046
5047
5048
5049
5050
5051
5052
5053
5054
5055
5056
5057
5058
5059
5060
5061
5062
5063
5064
5065
5066
5067
5068
5069
5070
5071
5072
5073
5074
5075
5076
5077
5078
5079
5080
5081
5082
5083
5084
5085
5086
5087
5088
5089
5090
5091
5092
5093
5094
5095
5096
5097
5098
5099
5100
5101
5102
5103
5104
5105
5106
5107
5108
5109
5110
5111
5112
5113
5114
5115
5116
5117
5118
5119
5120
5121
5122
5123
5124
5125
5126
5127
5128
5129
5130
5131
5132
5133
5134
5135
5136
5137
5138
5139
5140
5141
5142
5143
5144
5145
5146
5147
5148
5149
5150
5151
5153
5519
1579
5158
1371
1580
5521
4592
1374
4615
5163
5421
5165
5565
5168
5167
5527
5169
5170
5171
5172
5173
5174
5175
5176
5177
5178
4968
1520
1521
1506
4927
4950
4856
1489
1510
4916
4981
1531
5191
5192
5193
5194
5195
5196
5197
5198
5199
1586
5228
5203
5226
5202
1463
4748
4798
5206
232
5243
5880
295
5215
5213
5229
5216
5217
5218
5219
5220
5221
5222
5223
5224
5225
1427
1427
5228
5230
5247
1593
5232
5233
5234
5235
5236
4762
1451
1452
4762
1602
4713
1602
5245
5264
1598
4763
5248
5249
5250
5251
5252
2374
2374
2377
2374
2376
2374
2374
4755
1447
2370
2377
1428
5322
1411
4677
5214
5268
5267
1604
1589
1462
5274
5275
5276
5277
5278
5279
5280
5281
5282
5283
5284
5285
5286
5287
5288
5289
5290
5291
5292
5293
5294
5295
5296
5297
5298
5299
5300
5301
5303
5597
5304
1352
5306
5307
5308
5309
5310
5311
5312
5313
5314
5315
5316
5317
681
5351
4709
4658
5321
1403
1429
5325
5326
5327
5328
5329
5332
1621
5559
4600
5333
1380
5338
1624
5551
1625
5336
5343
1626
6126
5601
5346
5346
5347
5345
5349
5350
4706
4708
1423
5348
5355
5356
5357
5358
5359
5360
5361
5362
5363
5364
5365
5366
5367
5368
5369
5370
5371
5372
5373
5374
4691
4693
4693
4693
5375
5380
5381
5382
5383
5387
5384
1418
5388
5390
5390
5457
5391
5392
5393
4564
5394
5397
5400
1637
5396
4626
4624
1332
4508
1339
5402
1333
5408
5557
1623
5410
5411
5412
5413
5415
6129
5414
5419
5417
5419
1641
5340
5422
5423
5424
5425
5426
5427
5428
5431
5430
5719
5434
1644
5451
1645
2186
5436
524
5376
1422
1633
4692
4692
5442
5378
4543
5447
5448
5449
5450
5451
5452
5453
5454
5437
1646
1336
5458
1336
4482
5461
5462
5463
5464
5465
5444
5466
1647
1422
5443
5470
5471
5473
1327
5475
2564
2564
5478
4646
4832
1328
4687
5483
5484
4502
5486
5487
5488
5489
5490
5491
5492
5493
5494
5495
5496
5497
5462
5499
1324
5501
2224
2224
1651
5472
682
4492
5508
5509
5510
1655
5516
195
266
4796
4837
1481
5518
2554
688
5521
5522
5523
4587
4586
4625
5527
2397
5530
5532
2195
5533
5534
4792
4635
1392
5535
5416
5538
2244
2245
695
2238
552
2578
1523
5545
5537
1657
5548
5539
1622
1484
1658
5547
1659
5550
1365
5560
6125
5395
5561
5563
5564
5566
5567
5568
5570
1638
5401
1388
4625
689
689
5399
5576
5577
5578
5579
5580
5581
5582
5583
5584
5586
5586
1665
1664
5589
5590
5591
5592
5593
5594
5595
5595
5596
5593
1649
5598
1648
5601
5598
5606
6115
1285
1669
5608
5609
5610
5611
5612
5613
5614
5615
5616
5617
5618
5619
5620
5621
5622
5623
5624
5625
5626
5627
5628
5629
5630
5631
1274
5633
5634
5635
5636
5637
5638
5639
5640
5641
5642
5643
5644
5645
5646
5647
5648
5649
5650
5651
5652
5653
5654
5655
5656
5657
5658
5659
5660
5661
5662
5663
5664
5665
5666
5667
5668
5669
5670
5671
5672
5673
5674
5675
5676
5677
5678
5679
5680
5681
5682
5683
5684
5685
5686
5687
5688
5689
5690
5691
5692
5693
5694
5695
5696
5697
5698
5699
5700
5701
5702
5711
5704
5705
5706
5707
5708
5709
5599
4548
5599
1668
5710
1668
5712
5717
5718
5718
2250
4885
4845
4843
4902
4569
4901
4904
5726
4974
5729
1528
5732
5733
5734
5735
5736
5737
5738
5739
5740
5741
5742
5743
5744
5745
5723
1686
5728
1687
5730
1689
5752
5753
5754
5755
5756
5757
5758
5759
5760
5761
5762
5763
5764
5765
5766
5767
5768
5769
5770
5771
5772
5773
5774
5775
5776
5777
5778
5779
5780
5781
5782
5783
5784
5785
5786
5787
5788
5789
5790
5791
5792
5793
5794
5795
5796
5797
5798
5799
5800
5801
5802
5803
5804
5805
5806
5807
5808
5809
5810
5811
5812
5813
5814
5815
5816
5817
5818
5819
5820
5821
5822
5823
5824
5825
5826
5827
5828
5829
5830
5831
5832
5833
5834
5835
5836
5837
5838
5839
5840
5841
5842
5843
5844
5845
5846
5847
5848
5849
5850
5851
5852
5853
5854
5855
5856
5857
5858
5859
5860
5861
5862
5863
5864
5865
5866
5867
5868
5869
5870
5871
5872
5873
5874
5875
5876
5877
5878
5879
1600
2373
5882
5883
5884
5885
5886
5887
5888
5889
5890
5891
5892
5893
5894
5895
5896
5897
5898
5899
5900
5901
5902
5903
5904
5905
5906
5907
5908
5909
5910
5911
5912
5913
5914
5915
5916
5917
5918
5919
5920
5921
5922
5923
5924
5925
5926
5927
5928
5929
5930
5931
5932
5933
5934
5935
5936
5937
5938
5939
5940
5941
5942
5943
5944
5945
5946
5947
5948
5949
5950
5951
5952
5953
5954
5955
5956
5957
5958
5959
5960
5961
5962
5963
5964
5965
5966
5967
5968
5969
5970
5971
5972
5973
5974
5975
5976
5977
5978
5979
5980
5981
5982
5983
5984
5985
5986
5987
5988
5989
5990
5991
5992
5993
5994
5995
5996
5997
5998
5999
6000
6001
6002
6003
6004
6005
6006
6007
6008
6009
6010
6011
6012
6013
6014
6015
6016
6017
6018
6019
5237
6021
6022
6023
6024
6025
6026
6027
6028
6029
6030
6031
6032
6033
6034
6035
6036
6037
6038
6039
6040
6041
6042
6043
6044
6045
6046
6047
6048
6049
6050
6051
6052
6053
6054
6055
6056
6057
6058
6059
6060
6061
6062
6063
6064
6065
6066
6067
6068
6069
6070
6071
6072
6073
6074
6075
6076
6077
6078
6079
6080
6081
6082
6083
6084
6085
6086
6087
6088
6089
6090
6091
6092
6093
6094
6095
6096
6097
6098
6099
6100
6101
6102
6103
6104
6105
6106
6107
6108
6109
6110
6111
6112
6113
6114
6115
6117
2254
1397
6120
6121
4938
1378
5714
5714
5334
5448
5405
1639
5418
6130
4744
6132
6133
6134
6135
1465
6137
680
4576
4709
5525
6142
6143
6144
6145
6146
2535
5344
5721
5602
1515
6152
6153
6154
6155
6156
6157
6158
6159
2766
5603
6162
6163
6164
6165
6166
6167
6168
6169
6170
6171
6172
6173
6174
6175
6176
6177
6178
6179
6180
6181
1533
2171
984
1524
6186
6187
6188
6189
6190
6207
1530
6193
6194
6195
6196
6238
6198
6199
6200
6201
6202
6203
6238
6205
4975
6207
988
6254
6254
6212
6212
6213
6214
6215
6216
6217
6218
6219
6220
6221
6222
6223
6224
6225
6226
6227
6228
6229
6230
6231
6251
6233
6234
6235
6236
6237
6238
6239
6240
6241
6242
6194
6244
6245
6246
6247
6248
6249
6250
6251
6252
6253
6254
6255
6210
6257
6258
6259
6260
6261
6262
6263
6264
6265
6266
6267
6268
6269
6270
6271
6272
6273
6274
6275
6276
6277
6278
6279
6280
6281
6282
6283
6284
6285
6286
6287
6288
6289
6271
6269
