67
1
2
3
1972
5
2150
2955
114
9
59
63
12
13
14
15
79
82
73
19
20
85
93
23
24
25
26
104
3591
898
924
31
122
125
34
35
36
37
38
39
40
3005
3012
43
44
45
46
44
48
49
50
51
52
53
54
16
56
60
57
17
81
64
61
18
83
68
65
67
73
71
70
71
72
74
131
73
76
77
70
79
78
79
82
75
47
0
86
87
1979
89
90
91
92
23
94
95
96
97
98
99
100
101
102
351
5
351
899
103
2956
3591
898
2955
3021
1957
30
112
2916
3496
895
119
2920
2917
10
2927
2924
894
3445
126
128
129
130
131
132
133
134
135
136
137
138
139
140
1968
142
143
1968
145
146
147
1812
149
150
151
152
153
154
115
115
157
158
159
160
138
162
156
164
165
166
167
38
151
3013
532
172
173
174
175
320
539
1446
4715
229
233
236
303
300
222
242
251
245
237
301
191
4738
193
194
195
196
1472
340
4820
6140
5261
4718
232
1434
205
330
207
208
329
210
336
219
4811
213
2196
4734
217
218
221
221
1471
184
222
251
249
252
187
253
253
254
188
189
244
237
234
238
183
332
238
248
247
248
248
183
246
303
184
300
190
243
190
190
246
244
4734
256
4736
4733
259
260
261
262
263
264
265
266
267
268
2559
270
271
272
273
539
2210
4756
539
320
4820
4755
4755
4820
4714
4714
4711
1601
4712
1445
4716
1602
4717
232
1432
234
239
182
4731
5212
300
300
205
303
303
225
1445
306
307
308
309
310
311
2221
2221
2224
315
316
317
318
321
1467
328
206
220
4811
325
4715
4715
185
223
241
331
307
333
335
330
243
212
324
324
337
214
342
343
344
1786
346
3731
348
1796
1794
109
85
353
20
355
3710
357
1803
359
1807
3036
2149
1819
3034
3030
427
1975
25
4378
4378
379
1846
2018
4378
1845
4378
4378
4378
2851
846
4372
3069
3173
379
104
26
424
2081
1867
1888
1870
4196
2059
4199
395
396
1876
2120
1880
1925
3355
402
403
1904
4198
3257
3255
3304
407
1917
1874
2100
413
414
415
416
417
418
1878
420
1963
3494
3917
1964
3899
3011
2977
428
3091
3151
4368
3887
1994
3902
3921
436
437
438
439
3173
4378
3173
4378
3142
3172
2742
447
448
449
450
451
452
453
454
2031
456
3227
2068
3335
1912
461
462
4215
4231
2071
2073
4232
2077
2079
2082
2078
472
473
2095
3281
4237
477
2106
3250
4250
1907
2123
483
2114
485
486
391
2043
2045
3342
3343
2121
3253
3340
495
2831
497
2131
2783
2823
2907
2908
3712
2140
2138
506
507
508
509
510
3636
3635
511
514
515
4377
4378
4497
2177
4499
521
522
523
524
2190
2192
178
2555
4738
191
4735
4733
533
534
2395
2201
2202
4987
539
2212
4831
4832
5513
1656
196
5544
2248
4889
1397
4870
5544
2253
5544
5544
2248
1393
4932
4868
1492
4957
4957
340
5676
2492
605
591
2266
2311
2498
5949
2470
572
573
2277
2275
2526
5082
2281
2290
2302
6155
5117
2520
2306
2310
5046
5049
5092
2332
5047
5126
2338
593
594
595
596
2360
598
599
600
2368
5256
5673
5655
2381
606
4941
4942
6114
2404
5643
5657
5677
614
615
616
617
4931
4934
2398
2248
4933
4958
2433
625
626
627
628
629
630
631
632
2444
634
5019
2480
5120
2320
639
2472
2409
5015
5983
5969
2483
2485
569
5985
2494
2495
2491
2272
5029
654
655
5991
5072
658
2513
2517
6004
662
2315
2293
665
2317
2454
2458
5127
2328
5045
2528
2280
674
4632
676
2538
678
679
4709
2376
682
2547
2545
2554
686
2548
688
689
689
5396
692
693
4960
2248
696
697
2588
4808
3329
2591
2664
3873
2595
705
706
707
708
709
710
711
712
713
714
715
716
2619
3565
3855
3868
721
722
723
724
725
726
727
728
2638
730
731
3977
733
734
735
736
737
738
739
740
741
742
743
744
745
2731
3727
2668
2673
2689
2688
2675
753
754
2682
2684
3686
758
759
760
761
762
763
2714
2699
2701
3641
3667
769
2709
771
3656
3698
774
775
776
777
778
779
780
781
782
783
784
3649
3661
2737
788
789
2743
2745
792
793
794
795
4556
797
798
799
2761
801
4377
2771
3769
805
806
2774
808
809
810
811
812
813
814
815
816
2795
2791
3742
3704
2844
381
2804
2802
2817
3385
827
830
3638
3639
2815
3816
2830
834
3387
823
3780
3654
2839
841
3740
3741
3072
1846
2160
2849
2853
3749
849
850
851
852
853
854
855
856
3472
3461
3502
2877
3438
3506
863
864
865
3624
867
2889
2891
870
871
2896
2901
2871
2902
2906
3560
1077
1076
32
31
2949
883
884
885
1982
887
910
3757
3004
3590
421
2951
63
9
2913
1958
898
3591
2959
901
2965
2969
904
2973
2979
2977
908
909
2998
3444
912
913
151
2981
2983
916
2986
2988
919
93
24
23
924
925
926
927
928
3032
3035
931
3044
3091
379
935
3124
937
938
3056
3075
3076
3078
3071
3062
3413
3181
4378
3094
3170
3143
4374
3147
957
4373
3413
3114
3117
3101
3173
1060
3099
3149
3148
840
847
3123
1062
3413
3414
3096
2837
3145
3096
3096
3180
3138
846
3099
3127
3412
981
6236
375
2176
985
3182
2791
819
989
3168
964
2792
993
994
995
996
4200
2057
999
1000
1001
3263
3216
1004
1005
1006
1007
1008
2592
2161
3233
2080
2085
2110
3293
1865
3606
3918
6156
2045
1021
1022
1023
1024
1025
1255
2103
3279
1029
1030
1031
1032
3326
1034
1035
1036
1037
1038
1039
1040
1041
1042
1043
3434
1045
1046
1047
1048
1049
3391
1051
1052
1053
1054
1055
1056
1057
1058
1059
1060
1061
3414
1063
1064
1065
3431
3435
125
1069
1070
1071
1072
59
1074
1075
3475
3476
122
3482
1080
1956
422
31
3501
3507
3512
1087
1088
1089
1090
1091
1092
1093
1094
1095
3543
1097
1098
1099
3840
3576
4379
3648
1104
1105
1164
1840
3601
3879
3619
1111
3878
3615
3865
3875
1116
1117
3814
1119
3688
4380
1124
4384
3673
1125
1126
3682
1129
817
3702
3708
1132
3736
3732
1135
1136
1166
3798
1139
1140
1141
1142
1143
1144
1145
1146
2793
1148
3854
1150
1151
3905
1153
1154
1155
3920
1157
1158
1159
1160
1161
3944
1163
2850
3094
3142
1167
2840
1169
1170
1171
1172
1173
1174
1175
1176
1177
1178
1179
1180
1181
1182
1183
1184
1185
1186
1187
1188
1189
1190
1191
1192
1193
1194
1195
1196
1197
1198
1199
1200
1201
1202
1203
1204
1205
1206
1207
1208
1209
1210
1211
1212
1213
1214
1215
1216
1217
1218
1219
1220
1221
1222
1223
1224
1225
1226
1227
1228
1229
1230
1231
1232
1233
1234
1235
1236
1237
1238
1239
1240
1241
1242
1243
1244
1245
1246
1247
1248
1249
1250
1251
1252
1253
1254
4202
1256
1257
1258
1259
1260
1261
1262
1263
2096
1265
4245
1267
1268
1269
1270
1271
1272
1273
4473
4406
5629
1277
1278
1279
1280
1281
1282
1283
1284
1285
1286
1287
1288
4430
5624
5611
5326
1293
1294
1295
1296
1297
1298
1299
1300
4446
5734
1303
4448
1305
1306
1307
1308
1309
5363
1311
1312
1313
1314
5486
4537
4477
5446
4481
4494
4541
4486
5497
4493
4542
1326
1327
1328
1329
1330
1331
1332
1333
1334
1335
1336
1337
1338
5404
4523
1341
1342
1343
1344
1345
1346
1347
5410
5422
5431
5432
4548
1353
5703
4552
1356
1357
1358
1359
1360
1361
4960
4574
1364
4576
1366
1367
5519
4619
1370
1371
1372
1373
1374
1376
5463
5501
1377
5335
1622
4614
5407
1383
4612
5400
691
4617
1388
1382
4629
1392
5536
4638
5498
5500
4652
4859
1397
4646
4637
4674
1402
1403
1404
1405
1406
1407
1408
5224
5236
5266
5270
5202
4676
1415
1416
1417
1418
5482
1420
1421
1422
4707
1424
684
4701
4671
683
5323
291
231
232
1593
5206
1463
4744
1462
2391
1441
2203
4802
5352
4749
236
226
4711
4820
6140
4755
4760
4762
4763
1453
1454
1455
4776
1480
4795
4836
5534
1440
5207
1588
4791
1465
1466
2209
4775
1469
1458
4806
1472
193
195
194
5261
4823
4825
4827
4833
5516
4842
4895
4957
4849
1390
4862
4873
5187
4861
4915
4865
6151
5182
5544
4890
1500
1499
4910
1504
4900
5182
6151
4909
4934
5180
4911
4913
5330
5182
4966
1508
4937
4966
4965
1517
4967
4932
4919
5180
5181
6255
1659
4600
1526
4980
1377
4651
4913
6192
5190
4914
6206
1534
1535
1536
1537
1538
1539
1540
5055
5004
5692
5006
1545
1546
1547
5957
5013
5027
2493
5031
1553
1630
1629
6157
2321
1558
1559
1560
1561
1562
5070
5991
5119
1566
1567
1568
2298
5950
1571
1572
1573
1574
1575
1576
1577
1578
1579
1580
1581
1582
1583
1584
5197
5201
1434
5215
1589
1590
1591
233
5230
1594
5237
1593
232
1425
1599
179
179
4718
5264
5532
5275
1606
1607
1608
1609
1610
1611
1612
1613
1614
5303
1616
1617
1618
2378
5595
5340
5552
5408
5550
5339
5333
4642
5365
5635
5380
1631
5633
1633
5621
5631
1636
1637
1638
5405
5447
5417
5592
6130
5718
5434
1646
1647
6182
6206
5460
1651
1652
5495
5491
5508
2393
5549
4929
1525
1660
1661
1662
1663
1664
1665
1666
1667
1400
1669
5609
1671
1672
5661
1674
5637
1676
1275
1678
1679
1680
1681
1682
1683
1684
4959
4895
4958
1688
4637
1690
1691
1692
1693
1694
1695
1696
1697
1698
1699
1700
1701
1702
1703
1704
1705
1706
1707
1708
1709
1710
1711
1712
1713
1714
1715
1716
1717
1718
1719
1720
1721
1722
1723
1724
1725
1726
1727
1728
1729
1730
1731
1732
1733
1734
1735
1736
1737
1738
1739
1740
1741
1742
1743
1744
1745
1746
1747
1748
1749
1750
1751
1752
1753
1754
1755
1756
1757
1758
1759
1760
1761
1762
1763
1764
1765
1766
1767
5954
1769
1770
1771
1772
1773
1774
1775
1776
5989
1778
6000
1780
1781
1782
1783
1784
1787
1786
3729
1785
1789
1789
1791
1795
1792
1054
1795
928
1801
1798
86
355
1801
1802
1803
1802
1805
1810
361
1806
358
3201
103
103
151
105
108
1818
1816
3033
365
1824
366
23
367
1973
4378
4378
4378
4378
1846
1846
4378
1845
1849
4378
4378
4378
4378
4378
4378
1846
4377
4378
4377
4377
3172
2851
3173
3172
2851
942
4371
4370
3064
3073
4378
4378
4378
379
4195
4197
2081
4195
1866
1863
494
4234
468
3239
3238
1860
1013
1876
1872
1875
460
2045
398
3299
1877
4264
1881
1882
1883
1884
1887
397
1923
1016
1889
1890
1890
419
1893
1894
1895
1014
1894
1898
1899
2094
1901
1864
1902
389
1906
2117
1907
1905
3257
4196
405
3257
3257
3255
1018
3304
3258
1922
1921
3258
3258
3258
1924
3339
491
488
1926
1929
490
1931
3245
1930
412
1934
1935
1936
1937
1938
1939
1940
2115
1942
1943
1944
1945
1949
1949
3476
3473
1076
1951
1952
1953
1962
1962
422
1955
421
1960
3562
1084
1959
502
3900
1967
425
3900
144
3743
917
142
426
2997
907
888
2996
1978
2942
89
1983
1980
890
3003
3757
1985
1986
1987
3094
445
3094
3091
432
3890
3889
1993
1996
3921
1996
1999
2000
2001
2002
2003
2004
2005
2006
2007
2008
2009
4378
4378
4378
3173
4378
4378
3142
3142
3142
2021
446
3668
2022
2023
2024
2025
2026
2027
2028
2029
2030
2031
2030
4229
2034
394
3336
2037
2038
4200
406
1913
1911
2046
3337
1910
1912
392
2048
2049
2050
2051
2052
2053
2054
2055
2059
2056
2059
4218
2060
2061
2062
2063
2064
2067
2065
4230
466
2070
4217
464
2069
463
467
4216
467
4233
1965
1965
2079
424
387
2086
2082
387
2078
473
2087
3279
2087
2088
2092
2093
2094
455
453
2097
2099
2099
3282
2105
2105
478
2101
2087
1028
2107
2108
2109
2110
4254
2111
3291
482
2112
484
1889
390
3254
2121
3254
3343
1877
1880
2125
2126
2127
2128
2129
2128
496
2133
4401
498
2133
2139
2136
851
4391
857
2141
2142
2143
2144
2145
2146
2147
2148
2956
2956
3591
1958
2156
920
97
2991
3636
3636
2158
511
2162
6158
1033
2162
2165
2166
2167
2168
2793
818
6208
2793
3959
2015
1837
3958
2180
518
2177
4498
2181
2181
2183
2184
2185
2186
2187
2191
2188
1477
5274
1582
4734
4736
4735
4734
4733
534
534
2199
534
536
2204
4987
2200
2205
319
2208
2209
319
2556
2214
2214
4831
542
2385
266
2385
5513
1656
331
268
315
210
5502
2248
2248
2248
2248
4869
2400
2400
4870
4869
5544
5544
5544
5544
1397
2248
5544
556
556
556
2248
4933
1512
1512
1513
4932
2255
558
6117
1492
4865
2400
4957
2398
2400
1677
1677
2492
5947
5987
2264
2488
5986
6016
5030
5030
5030
5029
2459
2273
2458
2459
2454
6017
6017
6017
5086
2285
2283
2284
2352
2289
2286
574
2337
592
2292
6163
2530
2291
2295
2299
2299
581
6159
2302
2300
5031
2302
2307
2305
2306
5988
2265
2308
567
566
2313
2316
2313
666
2318
568
6171
5048
1555
5048
5949
5049
1555
5049
5092
5092
5092
5047
5047
1554
1554
5124
2335
2460
670
2455
5044
2528
2455
2455
2342
2343
2344
2345
2346
2347
2348
2349
2350
2352
2522
597
2354
2355
2356
2357
2294
2359
664
203
181
1593
203
291
2179
2366
2368
2373
602
2370
284
5258
2375
4764
5265
2374
1451
5656
5656
604
2380
4795
4796
4795
1461
4742
4741
262
4801
4802
2394
5515
537
2397
2397
2397
1500
4940
607
4844
611
2405
5645
5644
2408
5658
2408
2409
2406
2412
5670
2413
2414
2415
2416
2417
2418
2419
2400
4934
2400
2400
2248
2248
2248
2398
2248
1513
4958
1513
2366
519
2432
2435
2436
2437
2438
2439
2440
2441
2442
2446
2444
5017
5981
636
1570
5950
5951
2451
2449
2325
2324
587
586
2320
563
5046
2322
2461
2462
2463
2464
2465
2466
2467
2468
2470
641
2470
2469
2475
642
5013
2475
2477
2481
2478
645
5982
2486
644
2482
643
5968
5984
2270
647
5969
2382
2381
2494
2382
565
2497
2492
5946
2495
655
655
2452
2503
2503
2505
2506
2509
5073
2509
2509
2501
2511
660
2500
2500
654
1563
1552
5031
2518
2522
6008
5081
5081
5044
5045
5127
589
5082
5080
2278
2532
2533
2534
2535
2536
2537
2538
2539
2540
2541
2542
2546
2546
1410
6137
1401
2549
2552
2550
685
2552
2553
688
4820
4819
6140
2371
2385
270
2384
5513
689
689
2566
5399
2567
2568
2569
2570
4650
4650
1377
1400
4642
4642
1380
1496
2580
2580
2581
2582
2583
2582
2584
697
2587
2588
2587
700
700
2590
2594
3233
703
2667
3874
2597
2596
2600
2601
2602
2603
2604
2605
2606
2607
2608
2609
2610
2611
2612
2613
2614
2615
2616
2617
2618
719
2621
3568
3856
2622
2624
2625
2626
2627
2628
2629
2630
2631
2632
2633
2637
2635
2636
3976
732
2639
2640
2641
2642
2643
2644
2645
2646
2647
2648
2649
2650
2651
2652
2653
2654
2655
2656
2657
2658
2659
2660
2661
2662
2663
747
2666
2733
3728
720
3870
2669
2623
2674
750
2686
751
2672
2678
3738
2679
2677
2685
749
2681
757
3685
2687
2687
2687
758
2690
2691
2692
2693
2694
2695
2696
2697
2702
764
2698
767
2712
2703
2704
2705
2706
3665
1788
347
2710
345
772
3658
2713
3643
2716
2717
2718
2719
2720
2721
2722
2723
2724
2725
2726
2727
2728
2729
2730
786
3652
3662
2732
2738
2735
788
2738
2739
2740
2745
789
446
2745
2745
2746
2747
2748
2749
2750
796
729
4556
729
2755
2756
2757
2758
2759
2130
2129
2760
498
4377
4378
4377
4377
2770
2769
2770
804
2773
2773
806
2772
2776
2777
2778
2779
2780
2781
2785
812
2782
2785
2786
814
2788
2789
2790
820
2795
2794
820
820
2841
2844
3787
2842
2803
2800
825
3384
826
2805
2806
2807
2824
2822
3638
2823
2811
2816
2813
2815
2818
811
2818
2819
3635
2158
3638
2825
3640
3767
2829
2827
835
3386
836
837
2832
3781
2833
2835
3739
2839
841
3739
3741
2016
2016
1846
843
2158
2159
2160
842
3741
2849
842
2854
848
3748
2852
2856
2856
2858
2859
2860
2861
2862
2863
2864
2865
2866
2867
2868
2870
3471
858
2869
2873
2874
2875
2876
862
2881
2880
3439
3505
2882
2883
2884
2885
2886
2887
2888
2889
2887
866
2892
2893
2894
2895
2896
2897
2898
2899
2872
504
874
2900
2137
2904
505
2911
877
2907
871
2911
2912
1081
3495
118
8
58
1946
59
57
1946
1950
1948
61
2925
2926
61
2925
2929
2947
2931
2932
2933
2934
2935
2936
2937
2938
2939
886
2941
2942
2943
2944
2945
2946
2948
4267
911
891
3592
3590
2950
2956
898
3591
2151
861
875
3440
2961
2964
2963
3500
1079
2970
356
2968
503
3711
2974
2971
932
3747
2978
2975
2978
2978
363
2980
2981
2982
903
2985
2985
905
2984
906
2975
2977
907
2992
2993
2994
2995
3037
2996
3037
3000
3000
3001
360
1807
3004
2982
916
3005
2987
3008
919
918
3007
151
3012
103
351
2154
101
2990
1957
1954
3021
3023
3024
3025
3026
3027
3031
3028
762
3722
869
3033
3034
1817
364
3035
3038
3039
3040
3042
3043
3029
929
1849
1849
379
3094
4378
4378
3051
936
3053
3054
3055
3074
3057
940
3076
3074
946
941
3152
3079
3067
3065
3122
943
3066
966
966
1988
429
3415
945
3415
4405
973
951
4378
4378
4378
1846
1849
1849
3094
1849
3142
3141
3141
3171
3171
4375
972
3102
957
4374
3415
3102
3101
3114
3117
3101
3101
4378
4378
4377
3173
3125
3412
3099
3127
6235
3116
3116
3149
963
2852
840
3118
2853
3123
3569
834
3100
3100
3413
3413
3413
3413
3414
3415
3096
980
3413
3412
3414
3093
951
3093
3169
2840
971
3146
964
840
3148
964
3120
3120
951
3096
951
4378
4378
4378
4378
4378
4378
4378
3173
3095
3095
3096
3095
980
3096
2838
2836
3144
3145
842
2848
3097
3095
3133
4403
3179
3179
981
3179
975
3183
3184
3176
2793
2791
2850
3114
963
3120
3114
3193
3194
3195
3145
3168
3145
3956
2169
3202
3720
3203
3204
3205
3206
3207
3208
3209
3210
3211
3212
3264
3214
3215
1004
3217
3218
3219
3220
3221
1003
3223
3224
3225
3226
1009
2164
465
4204
2032
3241
3235
471
2080
469
1860
4195
4195
3241
404
3242
3243
3244
3245
3246
3249
3248
4251
480
410
3253
1919
1918
1018
3607
3919
3256
2046
2045
2041
3264
3263
3264
3265
3266
3267
3268
3269
3270
3271
3272
3273
3274
3275
3276
3277
3278
2037
3252
4203
4237
3283
4203
3285
3286
3287
3288
3290
4264
3289
2098
3281
3294
3295
3296
1928
1928
2120
3303
3301
3302
1908
1017
3306
3608
3307
3308
3309
3310
3311
3312
3313
3314
3315
3316
3317
3319
3324
3320
3321
3322
1903
3325
1004
701
3236
3236
469
2078
2078
2078
1908
481
1919
3305
3255
3255
392
1868
2045
409
2040
3344
3345
3346
3347
3348
3349
1875
1019
3352
3353
1928
400
3354
3302
3358
3359
3360
3361
3362
3363
3364
3365
3366
3367
3368
3371
1044
3534
3372
3373
3374
3375
3376
3377
3378
3379
3380
3383
1050
3389
2780
810
2801
824
823
3389
3390
3391
3392
3393
3394
3395
3396
3397
3398
3399
3400
3401
3402
3403
3404
3405
3406
3407
3408
3409
3410
3411
3412
3413
3414
3412
3413
3417
3418
3419
3416
1062
3422
3423
3424
3425
3426
3427
3428
3429
3430
3399
3431
3431
1055
3432
1794
3432
350
1793
3436
3441
3442
3443
1069
2934
894
126
3448
3449
3450
3451
3452
3453
3454
3455
3456
3457
3458
3433
3433
3461
1067
3437
1066
3465
3466
3467
3468
3469
3470
3471
3472
3474
3474
1074
902
61
2924
59
2903
3480
873
3481
3484
3485
3486
3487
3488
3493
1956
3493
2963
3492
901
3492
2916
2913
895
3496
2905
876
1085
3503
3503
3507
1793
349
3508
3509
3510
3511
431
2670
1995
3515
3516
3517
3518
3519
3520
3521
3522
3523
3524
3525
3526
3527
3528
3529
3530
3531
3532
3533
3533
3535
3536
3537
3538
3539
3541
3954
3540
790
3544
3545
3546
3547
3548
3549
3550
3551
3552
3553
3554
3555
1962
3021
1957
2857
849
3559
3561
3563
5325
1096
3567
3841
3542
3571
1101
3660
381
3574
1851
3579
1103
3575
3578
3579
2843
3960
3958
2798
3584
3585
3586
3587
3588
3589
2909
3590
2909
3593
3594
3595
3596
3597
3598
3599
3602
3602
3513
3603
3600
3605
1109
3880
3609
3621
3612
3611
3877
3613
2895
2910
872
501
3617
1115
3866
3876
3620
2762
800
3625
3626
3629
3628
3645
3630
3631
3804
2134
2812
1117
1117
3814
3637
1118
3815
1119
3642
3643
3642
497
2814
3646
831
1120
3651
3689
1122
3573
3573
822
1107
3582
3657
2797
3647
1122
3664
3836
3839
3666
773
1123
3668
3669
3670
3674
3671
1125
3674
3675
3676
3677
3678
3709
3680
3676
1126
3681
3684
2736
787
1128
3692
3690
3838
3694
3691
817
3961
3695
3696
3697
1121
2700
2676
3700
752
2680
754
3703
3697
3706
868
3683
1127
3707
1131
3713
3714
3715
3719
3716
3718
3817
3720
3721
3625
3723
3724
3725
3726
1100
3566
3730
3736
1133
785
3734
3650
2734
1123
3733
3738
3701
755
1130
3705
3744
4390
2890
3745
3746
2683
756
3750
3751
3752
3753
3754
2996
1984
361
3758
3759
3760
3761
3762
3763
3764
3765
3766
2784
3767
807
3770
3771
3026
3772
1981
3773
3776
3777
3778
3779
3780
1102
3795
1846
3971
379
2016
1990
934
3796
3789
3791
3792
3793
3794
3803
1166
3140
976
3185
3800
3801
3570
3070
828
845
3806
3807
3808
3809
3810
3811
3812
3813
3814
803
2771
3818
3818
3819
3820
3821
3822
3823
3824
3825
3826
3827
3828
3829
3830
3831
3832
3833
3834
3835
3692
1124
1129
3672
791
2744
2792
3845
818
2792
4377
4376
3848
3849
3850
3851
3852
3853
3854
794
3854
3857
3858
3859
3860
3861
3862
3863
3864
1134
3735
3737
1149
1149
3869
3871
3872
718
2620
746
2665
1133
3867
702
2599
3881
3882
3883
3884
3885
3886
3887
3888
3889
3888
3891
3892
3901
3894
3895
3896
3897
3898
717
2671
1114
3622
3903
3904
3905
3906
3907
3908
3909
3910
3911
3912
3913
3914
3915
3916
748
704
3918
2598
1110
3922
3923
3924
3925
3926
3927
423
3928
3930
3931
3932
3933
3934
3935
3935
3937
3938
3939
3940
3941
3942
3943
3944
3945
3946
3947
3948
3949
3950
3951
2791
2793
2020
2793
819
4376
4377
4378
846
3962
3962
3963
3143
3170
1849
379
379
3094
379
3975
3170
1168
2849
3172
3976
1162
3978
3979
3980
3981
3982
3983
2638
732
3986
3987
3988
3989
951
951
951
3171
971
839
3996
3997
3998
3999
4000
4001
4002
4003
4004
4005
4006
4007
4008
4009
4010
4011
4012
4013
4014
4015
4016
4017
4018
4019
4020
4021
4022
4023
4024
4025
4026
4027
4028
4029
4030
4031
4032
4033
4034
4035
4036
4037
4038
4039
4040
4041
4042
4043
4044
4045
4046
4047
4048
4049
4050
4051
4052
4053
4054
4055
4056
4057
4058
4059
4060
4061
4062
4063
4064
4065
4066
4067
4068
4069
4070
4071
4072
4073
4074
4075
4076
4077
4078
4079
4080
4081
4082
4083
4084
4085
4086
4087
4088
4089
4090
4091
4092
4093
4094
4095
4096
4097
4098
4099
4100
4101
4102
4103
4104
4105
4106
4107
4108
4109
4110
4111
4112
4113
4114
4115
4116
4117
4118
4119
4120
4121
4122
4123
4124
4125
4126
4127
4128
58
2917
4131
4132
4133
4134
4135
4136
4137
4138
4139
4140
4141
4142
4143
4144
4145
4146
4147
4148
4149
4150
4151
4152
4153
4154
4155
4156
4157
4158
4159
4160
4161
4162
4163
4164
4165
4166
4167
4168
4169
4170
4171
4172
4173
4174
4175
4176
4177
4178
4179
4180
4181
4182
4183
4184
4185
4186
4187
4188
4189
4190
4191
4192
4193
4194
4197
3920
4389
3918
435
1998
4201
4202
4201
4205
3234
4206
4207
4208
4206
4210
4211
4212
4213
4214
470
2084
2083
4200
4219
4220
4221
4222
4223
4224
4225
4226
4227
4228
2072
2076
471
2085
1013
1871
4233
4203
1255
4238
4239
4240
4241
4242
4243
4209
1258
4244
4247
4247
4249
1266
4244
4252
4253
3291
4255
4256
4257
4258
4259
4260
4261
2047
3340
493
2040
4234
3466
4268
4269
4270
4271
4272
4273
4274
4275
4276
4277
4278
4279
4280
4281
4282
4283
4284
4285
4286
4287
4288
4289
4290
4291
4292
4293
4294
4295
4296
4297
4298
4299
4300
4301
4302
4303
4304
4305
4306
4307
4308
4309
4310
4311
4312
4313
4314
4315
4316
4317
4318
4319
4320
4321
4322
4323
4324
4325
4326
4327
4328
4329
4330
4331
4332
4333
4334
4335
4336
4337
4338
4339
4340
4341
4342
4343
4344
4345
4346
4347
4348
4349
4350
4351
4352
4353
4354
4355
4356
4357
4358
4359
4360
4361
4362
4363
4364
4365
4366
4367
1152
4369
939
3063
1991
3117
963
963
819
819
2850
382
3842
4381
3654
822
773
4385
4386
4387
4388
425
2972
4391
1963
4393
1955
4395
4396
4397
4398
4399
4400
4401
4378
952
4378
980
1276
4410
4409
5630
4474
4411
4412
4413
4414
4415
4416
4417
4418
4419
4420
4421
4422
4423
4424
4425
4426
4427
4428
4429
1291
4432
5612
5327
4433
4435
4436
4437
4438
4439
4440
4441
4442
4443
4444
4447
1302
5732
1303
4445
4450
4451
4452
4453
4454
4455
4456
4457
4458
4459
4460
4461
4462
4463
4464
4465
4466
4467
4468
4469
4470
4471
1304
1315
5487
4539
4475
1290
4431
4480
5625
1321
4485
4484
4495
4543
1320
4483
4489
4496
4491
5446
4490
1318
1325
4542
4497
1325
4500
1326
4544
4501
4502
4503
4504
4505
4506
4507
4508
4509
4510
4511
4512
4513
4514
4515
2182
4517
4518
4519
4521
5402
4523
1339
4524
4525
4526
4527
4528
4529
4530
4531
4532
4533
4534
4535
4536
1349
4540
5425
5411
788
4542
2737
4544
4549
1350
4545
624
5429
4550
4551
1354
4553
4554
1301
1301
4446
4558
4559
4560
4561
4562
4563
4564
4565
4566
556
556
556
2248
4571
4572
4573
4574
4575
698
4577
4578
4575
1368
4620
4581
5153
4584
4584
4586
4587
4588
4589
4590
4591
4592
5501
1376
5464
4651
4595
559
2253
559
5334
4603
5161
4618
4602
4606
4607
4608
1385
4609
4611
4622
691
4616
4616
2551
687
4614
685
2554
2566
5397
2566
4624
4625
4626
4628
4605
1389
4627
4635
4632
4635
5536
5535
1395
4638
5500
4654
4639
6118
2254
1397
4870
2563
2564
2565
5499
4636
1394
5499
4654
4654
5507
4656
4656
4657
4655
4659
4660
4661
4662
4663
4664
4665
4666
4667
4669
5235
4668
1409
4672
4673
4674
4675
1412
5267
5204
4678
4677
4681
4682
4683
4684
4685
4686
4687
4688
4689
4690
4691
4692
1423
4694
4695
4696
4697
4698
4670
4670
1427
2545
2543
2547
2544
4710
4707
4706
681
5322
227
226
288
305
4712
230
232
230
229
181
291
1593
234
6020
234
239
6020
6020
5206
4731
4799
4730
1436
4736
1438
4743
4745
1462
1441
4745
4742
2390
6131
5207
6131
5231
5206
5231
6138
279
1442
277
4820
1449
4820
4755
1413
4679
5203
1426
1598
4763
1598
4705
4765
4766
4767
4768
4769
4772
4771
5506
1482
4777
4774
540
4833
4834
4779
4780
4781
4782
4784
4784
4775
4785
1455
4778
4778
1457
1459
4838
4792
2206
4834
4797
538
5205
5208
5205
537
4794
2203
4804
4804
4806
4785
1469
4789
1468
4805
4811
1467
319
539
1470
273
1457
327
1448
4714
4822
4823
4822
4825
4828
1419
4504
4503
4826
1328
5481
542
4835
4988
535
2396
4837
4840
4841
4830
1479
1483
1500
4957
1483
2398
2398
4851
4849
5188
4851
4856
4853
4874
5185
4852
4854
1493
1493
4864
1486
4916
4863
1509
4867
4917
1509
2399
4876
1494
6151
5184
5183
4942
1514
5544
1397
5544
5544
4844
4844
1500
4844
4958
4958
4958
6121
6121
1504
6120
4899
4897
5184
4899
1504
956
956
4900
3115
2401
2398
4931
4960
6235
1060
967
4919
3115
4909
962
847
965
4653
1390
1390
4629
3104
1062
3414
3414
5182
5184
5184
6151
3414
5180
4896
6119
4896
4936
4955
4937
4935
4937
1508
4939
4937
3150
4896
4892
4966
2248
5544
2248
5544
2400
4934
4893
1520
1502
4893
1520
4966
4639
4638
4938
1507
4640
4637
4894
1503
4967
4965
4968
1520
1521
5179
4979
4972
1526
4979
1400
4649
1377
956
6192
4900
4981
1531
5189
4910
4914
4935
2233
2246
4988
5480
4989
4990
4991
4992
4993
4994
4995
4996
4997
4998
5054
5000
5003
5001
5003
1543
5002
1542
5007
5008
5009
5010
5011
5012
2297
1548
1569
5018
5014
5955
646
2479
633
585
5026
5023
649
2494
651
5948
5948
5946
585
585
5033
5034
6010
5036
5037
5040
5039
6005
5041
2327
5120
2329
2327
5367
5369
5370
5368
2459
6157
2459
5054
5054
1558
5056
5057
5058
5059
5060
5061
5062
5063
5064
5065
5066
5067
5068
5069
2452
637
5990
5991
5953
5075
5076
5077
5078
5079
5071
1563
5043
5083
5084
2525
2526
672
5090
1565
2314
5090
1554
5369
5093
5095
5096
5097
5098
5099
5100
5101
5102
5103
5104
5105
5108
5106
5112
5107
1544
2309
5113
5693
2491
2491
2491
2493
2314
663
5094
5094
5046
5046
570
2458
2271
2331
590
5129
5130
5131
5132
5133
5134
5135
5136
2339
5137
5091
5140
5141
5142
5143
5144
5145
5146
5147
5148
5149
5150
5151
5152
5153
5154
5155
5156
5157
5158
5160
5160
1369
4605
1382
5164
5165
5166
5167
5168
5169
5170
5171
5172
5173
5174
5175
5176
5177
5178
5179
1060
5181
3414
3414
5180
5185
5186
1062
4630
5189
5190
5191
5192
5193
5194
5195
5196
5197
5195
5198
5199
1585
526
5200
2189
5208
1588
1589
5213
4731
5212
239
4799
1411
5268
1414
5216
5217
5218
5219
5220
5221
5222
5223
5224
5223
1586
5228
5225
4758
1450
5229
5232
5233
5234
4662
1405
5247
5240
5230
5247
234
233
182
4699
4702
4700
5246
5248
5249
5250
5251
5252
2365
2365
179
1452
5256
5238
1595
4712
1602
4716
4711
4703
4704
1604
5271
5269
5533
525
5530
1460
4793
5274
609
2403
4479
5278
5279
5280
5281
5282
5283
5284
5285
5286
5287
5288
5289
5290
5291
5292
5293
5294
5295
5296
5297
5298
5299
5300
5301
5305
1352
4552
5711
5306
5307
5308
5309
5310
5311
5312
5313
5314
5315
5316
5317
5257
4714
1601
4658
5321
1403
5322
4449
5328
5304
5597
5328
5331
5421
5331
2252
558
6125
5337
5557
1624
5336
1623
5333
5333
4642
2248
5345
5346
5347
5348
5349
5350
2377
200
5351
5354
5355
5356
5357
5358
5359
5360
5364
5361
1605
5277
603
5366
1629
5382
5368
1629
5371
5372
5489
5374
4708
5376
680
5353
4751
1635
5383
5632
5623
5384
5385
5386
5387
5388
5389
5390
5391
5392
5393
5394
5395
1638
5398
5398
5399
1637
5401
5405
5403
1639
6127
5406
4618
1387
5407
1640
5424
5449
5412
5538
5538
5539
1639
5416
5404
5418
5409
1642
5594
5450
5423
5426
5427
5428
5430
2178
1323
5433
5719
1644
5432
5436
5437
5438
5439
5440
5441
5442
5443
5444
5445
4543
1648
6185
1641
5593
5717
5717
4594
5452
5455
5456
5457
5419
5459
4482
4482
5460
1319
5461
4487
5466
5467
5468
5469
5470
5471
5472
5473
5474
5475
5477
5573
5478
5476
5480
5481
5482
5483
5484
5485
1620
5329
5488
5489
5490
1348
4538
5413
5493
1643
5494
518
5462
5462
1324
1650
5503
5503
4688
5504
5505
4492
5510
5509
5510
1478
606
4797
1440
538
606
5512
5518
5520
5520
5521
5522
5523
5524
5525
5526
5527
5528
4824
5529
2394
1655
5517
1481
4585
1657
1367
5539
5551
2398
4888
2398
4870
2399
5555
5556
4970
4579
5548
1365
5338
1625
1483
4963
4969
4971
5558
6139
5332
5559
5561
1399
5563
5564
5565
5566
5567
5568
5569
5570
5571
1363
5574
5574
5575
5576
5577
5578
5579
5580
5581
5582
5583
5584
5585
5586
5587
5588
5589
5590
5591
6182
6182
5454
1645
5435
4547
6206
6206
4960
2429
556
4960
5604
5605
5606
5607
5608
1355
5608
1355
5609
5613
5614
5615
5616
5617
5618
5619
5620
1654
5496
5492
1670
5626
1670
5627
5628
1292
4434
1316
4476
1653
5622
1274
4407
5637
5638
5639
5640
5641
5642
5646
5646
5639
5661
5647
5634
5649
5650
5651
5652
5653
5654
1289
4478
1634
5381
5659
5660
5610
5662
5663
5664
5665
5666
5667
5668
5669
1675
5671
5672
1317
5636
1275
5636
1630
5678
5679
5680
5681
5682
5276
603
5684
5686
5687
5688
5689
5362
1628
5685
5117
5694
5695
5696
5697
5698
5699
5700
5701
5702
601
5704
5705
5706
5707
5708
6206
4650
2434
1400
4960
4649
556
4959
5465
1322
4488
1499
1499
1483
1500
1483
4957
1483
4931
1500
4956
1512
4651
5701
5733
1683
5735
5736
5737
5738
5739
4446
5741
1302
5743
5744
5745
4896
4892
4892
6119
4935
4640
5752
5753
5754
5755
5756
5757
5758
5759
5760
5761
5762
5763
5764
5765
5766
5767
5768
5769
5770
5771
5772
5773
5774
5775
5776
5777
5778
5779
5780
5781
5782
5783
5784
5785
5786
5787
5788
5789
5790
5791
5792
5793
5794
5795
5796
5797
5798
5799
5800
5801
5802
5803
5804
5805
5806
5807
5808
5809
5810
5811
5812
5813
5814
5815
5816
5817
5818
5819
5820
5821
5822
5823
5824
5825
5826
5827
5828
5829
5830
5831
5832
5833
5834
5835
5836
5837
5838
5839
5840
5841
5842
5843
5844
5845
5846
5847
5848
5849
5850
5851
5852
5853
5854
5855
5856
5857
5858
5859
5860
5861
5862
5863
5864
5865
5866
5867
5868
5869
5870
5871
5872
5873
5874
5875
5876
5877
5878
5879
4717
1432
5882
5883
5884
5885
5886
5887
5888
5889
5890
5891
5892
5893
5894
5895
5896
5897
5898
5899
5900
5901
5902
5903
5904
5905
5906
5907
5908
5909
5910
5911
5912
5913
5914
5915
5916
5917
5918
5919
5920
5921
5922
5923
5924
5925
5926
5927
5928
5929
5930
5931
5932
5933
5934
5935
5936
5937
5938
5939
5940
5941
5942
5943
5944
5945
6135
4408
5675
5674
613
2410
5952
5953
5954
5956
5027
1550
5958
5959
5960
5961
5962
5963
5964
5965
1549
650
2496
2499
5951
5971
5972
5973
5974
5974
5976
5975
5978
5979
5980
2484
2487
651
2498
569
2270
653
2462
631
5953
1768
5992
5993
5994
5995
5996
5997
5959
5998
1770
6001
6002
6003
1779
5998
6006
6007
2517
6009
2520
6010
6012
6013
6014
2458
653
5043
2453
653
5231
6021
6022
6023
6024
6025
6026
6027
6028
6029
6030
6031
6032
6033
6034
6035
6036
6037
6038
6039
6040
6041
6042
6043
6044
6045
6046
6047
6048
6049
6050
6051
6052
6053
6054
6055
6056
6057
6058
6059
6060
6061
6062
6063
6064
6065
6066
6067
6068
6069
6070
6071
6072
6073
6074
6075
6076
6077
6078
6079
6080
6081
6082
6083
6084
6085
6086
6087
6088
6089
6090
6091
6092
6093
6094
6095
6096
6097
6098
6099
6100
6101
6102
6103
6104
6105
6106
6107
6108
6109
6110
6111
6112
6113
1673
6115
1491
4866
6117
1504
4910
1507
4651
4648
4649
5560
4641
2538
1392
5335
1340
5273
6132
6133
6134
4408
6136
4667
1619
2589
284
6141
6142
6143
6144
6145
6146
2542
5544
6119
2398
1520
6152
6153
5117
582
1915
5046
2592
582
4378
2400
1891
6163
6164
1927
6170
6167
2274
575
1873
2334
6172
6173
6174
6175
6176
6177
6178
6179
6180
6181
6206
2792
2176
4600
6186
6187
6188
6189
6190
6191
6192
6193
6243
6224
3653
6197
6198
4634
2242
6228
6202
6203
6197
6205
4651
6207
819
6209
6210
6211
6212
6213
6214
6215
3109
6217
6218
6219
6220
6221
6222
6223
6224
6258
6258
6227
6288
6229
1658
6231
1522
6233
4908
3130
6236
6237
6197
3993
6240
3188
6242
6278
6244
6245
6246
6247
6287
6249
6250
6232
6252
5748
6209
1506
6256
6257
6258
6259
6260
6261
6262
6263
6264
6265
6266
6267
6268
6269
6291
6271
6272
6289
6290
6262
6276
6277
6278
6279
6280
6281
6282
6283
6284
6285
6257
6287
6288
6272
6271
6291
