12
37
1972
1971
1971
3680
2951
2951
892
163
54
17
129
49
38
150
35
165
79
72
354
127
3018
25
25
368
152
3678
3592
3592
28
1081
1083
59
50
1814
139
135
904
152
107
169
27
27
138
37
132
138
166
169
2982
41
166
149
149
164
148
40
40
56
165
16
55
81
80
75
18
74
19
157
157
157
1813
70
69
70
3005
3007
158
158
35
158
15
78
161
65
46
45
1972
2
368
147
368
3018
368
1972
368
25
368
1971
368
368
1971
3618
3678
3618
3617
893
3592
3592
3592
2951
891
891
28
2952
111
899
2913
103
134
8
3498
57
58
17
18
63
14
14
50
71
77
3022
1815
130
137
1970
34
1970
386
143
143
152
143
1971
1968
1971
3680
2953
385
3680
166
167
170
2952
2950
915
914
27
386
132
136
2953
1811
148
27
27
27
2967
356
183
208
2223
2223
2223
5439
5378
5353
6138
4821
227
253
301
212
338
2209
206
336
249
328
333
238
545
196
272
2223
323
5439
680
680
5352
2369
5261
233
222
5445
1472
308
4768
323
2211
1454
1454
4768
307
307
303
309
4767
4767
324
4779
340
322
322
334
1449
335
335
225
1446
187
249
253
229
244
190
302
244
209
1466
209
321
240
243
242
329
4804
321
319
330
330
186
186
332
218
217
183
2222
2223
2222
2222
2222
2223
272
196
272
2223
272
196
272
2223
272
5379
5379
5378
5379
5439
680
5353
5353
680
5353
1442
5352
5353
2371
281
6140
1619
179
5260
285
5262
233
5262
189
234
223
219
185
185
248
2557
1447
300
205
2224
311
325
1472
314
314
323
314
2221
2223
2223
1443
5441
5445
1443
4767
1454
4765
1442
4749
4782
1454
176
314
303
2223
4749
2208
319
4768
4768
4768
5441
5439
342
343
344
1785
2704
3731
1791
1085
2880
3617
127
37
354
12
1127
1805
358
3040
3757
3035
2951
3042
1818
3029
98
3009
368
2010
3050
3970
1830
373
2015
2843
6160
443
2014
3142
1846
381
382
371
371
3678
152
387
388
389
390
391
392
393
394
395
396
397
398
399
400
401
402
403
404
405
406
407
408
409
410
411
412
413
414
415
416
417
418
419
2020
3592
1963
423
424
425
142
2984
3751
429
430
431
432
433
434
435
436
437
438
439
1848
380
371
2015
3094
3170
2742
447
448
449
450
451
452
453
454
455
456
457
458
459
460
461
462
463
464
465
466
467
468
469
470
471
472
473
474
475
476
477
478
479
480
481
482
483
484
485
486
487
488
489
490
491
492
493
494
495
2835
4381
2763
499
2811
2895
2907
1131
2904
2857
2141
507
508
509
510
511
3635
2160
514
515
3107
1842
518
519
520
2181
5489
4515
2186
1604
4678
680
5377
238
333
208
183
5444
2199
4837
536
4797
4833
5378
1482
4830
2214
175
2222
2223
5716
5716
2429
5716
2400
1685
2234
5713
1685
1685
4932
6124
4866
2254
2246
2246
5439
563
564
565
566
567
568
569
570
571
572
573
574
575
576
577
578
579
580
581
582
583
584
585
586
587
588
589
590
591
592
593
594
595
596
597
598
599
600
2434
2377
603
604
605
5512
4929
4875
609
610
611
612
613
614
615
616
617
2247
2246
6124
1685
4931
4957
4549
625
626
627
628
629
630
631
632
633
634
635
636
637
638
639
640
641
642
643
644
645
646
647
648
649
650
651
652
653
654
655
656
657
658
659
660
661
662
663
664
665
666
667
668
669
670
671
672
673
674
4632
676
677
678
4611
4693
4707
1651
4658
4703
2551
2587
4617
688
689
2564
5396
692
693
5714
5716
696
2586
4576
312
700
701
702
703
704
705
706
707
708
709
710
711
3851
713
714
715
716
717
718
719
720
721
722
723
724
725
726
727
728
2638
730
731
732
733
734
735
736
737
738
739
740
741
742
743
744
745
746
747
748
749
750
2675
3702
2679
3704
3740
3749
757
758
759
760
761
3031
763
773
764
3644
3643
1123
2700
770
771
3658
3651
774
775
776
777
3429
2722
2724
3458
782
783
784
785
786
787
788
3674
2744
791
792
2748
3855
3541
2754
797
798
799
800
801
1164
803
804
805
2774
807
2781
809
3385
2817
812
813
814
815
816
2795
2793
2848
820
2796
822
823
824
825
2804
827
2809
2820
3639
831
832
3423
834
835
836
837
3653
3169
3119
2838
2840
3787
3083
2847
2851
3121
2853
2858
850
2856
2862
4391
3485
855
856
2136
2870
3449
3465
2961
2878
863
3406
2885
866
3628
2889
2891
3586
2894
2896
3500
2903
3481
3559
3593
422
881
2915
1956
61
1073
67
352
1977
162
3019
2977
2942
3615
3592
1113
17
156
4392
2951
3592
3592
3483
1963
901
3712
3710
2972
905
2985
2995
909
427
2919
2933
890
3680
356
52
52
4390
2986
4
3018
25
25
28
3511
3024
3026
1796
3746
2979
3039
2974
3177
3785
935
936
3054
938
939
940
941
4371
943
1852
3075
3077
1831
3048
429
3092
951
3093
3099
946
3129
3104
3102
3126
3785
1060
980
3115
3117
3148
3150
966
969
945
1062
3167
3144
3171
974
973
975
976
3973
978
6235
980
981
982
983
6184
985
986
3187
3974
989
990
991
2171
993
994
995
996
997
998
999
1000
1001
1002
1003
1004
1005
1006
1007
1008
1009
1010
1011
1012
1013
1014
1015
1016
1017
1018
1019
1020
3263
1022
1023
1024
1025
1026
1027
1028
1029
1030
1031
1032
1033
1034
1035
1036
1037
3364
3362
1040
1041
3366
3368
3370
1045
1046
1047
1048
1049
1050
1051
3532
1052
3399
3533
3404
1059
3753
3761
1060
1061
3421
1063
1064
1065
3460
3462
59
4267
3441
1071
1072
54
3473
3469
1948
3494
1083
2962
1080
3591
1963
1081
3562
908
1086
1087
1088
1089
1090
1091
1092
1093
1094
1095
3567
1097
1098
1099
1100
1101
1102
1103
1104
1105
3844
3580
1108
1109
1110
1111
1112
872
1114
1115
1116
1117
1118
4383
3663
3690
3837
3734
1124
1125
3677
1126
3838
3693
3741
868
1132
3737
3735
3759
1136
1137
1138
1139
1140
1141
1142
3830
1144
1145
1146
818
3853
3856
1150
1151
3870
1153
3888
1155
1156
1157
1158
1159
1160
1161
1162
1163
4377
3177
3993
1167
3995
1169
1170
1171
1172
1173
1174
1175
1176
1177
1178
1179
1180
1181
1182
1183
1184
1185
1186
1187
1188
1189
1190
1191
1192
1193
1194
1195
1196
1197
1198
1199
1200
1201
1202
1203
1204
1205
1206
1207
1208
1209
1210
1211
1212
1213
1214
1215
1216
1217
1218
1219
1220
1221
1222
1223
1224
1225
1226
1227
1228
1229
1230
1231
1232
1233
1234
1235
1236
1237
1238
1239
1240
1241
1242
1243
1244
1245
1246
1247
1248
1249
1250
1251
1252
1253
1254
1255
1256
1257
1258
1259
1260
1261
1262
1263
1264
1265
1266
1267
1268
1269
1270
1271
1272
1273
1274
1275
1276
1277
1278
1279
1280
1281
1282
1283
1284
1285
1286
1287
1288
1289
1290
4433
1292
1293
1294
1295
1296
1297
1298
1299
1300
1301
1302
1303
1304
1305
1306
1307
1308
1309
1310
1311
1312
1313
1314
1315
1316
1317
1318
1319
1320
1321
1322
4488
1324
1325
1326
1327
1328
4828
5386
4522
4521
4508
4510
5427
4513
4518
1338
5419
5412
1341
1342
1343
1344
1345
4532
1347
4540
1349
5433
5435
4547
4551
5305
5304
4553
1357
1358
1359
1360
1361
5714
1363
1364
1365
1366
1367
4581
4615
1370
1371
1372
1373
1374
1375
1376
4651
4596
4598
5333
1381
1382
1383
4613
5400
691
1387
1388
1389
1390
5414
1392
1393
1394
4639
4914
4870
2250
4646
4649
4655
1402
4657
1404
6137
1406
1407
1408
4668
2543
5213
4680
4758
5229
1415
4683
5178
1418
4687
4689
5390
524
4695
5484
5264
5246
4760
5322
5354
5318
5318
180
289
232
233
238
192
333
2195
4789
2388
5375
5376
254
6140
5352
680
680
5353
5240
681
1451
5472
5470
4770
1455
4784
269
1459
5272
4818
5209
5242
2391
220
5439
5441
175
6136
175
220
323
545
272
196
5352
2190
4824
5505
4776
4792
4772
5748
2249
1485
1486
1487
4855
1489
1490
1491
1492
1511
1494
5716
6149
4929
4888
1499
1500
1501
4922
4925
1504
2246
1520
1507
4937
4915
1494
1511
1512
1513
4954
4954
4961
1517
5729
4908
1520
1521
1522
2578
2576
1525
1526
4596
6206
1529
3192
1531
1532
6182
1534
1535
1536
1537
1538
1539
1540
1541
1542
1543
1544
1545
1546
1547
1548
1549
1550
1551
1552
1553
1554
1555
1556
1557
5055
1559
1560
1561
1562
1563
1564
1565
1566
1567
1568
1569
1570
1571
1572
1573
1574
1575
5144
5147
1578
1579
1580
5295
5171
5510
1584
5225
4759
233
4725
4731
1590
1591
227
2365
1594
5257
4712
5261
4761
1599
2377
2377
2369
5324
5268
1605
1606
1607
1608
1609
1610
1611
1612
1613
1614
5328
1616
1617
1618
680
1620
1621
6125
1623
1624
5559
5344
1668
1628
1629
1630
1631
1632
1422
1634
1635
1636
1637
1638
5418
5424
5448
1642
5493
1644
1645
5437
1646
5593
5453
1650
1420
1652
5496
5492
5533
4810
1657
4846
5547
1660
1661
1662
1663
5588
1665
1666
1667
1378
5610
5612
1671
1672
1673
1674
1675
1676
1677
1678
1679
1680
1681
1682
1683
1684
6122
5748
5749
1688
5751
1690
1691
1692
1693
1694
1695
1696
1697
1698
1699
1700
1701
1702
1703
1704
1705
1706
1707
1708
1709
1710
1711
1712
1713
1714
1715
1716
1717
1718
1719
1720
1721
1722
1723
1724
1725
1726
1727
1728
1729
1730
1731
1732
1733
1734
1735
1736
1737
1738
1739
1740
1741
1742
1743
1744
1745
1746
1747
1748
1749
1750
1751
1752
1753
1754
1755
1756
1757
1758
1759
1760
1761
1762
1763
1764
1765
1766
1767
1768
1769
1770
1771
1772
1773
1774
1775
1776
1777
1778
1779
1780
1784
1782
1783
3738
1787
346
3729
1787
346
1789
2705
1793
3505
3435
1795
349
161
37
46
67
138
1804
1803
1804
359
1810
3037
1807
1809
3036
893
893
3680
3618
3617
365
1819
365
3043
100
100
3018
3017
98
2014
2010
3049
2010
1829
2013
1830
1832
3084
2011
2011
2014
3080
372
3959
4402
3105
3050
3107
3105
445
1849
1845
2018
3141
1850
1851
1852
1853
1854
2013
440
3108
371
1859
1860
1861
1862
1863
1864
1865
1866
1867
1868
1869
1870
1871
1872
1873
1874
1875
1876
1877
1878
1879
1880
1881
1882
1883
1884
1885
1886
1887
1888
1889
1890
1891
1892
1893
1894
1895
1896
1897
1898
1899
1900
1901
1902
1903
1904
1905
1906
1907
1908
1909
1910
1911
1912
1913
1914
1915
1916
1917
1918
1919
1920
1921
1922
1923
1924
1925
1926
1927
1928
1929
1930
1931
1932
1933
1934
1935
1936
1937
1938
1939
1940
1941
1942
1943
1944
1945
3493
3495
3494
3493
881
1953
1952
2019
3590
3590
1963
3590
3592
2908
2908
1960
502
2909
1964
1965
1966
1967
143
39
152
143
1971
2987
2984
3010
2988
95
95
2
1975
367
2942
888
2990
1987
1987
3758
948
1989
948
3139
1992
1993
1994
1995
1996
1997
1998
1999
2000
2001
2002
2003
2004
2005
2006
2007
2008
2009
1847
1847
440
2017
1847
1847
444
444
3094
2019
446
3668
2022
2023
2024
2025
2026
2027
2028
2029
2030
2031
2032
2033
2034
2035
2036
2037
2038
4218
2040
2041
2042
2043
2044
2045
2046
2047
2048
2049
2050
2051
2052
2053
2054
2055
2056
2057
2058
2059
2060
2061
2062
2063
2064
2065
2066
2067
2068
2069
2070
2071
2072
2073
2074
2075
2076
2077
2078
2079
2080
2081
2082
2083
2084
2085
2086
2087
2088
2089
2090
2091
2092
2093
2094
2095
2096
2097
2098
2099
2100
2101
2102
2103
2104
2105
2106
2107
2108
2109
2110
2111
2112
2113
2114
2115
2116
2117
2118
2119
2120
2121
2122
2123
2124
2125
2126
2127
2128
2834
2130
2131
2132
2132
500
2135
2138
505
2856
851
2137
2143
2142
2143
508
2145
2146
2147
2148
3617
3617
3617
3592
25
102
25
100
2157
2158
2158
511
2161
2162
2163
2164
2165
2166
2167
2168
3187
2172
6183
3186
2174
2174
6184
517
2177
2178
2179
2180
2183
2183
5488
2183
523
523
2184
2189
5267
5271
2191
5200
332
217
317
307
183
2200
535
4836
2201
538
1480
4835
2205
537
5379
5379
5441
5379
5378
4841
4842
541
2213
196
196
272
269
2222
314
315
314
323
197
5716
5716
5716
1685
2249
5716
2247
4885
2249
5716
5716
5716
1685
5716
1685
5716
1685
1685
1685
5716
2248
556
4931
622
2247
6117
1492
6118
1490
6116
2247
2246
2247
2247
2260
2261
2262
2263
2264
2265
2266
2267
2268
2269
2270
2271
2272
2273
2274
2275
2276
2277
2278
2279
2280
2281
2282
2283
2284
2285
2286
2287
2288
2289
2290
2291
2292
2293
2294
2295
2296
2297
2298
2299
2300
2301
2302
2303
2304
2305
2306
2307
2308
2309
2310
2311
2312
2313
2314
2315
2316
2317
2318
2319
2320
2321
2322
2323
2324
2325
2326
2327
2328
2329
2330
2331
2332
2333
2334
2335
2336
2337
2338
2339
2340
2341
2342
2343
2344
2345
2346
2347
2348
2349
2350
2351
2352
2353
2354
2355
2356
2357
2358
2359
2360
2373
2373
4712
5258
5318
2367
2432
2368
5351
5351
680
5351
2377
4710
681
4710
4706
4709
2379
2380
2381
2382
269
271
195
4810
174
316
2222
544
2195
193
4790
2386
2396
5516
2396
1496
4929
1496
5721
2402
2403
2404
2405
2406
2407
2408
2409
2410
2411
2412
2413
2414
2415
2416
2417
2418
2419
2247
2246
2247
6124
6124
1685
6124
6124
1685
622
4934
2430
2432
2433
624
2435
2436
2437
2438
2439
2440
2441
2442
2443
2444
2445
2446
2447
2448
2449
5970
2451
2452
2453
2454
2455
2456
2457
2458
2459
2460
2461
2462
2463
2464
2465
2466
2467
2468
2469
2470
2471
2472
2473
2474
2475
2476
2477
2478
2479
2480
2481
2482
2483
2484
2485
2486
2487
2488
2489
2490
2491
2492
2493
2494
2495
2496
2497
2498
2499
2500
2501
2502
2503
2505
2505
2506
2507
2508
2509
2510
2511
2512
2513
2514
2515
2516
2517
2518
2519
2520
2521
2522
2523
2524
2525
2526
2527
2528
2529
2530
2531
2532
2533
2534
2537
2536
2537
4633
2539
2540
679
2539
2547
4704
2544
2547
4658
687
2548
2589
687
2549
2549
2554
680
5378
5353
5377
272
196
272
272
2566
689
2566
2566
2567
2568
2569
2570
4975
1528
6182
1527
695
694
6185
2245
2579
2579
2581
2584
2583
2585
507
507
2589
698
6139
2590
2591
2592
2593
2594
2595
2596
2597
2598
2599
2600
2601
2602
2603
2604
2605
2606
2607
2608
2609
4369
2611
2612
2613
2614
2615
2616
2617
2618
2619
2620
2621
2619
2623
2624
2625
2626
2627
2628
2629
2630
2631
2632
2633
2634
2635
2636
2637
2638
2639
2640
2641
2642
2643
2644
2645
2646
2647
2648
2649
2650
2651
2652
2653
2654
2655
2656
2657
2658
2659
2660
2661
2662
2663
2664
2665
2666
2667
2668
2669
2670
2671
2676
2673
2672
752
3700
2680
2677
754
3703
2681
2682
3748
2684
2685
2674
2687
751
2689
2690
2691
2692
2693
2694
3722
762
2697
2715
2714
767
3641
2713
3665
3667
765
2698
3666
2708
2709
2710
345
3698
3698
773
772
2716
2717
2718
2719
2720
2725
778
2721
781
3456
2726
2727
2728
2729
2730
2731
2732
2733
2734
2735
2736
2737
2738
2739
2740
2745
789
2741
791
3671
2749
2747
794
3540
2750
2751
2752
2753
729
2755
2756
2757
2758
2759
2760
2761
2762
2763
3958
3959
3960
3957
2770
2769
4395
2771
2772
2773
2774
2775
2776
2780
2777
810
3384
811
2782
2783
2784
2782
2786
2787
2788
2789
2790
2794
2791
819
2794
2795
375
2798
2798
1840
2800
2801
2802
2803
2804
2805
2806
2807
830
829
2822
2811
2808
2813
2814
2815
2813
825
2816
2818
512
2159
3638
2823
2824
2825
2826
2827
2828
2829
2830
2832
2832
837
2833
2835
2837
3168
840
2836
839
2841
3786
844
2844
2159
2845
2160
839
2849
2848
3169
2855
847
2852
3118
2859
2856
850
2873
2860
780
853
2863
3484
2865
2875
2867
2868
504
2140
2902
873
2873
2874
2875
2876
860
3450
2961
860
2878
2884
2883
3771
864
2882
2888
3627
867
2887
866
2893
1790
870
2892
348
2897
2898
2899
3482
2905
3480
1079
2906
876
3559
871
2911
871
2894
2894
1954
4392
1955
1081
2152
2916
2914
895
134
2914
2915
422
57
2920
1078
55
2920
61
2917
18
63
67
18
46
46
162
1797
1797
87
352
95
1823
2935
2934
2935
2917
2917
2919
3615
3615
3615
3617
3592
3592
3592
3617
900
3483
900
3467
1961
1959
1084
1961
3707
1127
3711
1131
3707
2969
2969
2971
3746
3041
2985
2985
3041
2973
3711
356
169
2968
2986
905
4390
2986
2986
2985
2984
2984
2994
2992
3003
913
2975
2988
2975
894
2926
33
910
2996
2943
169
52
169
918
4
918
144
169
3680
27
893
3618
102
368
2984
891
3590
891
3027
925
3023
928
3510
3032
929
3028
869
3745
3030
3034
1819
364
363
3038
3039
3039
2973
932
3044
3747
3045
1166
3785
3048
3108
3108
3051
3052
3053
3054
3055
3056
3057
3058
3059
3060
3061
3062
3063
942
3065
3066
3067
3068
3069
3070
3071
3072
843
3074
3075
3074
3077
3078
3079
1831
2015
1831
3083
1989
3045
429
1989
3090
1989
3091
3093
951
3093
952
3098
3096
3097
3132
955
3103
3100
953
3125
958
977
3108
3188
3971
3409
3412
3179
3112
1060
3101
956
3114
957
3120
964
3149
965
3122
3123
3124
3127
967
3128
3416
945
3416
1062
3134
3077
3166
3413
945
3414
3079
3079
3079
3144
971
972
972
3147
3145
4375
963
3116
962
3151
3167
3174
6160
2015
6160
2014
380
380
440
371
3178
3181
3175
3165
3166
3167
3146
971
3171
952
971
3172
3176
975
3176
976
3180
3179
3180
3181
3182
3183
3184
3185
3188
988
3973
3112
3190
3189
979
3193
3194
3195
3196
3197
3198
2170
3199
3201
3202
3203
3204
3205
3206
3207
3208
3209
3210
3211
3212
3213
3214
3215
3216
3217
3218
3219
3220
3221
3222
3223
3224
3225
3226
3227
3228
3229
3230
3231
3232
3233
3234
3235
3236
3237
3238
3239
3240
3241
3242
3243
3244
3245
3246
3247
3248
3249
3250
3251
3252
3253
3254
3255
3256
3257
3258
3259
3260
3261
3262
3263
3262
3265
3266
3267
3268
3269
3270
3271
3272
3273
3274
3275
3276
3277
3278
3279
3280
3281
3282
3283
3284
3285
3286
3287
3288
3289
3290
3291
3292
3293
3294
3295
3296
3297
3298
3299
3300
3301
3302
3303
3304
3305
3306
3307
3308
3309
3310
3311
3312
3313
3314
3315
3316
3317
3318
3319
3320
3321
3322
3323
3324
3325
3326
3328
3328
3329
3330
3331
3332
3333
3334
3335
3336
3337
3338
3339
3340
3341
3342
3343
3344
3345
3346
3347
3348
3349
3350
3351
3352
3353
3354
3355
3356
3357
3358
3359
3363
3360
1040
3363
1041
3361
1038
3365
1039
3369
852
3369
3372
3373
3374
3375
3376
3377
3378
3379
3380
3381
3382
3383
2803
826
3386
3387
3388
3389
3390
3391
3392
3393
3394
3395
3400
1052
3400
1055
3531
3403
3401
3407
1057
3760
1058
3760
3761
3409
3410
3411
3412
3413
3414
945
3420
3417
3418
3419
3420
3421
3053
937
3424
3425
3426
3430
3427
1065
3430
3434
3434
1044
3534
3437
3440
3464
2879
2877
2960
883
3444
2933
2924
18
17
63
33
1069
3466
3442
3452
3453
3454
3455
3457
3457
1072
3370
858
3471
2958
2902
2871
1074
3475
3474
3455
3469
3468
857
2139
3492
2963
1077
901
57
58
54
1079
2965
2964
902
3470
1075
3486
3487
3488
1962
1963
1962
1962
1962
1963
1962
106
4392
2913
899
3501
3561
3504
908
3451
3504
3502
3503
1070
2946
3398
1053
3512
3513
3514
3515
3516
3517
3518
3519
3520
3521
3522
3523
3524
3525
3526
3527
3528
3529
3530
3367
1042
3534
3371
3546
3536
3537
3538
3539
3543
790
3568
3841
3544
3545
3428
3547
3548
3549
3550
3551
3552
3553
3554
3555
3590
891
891
849
849
3560
877
3563
3564
3565
3566
3567
3568
3569
3570
3571
3572
3573
3574
3575
3576
3577
3578
3579
1840
2764
3581
2796
3587
3584
3586
3587
3588
3589
2910
501
3614
3585
3594
3595
3596
3597
3598
3599
3600
3601
3602
3603
3604
3605
3606
3607
3608
3609
3610
3611
3612
3613
2892
2895
2896
3614
3616
3619
3620
3621
3622
3623
3624
3625
3626
3629
766
3645
3630
3631
3632
2812
828
3635
3636
3637
3638
3639
3640
1119
4382
3659
3642
3644
3646
3647
3648
3652
3649
1120
3652
3653
3654
2797
1107
4380
1121
3583
3660
3661
3662
1122
3664
4384
4384
1123
3669
3963
753
3671
3672
3673
1125
2705
3675
769
3709
3683
3709
3676
1126
3681
3679
3685
3686
3688
3836
3687
1128
3691
3692
817
3694
3696
766
3695
3689
2701
3701
3739
1130
3705
3704
3705
3695
3697
868
3681
3682
3706
3708
3713
3714
3715
3719
3716
3718
3817
3720
3721
2891
3723
3724
1790
3726
3727
3728
3730
3736
1133
2734
3732
785
3735
3733
1134
2678
2839
841
842
3742
39
39
2890
2890
3745
2854
848
1135
3759
3772
927
3750
2988
3019
2978
931
931
3025
926
3762
3763
3764
3765
3766
3767
3768
3769
3770
428
3773
3775
367
3776
3777
2993
3778
806
3780
3781
3782
3783
3784
3970
3786
373
3788
3789
3790
3791
3792
3793
3794
3795
3972
3797
3798
3799
3800
3801
3802
3803
3804
3805
3806
3807
3808
3809
3810
3811
3812
3813
3814
3815
3816
3818
3818
3819
3820
3821
3822
3823
3824
3825
3826
3827
3828
3829
793
3831
3832
3833
3834
3835
3692
3837
1129
3839
3840
3841
3845
3842
3953
3952
3955
3956
3849
3852
3848
1148
3854
1149
3855
3568
719
3857
3858
3859
3860
3861
3862
3863
3864
3865
3866
3867
2622
3868
720
3871
3872
3873
3874
3875
3876
3877
3878
3879
3880
3881
3882
3883
3884
1154
3886
3887
1152
3889
3890
3891
3892
3893
3894
3895
3896
3897
3898
3899
3900
3901
3902
3903
3904
3869
3905
3907
3908
3909
3910
3911
3912
3913
3914
3915
3916
3917
3918
3919
3920
3921
3922
3923
3924
3925
3926
3927
3928
3929
3930
3931
3932
3933
3934
3935
3936
3937
3938
3939
3940
3941
3942
3943
3944
3945
3946
3954
3948
3949
3950
3951
2792
818
2743
3956
4376
1164
3960
380
4378
3961
3961
3962
1989
429
3045
3785
3796
3048
1166
1166
3177
3975
1168
3994
3976
3977
3978
3979
3980
3981
3982
3983
3984
3985
3986
3987
3988
3989
3151
3174
3174
982
3198
3995
3996
3997
3998
3999
4000
4001
4002
4003
4004
4005
4006
4007
4008
4009
4010
4011
4012
4013
4014
4015
4016
4017
4018
4019
4020
4021
4022
4023
4024
4025
4026
4027
4028
4029
4030
4031
4032
4033
4034
4035
4036
4037
4038
4039
4040
4041
4042
4043
4044
4045
4046
4047
4048
4049
4050
4051
4052
4053
4054
4055
4056
4057
4058
4059
4060
4061
4062
4063
4064
4065
4066
4067
4068
4069
4070
4071
4072
4073
4074
4075
4076
4077
4078
4079
4080
4081
4082
4083
4084
4085
4086
4087
4088
4089
4090
4091
4092
4093
4094
4095
4096
4097
4098
4099
4100
4101
4102
4103
4104
4105
4106
4107
4108
4109
4110
4111
4112
4113
4114
4115
4116
4117
4118
4119
4120
4121
4122
4123
4124
4125
4126
4127
4128
134
8
4131
4132
4133
4134
4135
4136
4137
4138
4139
4140
4141
4142
4143
4144
4145
4146
4147
4148
4149
4150
4151
4152
4153
4154
4155
4156
4157
4158
4159
4160
4161
4162
4163
4164
4165
4166
4167
4168
4169
4170
4171
4172
4173
4174
4175
4176
4177
4178
4179
4180
4181
4182
4183
4184
4185
4186
4187
4188
4189
4190
4191
4192
4193
4194
4195
4196
4197
4198
4199
4200
4201
4202
4203
4204
4205
4206
4207
4208
4209
4210
4211
4212
4213
4214
4215
4216
4217
4218
4219
4220
4221
4222
4223
4224
4225
4226
4227
4228
4229
4230
4231
4232
4233
4234
4235
4236
4237
4238
4239
4240
4241
4242
4243
4244
4245
4246
4247
4248
4249
4250
4251
4252
4253
4254
4255
4256
4257
4258
4259
4260
4261
4262
4263
4264
4265
4266
2918
4268
4269
4270
4271
4272
4273
4274
4275
4276
4277
4278
4279
4280
4281
4282
4283
4284
4285
4286
4287
4288
4289
4290
4291
4292
4293
4294
4295
4296
4297
4298
4299
4300
4301
4302
4303
4304
4305
4306
4307
4308
4309
4310
4311
4312
4313
4314
4315
4316
4317
4318
4319
4320
4321
4322
4323
4324
4325
4326
4327
4328
4329
4330
4331
4332
4333
4334
4335
4336
4337
4338
4339
4340
4341
4342
4343
4344
4345
4346
4347
4348
4349
4350
4351
4352
4353
4354
4355
4356
4357
4358
4359
4360
4361
4362
4363
4364
4365
4366
4367
4368
3906
4370
944
4372
3096
4373
4374
2850
846
3173
4379
3843
838
3655
2797
3650
2944
4386
4387
4388
4389
903
851
501
4393
3590
4395
4396
4397
4398
4399
4400
2133
372
3097
3108
3166
4406
4407
4408
4409
4410
4411
4412
4413
4414
4415
4416
4417
4418
4419
4420
4421
4422
4423
4424
4425
4426
4427
4428
4429
4430
4431
4432
1292
4434
4435
4436
4437
4438
4439
4440
4441
4442
4443
4444
4445
4446
4447
4448
4449
4450
4451
4452
4453
4454
4455
4456
4457
4458
4459
4460
4461
4462
4463
4464
4465
4466
4467
4468
4469
4470
4471
4472
4473
4474
4475
4476
4477
4478
4479
4480
4481
4482
4483
4484
4485
4486
4487
4488
4489
4490
4491
5507
4493
4494
4495
4496
4497
4498
4499
4500
4504
4502
1329
5482
4505
4507
4520
1332
4506
1331
4512
5426
1334
4511
1335
4516
2182
4518
4519
4523
1339
1340
5458
4524
4525
4526
4527
4528
4529
4530
4531
1343
4533
4534
4535
4536
4537
4538
4539
4540
4541
4542
4543
4544
4546
5432
1351
4545
1350
4552
1354
5302
1355
4550
4555
4556
4557
4558
4559
4560
4561
4562
4563
4564
4565
4566
5714
5714
5714
1685
4573
4572
6141
4574
4575
4576
4577
4578
4579
4582
1369
5161
4580
4584
4585
4586
4587
4588
4589
4590
4591
4592
4595
4594
4595
1377
4593
552
2241
4642
4600
4602
4603
4604
4605
4606
4607
4608
1385
4609
4626
4622
4622
4614
1381
4614
4617
4618
4616
4619
691
5397
2565
4624
4625
5401
4627
4628
4629
4630
4635
4632
4634
5416
4635
4640
4637
4636
1396
4955
5544
5544
2234
550
2565
2564
4645
4637
1393
4648
1394
4653
4912
4652
4657
4656
1402
1403
4659
4660
4661
5236
4663
4664
4665
4666
4674
4700
4670
5244
1426
4672
4673
4656
4675
5215
4680
1414
5229
5215
4684
4681
1417
5528
4685
4690
1418
4686
1421
5388
4695
524
4695
1424
2187
4696
4697
4698
5245
1598
5244
5264
1428
5321
1428
4694
4694
4691
1423
4707
1619
2369
1619
5352
1619
4714
227
5255
4714
1600
5318
180
229
228
229
233
228
5880
232
237
234
237
238
332
208
217
215
238
260
215
264
173
2193
5210
2196
5880
232
4719
5377
5377
5375
5377
680
5378
680
5353
5230
5230
1450
5247
2376
2374
2375
1603
5468
1651
5471
1647
5466
682
4766
5505
4772
1455
1455
4773
4839
4784
5471
682
1454
5470
1455
1455
4787
175
4771
4787
4783
175
4794
4793
5273
2393
1456
4785
4774
204
1444
204
5514
4741
4796
1454
1454
220
175
313
175
175
1454
1454
5439
5379
5379
272
272
175
5353
5351
5353
4823
5274
1477
4822
4827
5504
1419
4826
4827
4829
4831
2213
540
2212
1459
4838
4792
4773
1482
4842
5506
1687
4844
2246
1687
2247
2247
4849
4850
4851
4852
4853
4853
4855
4856
4857
1488
4860
1488
4854
4862
4863
4864
1491
4864
4863
4867
1496
608
4871
4872
4873
4874
4930
4930
5716
2247
5716
1685
1498
1498
6149
1687
623
4889
623
1499
4958
4890
4890
4892
1502
4894
4895
4896
4898
4918
4899
4897
6124
2247
2247
6123
5180
5180
6235
4908
4900
4910
4909
4913
4939
1508
4915
4916
4917
4919
4921
5183
5183
1494
4924
4924
1511
5183
1494
4930
4895
4930
4933
1512
4933
1513
4935
4936
1507
4938
4911
4930
5747
1511
1685
1685
1685
5716
2247
2246
4950
6151
4951
1515
4873
1511
4955
4956
1513
4958
4956
4959
5747
5748
1517
1515
4966
6151
4967
4968
4972
4969
4971
4972
1528
5731
6206
4907
4976
4978
4979
4980
4981
4982
4983
4984
2572
2571
4987
4988
4989
4990
4991
4992
4993
4994
4995
4996
4997
4998
4999
5000
5001
5002
5003
5004
5005
5006
5007
5008
5009
5010
5011
5012
5013
5014
5015
5016
5017
5018
5019
5020
5021
5022
5023
5024
5025
5026
5027
5028
5029
5030
5031
5032
5033
5034
5035
5036
5037
5038
5039
5040
5041
5042
5043
5044
5045
5046
5047
5048
5049
5050
5051
5052
5053
5053
5055
5056
5057
5058
5059
5060
5061
5062
5063
5064
5065
5066
5067
5068
5069
5070
5071
5072
5073
5074
5075
5076
5077
5078
5079
5080
5081
5082
5083
5084
5085
5086
5087
5088
5089
5090
5091
5092
5093
5094
5095
5096
5097
5098
5099
5100
5101
5102
5103
5104
5105
5106
5107
5108
5109
5110
5111
5112
5113
5114
5115
5116
5117
5118
5119
5120
5121
5122
5123
5124
5125
5126
5127
5128
5129
5130
5131
5132
5133
5134
5135
5136
5137
5138
5139
5140
5141
5143
5143
5144
5142
5145
1576
5146
5149
5150
5151
5152
5153
5154
5155
5156
5157
5158
5159
5160
4603
5162
5163
5164
5165
5166
5167
5168
5170
5294
1581
5169
5174
5177
5173
5518
5518
1583
5179
5180
5181
5183
5183
1494
5185
5186
5187
4851
5189
5190
5191
5192
5193
5191
5196
5196
1578
5195
1586
1413
5227
4679
4757
4676
1444
1597
4730
1435
189
234
254
234
1588
5208
5231
5216
5217
5218
5219
5220
5221
5222
5224
4669
4671
4760
1426
1427
1593
5237
4718
5232
5233
5234
1410
2546
5256
1451
1431
5256
226
304
5262
4763
4764
4763
4762
5248
5249
5250
5251
5252
2378
2378
2377
2374
2377
2378
2378
1619
1619
2372
5352
5265
5324
5214
1411
5214
1460
5266
5269
1589
4736
5172
5275
5276
5277
5278
5279
5280
5281
5282
5283
5284
5285
5286
5287
5288
5289
5290
5291
5292
5293
5295
5295
5296
5308
5298
5299
5300
5301
1615
5597
1615
1352
5306
5307
5194
5309
5310
5311
5312
5313
5314
5315
5316
5317
5351
5353
5353
1403
5323
5348
1429
5325
5329
5326
1620
5486
5330
5331
5332
559
2252
5334
5336
5337
5338
5339
5340
2240
4598
5600
5712
5346
5346
4517
5347
5349
5350
4708
4708
4693
1424
5355
5356
5357
5358
5359
5360
5361
5362
5363
5364
5365
5366
5367
5368
5369
5370
5371
5372
5373
5374
4691
4692
4693
4693
1422
5380
5381
5382
5383
5384
5385
5386
5387
5389
5406
1333
5391
5392
5393
4610
1384
5396
5398
5398
5399
1637
5401
5404
5402
5417
1639
5403
5407
5408
5409
5410
5411
1640
5410
1380
4601
5335
5420
5342
1641
6126
5421
5422
5423
1642
5425
5428
1643
6130
5429
5430
5719
5432
5433
5434
5435
4514
1336
5436
5443
5442
1633
5438
5438
1646
1633
5446
5450
1648
5447
5592
5451
5452
1375
5454
5457
5455
5459
5449
4509
5460
5461
5462
5463
5464
5465
5455
4689
5456
5442
5444
5466
5467
5473
5474
5475
5477
5573
5478
5476
5480
5481
4687
5483
521
5485
5486
5487
5490
1653
5495
4538
5492
1348
5491
5494
1654
5497
5498
5499
1395
5501
197
197
4688
4688
5504
4654
1655
5508
1478
5532
5517
4783
4809
4774
1481
5534
4825
5519
5520
5521
5522
5523
5524
5525
5526
5527
606
5530
5532
261
5269
1460
4792
5535
5536
5537
5538
5539
5727
5727
4845
4885
4869
1505
5545
1658
5548
5549
5550
5551
5560
1687
4962
1516
5556
5557
5558
1509
4868
5561
1399
5563
5564
5565
5566
5567
5568
5569
5570
1363
5572
5574
5574
5575
5576
5577
5578
5579
5580
5581
5582
5583
5584
4554
5586
5587
1356
5589
5590
5591
5454
1649
5594
5595
5596
5596
5709
5709
5710
5599
5710
1378
5607
1669
5604
5608
5609
5611
1670
5327
1291
5613
5614
5615
5616
5617
5618
5619
5620
5623
5621
5623
5624
5625
5626
5627
5628
5629
5630
5631
5632
5633
5634
5635
5636
5637
5638
5639
5640
5641
5642
5643
5644
5645
5646
5647
5648
5649
5650
5651
5652
5653
5654
5655
5656
5657
5658
5659
5660
5661
5662
5663
5664
5665
5666
5667
5668
5669
5670
5671
5672
5673
5674
5675
5676
5677
5678
5679
5680
5681
5682
5683
5684
5685
5686
5687
5688
5689
5690
5691
5692
5693
5694
5695
5696
5697
5698
5699
5700
5701
5703
5711
5704
5705
5706
5707
5708
4597
4597
4548
6122
6122
4596
6123
6123
5717
5718
5719
4886
4891
1687
4844
1687
2246
1687
5730
5749
1689
5750
1689
5732
5733
5734
5735
5736
5737
5738
5739
5740
5741
5742
5743
5744
5745
4930
5747
5747
1522
4984
1532
5752
5753
5754
5755
5756
5757
5758
5759
5760
5761
5762
5763
5764
5765
5766
5767
5768
5769
5770
5771
5772
5773
5774
5775
5776
5777
5778
5779
5780
5781
5782
5783
5784
5785
5786
5787
5788
5789
5790
5791
5792
5793
5794
5795
5796
5797
5798
5799
5800
5801
5802
5803
5804
5805
5806
5807
5808
5809
5810
5811
5812
5813
5814
5815
5816
5817
5818
5819
5820
5821
5822
5823
5824
5825
5826
5827
5828
5829
5830
5831
5832
5833
5834
5835
5836
5837
5838
5839
5840
5841
5842
5843
5844
5845
5846
5847
5848
5849
5850
5851
5852
5853
5854
5855
5856
5857
5858
5859
5860
5861
5862
5863
5864
5865
5866
5867
5868
5869
5870
5871
5872
5873
5874
5875
5876
5877
5878
5879
4714
285
5882
5883
5884
5885
5886
5887
5888
5889
5890
5891
5892
5893
5894
5895
5896
5897
5898
5899
5900
5901
5902
5903
5904
5905
5906
5907
5908
5909
5910
5911
5912
5913
5914
5915
5916
5917
5918
5919
5920
5921
5922
5923
5924
5925
5926
5927
5928
5929
5930
5931
5932
5933
5934
5935
5936
5937
5938
5939
5940
5941
5942
5943
5944
5945
5946
5947
5948
5949
5950
5951
5952
5953
5954
5955
5956
5957
5958
5959
5960
5961
5962
5963
5964
5965
5966
5967
5968
5969
5970
5971
5972
5973
5974
5975
5976
4999
5978
5979
5980
5981
5982
5983
5984
5985
5986
5987
5988
5989
5990
5991
5992
5993
5994
5995
5996
5997
5998
5999
6000
6001
6002
6003
6004
6005
6006
6007
6008
6009
6010
6011
6012
6013
6014
6015
6016
6017
6018
6019
4716
6021
6022
6023
6024
6025
6026
6027
6028
6029
6030
6031
6032
6033
6034
6035
6036
6037
6038
6039
6040
6041
6042
6043
6044
6045
6046
6047
6048
6049
6050
6051
6052
6053
6054
6055
6056
6057
6058
6059
6060
6061
6062
6063
6064
6065
6066
6067
6068
6069
6070
6071
6072
6073
6074
6075
6076
6077
6078
6079
6080
6081
6082
6083
6084
6085
6086
6087
6088
6089
6090
6091
6092
6093
6094
6095
6096
6097
6098
6099
6100
6101
6102
6103
6104
6105
6106
6107
6108
6109
6110
6111
6112
6113
6114
6115
1487
6117
6118
6119
6120
6121
4650
1400
4960
558
5601
1391
5415
4601
5413
4734
6132
6133
6134
6135
4766
1401
680
6139
5351
6141
6142
6143
6144
6145
6146
2542
5716
1500
2247
4873
6152
6153
6154
6155
6156
6157
6158
6159
380
6124
6162
6163
6164
6165
6166
6167
6168
6169
6170
6171
6172
6173
6174
6175
6176
6177
6178
6179
6180
6181
6182
2171
6184
2576
6186
6187
6188
6189
6190
6191
3192
6193
6194
6195
6196
6238
6198
6199
6200
6201
6202
6203
6238
6205
6206
6207
3974
6209
6210
6211
6240
6213
6214
6215
6216
6217
6218
6219
6220
6221
6222
6223
6224
6225
6226
6227
6228
6229
6230
6231
6232
6233
6234
6216
6215
6237
6238
6239
6240
6241
6242
6243
6244
6245
6246
6247
6248
6249
6250
6251
6252
6253
6254
6255
6256
6257
6258
6259
6260
6261
6262
6263
6264
6265
6266
6267
6268
6269
6270
6271
6272
6273
6274
6275
6276
6277
6278
6279
6280
6281
6282
6283
6284
6285
6286
6287
6288
6289
6290
6291
