161
162
95
3
4
104
351
106
155
133
57
63
132
13
14
15
56
60
83
19
20
47
93
23
24
25
26
27
2950
2952
112
116
3479
3446
34
35
36
136
38
1970
164
41
42
168
37
162
37
45
48
49
50
51
48
40
40
53
165
55
9
57
16
17
2927
18
17
68
65
12
73
69
70
71
72
74
131
75
76
76
80
78
165
79
81
82
45
46
1
91
88
89
92
2
94
23
94
3
96
922
98
99
100
101
102
3016
27
3016
2151
103
2151
2952
28
106
110
110
115
7
8
114
119
8
4129
118
3479
3477
3477
63
65
127
77
128
130
129
34
134
156
137
36
137
135
139
140
144
141
39
144
145
146
145
1811
107
150
151
52
152
154
3022
163
157
158
159
160
138
147
149
35
165
166
167
168
169
169
238
218
173
174
268
176
276
281
285
288
231
232
244
222
241
330
225
228
188
249
191
258
193
194
195
196
2224
562
4755
199
1476
290
293
235
301
206
207
208
320
2224
305
329
214
341
217
217
332
218
223
223
222
185
4805
304
211
227
304
180
226
228
289
230
188
4725
4722
189
189
237
234
186
330
241
186
253
252
190
240
242
250
336
187
187
229
229
215
172
216
5209
259
260
261
262
263
264
265
266
267
268
269
270
269
175
269
277
274
4753
4815
562
199
276
279
1448
5319
178
5263
5319
5260
179
287
201
289
291
202
181
5241
292
5211
204
242
248
190
190
302
179
4711
303
307
205
309
300
310
313
311
2224
313
316
317
318
275
4813
1467
322
212
337
324
1446
4714
321
209
206
311
183
333
334
334
335
209
340
214
198
198
2688
1781
3670
1785
2704
347
1791
1085
2880
2953
47
2937
20
46
3710
357
358
359
1807
361
351
1819
364
3030
3019
1973
25
376
1841
1830
1838
2841
1839
1840
377
3581
1841
379
3959
381
382
1857
1831
27
26
387
388
389
390
391
392
393
394
395
396
397
398
399
400
401
402
403
404
405
406
407
408
409
410
411
412
413
414
415
416
417
418
419
2020
4392
422
423
424
425
918
2976
428
3048
430
431
432
433
434
435
436
437
438
439
2010
2765
1855
2767
3090
1849
2742
447
448
449
450
451
452
453
454
455
456
457
458
459
460
461
462
463
464
465
466
467
468
469
470
471
472
473
474
475
476
477
478
479
480
481
482
483
484
485
486
487
488
489
490
491
492
493
494
495
2835
497
2132
3767
2811
2910
502
3712
504
505
506
507
508
509
510
2160
2158
2847
514
515
516
517
4496
519
520
2182
522
4515
2185
1604
5202
527
528
258
191
2196
4732
5470
534
535
536
537
538
539
540
541
542
1470
2388
196
4567
4567
4878
2240
4641
4568
2239
1627
5344
4567
4960
5715
6125
5333
549
549
562
563
564
565
566
567
568
569
570
571
572
573
574
575
576
577
578
579
580
581
582
583
584
585
586
587
588
589
590
591
592
593
594
595
596
597
598
599
600
601
1451
603
604
605
606
2398
4870
609
610
611
612
613
614
615
616
617
2427
549
4567
4568
556
622
624
625
626
627
628
629
630
631
632
633
634
635
636
637
638
639
640
641
642
643
644
645
646
647
648
649
650
651
652
653
654
655
656
657
658
659
660
661
662
663
664
665
666
667
668
669
670
671
672
673
674
4632
2539
677
5524
4626
680
681
5472
4704
684
685
686
687
688
2564
4646
2566
692
693
2574
695
696
697
698
699
700
701
702
703
704
705
706
707
708
709
710
711
712
713
714
715
716
717
718
719
720
721
722
723
724
725
726
727
728
729
730
731
732
733
734
735
736
737
738
739
740
741
742
743
744
745
746
747
748
749
2673
2675
752
2679
754
2682
2684
757
2689
2691
760
761
762
763
2714
2699
2701
2715
3667
2706
770
771
772
773
774
775
2719
777
778
779
780
781
782
783
2740
785
786
787
2737
3674
2744
791
792
793
794
795
796
797
798
799
2760
3634
3846
2769
804
805
2774
807
808
809
810
811
812
3377
2787
2789
3766
817
818
819
820
3583
2797
823
824
825
826
827
2809
2820
2822
831
3816
833
834
835
836
2833
4382
839
2838
3740
842
1854
1840
845
846
848
3749
849
850
851
2862
853
854
855
856
2140
2870
3449
3450
2879
2877
863
864
865
3623
3628
2889
2891
870
871
2896
873
2869
2900
876
877
1948
1950
879
878
882
2929
47
86
886
2940
2997
3757
1983
3592
2952
3618
63
895
115
2149
2952
2950
900
901
902
2969
2967
2973
3041
2975
3508
909
2996
2949
2945
913
151
904
916
51
2986
906
920
93
24
23
112
925
926
927
349
3032
2978
3039
3044
3048
3050
940
936
938
1063
3060
945
3077
942
943
1852
3415
3152
377
3969
948
3965
3097
952
953
970
968
962
957
958
3050
960
961
965
3148
964
3121
3123
969
3136
3137
3152
971
972
973
973
3175
3177
3105
3111
3113
980
3179
3164
983
2175
3183
3185
987
988
3194
990
991
992
993
994
995
996
997
998
999
1000
1001
1002
1003
1004
1005
1006
1007
1008
1009
1010
1011
1012
1013
1014
1015
1016
1017
1018
1019
1020
1021
1022
1023
1024
1025
1026
1027
1028
1029
1030
1031
1032
1033
1034
1035
1036
1037
1038
1039
1040
1041
1042
1043
3370
1045
3389
3393
3392
3376
3381
3394
1052
1053
350
3434
1056
1057
1058
1059
1060
3410
3414
3421
3426
1065
3460
3463
3446
3444
3443
1071
1072
1073
1074
1075
1076
1077
3479
1079
1080
1082
1956
116
1084
3504
1086
1087
1088
1089
1090
1091
1092
1093
1094
1095
1096
1097
1098
1099
1100
3571
1102
3647
1104
1105
1106
1107
1108
1109
1110
1111
1112
3616
1114
1115
1116
1117
3814
1119
1120
1121
1122
1123
1124
1125
3677
3682
1128
1129
1130
3708
3718
1133
1134
3759
1136
1137
1138
1139
1140
1141
1142
1143
1144
1145
1146
3845
1148
1149
1150
1151
1152
1153
1154
1155
1156
1157
1158
1159
1160
1161
1162
1163
1164
3048
3972
1167
1168
1169
1170
1171
1172
1173
1174
1175
1176
1177
1178
1179
1180
1181
1182
1183
1184
1185
1186
1187
1188
1189
1190
1191
1192
1193
1194
1195
1196
1197
1198
1199
1200
1201
1202
1203
1204
1205
1206
1207
1208
1209
1210
1211
1212
1213
1214
1215
1216
1217
1218
1219
1220
1221
1222
1223
1224
1225
1226
1227
1228
1229
1230
1231
1232
1233
1234
1235
1236
1237
1238
1239
1240
1241
1242
1243
1244
1245
1246
1247
1248
1249
1250
1251
1252
1253
1254
1255
1256
1257
1258
1259
1260
1261
1262
1263
1264
1265
1266
1267
1268
1269
1270
1271
1272
1273
1274
1275
1276
1277
1278
1279
1280
1281
1282
1283
1284
1285
1286
1287
1288
1289
1290
4433
1292
1293
1294
1295
1296
1297
1298
1299
1300
1301
1302
1303
1304
1305
1306
1307
1308
1309
1310
1311
1312
1313
1314
1315
1316
1317
1318
1319
1320
1321
1322
1323
4493
4495
1326
1327
1328
1329
5391
1331
1332
4508
4510
5427
4513
1337
1338
5419
1340
1341
4526
1343
1344
1345
1346
1347
1348
1349
1350
1351
1352
1353
1354
5304
4553
5167
1358
1359
5395
4563
5600
4574
4573
1365
4577
1367
1368
1369
4585
5155
5522
4590
5159
1375
5465
4595
4597
5342
4601
1381
1382
1383
1386
4622
4623
1387
5572
1389
1390
6128
1392
4637
5499
5500
1395
4642
2239
1399
4650
2547
1402
1403
1404
1405
1406
1407
1408
1409
1410
5213
4676
4759
4758
1415
1416
1417
5387
4687
4689
5390
4692
1423
1424
1425
4699
4668
5265
1429
5238
1595
5237
5240
4746
4746
192
192
1438
1439
1440
2391
1442
1443
4724
1430
5255
4755
199
1449
5246
2375
4763
4766
4768
4773
4784
4775
4790
1459
5272
5514
1437
4748
1464
1465
1466
1467
4786
1469
4810
1471
2224
193
195
194
1476
525
1478
1479
1480
4792
4842
4843
546
1489
1486
6116
4872
1494
2251
4867
2252
4876
5184
553
4883
1497
4886
1513
4890
1501
1510
4925
1507
4945
1506
1508
4914
5332
4927
1511
4956
1512
4941
1515
5554
4961
4904
4908
1520
4965
4952
1523
6185
4970
4969
1527
1528
1529
1530
4979
1532
6182
1534
1535
1536
1537
1538
1539
1540
1541
1542
1543
1544
1545
1546
1547
1548
1549
1550
1551
1552
1553
1554
1555
1556
1557
1558
1559
1560
1561
1562
1563
1564
1565
1566
1567
1568
1569
1570
1571
1572
1573
1574
1575
1576
1577
5151
1579
5166
5196
5198
1583
1584
5225
5227
235
5231
5205
1590
1591
291
5247
1594
1452
5240
293
1598
1599
5257
602
290
1603
5268
1605
1606
1607
1608
1609
1610
1611
1612
1613
1614
5328
1616
1617
1618
1619
1620
1621
5335
1623
1624
1625
5420
5601
1628
1629
1630
1631
1632
5376
1634
1635
1636
5570
1638
5404
1640
1641
1642
1643
1644
1645
5437
5444
1648
1649
5461
5467
5478
1653
1654
5517
2386
1657
5542
1659
1660
1661
1662
1663
1664
1665
1666
1667
5599
5610
5612
1671
1672
5625
5646
1675
1676
1677
1678
1679
1680
1681
1682
1683
1684
5714
4843
5728
1688
5751
1690
1691
1692
1693
1694
1695
1696
1697
1698
1699
1700
1701
1702
1703
1704
1705
1706
1707
1708
1709
1710
1711
1712
1713
1714
1715
1716
1717
1718
1719
1720
1721
1722
1723
1724
1725
1726
1727
1728
1729
1730
1731
1732
1733
1734
1735
1736
1737
1738
1739
1740
1741
1742
1743
1744
1745
1746
1747
1748
1749
1750
1751
1752
1753
1754
1755
1756
1757
1758
1759
1760
1761
1762
1763
1764
1765
1766
1767
1768
1769
1770
1771
1772
1773
1774
1775
1776
1777
1778
1779
1780
3738
342
344
3738
1787
346
3729
1788
346
1789
346
3506
3505
3439
1793
3507
45
1977
1
46
45
1802
1803
1804
1805
1806
1807
1806
1809
1810
3684
3684
151
3684
2953
1818
1816
1818
365
366
2153
23
1820
1974
1841
3154
1841
3154
2843
4402
1838
375
1832
1839
1839
1839
377
377
3581
3580
1843
1841
1843
1841
1845
1846
2014
1848
379
1851
1851
382
1850
381
947
947
947
1831
1859
1860
1861
1862
1863
1864
1865
1866
1867
1868
1869
1870
1871
1872
1873
1874
1875
1876
1877
1878
1879
1880
1881
1882
1883
1884
1885
1886
1887
1888
1889
1890
1891
1892
1893
1894
1895
1896
1897
1898
1899
1900
1901
1902
1903
1904
1905
1906
1907
1908
1909
1910
1911
1912
1913
1914
1915
1916
1917
1918
1919
1920
1921
1922
1923
1924
1925
1926
1927
1928
1929
1930
1931
1932
1933
1934
1935
1936
1937
1938
1939
1940
1941
1942
1943
1944
1945
1949
1946
1948
1949
1076
1953
1951
2021
1954
1955
1956
1954
4392
1959
1960
1961
1962
1963
1964
1965
1966
1967
1968
1969
39
141
1972
907
2989
1976
2977
1823
2942
89
1984
1984
1981
889
2998
1985
1986
1987
1989
371
373
429
1992
1993
1994
1995
1996
1997
1998
1999
2000
2001
2002
2003
2004
2005
2006
2007
2008
2009
374
374
3081
1855
3155
443
2017
3089
2018
2021
446
3668
2022
2023
2024
2025
2026
2027
2028
2029
2030
2031
2032
2033
2034
2035
2036
2037
2038
2039
2040
2041
2042
2043
2044
2045
2046
2047
2048
2049
2050
2051
2052
2053
2054
2055
2056
2057
2058
2059
2060
2061
2062
2063
2064
2065
2066
2067
2068
2069
2070
2071
2072
2073
2074
2075
2076
2077
2078
2079
2080
2081
2082
2083
2084
2085
2086
2087
2088
2089
2090
2091
2092
2093
2094
2095
2096
2097
2098
2099
2100
2101
2102
2103
2104
2105
2106
2107
2108
2109
2110
2111
2112
2113
2114
2115
2116
2117
2118
2119
2120
2121
2122
2123
2124
2125
2126
2127
2131
2129
2131
4401
2135
2135
500
2823
2136
2137
2138
2139
2140
2141
2142
2143
2144
2145
2146
2147
2148
2950
2151
2950
2151
2154
2154
922
3019
513
2157
2157
2160
2161
2162
2163
2164
2165
2166
2167
2168
2169
2170
2171
2172
2173
2174
2175
2176
2178
5497
2179
2180
2183
522
5488
2181
2184
523
521
5270
1412
5271
2188
5200
215
216
172
217
5209
2198
2199
2200
2201
2202
2203
2204
2205
2206
2210
2208
1467
2210
2211
2212
2213
2214
2215
2559
266
2559
2562
2220
2221
2222
313
2224
2225
4567
4567
4567
4567
2241
2240
554
4644
552
4567
4567
553
5344
5344
5344
553
2244
4568
2244
2244
2247
6124
556
2246
2426
5334
5334
5333
559
6125
4570
549
4570
4570
2260
2261
2262
2263
2264
2265
2266
2267
2268
2269
2270
2271
2272
2273
2274
2275
2276
2277
2278
2279
2280
2281
2282
2283
2284
2285
2286
2287
2288
2289
2290
2291
2292
2293
2294
2295
2296
2297
2298
2299
2300
2301
2302
2303
2304
2305
2306
2307
2308
2309
2310
2311
2312
2313
2314
2315
2316
2317
2318
2319
2320
2321
2322
2323
2324
2325
2326
2327
2328
2329
2330
2331
2332
2333
2334
2335
2336
2337
2338
2339
2340
2341
2342
2343
2344
2345
2346
2347
2348
2349
2350
2351
2352
2353
2354
2355
2356
2357
2358
2359
2360
2364
2361
5240
5240
1452
2366
2367
2368
2370
5318
2371
2370
1451
2374
2375
2376
2377
2378
2379
2380
2381
2382
2383
4818
2383
544
2195
531
262
2390
1439
2392
2393
2394
2395
2396
2397
2233
4869
550
4881
2402
2403
2404
2405
2406
2407
2408
2409
2410
2411
2412
2413
2414
2415
2416
2417
2418
2419
621
2424
4570
4569
4567
4568
1362
4569
4568
2246
2248
2249
2432
2433
2434
2435
2436
2437
2438
2439
2440
2441
2442
2443
2444
2445
2446
2447
2448
2449
2450
2451
2452
2453
2454
2455
2456
2457
2458
2459
2460
2461
2462
2463
2464
2465
2466
2467
2468
2469
2470
2471
2472
2473
2474
2475
2476
2477
2478
2479
2480
2481
2482
2483
2484
2485
2486
2487
2488
2489
2490
2491
2492
2493
2494
2495
2496
2497
2498
2499
2500
2501
2502
2503
2504
2505
2506
2507
2508
2509
2510
2511
2512
2513
2514
2515
2516
2517
2518
2519
2520
2521
2522
2523
2524
2525
2526
2527
2528
2529
2530
2531
2532
2533
2534
675
6147
2535
6127
2540
4625
679
678
2544
4703
2545
2546
683
2549
2549
2550
2551
2552
2553
2554
2555
4753
2557
2558
2561
270
4816
1470
2564
5477
690
689
2567
2568
2569
2570
2571
2571
2573
2574
2575
2576
2577
2578
2553
2580
2579
2582
2583
2584
2585
2586
2550
2588
2589
2590
2591
2592
2593
2594
2595
2596
2597
2598
2599
2600
2601
2602
2603
2604
2605
2606
2607
2608
2609
2610
2611
2612
2613
2614
2615
2616
2617
2618
2619
2620
2621
2622
2623
2624
2625
2626
2627
2628
2629
2630
2631
2632
2633
2634
2635
2636
2637
2638
2639
2640
2641
2642
2643
2644
2645
2646
2647
2648
2649
2650
2651
2652
2653
2654
2655
2656
2657
2658
2659
2660
2661
2662
2663
2664
2665
2666
2667
2668
2669
2670
2671
2672
2673
2672
2675
2676
2677
2677
754
2680
2685
749
2681
757
2685
2674
2686
751
750
2687
758
2690
2693
2694
2695
2696
2697
2702
764
2698
767
2712
2707
768
2703
765
3665
2708
2709
2710
2711
2712
2713
2714
2715
2716
2717
2718
2719
2720
2721
2722
2723
2724
2725
2726
2727
2728
2739
2730
2731
2732
2733
2734
2736
3685
787
2735
2738
788
2745
789
2741
2744
2745
2746
2747
2748
3540
2750
2751
2752
2753
2754
2755
2756
2757
2758
2759
498
2130
2763
2134
3846
2767
2767
3846
2768
510
2770
2768
2772
2773
807
2775
2776
2777
2778
2779
2780
2781
2784
2784
3769
2785
2790
813
2786
816
3764
2791
2792
2793
2794
2795
2799
821
2796
3580
2800
2801
2802
2803
2804
2805
2806
2807
830
2820
2822
2824
2808
2813
2814
2815
2816
2817
2818
2819
2159
2845
512
832
3640
3768
2826
2827
2828
2829
2830
2831
2832
838
2834
812
2839
2837
841
3739
2840
2844
2841
1840
2798
2845
2845
2847
2848
2849
2850
2851
2854
848
3748
2852
2856
2857
2858
2859
2860
2860
853
2863
2864
2865
2866
2867
2868
857
857
2870
2140
2873
2874
2875
2876
2878
3449
860
2879
2878
2882
2883
2884
2885
2886
2888
3627
867
2887
3625
2893
2893
2894
2892
348
2897
2898
2899
504
2901
2872
2903
2904
2905
2906
2911
2908
2907
871
2911
2914
1081
3491
2923
2912
2921
1947
2922
9
1946
1950
1948
2925
2930
63
2927
2930
33
2930
65
2932
46
65
2936
2938
887
2938
2939
886
47
2943
3756
2939
86
2946
2947
2948
882
2951
3617
891
893
2151
2151
2952
2151
2961
2959
2902
2961
2962
2963
2964
2965
2970
356
2966
503
3711
2974
2971
932
3747
363
2979
2978
363
3041
2968
2967
2982
903
2985
3041
905
2985
2985
2979
2975
2976
2992
2995
360
2995
930
2977
3037
3001
2999
3448
3003
3757
3002
49
3006
49
2984
2987
906
918
41
151
42
103
3016
24
101
2976
898
898
2955
3023
3024
3025
3772
3027
3031
3028
3030
2695
869
3033
3034
1817
3036
3035
3038
909
3038
3042
3043
3029
929
934
3785
3050
3048
3081
1842
3417
935
3051
3419
3418
3059
3056
3075
3074
941
3063
3062
3078
3064
3057
939
3067
3070
3069
3070
3071
3787
843
3076
945
4405
946
3079
3079
1837
377
377
1840
371
371
3969
3966
3964
3084
950
3091
4403
3093
3094
3132
3095
3133
3134
3129
3100
3116
3102
3103
3115
1841
1827
3107
3106
3110
3110
961
3109
6235
3149
3150
3120
963
2855
3119
3118
847
3122
834
3124
3127
967
3130
3130
968
3135
969
3134
970
4405
3135
3415
3137
3990
3151
3139
3142
3142
3141
3144
3145
3146
3147
964
3120
965
3151
3152
3153
377
2764
377
1839
376
2765
3081
1855
3163
3181
3164
3162
4405
3152
3168
3169
3170
3171
3172
3173
3153
973
3174
933
3181
980
3178
3181
3176
975
3182
976
3186
3187
3188
3112
978
3191
979
3180
981
3193
3165
3197
3198
3199
3200
3201
3202
3203
3204
3205
3206
3207
3208
3209
3210
3211
3212
3213
3214
3215
3216
3217
3218
3219
3220
3221
3222
3223
3224
3225
3226
3227
3228
3229
3230
3231
3232
3233
3234
3235
3236
3237
3238
3239
3240
3241
3242
3243
3244
3245
3246
3247
3248
3249
3250
3251
3252
3253
3254
3255
3256
3257
3258
3259
3260
3261
3262
3263
3264
3265
3266
3267
3268
3269
3270
3271
3272
3273
3274
3275
3276
3277
3278
3279
3280
3281
3282
3283
3284
3285
3286
3287
3288
3289
3290
3291
3292
3293
3294
3295
3296
3297
3298
3299
3300
3301
3302
3303
3304
3305
3306
3307
3308
3309
3310
3311
3312
3313
3314
3315
3316
3317
3318
3319
3320
3321
3322
3323
3324
3325
3326
3327
3328
3329
3330
3331
3332
3333
3334
3335
3336
3337
3338
3339
3340
3341
3342
3343
3344
3345
3346
3347
3348
3349
3350
3351
3352
3353
3354
3355
3356
3357
3358
3359
3360
3361
3362
3363
3364
3365
3366
3367
3368
2861
852
3369
3372
3389
3374
3375
3378
1047
3378
3378
3376
3380
3380
3381
3384
3385
3386
3387
3388
814
814
3383
3392
3393
3394
3392
3399
3397
1054
3431
1055
3401
3402
3403
3404
3405
3406
3407
3408
3412
3410
3409
3412
3135
3137
3415
3413
3420
3416
1063
3416
1062
3053
937
3411
3424
1061
3427
3428
3429
3430
3433
1066
3459
1044
3437
3440
3464
861
2877
3462
3000
3441
912
911
65
63
127
3448
3442
1069
1070
3452
3453
3454
3455
3456
3457
3458
3461
858
3471
874
874
2871
3465
4267
3467
3468
3469
3470
3472
857
3473
3474
3475
3476
2927
3477
58
3480
3481
3482
3483
3484
3485
3486
3487
3488
3491
1082
3495
3492
3493
3494
3495
114
115
119
114
3500
3501
859
3504
3451
859
2881
3502
3509
4385
1795
3511
3512
3513
3514
3515
3516
3517
3518
3519
3520
3521
3522
3523
3524
3525
3526
3527
3528
3529
3530
3533
3532
3534
3371
3535
3536
3537
3538
3539
3543
790
1096
3841
3544
3545
3546
3547
3548
3549
3550
3551
3552
3553
3554
3555
1955
2955
110
3559
3560
3561
3562
3563
3564
3565
3566
3567
3568
2828
3569
835
3572
3573
3574
3575
3660
3577
3578
1103
3582
1106
3582
1107
3584
3585
3586
3587
3588
3589
3592
891
501
3593
3594
3595
3596
3597
3598
3599
3600
3601
3602
3603
3604
3605
3606
3607
3608
3609
3610
3611
3612
3613
2895
3614
872
3615
1113
3619
3620
3621
3622
801
2762
3626
3626
3629
766
2761
3630
3631
3632
2812
828
3635
3636
3637
3635
3638
3815
3641
3642
3643
3641
3645
2802
824
3646
3649
3650
3651
3652
3655
3653
4383
3656
3657
3658
3659
3387
3661
3662
3663
3664
3666
4384
1123
3669
3963
753
3671
3672
3673
1125
2705
3675
769
3679
3709
3678
3676
1126
3681
3680
3685
3686
3687
3688
3689
3690
3691
3692
3693
3694
3696
3699
3695
3698
2700
3700
3700
3702
3703
3704
3705
3697
3706
868
3683
1127
3707
1131
3713
3714
3715
3716
3717
3718
3716
3720
3721
761
3723
3724
3725
3726
3727
3728
3730
3736
3731
3732
3733
3734
3735
3736
3737
2678
3701
755
3741
3742
3744
3744
2890
3745
3746
2683
756
3750
3751
1135
3753
3754
2977
2996
3037
3758
931
3760
3761
3762
3763
3765
3770
1132
804
2771
3769
3770
3771
3775
3775
910
3503
908
2993
3778
3779
3780
3654
3782
1842
3784
3783
375
2844
3788
3789
3790
3791
3792
3793
3794
3795
3046
3796
3798
3799
3800
3801
3570
3803
3804
3805
3806
3806
3808
2788
3810
3811
3812
3813
3814
2769
803
3719
3817
3818
3820
3821
3822
3823
3824
3825
3826
3827
3828
3829
3830
3831
3832
3833
3834
3835
3836
3837
3838
3839
3840
3841
3842
3843
3844
3845
3844
1147
3848
3849
3850
3851
3852
3853
3854
3855
3856
3857
3858
3859
3860
3861
3862
3863
3864
3865
3866
3867
3868
3869
3870
3871
3872
3873
3874
3875
3876
3877
3878
3879
3880
3881
3882
3883
3884
3885
3886
3887
3888
3889
3890
3891
3892
3893
3894
3895
3896
3897
3898
3899
3900
3901
3902
3903
3904
3905
3906
3907
3908
3909
3910
3911
3912
3913
3914
3915
3916
3917
3918
3919
3920
3921
3922
3923
3924
3925
3926
3927
3928
3929
3930
3931
3932
3933
3934
3935
3936
3937
3938
3939
3940
3941
3942
3943
3944
3945
3946
3954
3948
3949
3950
3951
3952
3953
2743
3953
3956
3847
802
2764
3958
3961
3962
3962
3085
3086
934
3050
934
3048
934
3971
3972
3973
3974
3975
3976
3977
3978
3979
3980
3981
3982
3983
3984
3985
3986
3987
3988
3989
3151
3153
3992
3992
3994
3995
3996
3997
3998
3999
4000
4001
4002
4003
4004
4005
4006
4007
4008
4009
4010
4011
4012
4013
4014
4015
4016
4017
4018
4019
4020
4021
4022
4023
4024
4025
4026
4027
4028
4029
4030
4031
4032
4033
4034
4035
4036
4037
4038
4039
4040
4041
4042
4043
4044
4045
4046
4047
4048
4049
4050
4051
4052
4053
4054
4055
4056
4057
4058
4059
4060
4061
4062
4063
4064
4065
4066
4067
4068
4069
4070
4071
4072
4073
4074
4075
4076
4077
4078
4079
4080
4081
4082
4083
4084
4085
4086
4087
4088
4089
4090
4091
4092
4093
4094
4095
4096
4097
4098
4099
4100
4101
4102
4103
4104
4105
4106
4107
4108
4109
4110
4111
4112
4113
4114
4115
4116
4117
4118
4119
4120
4121
4122
4123
4124
4125
4126
4127
4128
9
118
4131
4132
4133
4134
4135
4136
4137
4138
4139
4140
4141
4142
4143
4144
4145
4146
4147
4148
4149
4150
4151
4152
4153
4154
4155
4156
4157
4158
4159
4160
4161
4162
4163
4164
4165
4166
4167
4168
4169
4170
4171
4172
4173
4174
4175
4176
4177
4178
4179
4180
4181
4182
4183
4184
4185
4186
4187
4188
4189
4190
4191
4192
4193
4194
4195
4196
4197
4198
4199
4200
4201
4202
4203
4204
4205
4206
4207
4208
4209
4210
4211
4212
4213
4214
4215
4216
4217
4218
4219
4220
4221
4222
4223
4224
4225
4226
4227
4228
4229
4230
4231
4232
4233
4234
4235
4236
4237
4238
4239
4240
4241
4242
4243
4244
4245
4246
4247
4248
4249
4250
4251
4252
4253
4254
4255
4256
4257
4258
4259
4260
4261
4262
4263
4264
4265
4266
2948
4268
4269
4270
4271
4272
4273
4274
4275
4276
4277
4278
4279
4280
4281
4282
4283
4284
4285
4286
4287
4288
4289
4290
4291
4292
4293
4294
4295
4296
4297
4298
4299
4300
4301
4302
4303
4304
4305
4306
4307
4308
4309
4310
4311
4312
4313
4314
4315
4316
4317
4318
4319
4320
4321
4322
4323
4324
4325
4326
4327
4328
4329
4330
4331
4332
4333
4334
4335
4336
4337
4338
4339
4340
4341
4342
4343
4344
4345
4346
4347
4348
4349
4350
4351
4352
4353
4354
4355
4356
4357
4358
4359
4360
4361
4362
4363
4364
4365
4366
4367
4368
4369
4370
4371
381
4373
4374
4375
4376
4377
4378
4379
4380
4381
1119
3659
4384
4385
4386
4387
4388
4389
2972
4391
891
4393
898
4395
4396
4397
4398
4399
4400
499
377
3140
3081
4405
4406
4407
4408
4409
4410
4411
4412
4413
4414
4415
4416
4417
4418
4419
4420
4421
4422
4423
4424
4425
4426
4427
4428
4429
4430
4431
4432
1292
4434
4435
4436
4437
4438
4439
4440
4441
4442
4443
4444
4445
4446
4447
4448
4449
4450
4451
4452
4453
4454
4455
4456
4457
4458
4459
4460
4461
4462
4463
4464
4465
4466
4467
4468
4469
4470
4471
4472
4473
4474
4475
4476
4477
4478
4479
4480
4481
4482
4483
4484
4485
4486
4487
4488
4489
4491
4491
4490
1318
4484
1321
1320
4494
4498
4499
1325
4501
4502
4503
4504
4505
4507
4507
1332
4506
1331
4512
5426
1334
4511
1335
4516
4516
4518
4519
4520
1339
4522
4523
4524
4525
776
4527
4528
4529
4530
4531
4532
4533
4534
4535
4536
4537
4538
4539
4540
4543
4541
4543
4542
4545
4546
4547
4548
4549
4552
4551
5302
1355
4554
4555
4556
4557
4558
5563
4560
4561
1357
2536
2541
4564
677
5602
5600
5602
5602
2581
4571
4573
696
4575
4576
4577
4575
4579
4580
4581
4582
4583
4578
1367
1366
4586
1371
5158
1372
4588
5156
4594
5717
1376
4593
1375
4599
5341
4598
1379
4602
4603
4604
4605
4606
4607
4608
1385
1385
4626
4621
4623
4614
4615
4616
4617
4618
4619
4620
2565
691
690
1388
5526
1637
4627
4628
4629
4630
4631
1370
4633
1391
4635
4638
1394
5498
1395
4636
4642
4600
2239
552
4646
4646
1399
4651
4648
1377
5501
4654
4654
5507
4655
4656
4657
5321
4659
4660
4661
4662
4663
4664
4665
4666
4667
4668
4669
4670
4669
4672
4673
4674
4675
4679
4680
1413
4757
1414
4681
4682
4683
4684
4685
4690
1418
4686
1421
5388
4695
524
4691
4694
5484
4696
4697
4698
684
1425
4670
4702
4705
1428
5264
4706
4707
4708
4709
4710
5259
2365
5258
2373
5253
2362
291
2361
289
2361
5238
5240
2363
1596
4722
4728
1596
1596
4746
1435
1434
4726
4730
532
4734
2193
4737
192
4739
4737
4735
4742
4740
1437
4743
1593
4748
1593
4749
4750
4751
4752
199
4754
1448
279
1426
4760
4701
4700
4761
4762
4763
4764
4769
682
4765
533
5471
4772
4770
5506
1482
4774
1456
4776
4777
4778
4767
1453
4779
1454
4783
4784
4783
4786
1455
4785
4788
1468
4791
4793
5273
4794
4795
5513
4797
4747
1463
4747
4801
1441
4803
4804
4805
1471
4807
4808
4807
4810
329
214
4813
4814
4815
4816
269
4809
6140
2369
4821
4822
1477
5529
4825
4826
1419
5482
4829
4830
4831
4832
4833
4834
4835
4836
4837
4838
4840
4841
4830
1479
548
5723
2235
5541
4570
4570
5185
5186
4849
1485
4855
1488
4871
4874
4853
6117
2254
4859
1492
4857
4863
4866
4868
558
1509
4868
1397
559
4873
1493
6151
1494
2399
607
553
2238
553
4568
548
4882
1497
548
2431
2430
4885
4957
4934
1499
4888
4894
1502
4924
4895
6119
4909
4898
4910
4911
4569
4570
2428
694
4906
4906
4905
1506
4939
4937
4913
4653
4912
1396
4915
4916
4917
4919
4921
4921
4926
1510
4924
4953
1511
4926
4927
4930
4928
607
4959
4959
4956
4932
4936
4955
1508
4936
4913
4844
1483
4940
4568
553
4568
4567
4570
549
4949
4950
4949
1515
4953
4940
4640
1393
4931
4933
4649
1400
1483
5553
4962
4941
1514
1514
4964
4966
1516
5555
4969
4963
2572
4974
4975
4907
4977
1519
1517
4972
4967
4951
4983
4984
4985
4986
4987
4988
4989
4990
4991
4992
4993
4994
4995
4996
4997
4998
4999
5000
5001
5002
5003
5004
5005
5006
5007
5008
5009
5010
5011
5012
5013
5014
5015
5016
5017
5018
5019
5020
5021
5022
5023
5024
5025
5026
5027
5028
5029
5030
5031
5032
5033
5034
5035
5036
5037
5038
5039
5040
5041
5042
5043
5044
5045
5046
5047
5048
5049
5050
5051
5052
5053
5053
5055
5056
5057
5058
5059
5060
5061
5062
5063
5064
5065
5066
5067
5068
5069
5070
5071
5072
5073
5074
5075
5076
5077
5078
5079
5080
5081
5082
5083
5084
5085
5086
5087
5088
5089
5090
5091
5092
5093
5094
5095
5096
5097
5098
5099
5100
5101
5102
5103
5104
5105
5106
5107
5108
5109
5110
5111
5112
5113
5114
5115
5116
5117
5118
5119
5120
5121
5122
5123
5124
5125
5126
5127
5128
5129
5130
5131
5132
5133
5134
5135
5136
5137
5138
5139
5140
5141
5142
5143
5144
5145
5146
5147
5148
4663
5149
1406
5152
5153
3391
1048
3379
1048
5157
1049
3382
5161
5162
5163
1050
1374
3395
1051
5166
5171
5170
5195
1582
5173
5174
5175
5176
5177
5178
5179
5180
5179
4926
4926
4927
5187
5183
5183
4851
5181
5189
5191
5192
5193
5194
5197
1578
5223
1585
5201
1586
5228
5203
5226
4678
5206
5231
4744
1588
5211
204
4727
1434
5215
5208
5229
5216
5217
5218
5219
5220
5221
5222
5224
5224
1409
1427
4671
1409
1450
5246
5230
5232
5233
5234
5235
5236
5240
1452
5247
4763
181
291
292
5245
5245
1598
5247
5248
5249
5250
5251
5252
5256
4762
602
4762
1451
4762
4762
285
201
1430
283
4764
5265
1411
1411
5214
5268
4677
5266
1589
6131
2191
5275
5276
5277
5278
5279
5280
5281
5282
5283
5284
5285
5286
5287
5288
5289
5290
5291
5292
5293
5294
5296
5150
5297
5298
5299
5300
5301
5303
5597
1615
1352
5306
5307
5308
5309
5310
5311
5312
5313
5314
5315
5316
5317
2378
5319
5319
5321
5322
5323
5324
5325
5329
5326
5328
5329
5330
5331
5332
5333
5334
1380
5336
5337
5338
5339
5340
5343
1626
6126
1627
5345
5346
5347
5348
5349
5350
5351
5352
5353
5354
5355
5356
5357
5358
5359
5360
5361
5362
5363
5364
5365
5366
5367
5368
5369
5370
5371
5372
5373
5374
4693
1422
5375
5378
1633
5380
5381
5382
5383
1360
5392
5385
4565
5389
5406
1333
5391
5561
5393
4610
1384
5399
5396
1638
689
5397
5571
5404
5402
5417
1639
5406
5407
5408
5409
5410
5411
5412
5413
5415
6129
5414
5417
5417
5419
5420
5421
5422
5423
5424
5425
5428
1643
5428
5429
1323
5431
5432
5433
5434
5435
4514
1336
5436
5440
5469
5441
5438
5442
1646
5445
5446
5447
5448
5449
5450
5451
5452
5453
5454
5457
5455
5459
5458
4509
4482
5461
5460
5463
5463
5465
5456
1420
5466
5443
1647
5468
1651
5473
5474
5475
5476
5476
5478
5479
5480
5481
5386
5483
5484
5485
5486
5487
5490
5489
5495
5491
5492
5493
5494
5495
5496
4489
5462
1650
1324
5464
2225
5503
4688
5504
5505
4492
5508
5509
5510
1655
5512
2385
1656
5515
5516
5534
5518
5519
5520
1580
1652
5168
1364
4577
4572
5168
5528
5530
5532
5531
5269
1460
4792
5535
5536
5537
5416
5539
2245
5540
2245
552
4642
5545
5546
5547
5548
5549
5550
5551
1622
5541
1658
5555
5555
5557
5558
5559
5560
5561
5562
3807
5564
4591
5566
5567
5568
5569
5568
4574
1363
5477
5573
5574
5576
5577
5578
5579
5580
5581
5582
5583
5584
5585
5586
5587
5588
5589
5590
5591
5592
5593
5594
5595
5596
5597
5598
5599
5598
5601
5600
1668
5607
1669
5606
5608
5609
5611
1670
5327
1291
5613
5614
5615
5616
5617
5618
5619
5620
5621
5622
5623
4432
5625
5624
5627
5628
5629
5630
5631
5632
5633
5634
5635
5636
5637
1674
5643
5640
5641
5642
5644
5644
5645
1673
5647
5648
5649
5650
5651
5652
5653
5654
5655
5656
5657
5658
5659
5660
5626
5661
5663
5664
5665
5666
5667
5668
5669
5670
5671
5672
5673
5674
5675
5676
5677
5678
5679
5680
5681
5682
5683
5684
5685
5686
5687
5688
5689
5690
5691
5692
5693
5694
5695
5696
5697
5698
5699
5700
5701
5702
5703
5704
5705
5706
5707
5708
5453
5709
5711
5710
5603
1378
5603
5713
5717
5718
5719
4887
5721
548
5723
4845
2235
4845
4903
4846
5729
5730
5731
5732
5733
5734
5735
5736
5737
5738
5739
5740
5741
5742
5743
5744
5745
4844
4844
5747
5748
5750
1532
5752
5753
5754
5755
5756
5757
5758
5759
5760
5761
5762
5763
5764
5765
5766
5767
5768
5769
5770
5771
5772
5773
5774
5775
5776
5777
5778
5779
5780
5781
5782
5783
5784
5785
5786
5787
5788
5789
5790
5791
5792
5793
5794
5795
5796
5797
5798
5799
5800
5801
5802
5803
5804
5805
5806
5807
5808
5809
5810
5811
5812
5813
5814
5815
5816
5817
5818
5819
5820
5821
5822
5823
5824
5825
5826
5827
5828
5829
5830
5831
5832
5833
5834
5835
5836
5837
5838
5839
5840
5841
5842
5843
5844
5845
5846
5847
5848
5849
5850
5851
5852
5853
5854
5855
5856
5857
5858
5859
5860
5861
5862
5863
5864
5865
5866
5867
5868
5869
5870
5871
5872
5873
5874
5875
5876
5877
5878
5879
289
202
5882
5883
5884
5885
5886
5887
5888
5889
5890
5891
5892
5893
5894
5895
5896
5897
5898
5899
5900
5901
5902
5903
5904
5905
5906
5907
5908
5909
5910
5911
5912
5913
5914
5915
5916
5917
5918
5919
5920
5921
5922
5923
5924
5925
5926
5927
5928
5929
5930
5931
5932
5933
5934
5935
5936
5937
5938
5939
5940
5941
5942
5943
5944
5945
5946
5947
5948
5949
5950
5951
5952
5953
5954
5955
5956
5957
5958
5959
5960
5961
5962
5963
5964
5965
5966
5967
5968
5969
5970
5971
5972
5973
5974
5975
5976
5977
5978
5979
5980
5981
5982
5983
5984
5985
5986
5987
5988
5989
5990
5991
5992
5993
5994
5995
5996
5997
5998
5999
6000
6001
6002
6003
6004
6005
6006
6007
6008
6009
6010
6011
6012
6013
6014
6015
6016
6017
6018
6019
1593
6021
6022
6023
6024
6025
6026
6027
6028
6029
6030
6031
6032
6033
6034
6035
6036
6037
6038
6039
6040
6041
6042
6043
6044
6045
6046
6047
6048
6049
6050
6051
6052
6053
6054
6055
6056
6057
6058
6059
6060
6061
6062
6063
6064
6065
6066
6067
6068
6069
6070
6071
6072
6073
6074
6075
6076
6077
6078
6079
6080
6081
6082
6083
6084
6085
6086
6087
6088
6089
6090
6091
6092
6093
6094
6095
6096
6097
6098
6099
6100
6101
6102
6103
6104
6105
6106
6107
6108
6109
6110
6111
6112
6113
6114
5662
2255
2252
559
6120
4938
4935
4596
6122
6123
6125
6126
6128
1639
5418
6130
4745
6132
6133
6134
6135
4771
6137
6138
6139
2370
6141
6142
6143
6144
6145
6146
678
553
6149
4570
4953
6152
6153
6154
6155
6156
6157
6158
6159
2765
4569
6162
6163
6164
6165
6166
6167
6168
6169
6170
6171
6172
6173
6174
6175
6176
6177
6178
6179
6180
6181
6182
992
2175
6185
6186
6187
6188
6189
6190
6191
1530
6193
6194
6195
6196
6197
6198
6199
6200
6201
6202
6203
6204
6205
1528
6207
988
6209
6210
6211
6212
6213
6214
6215
6216
6217
6218
6219
6220
6221
6222
6223
6224
6225
6226
6227
6228
6229
6230
6231
6232
6233
6234
6235
6236
6237
6238
6239
6240
6241
6242
6243
6244
6245
6246
6247
6248
6249
6250
6251
6252
6253
6254
6255
6256
6257
6258
6259
6260
6261
6262
6263
6264
6265
6266
6267
6268
6291
6270
6290
6289
6273
6274
6275
6276
6277
6278
6279
6280
6281
6282
6283
6284
6285
6286
6287
6288
6273
6274
6270
