1800
20
90
94
100
150
896
896
2912
2917
61
2926
161
139
13
70
82
18
65
131
354
2941
921
1822
2154
3018
916
169
3021
3021
3499
120
123
2929
135
158
146
45
159
3006
56
52
3007
42
1797
91
44
1799
51
50
130
139
39
60
2920
60
16
17
2919
61
83
63
11
66
18
2934
3445
0
67
77
19
128
76
12
12
68
128
34
19
75
79
75
73
68
1799
352
1799
354
1979
1979
1979
89
921
921
23
92
3017
923
3017
98
3017
3017
25
148
151
148
3022
148
3020
3021
3022
896
3497
924
2914
3496
881
1083
2918
2915
10
122
62
125
125
883
2932
3448
34
132
137
132
135
895
895
136
145
36
37
36
160
1968
1968
3006
1969
95
3
2
35
164
157
38
143
143
153
2916
2916
72
15
49
1969
46
88
164
165
78
154
154
154
166
1813
171
172
264
174
272
176
177
178
179
180
181
182
183
184
185
186
187
188
189
190
530
192
1473
270
1474
196
314
198
527
199
201
202
203
1587
205
206
207
208
209
210
211
212
213
214
215
216
217
218
219
220
221
222
223
224
225
226
227
228
229
230
231
232
233
234
235
236
237
238
239
240
241
242
243
244
245
246
247
248
249
250
251
252
253
254
255
256
257
258
259
260
263
2389
265
174
267
2217
269
268
271
195
271
272
271
274
275
2557
277
278
199
280
279
199
283
4714
285
286
287
288
289
290
291
292
293
5241
295
5243
297
298
299
300
301
302
303
304
305
306
307
308
309
310
311
315
313
314
2221
316
317
318
319
320
321
322
323
324
325
326
327
328
329
330
331
332
333
334
335
336
337
338
339
340
341
342
343
344
1785
2704
347
1791
349
350
107
2941
2937
354
2933
3710
357
358
1985
360
361
149
363
364
365
1824
367
3018
1845
3971
3972
2017
3086
1845
3087
1846
1846
3971
3144
379
1853
3068
1166
1166
169
916
387
388
389
390
391
392
393
394
395
396
397
398
399
400
401
402
403
404
405
406
407
408
409
410
411
412
413
414
415
416
417
418
419
420
3556
3492
423
424
425
3011
427
3406
970
3079
1993
432
1994
434
435
436
437
438
439
1166
1845
1166
1846
3093
3171
446
447
448
449
450
451
452
453
454
455
456
457
458
459
460
461
462
463
464
465
466
467
468
469
470
471
472
473
474
475
476
477
478
479
480
481
482
483
484
485
486
487
488
489
490
491
492
493
494
495
2835
2129
498
2133
2134
3592
1959
3712
504
505
506
2142
508
509
510
511
2822
513
514
515
3973
1847
518
2179
520
2181
522
4515
2186
525
526
1448
528
192
530
2195
2197
5470
534
2199
536
537
538
276
540
541
542
543
544
196
2246
2246
5721
2429
1496
2247
4885
5716
2247
2247
4933
556
4865
2254
4886
5727
198
563
564
565
566
567
568
569
570
571
572
573
574
575
576
577
578
579
580
581
582
583
584
585
586
587
588
589
590
591
592
593
594
595
596
597
598
599
600
601
5257
603
604
605
2397
4930
4940
609
610
611
612
613
614
615
616
617
2248
622
2246
2247
4958
1499
2434
625
626
627
628
629
630
631
632
633
634
635
636
637
638
639
640
641
642
643
644
645
646
647
648
649
650
651
652
653
654
655
656
657
658
659
660
661
662
663
664
665
666
667
668
669
670
671
672
673
674
4632
4564
677
2542
5394
680
681
5472
683
684
685
686
687
688
689
690
691
692
693
6124
557
696
2582
698
4808
700
701
702
703
704
705
706
707
708
709
710
711
712
713
714
715
716
717
718
719
720
721
722
723
724
725
726
727
728
2638
730
731
3977
733
734
735
736
737
738
739
740
741
742
743
744
745
746
747
748
2673
750
2688
2675
3670
2679
755
756
3686
758
759
760
761
3031
763
2714
764
2701
2715
3667
765
770
771
3658
3651
774
775
776
777
778
779
780
781
782
783
784
785
786
2737
788
789
790
791
792
793
794
795
796
797
798
799
2760
801
4378
3816
804
2772
2782
2784
808
809
2780
2816
812
813
814
815
816
2795
819
2849
820
2798
3572
2800
3648
2814
2803
827
828
2809
2811
4393
2823
3423
3124
835
3388
837
3654
3168
3120
841
2836
3072
3964
845
3169
965
2853
849
850
851
852
853
854
855
856
857
858
859
860
2879
2881
863
3401
865
3624
3628
2889
869
870
871
2896
873
874
875
876
877
120
3475
1076
120
911
2949
885
2945
1982
2940
3756
889
890
892
4394
105
2926
2917
2912
156
3021
3021
900
2963
2965
2969
904
905
906
907
908
909
910
3444
3443
913
157
38
916
140
2986
2988
3010
921
2154
1822
3499
925
5518
3760
928
929
930
931
932
974
1166
935
936
3054
3419
3056
3075
3074
3063
3067
4370
3413
4405
1845
970
3133
3097
3098
4373
3127
3132
3128
958
3103
967
1166
3414
3412
956
3101
3114
3115
3122
3131
3413
1062
4405
3145
4375
3181
3181
3180
3174
3975
3109
6235
3412
3411
6236
2174
2176
3195
3184
6208
6208
989
3196
3189
6183
993
994
995
996
997
998
999
1000
1001
1002
1003
1004
1005
1006
1007
1008
1009
1010
1011
1012
1013
1014
1015
1016
1017
1018
1019
1020
1021
1022
1023
1024
1025
1026
1027
1028
1029
1030
1031
1032
1033
1034
1035
1036
1037
1038
1039
1040
1041
1042
1043
1044
1045
1046
1047
1048
1049
1050
1051
1052
1053
1054
1055
5175
5173
3405
5176
3414
1061
1062
1063
1064
1065
1066
1067
2929
1069
1070
1071
1072
61
1074
1075
1074
3473
123
1079
1080
3491
3495
120
1084
1085
1086
1087
1088
1089
1090
1091
1092
1093
1094
1095
1096
1097
1098
1099
1100
1101
4379
3800
1104
3791
1164
1837
1108
1109
1110
1111
1112
1113
1114
1115
1116
1117
3640
1119
3663
3690
3837
3734
3673
1125
3677
3682
1129
817
1130
1131
1132
3737
3735
3750
1136
1165
1138
1139
1140
1141
1142
3850
3832
1145
1146
4376
1148
1149
1150
1151
1152
1153
1154
1155
1156
1157
1158
1159
1160
1161
3944
1163
3173
3164
982
1167
990
1169
1170
1171
1172
1173
1174
1175
1176
1177
1178
1179
1180
1181
1182
1183
1184
1185
1186
1187
1188
1189
1190
1191
1192
1193
1194
1195
1196
1197
1198
1199
1200
1201
1202
1203
1204
1205
1206
1207
1208
1209
1210
1211
1212
1213
1214
1215
1216
1217
1218
1219
1220
1221
1222
1223
1224
1225
1226
1227
1228
1229
1230
1231
1232
1233
1234
1235
1236
1237
1238
1239
1240
1241
1242
1243
1244
1245
1246
1247
1248
1249
1250
1251
1252
1253
1254
1255
1256
1257
1258
1259
1260
1261
1262
1263
1264
1265
1266
1267
1268
1269
1270
1271
1272
1273
1274
1275
1276
1277
1278
1279
1280
1281
1282
1283
1284
1285
1286
1287
1288
1289
1290
1291
1292
1293
1294
1295
1296
1297
1298
1299
1300
1301
1302
1303
1304
1305
1306
1307
1308
1309
1310
1311
1312
1313
1314
1315
1316
1317
4485
4483
4496
4495
4488
5430
1324
1325
1326
1327
1328
4828
1330
4522
4521
4508
1331
5427
4513
1337
1338
5419
5412
1341
1342
1343
1344
1345
1346
1347
4540
1349
4549
1351
1352
1353
1354
1355
1356
1357
1358
1359
1360
1361
6124
1363
1364
1365
1366
4584
1368
1369
1370
1371
1372
1373
1374
5452
1376
4651
4593
552
5333
1381
4604
1383
1384
1385
1386
1387
4624
1389
1390
5416
1392
4955
4638
1395
4914
4869
4885
1399
4956
1401
1402
1403
1404
1405
1406
1407
1408
1409
1410
1411
1412
1413
1414
1415
1416
4683
1418
1419
4689
5390
4692
1423
5347
1425
1426
1427
1428
1429
1595
2365
4722
2363
1434
1435
4738
1437
1438
1439
2393
1441
5352
1443
1444
4712
285
527
199
4820
1450
1451
1452
4766
4768
1455
4784
1457
1458
1459
1460
5514
1462
1463
1464
1465
320
320
4786
1469
1470
221
314
1473
1474
270
201
2190
5511
1479
1480
4838
1482
4930
5727
1485
1486
4853
4871
4874
4860
4863
6116
6151
5183
2246
4928
4930
1500
6119
4892
4918
4920
4894
4898
5727
5180
4900
4911
4915
5182
6151
4935
6121
4966
4965
4961
4967
5730
4906
5180
1521
6255
695
2576
1526
4980
6182
1689
4976
3192
1531
4982
6182
1534
1535
1536
1537
1538
1539
1540
1541
1542
1543
1544
1545
1546
1547
1548
1549
1550
1551
1552
1553
1554
1555
1556
1557
1558
1559
1560
1561
1562
1563
1564
1565
1566
1567
1568
1569
1570
1571
1572
1573
1574
1575
1576
1577
1578
1579
1580
1581
1582
5178
1584
1585
1586
1587
1588
1589
1590
1591
4717
1593
1594
5238
1596
203
1598
1599
5257
602
202
1603
1604
1605
1606
1607
1608
1609
1610
1611
1612
1613
1614
1615
1616
1617
1618
1448
1620
1621
6125
5557
1624
1625
2239
5712
1628
1629
1630
1631
1632
5376
1634
1635
1636
1637
1638
1639
1642
1648
5594
5493
5433
5435
5437
5444
1649
5453
1650
1651
1652
5496
5492
5517
1656
1657
5726
5555
1660
1661
1662
1663
1664
1665
1666
1667
6122
1669
1670
1671
1672
1673
1674
1675
1676
1677
1678
1679
1680
1681
1682
1683
1684
1400
4930
5749
1688
1532
1690
1691
1692
1693
1694
1695
1696
1697
1698
1699
1700
1701
1702
1703
1704
1705
1706
1707
1708
1709
1710
1711
1712
1713
1714
1715
1716
1717
1718
1719
1720
1721
1722
1723
1724
1725
1726
1727
1728
1729
1730
1731
1732
1733
1734
1735
1736
1737
1738
1739
1740
1741
1742
1743
1744
1745
1746
1747
1748
1749
1750
1751
1752
1753
1754
1755
1756
1757
1758
1759
1760
1761
1762
1763
1764
1765
1766
1767
1768
1769
1770
1771
1772
1773
1774
1775
1776
1777
1778
1779
1780
1781
1782
1783
1781
1787
1787
3729
1788
1786
1786
346
1792
1793
1794
1795
1796
1797
1798
1799
884
2935
357
357
1805
1805
1806
1807
1808
1809
1810
148
148
157
148
149
1816
1817
1818
1819
1820
1820
921
1823
1824
3971
3971
3971
3971
3086
3971
1848
3086
948
1845
1845
1845
1845
1845
1846
1848
1846
3971
380
1846
3141
3141
1166
3143
972
4371
1852
3069
942
3073
3971
3971
3971
1166
1859
1860
1861
1862
1863
1864
1865
1866
1867
1868
1869
1870
1871
1872
1873
1874
1875
1876
1877
1878
1879
1880
1881
1882
1883
1884
1885
1886
1887
1888
1889
1890
1891
1892
1893
1894
1895
1896
1897
1898
1899
1900
1901
1902
1903
1904
1905
1906
1907
1908
1912
1910
1911
1912
1913
1914
1915
1916
1917
1916
1919
1920
1921
1922
1923
1924
1925
1926
1927
1928
1929
1930
1931
1932
1933
1934
1935
1936
1937
1938
1939
1940
1941
1942
1943
1944
1945
3474
32
1949
3474
3475
1951
1952
1953
1956
422
3493
1082
1954
1961
1960
1961
901
1962
1964
1965
1966
1967
1969
3744
3006
1968
426
1973
1974
1975
1976
1977
1978
1979
1980
1981
1982
1983
1984
2884
2884
3771
3139
3990
3139
3133
432
1993
1994
1992
1996
1997
1998
1999
2000
2001
2002
2003
2004
2005
2006
2007
2008
2009
3971
3971
3971
1166
1845
1845
3170
3091
952
2019
2020
2019
2022
2023
2024
2025
2026
2027
2028
2029
2030
2031
2032
2033
2034
2035
2036
2037
2038
2039
2040
2041
2042
2043
2044
2045
2046
2047
2048
2049
2050
2051
2052
2053
2054
2055
2056
2057
2058
2059
2060
2061
2062
2063
2064
2065
2066
2067
2068
2069
2070
2071
2072
2073
2074
2075
2076
2077
2078
2079
2080
2081
2082
2083
2084
2085
2086
2087
2088
2089
2090
2091
2092
2093
2094
2095
2096
2097
2098
2099
2100
2101
2102
2103
2104
2105
2106
2107
2108
2109
2110
2111
2112
2113
2114
2115
2116
2117
2118
2119
2120
2121
2122
2123
2124
2125
2126
2127
2128
2129
2128
2131
2132
2133
2134
2132
2136
2137
2138
2139
2140
2144
2141
2144
2144
2145
2146
2147
2148
3020
3022
6
156
1821
3009
923
3010
2159
512
2820
513
2161
2162
2163
2164
2165
2166
2167
2168
3974
4376
2793
3974
370
3050
2174
1841
2180
2177
2179
2180
2183
2182
5488
2183
2184
523
2184
2188
2189
525
2191
2192
2193
257
2195
2193
2197
2201
534
2198
2201
2202
2203
2204
2205
2206
275
2208
320
275
276
2212
2213
2214
2215
2216
2217
2218
2219
2220
2225
2222
2221
4806
5502
2247
2246
2246
2247
5720
2249
2431
5721
5720
2246
2246
2246
2247
2246
2247
2246
2247
2247
5716
2250
4931
4932
1513
4934
556
6117
2255
4870
2254
4866
2431
1498
2249
2429
2260
2261
2262
2263
2264
2265
2266
2267
2268
2269
2270
2271
2272
2273
2274
2275
2276
2277
2278
2279
2280
2281
2282
2283
2284
2285
2286
2287
2288
2289
2290
2291
2292
2293
2294
2295
2296
2297
2298
2299
2300
2301
2302
2303
2304
2305
2306
2307
2308
2309
2310
2311
2312
2313
2314
2315
2316
2317
2318
2319
2320
2321
2322
2323
2324
2325
2326
2327
2328
2329
2330
2331
2332
2333
2334
2335
2336
2337
2338
2339
2340
2341
2342
2343
2344
2345
2346
2347
2348
2349
2350
2351
2352
2353
2354
2355
2356
2357
2358
2359
2360
2364
2364
1596
5237
5238
2366
2366
2368
5318
5318
1448
5318
5257
2374
2375
2376
2377
2378
2379
2380
2381
2382
2383
2384
2385
2386
2387
2388
2389
2392
2391
2392
1461
2390
2199
2395
4684
4929
4941
4929
5728
2402
2402
2404
2405
2406
2407
2408
2409
2410
2411
2412
2413
2414
2415
2416
2417
2418
2419
2249
2248
2249
2249
2247
2247
2247
2246
2247
4934
1499
4957
2367
2432
2434
2435
2436
2437
2438
2439
2440
2441
2442
2443
2444
2445
2446
2447
2448
2449
2450
2451
2452
2453
2454
2455
2456
2457
2458
2459
2460
2461
2462
2463
2464
2465
2466
2467
2468
2469
2470
2471
2472
2473
2474
2475
2476
2477
2478
2479
2480
2481
2482
2483
2484
2485
2486
2487
2488
2489
2490
2491
2492
2493
2494
2495
2496
2497
2498
2499
2500
2501
2502
2503
2504
2505
2506
2507
2508
2509
2510
2511
2512
2513
2514
2515
2516
2517
2518
2519
2520
2521
2522
2523
2524
2525
2526
2527
2528
2529
2530
2531
2532
2533
2534
2535
2536
2537
2538
2541
2541
4564
676
2543
2544
2545
2546
2547
2548
2552
2550
2551
2552
2553
2554
199
276
2372
2371
2559
195
2561
2562
2563
2564
2565
2563
2567
2568
2569
2570
5731
5731
6182
1528
2242
2244
695
2227
2579
2580
2581
2146
2583
2584
2142
2585
2587
2588
2589
2590
2591
2592
2593
2594
2595
2596
2597
2598
2599
2600
2601
2602
2603
2604
2605
2606
2607
2608
2609
2610
2611
2612
2613
2614
2615
2616
2617
2618
2619
2620
2621
2622
2623
2624
2625
2626
2627
2628
2629
2630
2631
2632
2633
2637
2634
2636
3976
732
2639
2640
2641
2642
2643
2644
2645
2646
2647
2648
2649
2650
2651
2652
2653
2654
2655
2656
2657
2658
2659
2660
2661
2662
2663
2664
2665
2666
2667
2668
2669
2670
2671
2674
750
2686
751
2672
2678
3738
753
2677
2681
2682
2683
2684
3685
2686
2687
2688
2689
2690
2691
2692
2693
2694
2695
2696
2697
2702
764
2702
767
2712
3665
768
2703
2699
3665
2708
2709
2710
2711
2713
3698
773
772
2716
2717
2718
2719
2720
2721
2722
2723
2724
2725
2726
2727
2728
2729
2730
2731
2732
2733
2734
2735
2736
2737
2738
2739
2740
2741
2742
2743
2744
2745
2746
2747
2748
2749
2750
2751
2752
2753
2754
2755
2756
2757
2758
2759
2760
2128
2762
2763
1846
1846
1846
4378
2768
803
2770
3768
2775
2774
2784
2775
2775
2781
2778
2777
811
2819
2783
4401
499
2783
2786
2787
2788
2789
2790
2794
2791
2848
3742
820
2841
3572
2844
2843
2802
2802
3646
825
2800
2805
2806
2807
2812
828
2808
500
3633
2815
831
2143
507
2813
697
2583
829
829
830
2135
2824
2135
2826
3422
2828
2829
2830
2831
2832
837
2831
2835
3119
964
840
2839
2837
373
3086
3964
3787
2846
2846
2847
839
842
3169
3169
2855
847
2852
3120
2856
2857
2858
2859
2860
2861
2862
2863
2864
2865
2866
2867
2868
2869
2870
2871
2872
2873
2874
2875
2876
2878
2878
2879
2877
2881
2886
2883
2882
3402
2886
2887
3627
867
2890
2891
2893
3725
2894
2895
348
2897
2898
2899
2900
2901
875
2903
2904
2905
2906
2909
2908
3590
501
2911
9
2914
1948
58
2915
10
122
62
59
32
3475
120
2947
2948
883
11
2948
2949
2948
2932
3001
884
2931
2936
2938
887
2939
2944
886
2945
2942
3774
2946
912
4385
4267
4267
911
2152
2953
6
103
3020
3022
3021
3022
2958
2959
2958
2961
2962
902
2964
2965
3711
3710
2966
503
3711
2974
2972
2973
3747
2975
2976
2977
2978
2979
52
168
48
903
2984
2985
905
2984
2984
2989
2990
2991
2992
2993
2994
2995
2996
2997
2998
3000
3441
2999
3002
3003
3004
48
140
48
2987
3008
919
918
152
38
3005
148
148
24
3017
2991
1081
1081
2913
3023
3024
3761
3026
3027
3028
3029
3028
3031
3032
3033
3034
3035
3036
3037
359
3039
1987
3041
3042
3043
3044
3992
3992
1166
974
3971
3971
3051
3052
3051
938
3055
940
3058
3058
3075
3059
941
3060
946
3078
3065
3057
3067
943
3066
3071
3067
3138
430
945
3416
3415
3076
3152
3152
1845
1845
1845
3964
3139
3990
3133
3139
3092
3140
951
3096
3095
3096
4373
955
3099
3132
3129
3127
3126
958
3125
967
3126
3971
3971
3973
1166
3135
1060
3409
3110
3137
3104
3104
956
3100
3149
3116
3116
962
3122
3124
3124
967
967
3128
1062
3413
3414
1062
3415
3132
3415
3414
3413
3414
970
3167
970
3147
3147
4375
3147
3117
963
957
3114
3114
3115
3167
3181
973
1846
1846
1845
1845
1845
1845
3971
1166
961
980
3163
3111
3415
3181
3148
3146
4374
4374
971
971
3175
3178
3175
974
3179
3409
981
980
3183
3193
985
3182
3974
6208
1168
979
3112
3192
979
3194
3424
3195
978
3190
3165
3186
2172
3201
3202
3203
3204
3205
3206
3207
3208
3209
3210
3211
3212
3213
3214
3215
3216
3217
3218
3219
3220
3221
3222
3223
3224
3225
3226
3227
3228
3229
3230
3231
3232
3233
3234
3235
3236
3237
3238
3239
3232
3241
3242
3243
3244
3245
3246
3247
3248
3249
3250
3251
3252
3253
3254
3255
3256
3257
3258
3259
3260
3261
3262
3263
3264
3265
3266
3267
3268
3269
3270
3271
3272
3273
3274
3275
3276
3277
3278
3279
3280
3281
3282
3283
3284
3285
3286
3287
3288
3289
3290
3291
3292
3293
3294
3295
3296
3297
3298
3299
3300
3301
3302
3303
3304
3305
3306
3307
3308
3309
3310
3311
3312
3313
3314
3315
3316
3317
3318
3319
3320
3321
3322
3323
3324
3325
3326
3328
3328
3329
3330
3331
3332
3333
3334
3335
3336
3337
3337
3339
3340
3341
3342
3343
3344
3345
3346
3347
3348
3349
3350
3351
3352
3353
3354
3355
3356
3357
3358
3359
3360
3361
3362
3363
3364
3365
3366
3367
3368
3369
3370
3371
3372
3373
3374
3375
3376
3377
3378
3379
3380
3381
3382
3383
2817
3384
824
3647
823
3389
3390
3391
3392
3393
3394
3395
3396
3397
3398
3399
3400
1056
1056
3404
1056
1057
3403
3408
5174
3410
1060
3411
1060
3414
3414
3413
3416
3417
3418
1063
3416
1062
3053
937
3424
3425
3426
3427
3428
3429
3430
3431
3432
3433
3434
3435
3436
3437
2880
862
861
3441
3442
3443
1069
2932
883
3448
2999
3449
3450
3451
3452
3453
3454
3455
3456
3457
3458
3459
3460
3461
2960
3463
3464
3465
3466
3467
3468
3469
3470
3471
3472
3474
3483
1074
902
11
125
62
3480
3481
3482
3483
3484
3485
3486
3487
3488
118
3495
1077
902
3476
3492
1077
881
2914
2918
1083
3500
3501
3502
3503
3504
3502
3506
3507
3508
3509
3510
3511
1995
3513
3514
3515
3516
3517
3518
3519
3520
3521
3522
3523
3524
3525
3526
3527
3528
3529
3530
3531
3532
3533
3534
3535
3536
3537
3538
3539
3540
3541
3542
3543
3544
3545
3546
3547
3548
3549
3550
3551
3552
3553
3554
3555
3494
2913
924
3559
3560
3561
3562
3563
3564
3565
3566
3567
3568
3569
3569
3571
381
3574
1851
3575
3579
3577
3578
3792
443
3960
2766
375
3584
3585
3586
3587
3588
3589
898
1958
891
3593
3594
3595
3596
3597
3598
3599
3600
3601
3602
3603
3604
3605
3606
3607
3608
3609
3610
3611
3612
3613
3614
3617
3616
2951
893
3619
3620
3621
3622
3623
800
3625
3626
3629
766
3645
3630
3631
3632
3633
3634
3638
3636
1118
3639
2824
2824
1119
3642
3643
3642
3644
831
3648
3801
3652
3649
1120
3661
3654
3781
822
1107
4380
3657
2796
1103
3664
3662
1122
3664
3666
4384
1123
2021
3668
344
3671
3672
3671
3674
2705
3675
769
3678
3709
27
3676
1126
3681
5
2736
787
3688
3836
3687
3838
3694
3691
2795
3961
3696
3699
3695
3689
2698
3700
3701
3702
3703
3704
3705
3697
3707
868
3683
1127
3707
3712
3713
3714
3715
3716
3717
3718
3719
3720
3721
3722
3723
3724
3725
3726
3727
3728
3730
3736
1133
2734
3732
785
746
3733
1134
1784
3739
3740
3741
3741
3744
4390
3745
3746
3747
3748
3749
1058
3754
3753
3407
3406
3755
910
3757
428
3759
1059
5177
3762
3763
3764
3765
3766
499
2825
3769
3770
864
3772
3773
1981
3775
3776
3777
812
2785
3780
3781
3782
3970
3970
3972
3086
3072
934
3797
3788
806
2773
3793
3794
3795
3992
3177
3185
3799
805
2776
966
3070
3804
3805
3806
3807
3808
3809
3810
3811
3812
3813
3814
832
832
3817
3818
3819
3820
3821
3822
3823
3824
3825
3826
3827
3828
3830
3848
3829
1143
3833
3834
3835
1124
1124
3693
3839
3840
3841
818
3845
4377
2793
4378
4377
3848
3849
3850
3851
3852
3853
3854
3855
3856
3857
3858
3859
3860
3861
3862
3863
3864
3866
3875
3867
3868
3869
3870
3871
3872
3873
3874
3875
3876
3877
3878
3879
3880
3881
3882
3883
3884
3885
3886
3887
3888
3889
3890
3891
3892
3893
3894
3895
3896
3897
3898
3899
3900
3901
3902
3903
3904
3905
3906
3907
3908
3909
3910
3911
3912
3913
3914
3915
3916
3917
3918
3919
3920
3921
3922
3923
3924
3925
3926
3927
3928
3929
3930
3931
3932
3933
3934
3935
3936
3937
3938
3939
3940
3941
3942
3943
1144
3945
3946
3947
3831
3948
3950
3951
2791
2793
3954
846
2850
4378
1846
1846
3173
3962
3962
3669
3138
954
3992
1166
3992
974
3993
3993
3164
3994
3995
3198
3976
1162
3978
3979
3980
3981
3982
3983
3984
3985
3986
3987
3988
3989
3167
3167
974
3164
3165
990
3996
3997
3998
3999
4000
4001
4002
4003
4004
4005
4006
4007
4008
4009
4010
4011
4012
4013
4014
4015
4016
4017
4018
4019
4020
4021
4022
4023
4024
4025
4026
4027
4028
4029
4030
4031
4032
4033
4034
4035
4036
4037
4038
4039
4040
4041
4042
4043
4044
4045
4046
4047
4048
4049
4050
4051
4052
4053
4054
4055
4056
4057
4058
4059
4060
4061
4062
4063
4064
4065
4066
4067
4068
4069
4070
4071
4072
4073
4074
4075
4076
4077
4078
4079
4080
4081
4082
4083
4084
4085
4086
4087
4088
4089
4090
4091
4092
4093
4094
4095
4096
4097
4098
4099
4100
4101
4102
4103
4104
4105
4106
4107
4108
4109
4110
4111
4112
4113
4114
4115
4116
4117
4118
4119
4120
4121
4122
4123
4124
4125
4126
4127
4128
10
122
4131
4132
4133
4134
4135
4136
4137
4138
4139
4140
4141
4142
4143
4144
4145
4146
4147
4148
4149
4150
4151
4152
4153
4154
4155
4156
4157
4158
4159
4160
4161
4162
4163
4164
4165
4166
4167
4168
4169
4170
4171
4172
4173
4174
4175
4176
4177
4178
4179
4180
4181
4182
4183
4184
4185
4186
4187
4188
4189
4190
4191
4192
4193
4194
4195
4196
4197
4198
4199
4200
4201
4202
4203
4204
4205
4206
4207
4208
4209
4210
4211
4212
4213
4214
4215
4216
4217
4218
4219
4220
4221
4222
4223
4224
4225
4226
4227
4228
4229
4230
4231
4232
4233
4234
4235
4236
4237
4238
4239
4240
4241
4242
4243
4244
4245
4246
4247
4248
4249
4250
4251
4252
4253
4254
4255
4256
4257
4258
4259
4260
4261
4262
4263
4264
4265
4266
3466
4268
4269
4270
4271
4272
4273
4274
4275
4276
4277
4278
4279
4280
4281
4282
4283
4284
4285
4286
4287
4288
4289
4290
4291
4292
4293
4294
4295
4296
4297
4298
4299
4300
4301
4302
4303
4304
4305
4306
4307
4308
4309
4310
4311
4312
4313
4314
4315
4316
4317
4318
4319
4320
4321
4322
4323
4324
4325
4326
4327
4328
4329
4330
4331
4332
4333
4334
4335
4336
4337
4338
4339
4340
4341
4342
4343
4344
4345
4346
4347
4348
4349
4350
4351
4352
4353
4354
4355
4356
4357
4358
4359
4360
4361
4362
4363
4364
4365
4366
4367
4368
4369
939
3062
430
953
3102
957
2851
3172
3142
382
3842
4381
6196
822
3650
4385
4386
4387
4388
4389
2972
4391
111
508
3490
4395
4396
4397
4398
4399
4400
4401
1848
3095
3971
3415
4406
4407
4408
4409
4410
4411
4412
4413
4414
4415
4416
4417
4418
4419
4420
4421
4422
4423
4424
4425
4426
4427
4428
4429
4430
4431
4432
4433
4434
4435
4436
4437
4438
4439
4440
4441
4442
4443
4444
4445
4446
4447
4448
4449
4450
4451
4452
4453
4454
4455
4456
4457
4458
4459
4460
4461
4462
4463
4464
4465
4466
4467
4468
4469
4470
4471
4472
4473
4474
4475
4476
4477
4478
4479
4480
4484
4481
1320
4494
1321
4489
4486
1323
5497
4490
4485
4492
4493
4497
1325
518
4497
4498
4499
4500
4501
4502
4503
5482
4505
4520
4520
1332
4507
1331
4512
5428
4510
4511
1335
4516
4516
4518
4519
4523
1339
1340
5458
4524
4525
4526
4527
4528
4529
4530
4531
4532
4533
4534
4535
4536
4537
4537
4539
1349
4541
4542
4541
4544
4548
4545
4547
4548
624
4550
4551
4552
4553
4554
4555
4556
4557
4558
4559
4560
4561
4562
4563
4565
4565
4566
6124
6124
6124
2247
4571
4572
4573
4574
4575
4576
4577
1366
4578
4580
4581
810
4583
4587
4587
678
2542
4588
4589
4590
4591
4592
4595
5717
1376
6206
4593
5543
4643
4641
4642
4602
4603
4604
4602
4606
4607
4608
4610
4610
4610
4613
4613
4614
4615
4616
4617
4618
4619
4620
4623
4622
4645
679
2540
4611
4627
5162
4629
5188
4635
6147
4631
1392
4635
1396
4636
4638
1396
4914
550
5544
4885
5721
4645
4646
4647
1394
1393
4651
1394
4653
4913
4652
4655
4656
4657
4658
4659
4660
4661
4662
4663
4664
4665
4666
4667
4668
4669
4670
4671
4672
4673
4674
4675
4676
4677
4678
4679
4680
4682
4682
1416
4681
4685
4690
4687
4686
1421
5388
4695
524
4691
1424
5484
4696
4697
4698
4699
4700
4701
4702
4703
4704
4705
4706
4707
4708
4709
4710
5253
1431
5258
2373
4713
4718
4717
2361
4716
2361
1595
1433
4723
4724
4725
4726
4727
4728
4729
4730
4731
4732
4733
4734
4735
4737
4740
4738
4739
4740
4741
4742
4743
4744
4745
4746
4747
4748
6138
6138
1442
4752
279
276
199
279
4757
4758
4759
4760
4761
4762
4763
4764
5471
682
4769
5470
5471
4770
4771
4772
4773
4774
1456
4776
4777
4778
212
4780
212
340
4783
4784
4783
4783
4787
4788
4789
4790
4791
4792
4793
4794
4795
5513
4795
4798
4799
4800
2394
1441
1440
223
223
221
4786
1469
4809
4807
212
213
320
275
277
4816
271
4818
2370
5318
178
4822
4823
5529
5510
1479
4827
4828
4830
4830
4831
4832
4833
4834
4835
4836
4836
4838
4839
4840
4841
4842
5728
4930
5727
5728
2249
5727
4849
5185
4849
4852
1489
4855
4874
4856
4856
1488
4876
1493
4854
4863
4915
4862
1491
1491
4863
4867
4870
4870
1494
6151
5184
1494
4942
4925
2246
2431
2246
2247
5728
5728
4928
5728
4889
4890
4888
6119
6120
4896
4896
1502
4919
1502
4894
4893
4898
4918
4898
4897
2247
2246
5727
5729
5179
5180
4906
5180
4900
4897
4900
4939
4911
4939
4915
4916
4916
4919
4920
5183
5183
5183
5184
5184
4923
5182
5182
4925
4925
4925
4933
1512
4938
4938
1507
4937
4909
4910
4909
1511
1511
4966
2247
2247
2247
2246
2249
623
4968
1520
1506
4953
5184
4966
1508
4936
6120
6121
4956
1512
4964
5747
1517
4965
4968
1520
1521
5180
4972
4969
1526
4979
5731
1689
1689
4907
4976
4907
4981
1531
4981
1519
4978
4951
2572
2571
4987
4988
4989
4990
4991
4992
4993
4994
4995
4996
4997
4998
4999
5000
5001
5002
5003
5004
5005
5006
5007
5008
5009
5010
5011
5012
5013
5014
5015
5016
5017
5018
5019
5020
5021
5022
5023
5024
5025
5026
5027
5028
5029
5030
5031
5032
5033
5034
5035
5036
5037
5038
5039
5040
5041
5042
5043
5044
5045
5046
5047
5048
5049
5050
5051
5052
5053
5054
5055
5056
5057
5058
5059
5060
5061
5062
5063
5064
5065
5066
5067
5068
5069
5070
5071
5072
5073
5074
5075
5076
5077
5078
5079
5080
5081
5082
5083
5084
5085
5086
5087
5088
5089
5090
5091
5092
5093
5094
5095
5096
5097
5098
5099
5100
5101
5102
5103
5104
5105
5106
5107
5108
5109
5110
5111
5112
5113
5114
5115
5116
5117
5118
5119
5120
5121
5122
5123
5124
5125
5126
5127
5128
5129
5130
5131
5132
5133
5134
5135
5136
5137
5138
5139
5140
5141
5142
5143
5144
5145
5146
5147
5148
5149
5150
5151
5152
5153
5154
5155
5156
5157
5158
5159
5160
5161
4605
1382
5164
5165
5166
5167
5168
5169
5170
5171
5172
5175
5173
5175
5174
1583
1417
5179
5180
5181
5182
5183
5182
5186
5187
5183
4851
5189
5190
5191
5192
5193
5194
5195
5196
5197
5198
5199
5200
5201
5202
5203
5204
5205
5206
5207
5208
5209
298
5211
5212
5213
5214
5215
5216
5217
5218
5219
5220
5221
5222
5223
5224
5225
5226
5227
5228
5229
5230
5231
5232
5233
5234
5235
5236
5240
1452
5239
5240
235
4717
5243
5244
5245
5246
5247
5248
5249
5250
5251
5252
5258
5258
602
4762
1451
5256
5256
4713
290
4712
285
5264
5265
5266
5267
5268
5269
5270
5271
5272
5273
5274
5275
5276
5277
5278
5279
5280
5281
5282
5283
5284
5285
5286
5287
5288
5289
5290
5291
5292
5293
5294
5295
5296
5297
5298
5299
5300
5301
5302
5303
5304
5305
5306
5307
5308
5309
5310
5311
5312
5313
5314
5315
5316
5317
2378
286
286
5321
5322
5323
5324
5325
5326
5327
5328
5329
5330
5331
5330
559
2252
5334
5336
5337
5338
5339
5340
6185
552
1362
1685
5345
5346
5347
5348
5349
5350
5351
5352
5353
5354
5355
5356
5357
5358
5359
5360
5361
5362
5363
5364
5365
5366
5367
5368
5369
5370
5371
5372
5373
5374
4693
1422
5375
5377
1633
5380
5381
5382
5383
5384
5385
5386
5387
5389
5406
1333
5391
5392
5393
1360
5395
5396
5397
5398
5399
5400
5401
5404
5405
5417
5405
5403
5407
5408
5408
5411
5422
1640
5410
5335
1380
5335
5420
4598
1641
5601
5409
5423
5595
1642
5425
6130
1643
6130
2433
519
5429
4546
1350
5432
1351
4514
1336
5436
5440
5469
5439
5438
5442
1646
5445
4543
5592
5593
5450
5592
5434
1644
1375
5434
5457
5455
5459
5447
4506
4482
1319
5462
4487
5464
5465
5456
1420
5468
5443
1647
5468
5472
5473
5474
5475
5476
5477
5478
5479
5480
5481
5482
5483
521
5485
5486
5487
5490
1653
5495
4538
1316
1348
5491
5494
1654
2178
5498
5498
5500
5499
5503
5503
5505
5505
5506
5507
5512
5528
5508
1655
606
2385
1656
4797
2396
5517
5510
5519
5520
5521
5522
5523
5524
5525
5526
5527
4684
5530
5532
5531
5532
5533
5534
1370
5536
4585
5538
5539
5727
5726
1505
5721
4869
1484
5547
5554
1367
5549
5550
5551
5552
5728
1686
1516
5556
5557
5558
1509
4868
5561
5562
5563
5564
5565
5566
5567
5568
5569
5570
5571
5572
5573
5574
5575
5576
5577
5578
5579
5580
5581
5582
5583
5584
4554
5586
5587
1356
5589
5590
5591
1645
5454
5435
5595
5596
5597
5709
4597
5714
5599
1685
6123
5607
1669
5606
5608
5608
5609
5610
5611
5612
5613
5614
5615
5616
5617
5618
5619
5620
5623
5621
5631
5624
5625
5626
5627
5628
5629
5630
5631
5632
5633
5634
5635
5636
5637
5638
5639
5640
5641
5642
5643
5644
5645
5646
5647
5648
5649
5650
5651
5652
5653
5654
5655
5656
5657
5658
5659
5660
5661
5662
5663
5664
5665
5666
5667
5668
5669
5670
5671
5672
5673
5674
5675
5676
5677
5678
5679
5680
5681
5682
5683
5684
5685
5686
5687
5688
5689
5690
5691
5692
5693
5694
5695
5696
5697
5698
5699
5700
5701
5702
5703
5704
5705
5706
5707
5708
4597
4596
5711
6122
6123
4650
6124
4960
5718
5719
5431
4891
4895
5728
4930
5728
5727
1687
1687
5748
5750
5750
5751
5732
5733
5734
5735
5736
5737
5738
5739
5740
5741
5742
5743
5744
5745
1511
1511
1515
4952
1522
1532
5752
5753
5754
5755
5756
5757
5758
5759
5760
5761
5762
5763
5764
5765
5766
5767
5768
5769
5770
5771
5772
5773
5774
5775
5776
5777
5778
5779
5780
5781
5782
5783
5784
5785
5786
5787
5788
5789
5790
5791
5792
5793
5794
5795
5796
5797
5798
5799
5800
5801
5802
5803
5804
5805
5806
5807
5808
5809
5810
5811
5812
5813
5814
5815
5816
5817
5818
5819
5820
5821
5822
5823
5824
5825
5826
5827
5828
5829
5830
5831
5832
5833
5834
5835
5836
5837
5838
5839
5840
5841
5842
5843
5844
5845
5846
5847
5848
5849
5850
5851
5852
5853
5854
5855
5856
5857
5858
5859
5860
5861
5862
5863
5864
5865
5866
5867
5868
5869
5870
5871
5872
5873
5874
5875
5876
5877
5878
5879
4716
293
5882
5883
5884
5885
5886
5887
5888
5889
5890
5891
5892
5893
5894
5895
5896
5897
5898
5899
5900
5901
5902
5903
5904
5905
5906
5907
5908
5909
5910
5911
5912
5913
5914
5915
5916
5917
5918
5919
5920
5921
5922
5923
5924
5925
5926
5927
5928
5929
5930
5931
5932
5933
5934
5935
5936
5937
5938
5939
5940
5941
5942
5943
5944
5945
5946
5947
5948
5949
5950
5951
5952
5953
5954
5955
5956
5957
5958
5959
5960
5961
5962
5963
5964
5965
5966
5967
5968
5969
5970
5971
5972
5973
5974
5975
5976
5977
5978
5979
5980
5981
5982
5983
5984
5985
5986
5987
5988
5989
5990
5991
5992
5993
5994
5995
5996
5997
5998
5999
6000
6001
6002
6003
6004
6005
6006
6007
6008
6009
6010
6011
6012
6013
6014
6015
6016
6017
6018
6019
6020
6021
6022
6023
6024
6025
6026
6027
6028
6029
6030
6031
6032
6033
6034
6035
6036
6037
6038
6039
6040
6041
6042
6043
6044
6045
6046
6047
6048
6049
6050
6051
6052
6053
6054
6055
6056
6057
6058
6059
6060
6061
6062
6063
6064
6065
6066
6067
6068
6069
6070
6071
6072
6073
6074
6075
6076
6077
6078
6079
6080
6081
6082
6083
6084
6085
6086
6087
6088
6089
6090
6091
6092
6093
6094
6095
6096
6097
6098
6099
6100
6101
6102
6103
6104
6105
6106
6107
6108
6109
6110
6111
6112
6113
6114
6115
4864
4861
2399
1501
4899
1504
1377
4649
4959
558
5598
4634
6199
4600
5413
6131
6132
6133
6134
6135
6136
6137
1619
6139
5318
6141
6142
6143
6144
6145
6146
676
2246
4925
2249
5184
6152
6153
5693
6155
3338
6157
6158
6159
1845
556
6162
6163
6164
6165
6166
6167
6168
6169
6170
6171
6172
6173
6174
6175
6176
6177
6178
6179
6180
6181
6182
6183
2176
2576
6186
6187
6188
6189
6190
6191
3192
6193
6194
6195
3653
6197
6198
5414
6200
6201
6202
6203
6238
6205
1689
6207
6208
6209
6209
6211
6240
6213
6214
6215
6216
6217
6218
6219
6220
6221
6222
6223
6224
6225
6226
6227
6228
6229
6230
6231
6232
6233
6234
6216
6236
6237
6238
6239
6240
6241
6242
6243
6244
6245
6246
6247
6248
6249
6250
6251
6252
6232
6254
6234
6256
6257
6258
6259
6260
6261
6262
6263
6264
6265
6266
6267
6268
6269
6270
6271
6272
6273
6274
6275
6276
6277
6278
6279
6280
6281
6282
6283
6284
6285
6286
6287
6288
6289
6290
6270
