46
162
3
1972
102
3684
2151
892
896
54
59
63
132
26
152
49
80
81
73
76
88
21
97
24
101
25
903
3680
891
891
3558
3496
122
125
139
169
141
136
904
2983
35
2968
2981
904
37
147
37
47
2980
2968
2980
26
2968
56
40
56
158
55
55
59
16
64
61
18
83
67
66
161
12
49
14
48
41
74
129
74
52
48
72
70
72
79
79
75
84
85
86
91
90
90
96
2
98
24
101
1972
100
24
25
102
25
25
102
2953
3680
2953
2950
3684
2952
891
2952
2151
2152
892
3022
2152
134
924
133
134
58
120
10
62
123
11
126
127
51
51
39
130
139
40
148
140
146
140
135
916
916
142
1971
386
142
99
1969
145
3684
104
2981
904
2968
2968
2968
3022
107
166
159
2981
142
138
147
107
151
157
904
904
904
904
904
171
172
264
272
272
198
277
1449
179
180
181
182
183
220
212
328
187
188
189
247
191
2194
265
273
273
196
4780
1454
6138
6138
201
202
203
204
310
320
313
309
214
4780
211
4779
4779
4782
215
216
217
218
325
325
4780
220
324
224
225
226
227
228
229
230
231
232
233
234
235
236
237
238
239
223
212
185
241
244
245
302
219
219
186
186
249
252
253
254
255
256
257
2193
2217
173
2560
2217
267
4816
271
195
196
272
196
273
196
272
196
277
2208
2558
277
198
527
2557
527
6138
4820
4821
5263
286
5260
288
289
290
291
292
293
294
295
296
297
298
184
210
184
301
205
304
305
308
306
311
207
314
312
5503
5503
4780
2221
699
316
4808
278
341
340
275
4779
4779
4779
327
334
329
339
328
5503
332
317
322
206
330
4779
214
4779
4782
4782
2674
342
3738
1785
2704
3731
1791
3507
862
2950
21
1977
88
1801
1127
357
1810
1804
3003
3037
2950
3042
1818
929
2988
3019
25
1844
2766
959
443
2842
2766
1840
2767
3581
516
445
3960
3572
4379
380
2014
3680
903
424
2081
4230
1888
3238
4196
4218
4199
395
396
1876
492
4264
1925
3355
1895
1898
1904
3919
3257
3256
3304
3255
1921
1872
1933
3296
1938
4258
4256
1944
4261
3354
420
28
3556
3917
1964
3899
918
2976
1987
3072
4372
1993
432
433
3902
3921
436
437
438
439
380
3958
380
802
950
3090
2021
447
448
449
450
451
452
453
454
2032
4214
3229
2068
3335
1909
2060
2163
4215
4231
2071
2073
4232
467
3928
2082
2078
2091
2037
1896
3283
3282
2102
1028
479
480
1907
1877
2116
482
3359
2118
391
460
2045
2044
1019
2121
3253
3340
495
496
497
498
2783
500
2910
2907
1131
504
505
506
507
508
509
510
511
2158
2160
514
515
3955
1843
4484
5497
518
2181
5489
4515
524
5530
5270
199
4750
2194
191
2388
2196
5470
534
2200
2204
4803
4834
277
4840
1479
2212
195
4790
196
5715
5715
619
2243
4641
4569
2239
5602
1362
5715
622
5716
6125
559
557
557
1454
5948
2492
2492
2268
2266
2311
2498
5948
2450
572
573
2277
2275
672
5082
5137
2290
5021
6155
5025
2301
2306
2310
5048
5046
5092
2329
2325
5126
2336
593
594
5035
6013
2360
598
599
2295
2367
5257
5673
5655
2379
606
4883
4859
2405
610
611
5658
5677
614
615
616
617
5716
557
5715
1362
4886
1498
2433
625
626
627
628
629
630
631
632
2444
634
5016
2480
5120
2321
639
2472
5951
5015
5983
5967
2483
2485
5984
2488
5685
2495
651
653
2271
654
2502
5073
5072
2511
2513
2517
6004
662
2315
2293
665
2317
2457
2460
1556
5127
5042
2525
2280
674
675
676
677
4587
2539
4708
4710
5472
2547
684
685
686
687
688
689
690
691
692
693
5712
2244
696
697
698
4787
3233
2591
2664
3873
2595
705
706
707
708
709
710
711
712
713
714
715
716
2619
2621
719
3870
721
722
3589
3872
725
726
727
728
2635
730
731
3976
733
734
735
736
737
738
739
740
741
2656
743
744
745
2666
3728
2668
749
2673
2672
752
2677
2680
3120
965
2685
750
758
760
3625
869
2696
2714
2699
2701
2715
3667
2706
2709
2711
3658
3651
774
775
776
777
778
779
780
781
782
783
788
2732
3662
3685
2736
3669
790
791
792
793
794
795
5325
797
798
799
800
801
3847
2771
3769
805
806
2774
808
809
810
811
812
813
814
2789
816
817
818
846
2794
3583
2797
823
824
825
826
827
2810
2820
3639
831
2825
2830
3569
3660
3388
2833
838
3144
963
964
3169
2844
1838
845
379
3115
3150
3585
3587
851
852
853
854
855
856
857
2871
3451
3450
860
859
863
2885
865
866
867
2889
2890
3725
2894
2896
873
2902
2959
876
3560
881
880
3479
118
3447
3445
1799
2936
2943
2942
3755
2996
1981
3592
3591
3617
11
54
3020
2952
891
891
3467
1962
3476
503
356
2971
2985
2979
2995
1808
2997
2932
2939
3004
904
2967
2969
903
2986
2985
2984
97
101
24
3558
925
926
927
928
3746
2978
3039
2974
1990
3108
3067
3123
833
937
3069
3057
3062
1850
3070
1851
940
3063
2764
949
3965
950
3063
951
940
3063
940
3126
3099
1063
2014
1063
940
958
3102
957
956
3802
1063
940
1063
3063
972
952
3063
3063
3182
3969
1164
3076
960
940
3193
3079
2175
6184
3184
3799
987
988
989
3144
957
992
3322
994
995
996
4200
2056
999
2000
1001
3263
3216
3936
1005
3222
1007
2061
2593
2164
3234
2080
2085
3240
3243
494
3606
3918
2046
1911
3262
1022
1023
1024
1025
1026
478
3280
481
1029
1031
1032
3326
1889
1035
1036
1940
1038
1039
1040
1041
1042
1043
1044
1045
1046
1047
1048
1049
1050
1051
1052
1053
1794
1055
3724
3404
3406
3408
1063
3426
1063
938
1064
1065
3437
861
125
3444
3443
1071
1072
59
3475
1075
880
1948
122
1079
1080
1954
1955
3496
1084
3503
3512
1087
1088
1089
1090
1091
1092
1093
1094
1095
1096
1097
1098
1099
1100
3575
3781
1103
3794
1105
3843
1107
3601
3879
3619
3613
3878
3616
3865
3875
1116
1117
3815
1119
3663
3690
3837
3734
1124
1125
3677
3682
3838
1129
2840
3708
1132
3737
3735
3759
1136
371
1138
1139
1140
1141
1142
1143
1144
1145
1146
3845
1148
1149
1150
1151
1152
1153
1154
1155
3920
1157
1158
1159
1160
1161
3944
1163
1164
1990
3090
1167
3173
1169
1170
1171
1172
1173
1174
1175
1176
1177
1178
1179
1180
1181
1182
1183
1184
1185
1186
1187
1188
1189
1190
1191
1192
1193
1194
1195
1196
1197
1198
1199
1200
1201
1202
1203
1204
1205
1206
1207
1208
1209
1210
1211
1212
1213
1214
1215
1216
1217
1218
1219
1220
1221
1222
1223
1224
1225
1226
1227
1228
1229
1230
1231
1232
1233
1234
1235
1236
1237
1238
1239
1240
1241
1242
1243
1244
1245
1246
1247
1248
1249
1250
1251
1252
1253
1254
1255
1256
1257
1258
3268
2092
1261
1262
1263
1901
4242
1266
1267
1268
1269
1270
1271
1272
1273
4473
4406
5629
1277
1278
1279
1280
1281
1282
1283
1284
1285
1286
1287
1288
4430
5624
1291
4433
1293
5628
5350
1296
1297
1298
1299
1300
4445
5732
5733
4448
1305
1306
1307
1308
1309
1310
1311
1312
1313
1314
5487
4475
4477
4491
4482
4481
5446
4487
4483
4912
4543
4542
4505
4503
1419
5386
4522
4521
4508
4510
5427
1336
4517
4519
5419
5412
1341
4526
1343
1344
1345
1346
1347
4540
5425
5431
4546
4548
1353
1354
1355
1356
5167
1358
1359
4565
1361
5603
4572
5525
1365
4578
1367
1368
1369
1370
1371
5522
4590
1374
1375
4595
1400
1378
5342
4601
1381
1382
1383
4610
4611
4612
1387
4625
5163
5330
1391
1392
4933
4956
1508
1507
1397
2226
1399
556
1401
5346
1403
1404
1405
1406
1407
1408
1409
1410
5268
5266
4680
5213
1415
5483
5173
1418
4688
1420
1421
4692
4694
1424
1425
4760
4701
4704
5323
4721
1431
4717
1432
5210
5209
4736
4737
4742
5531
4795
2390
5353
4751
182
1445
326
6138
6138
527
5230
1451
1452
682
4768
4773
4839
4774
4775
2206
4793
4796
4743
5212
4802
1453
1454
341
4784
1455
4785
4780
4780
265
273
273
201
1477
1478
5505
4777
4838
4772
4883
557
1486
4917
4864
1487
1485
1490
4868
2252
1488
4856
4569
1496
4883
1498
4890
1488
5186
5186
1488
4893
557
1489
4899
4910
5332
1489
1488
1513
1499
1488
1488
5723
4954
5716
1494
1489
4981
1493
2577
6185
1525
1526
1527
4596
1504
3104
1531
4933
1533
1534
1535
1536
1537
1538
1539
1540
5055
5004
1543
5006
1545
1546
1547
2299
5013
5027
5026
5031
1553
5367
5674
638
2458
1558
1559
1560
1561
1562
5071
5991
5119
5089
1567
1568
2298
5121
1571
1572
1573
1574
1575
1576
1577
1578
1579
5157
1581
2188
5176
1584
5199
4678
204
4799
6131
1590
1591
181
5239
1594
1595
1433
203
1598
1599
602
5255
202
5265
5269
1605
1606
1607
1608
1609
1610
1611
1612
5742
1614
1615
1616
1617
1618
2377
1620
5340
1622
1623
1624
1625
1626
1627
1628
5635
5380
5372
5634
5376
5621
5631
1636
1637
1638
1639
5424
5448
5594
5493
5718
5434
1646
5444
5593
1649
4636
5467
1652
5496
5492
5517
5513
1657
5541
1659
1660
1661
1662
1663
1664
1665
1666
1667
1668
1669
1670
1671
1672
1673
1674
1675
1676
5675
1678
1679
1680
1681
1682
5699
5700
5714
4883
1498
1688
4932
1690
1691
1692
1693
1694
1695
1696
1697
1698
1699
1700
1701
1702
1703
1704
1705
1706
1707
1708
1709
1710
1711
1712
1713
1714
1715
1716
1717
1718
1719
1720
1721
1722
1723
1724
1725
1726
1727
1728
1729
1730
1731
1732
1733
1734
1735
1736
1737
1738
1739
1740
1741
1742
1743
1744
1745
1746
1747
1748
1749
1750
1751
1752
1753
1754
1755
1756
1757
1758
1759
1760
1761
1762
1763
1764
1765
1766
1767
1768
1769
1770
1771
2506
1773
1774
1775
1776
5989
1778
6000
1780
2688
2688
3738
751
1787
1787
3729
1787
346
1786
346
1793
3505
350
1795
349
1798
1977
86
1797
353
1803
3201
358
1803
1807
3757
360
1806
361
3680
3684
904
3680
2950
3043
1819
365
3043
24
24
24
2153
2991
2766
2766
516
2766
1856
3959
1844
1855
1858
2766
2766
2766
2767
2764
3846
377
802
2766
3847
516
1848
1845
3960
1848
2018
381
3574
4379
381
2844
3959
3959
3959
2014
4195
4197
2081
4195
468
1863
4266
4234
2074
3239
3238
1860
2085
2046
1876
460
2046
2045
3299
492
398
4264
1941
2104
2115
1037
1887
397
1924
1016
1888
3356
1890
1878
3356
1896
1014
3232
474
1897
1897
474
1900
1863
1902
2067
1906
2117
2110
1906
4198
4196
4198
3257
3257
3255
1018
3258
3258
407
3304
3258
1017
3255
3340
2047
491
1019
1926
1929
490
1932
1930
3352
414
1936
4257
3242
1936
415
2115
483
2112
1943
3294
413
1942
2918
2918
2923
2921
880
344
1783
344
421
110
3556
421
3591
502
2908
1961
1963
2909
425
1967
425
3900
142
4390
2983
1971
102
2990
2976
427
907
1822
1820
90
910
3756
3774
1984
2997
1805
1805
1985
3084
3087
3787
3073
1992
1993
1994
1992
1997
3902
435
1996
434
2001
2002
2003
2004
2005
2006
2007
2008
2009
3958
3958
3958
380
3958
3958
2016
3088
3090
3670
2019
3670
2022
2023
2024
2025
2026
2027
2028
2029
2033
2034
458
4229
3228
394
3336
2036
2035
394
406
1915
1911
2046
1914
405
1909
392
2048
2049
2050
2051
2052
2063
2054
2055
997
2056
997
4200
2064
462
2060
1010
2161
466
2065
2073
466
464
4217
464
2069
463
4216
4216
467
4232
1965
1965
2079
424
387
2086
2082
387
2078
2089
473
2037
2089
473
2091
473
2095
3231
2096
2099
475
3281
2097
478
2087
2106
2102
2089
3279
2088
1014
2108
3241
399
4254
3289
2123
2111
2114
390
390
3254
3251
3254
2044
398
3290
2125
2126
2127
2128
2129
2128
2131
2133
4401
2134
2135
2136
2137
2138
2139
2140
2141
2142
2143
2144
2145
2146
2147
2148
2952
2952
891
4392
24
24
24
2988
2157
2158
2157
2160
2162
2592
1033
1009
2165
2166
2167
2168
2171
2169
2171
3953
2176
2176
6184
3199
4494
4484
4496
4494
2183
2182
5488
2183
2184
2186
2184
525
5271
5529
2191
2189
2195
257
2387
531
2193
2201
2199
536
4987
2203
5515
538
2202
537
275
5445
341
275
2558
4841
4842
4841
2213
195
195
195
4788
2562
6136
272
2221
4780
6136
5715
5715
5715
694
2259
2426
2426
560
2234
2243
694
4569
4568
553
4568
4567
694
5713
5603
694
2249
2246
2430
2249
5716
2251
5334
2253
559
2255
2426
557
2426
2426
5946
5946
2492
5947
2267
2264
2489
5986
591
5030
569
5030
5029
2275
2275
2460
638
2276
576
6017
576
5085
2285
2283
2284
2351
2288
2287
6168
2337
592
2292
6163
673
2291
665
2299
2296
581
6159
2302
2300
5031
2302
2307
2304
2306
5988
2265
2308
567
566
2313
2316
2312
666
568
568
568
5949
5048
563
5948
5048
5048
5046
587
2332
2331
5047
5047
5046
5047
2335
2333
5124
669
667
670
2338
2276
2456
2342
2343
2344
2345
2350
595
596
2349
5033
2352
2522
2353
2354
2358
2356
2357
2294
600
664
4720
4718
1432
2361
2365
2178
519
2179
2370
2378
200
2369
602
2376
2375
5324
681
2378
604
5656
604
2380
4788
4788
1457
1458
2216
2219
2217
1461
2392
5514
4795
2393
2199
2396
4684
4869
608
4869
4882
2402
2402
2404
2405
2407
5677
612
2409
613
2411
2412
2413
2414
2415
2416
2417
2418
2419
5715
557
5715
5715
5715
694
5713
5715
694
2429
4886
2429
519
5430
2432
2435
2436
2437
2438
2439
2440
2441
2442
2446
2444
5017
5981
2443
2449
5120
1570
2448
2449
586
2323
5123
2459
2321
2322
2319
570
2461
2462
2463
2464
2465
2466
2467
2468
5970
5970
2470
2469
2473
642
5015
2476
2477
2481
2478
645
5982
2486
644
2482
643
5968
647
5984
2490
5969
2382
605
2494
2382
2495
2497
2491
564
2495
655
2502
5070
2500
2503
2503
654
2509
2508
2509
2510
2515
2511
660
2515
2517
2516
1563
1552
5031
2518
2522
2524
2530
2530
670
2528
5128
5044
576
2279
2281
2532
2533
2534
2535
2536
2535
2538
2542
2542
676
6147
2546
2543
2545
2546
2547
2548
2549
2550
2551
2552
2553
2554
6138
527
2371
5352
195
273
271
4785
2563
2564
2563
2566
2567
2568
2569
2570
5710
1378
4597
2571
2576
4985
6185
695
2579
2580
2581
2582
2583
2584
2585
2586
2587
698
2589
2594
700
2590
1011
3233
703
2667
3874
2597
2596
2600
2601
2602
2603
2604
2605
2606
2607
2608
2609
2610
2611
2612
2613
2614
2615
2616
2617
2618
2622
2619
719
3868
720
2624
2625
2626
3871
2628
2629
2630
2631
2632
2633
2637
2634
2636
3976
2637
2639
2640
2641
2642
2643
2644
2645
2646
2647
2648
2649
2650
2651
2652
2653
2654
2655
738
2657
2658
2659
2660
2661
2662
2663
2667
2664
747
3873
2669
4368
431
2623
2676
749
2673
752
3700
752
2675
2677
2680
3121
3118
3120
3121
2685
2673
750
2672
2673
2686
2689
2687
2695
761
3722
762
2693
2702
764
2698
767
2712
2707
768
2703
765
3665
1788
347
2708
1788
2713
3698
773
772
2716
2717
2718
2719
2720
2721
2722
2723
2724
2725
2729
2727
759
2738
2730
2733
786
3727
2731
3685
3685
3685
2736
2735
2737
2741
3669
2743
2744
2745
2746
2747
2748
2749
2750
2754
2638
4556
2635
2755
2756
2757
2758
2759
2760
2761
2762
2763
3846
2767
3847
3846
2770
2769
4395
804
2772
2773
2774
2772
2776
2777
2778
2779
2780
2781
2785
2783
2782
2785
2786
2787
2788
816
2790
2791
2792
988
819
2795
2799
821
2796
3580
2800
2801
2802
2803
2804
2805
2806
2807
2811
2810
2822
2823
2811
2813
2814
2815
2816
2817
2818
2819
512
2159
3638
2825
832
2825
2829
2828
3571
3386
836
2831
2832
838
2834
2835
3145
3145
3148
3146
971
2842
375
1838
2798
2821
2845
2847
3142
3172
3173
3142
3116
962
3149
3116
2856
2857
3584
2859
2860
2861
2862
2863
2864
2865
2866
2867
2868
2872
2869
874
2900
850
2873
2875
3587
2878
3449
860
2878
859
2886
2883
2882
865
2886
2887
2888
2889
2887
2891
2893
1790
870
2892
348
2897
2898
2899
2903
2901
875
3480
2904
2905
2906
2911
877
2907
871
3593
134
156
8
133
134
2920
2917
1073
55
2918
1078
881
2927
3477
3445
61
3478
3447
2925
1800
352
1797
1800
1798
2937
1978
887
887
2942
2936
1824
1975
2940
2938
2940
2925
2928
2932
3592
3617
3592
2951
2952
2952
891
2950
2961
900
2961
3465
2962
2963
2964
2965
3711
3710
2970
3712
3707
2974
2971
2974
3746
3041
2985
2979
363
3041
2970
2967
2966
2969
905
905
905
2985
2985
2985
2976
906
2994
2992
3002
913
2977
2977
930
2941
885
884
1984
2998
1981
2966
903
2968
2984
2984
2984
2986
2968
904
2981
2953
2953
100
25
906
1958
1958
892
3023
3024
3025
3026
3027
3032
929
3032
869
3745
3028
3033
363
1817
2978
1809
909
3038
2973
932
3044
3747
3087
3968
2014
3086
3958
3105
3124
3122
834
3423
936
3066
943
3065
939
4370
4371
944
942
4372
3071
3068
966
3803
382
3803
3802
3787
843
3060
3058
3060
3061
3064
430
2766
2764
2764
3155
3089
3087
949
3089
3088
3089
950
3092
4403
951
3091
3059
3059
3063
3059
940
3418
3418
940
3418
1063
3957
3958
3957
977
3135
3418
968
3110
3137
3103
958
3100
953
3114
3117
3101
3115
3570
3570
3569
3418
1063
3418
3418
940
3418
1063
3059
3063
3059
3418
940
1063
430
430
430
3170
3143
3170
3171
4374
4375
4373
957
3100
3104
430
3063
430
2767
802
2767
2766
2766
2766
3959
380
3134
941
3078
946
3059
3063
3147
972
3091
3093
3141
1849
3990
3167
3185
3969
3134
3136
3183
941
3185
3182
986
3798
3956
3187
3188
3125
953
3101
3126
985
3195
985
3096
4375
3093
3200
3200
3036
364
3203
3598
3205
3206
993
3208
3208
3210
3211
3212
3264
3214
3217
1004
3217
3215
3218
742
3219
1003
3225
1008
3321
3226
3230
3227
465
4204
2066
2066
3235
471
2080
1012
4195
4195
4195
404
404
1899
1901
402
3245
3246
3247
3248
3249
3250
410
3253
1919
409
3607
3607
3918
3256
2046
2045
460
3262
3263
998
3269
3266
3267
1260
4238
3270
3271
3272
3273
3274
3275
3276
3277
3278
459
459
3283
1026
1264
3283
3285
3286
3287
3288
4264
493
3290
1015
3283
3295
6162
418
2119
1929
2121
1908
3334
1908
1905
1017
3306
3608
3307
3308
3309
3310
3311
3312
3313
3314
3315
3316
3317
3319
3324
3318
3320
1006
1903
3325
3328
701
3236
3329
2080
2078
2078
2078
1905
481
408
3305
3255
3255
392
1868
1869
3337
2041
3344
3345
3346
3347
3348
3349
2043
2043
3353
4260
1928
1925
3355
3303
3357
3359
3360
3361
3362
3363
3364
3365
3366
3367
3368
3369
3370
3371
3372
3373
3374
3375
3376
3377
3378
3379
3380
3381
3382
3383
3384
3385
3386
3387
3388
3389
3390
3391
3392
3393
3394
3395
3396
3397
3398
3399
3400
3402
3723
3401
1056
3403
864
3405
1057
3135
3137
3194
3418
3418
1063
940
3418
3052
3055
3054
3417
3419
834
2830
3425
3425
1064
3427
3428
3429
3430
3432
3435
1066
3434
3438
2880
3440
2877
2881
2879
2945
912
2939
3001
1800
11
127
352
3442
1069
1070
3452
3453
3454
3455
3456
3457
3458
3459
3464
3461
2958
2960
3463
3466
2948
1074
3468
3469
3470
3471
3472
1946
1949
1950
1077
62
123
10
3481
3483
3482
3474
3484
3485
3486
3487
3488
3490
1955
1082
3494
422
1962
422
896
3020
133
924
3500
3501
3504
908
3508
3502
3502
1085
3509
4385
3510
3511
1995
2670
3514
3515
3516
3517
3518
3519
3520
3521
3522
3523
3524
3525
3526
3527
3528
3529
3530
3531
3532
3533
3534
3535
3536
3537
3538
3539
3540
3541
3542
3543
3544
3545
3546
3547
3548
3549
3550
3551
3552
3553
3554
3555
110
892
892
2857
849
3559
3561
3563
5325
3565
3565
3567
3568
1101
3577
3576
2798
822
3573
1105
3579
3578
3578
3579
3582
1106
3582
1107
3586
3586
2711
771
2710
770
2909
3590
501
870
3594
3595
3596
3597
3221
3599
3602
423
3917
3603
3600
3605
1109
3880
3609
3621
3612
3610
3877
1112
2895
3614
872
3615
1113
1115
3866
3876
3620
3623
3624
3625
3626
3627
3628
3629
3630
3631
3632
3633
3634
3635
3636
3637
3638
1118
3816
3643
3642
3656
3641
3644
3646
3647
3648
3652
3649
1120
3661
3655
3653
4383
3657
3657
1121
3659
1103
3664
1100
1122
3839
3666
4384
1123
753
2679
2678
3671
3672
3673
3674
2705
3675
769
3679
3709
3678
3676
1126
3681
3678
2685
2685
3688
3836
3687
1128
3691
3692
3693
3694
3696
3699
3695
3689
2700
3701
2837
3702
3703
3704
2849
3697
3706
868
3683
1127
3707
3708
3713
3714
3715
3716
3717
3718
3719
3034
763
2891
3723
3724
345
3726
3566
718
3730
3736
1133
2734
3732
785
746
3733
1134
751
3168
964
839
2848
4390
2972
2890
3745
3745
3120
965
3750
3758
3752
3753
428
907
3755
930
3040
931
3407
1059
3762
3763
3764
3765
3766
2784
3767
807
3770
2884
3773
3775
888
3776
3777
2993
3778
3779
837
3654
3781
3105
1842
3047
2843
2841
3788
3789
3790
3791
3792
3793
3782
3782
3968
1137
3789
1138
3800
3801
1104
3795
3804
3805
3806
3807
3808
3809
3810
3811
3819
3813
3814
803
3768
3817
3818
3819
3820
3821
3822
3823
3824
3825
3826
3827
3828
3829
3830
3831
3832
3833
3833
3835
3836
1124
3838
3839
3840
3841
3842
3843
3842
3845
3844
1147
3848
3849
3850
3851
3852
3853
3854
3855
3856
3857
3858
3859
3860
3861
3862
3863
3864
1134
3735
3865
3868
3869
3870
3611
1111
2620
2620
746
2665
3867
3867
702
2599
3881
3882
3883
3884
3885
3886
3887
3888
3889
3890
3893
3891
3901
3892
3895
3896
3897
3898
717
2671
1114
3622
3903
3904
3905
3906
3907
3908
3909
3910
3911
3912
3913
3914
3915
3916
748
704
3920
704
1110
3922
3923
3924
3925
3926
3927
423
3928
3930
3931
3932
3933
3604
1108
3929
3937
3938
3939
3940
3834
3941
3943
1144
3945
3946
3947
3944
1162
3950
3951
3952
3953
3954
3953
3956
3955
3957
3957
1164
3961
3962
2679
3089
3965
3087
2014
3970
3086
3970
3971
1988
4378
846
445
3942
1162
1163
3979
3980
3981
3982
3983
732
3977
3986
3987
3988
2692
430
3139
1991
429
3094
3142
3996
3997
3998
3999
4000
4001
4002
4003
4004
4005
4006
4007
4008
4009
4010
4011
4012
4013
4014
4015
4016
4017
4018
4019
4020
4021
4022
4023
4024
4025
4026
4027
4028
4029
4030
4031
4032
4033
4034
4035
4036
4037
4038
4039
4040
4041
4042
4043
4044
4045
4046
4047
4048
4049
4050
4051
4052
4053
4054
4055
4056
4057
4058
4059
4060
4061
4062
4063
4064
4065
4066
4067
4068
4069
4070
4071
4072
4073
4074
4075
4076
4077
4078
4079
4080
4081
4082
4083
4084
4085
4086
4087
4088
4089
4090
4091
4092
4093
4094
4095
4096
4097
4098
4099
4100
4101
4102
4103
4104
4105
4106
4107
4108
4109
4110
4111
4112
4113
4114
4115
4116
4117
4118
4119
4120
4121
4122
4123
4124
4125
4126
4127
4128
9
120
4131
4132
4133
4134
4135
4136
4137
4138
4139
4140
4141
4142
4143
4144
4145
4146
4147
4148
4149
4150
4151
4152
4153
4154
4155
4156
4157
4158
4159
4160
4161
4162
4163
4164
4165
4166
4167
4168
4169
4170
4171
4172
4173
4174
4175
4176
4177
4178
4179
4180
4181
4182
4183
4184
4185
4186
4187
4188
4189
4190
4191
4192
4193
4194
4197
3920
4389
3918
435
4199
4201
4202
4203
4205
4231
4206
4207
4208
4209
2038
4211
4212
4213
1010
470
2084
2083
4200
4219
4220
4221
2057
4222
4224
3264
4225
4227
4228
2072
2074
471
2085
1013
1871
4233
4236
4237
4239
4241
1265
4243
4242
2107
4244
4245
4246
4247
4249
4249
4250
4251
1901
2104
3289
4255
2109
3334
1029
3301
3358
485
1869
391
3252
2040
4233
2947
4268
4269
4270
4271
4272
4273
4274
4275
4276
4277
4278
4279
4280
4281
4282
4283
4284
4285
4286
4287
4288
4289
4290
4291
4292
4293
4294
4295
4296
4297
4298
4299
4300
4301
4302
4303
4304
4305
4306
4307
4308
4309
4310
4311
4312
4313
4314
4315
4316
4317
4318
4319
4320
4321
4322
4323
4324
4325
4326
4327
4328
4329
4330
4331
4332
4333
4334
4335
4336
4337
4338
4339
4340
4341
4342
4343
4344
4345
4346
4347
4348
4349
4350
4351
4352
4353
4354
4355
4356
4357
4358
4359
4360
4361
4362
4363
4364
4365
4366
3977
4368
4369
1852
1851
1854
941
3096
3096
4377
4377
4378
1102
4380
4381
4382
3659
3650
886
4386
4387
4396
2598
2972
4391
3590
4393
111
2775
4396
4397
4398
4399
4400
4401
2764
3140
3958
3059
1276
4410
4409
5630
4474
4411
4412
4413
4414
4415
4416
4417
4418
4419
4420
4421
4422
4423
4424
4425
4426
4427
4428
4429
1291
4432
5612
4433
4430
4435
4436
5627
4438
4439
4440
4441
4442
4443
4444
4447
4447
5732
1303
4445
4450
4451
4452
4453
4454
4455
4456
4457
4458
4459
4460
4461
4462
4463
4464
4465
4466
4467
4468
4469
4470
4471
1304
4474
5629
1315
4473
1290
4431
609
5625
1318
1318
4482
4485
4491
4483
1319
4486
4483
4912
757
4912
4912
1321
5446
4484
1321
4495
1325
4541
5482
4501
4828
4687
1330
4507
4520
1332
4506
1331
4512
5426
1334
4511
1335
2182
2182
4516
522
4523
1339
1340
5458
4524
4524
776
4527
4528
4529
4530
4531
4532
4534
788
4535
4536
4539
4537
5486
1349
3686
787
3686
2737
4549
1350
4545
624
5429
4550
4551
4552
4553
4554
1301
4449
4446
4559
5563
1342
4561
1357
2537
676
4565
4566
5603
5603
5603
1362
4571
1364
6141
4574
4575
4576
4575
1367
4579
4580
4581
4582
4583
4585
4585
4584
4587
4589
5521
1372
4588
4592
4593
4594
1377
4596
4597
4599
5341
4598
1379
4602
4603
4604
4605
4525
4607
4608
4611
679
679
1385
4612
4614
4615
4616
4617
4618
4619
4620
4621
1385
4623
2540
678
4624
4628
5162
1389
4627
4631
4632
4633
4634
4635
4936
1512
4936
4937
4935
4641
4642
1398
4644
4623
4646
4647
4932
4932
4960
4959
4911
4911
4939
4655
4656
4657
4655
4659
4660
4661
4662
4663
4664
4665
4666
4667
4668
4669
4670
4671
4672
5349
4674
4672
1411
5268
4677
4680
5214
4682
4682
5175
4681
4685
4686
4686
4686
4689
4690
4695
524
4691
1424
5484
4696
4697
4698
4700
5244
1426
4702
2544
683
4703
4707
5354
1423
4706
1429
4711
4712
4713
4714
4715
4719
1592
4716
4719
4718
4721
1432
4725
5241
235
5209
5211
1587
5210
4733
1436
2197
4734
4735
4741
1438
4739
4737
5531
4739
2383
1656
1439
4740
2391
4724
4731
1435
1442
5352
5353
4751
527
2558
6138
527
4758
5229
1414
1450
4761
4762
4763
5264
4769
5472
4769
533
5471
4772
4770
5506
4772
4839
4776
4839
540
4776
4765
4766
4767
4768
1455
4773
4784
4784
1455
1456
4775
1456
4794
4792
1464
4801
4778
1457
1480
1437
1437
4738
1440
2394
4797
4767
4779
1453
4783
4787
4783
4783
4779
4779
4782
274
277
271
196
1456
178
2369
178
4822
4823
4824
4825
4827
5504
1419
4827
1479
4830
4831
540
4777
2215
2205
4836
1459
4773
1482
4842
5506
4882
4883
557
4882
5715
2426
5188
4851
4630
4916
4862
1487
4857
4852
4863
4861
1490
4858
6116
4867
1509
4865
5560
558
5559
5559
1397
2253
4853
4854
4855
4856
4860
4860
2242
2229
2242
4569
4887
4887
1496
4882
4885
1498
4887
4891
4888
1500
4891
4855
5186
4855
1488
4855
1063
1063
5186
3421
5713
5715
557
5713
4926
5186
4920
1510
4898
1501
4897
4909
4900
4910
5332
5330
5332
5186
5186
5186
5186
5186
4855
4855
1488
5186
1489
4860
4860
608
4957
4934
4958
4957
6120
6121
1504
6119
4897
4875
4875
1488
1362
4569
694
5715
5715
557
4924
4855
4873
4872
4855
1488
4938
1513
4888
4890
4931
2248
4930
5723
5746
1511
4924
4855
4954
4953
4969
4970
4971
4972
5714
4974
4975
4918
4897
1501
4979
4980
4981
4896
6121
4890
2574
4986
4835
542
4989
4990
4991
4992
4993
4994
4995
4996
4997
4998
5054
5000
5001
5002
5003
1543
5005
1542
5007
5008
5009
5010
5011
5012
2297
2297
1569
1548
5014
5018
646
2447
633
5032
5026
5023
1551
651
651
5030
2263
5946
5032
585
584
584
6010
5036
5037
5040
5039
6005
5041
589
5045
2328
2327
1555
5049
5676
5370
638
2457
2458
5054
5054
5055
5056
5057
5058
1772
5060
5061
5062
5063
5064
5065
5066
5067
5068
5069
637
5043
5990
1564
5990
5075
5076
5077
5078
5079
6017
5080
671
5083
5084
2525
672
2339
5118
1565
2314
5090
1554
5369
5093
5095
5096
5097
5098
5099
5100
5101
5102
5103
5104
5105
5108
5106
5112
5107
5110
2309
5113
6155
2491
2491
2491
649
2312
663
2327
5094
5046
2324
2272
2272
2269
590
2453
5129
5130
5131
5132
5133
5134
5135
6014
2339
579
5091
5140
1566
5142
5143
5144
5145
5146
5147
5148
5149
5150
5151
5152
5153
5154
5155
5156
5157
5158
5159
5160
5161
5162
5163
5164
5165
5166
5167
5166
5169
5170
1582
5172
1056
3404
3724
1057
3408
5174
4927
5186
5189
5186
5186
1489
4849
4850
5185
4627
5190
5190
5191
5192
5193
5194
5195
5196
5197
2192
526
1412
5202
4677
4676
5267
4744
4798
4743
5207
2197
298
295
4738
1589
5272
5208
5216
5217
5218
5219
5220
5221
5222
5223
5224
5225
4679
1413
5203
1588
1593
4747
5232
5233
5234
5235
5236
2364
5238
2363
5237
294
292
296
5244
5245
5246
5247
5248
5249
5250
5251
5252
5254
5259
2373
5256
1451
5256
5258
4715
290
289
4714
4705
1428
5268
1604
5272
1460
1604
1604
5273
6131
5274
2403
5276
4479
5278
5279
5280
5281
5282
5283
5284
5285
5286
5287
5288
5289
5290
5291
5292
5293
5294
5295
5296
5297
5298
5299
5300
6113
5302
5303
5304
5305
5306
5307
5308
5309
5310
5311
5312
5313
5314
5315
5316
5317
2378
4820
286
4658
5321
1403
5322
4449
5326
5327
5328
5326
1621
5340
1621
5333
5334
1380
5336
5337
5338
5336
5340
5343
5342
5343
1627
5347
1337
4517
5347
4518
1338
4709
5351
680
5348
5355
5356
5357
5358
5359
5360
5361
5362
5363
5673
603
5366
1629
5382
5368
5636
5373
1632
5633
5371
4693
1422
5375
5377
1633
1635
5383
5632
5623
5387
5384
1418
5387
5388
5389
5390
5385
1360
5391
4564
5394
5396
5397
5398
5399
4626
1388
5404
5402
5417
5405
5406
5407
5408
5409
5411
5422
1640
5410
5415
6129
5414
5420
5418
1641
6126
5421
5423
5595
1642
1620
5428
1643
6130
1323
1320
1323
5433
5719
1644
5432
5436
5437
5438
5440
5469
5439
5438
5442
1646
5441
757
5450
1648
5447
5592
5451
5717
5453
5451
5455
5456
5457
5449
5459
4493
5460
4640
5461
5499
5463
5456
1420
5466
5443
1647
5468
1651
5473
5474
5475
5476
5477
5478
5479
4832
1328
4687
5483
521
5485
5329
1292
5490
1653
5495
4538
1316
1348
5491
5494
1654
4484
4955
1393
4913
4648
4771
4771
4688
5504
5505
4913
5508
5178
5177
5511
5512
1457
4796
1480
4837
1481
5177
5519
5520
5521
5522
5523
4586
1366
5524
5168
4684
5529
5532
5514
5533
5534
4792
5535
5536
5537
5416
5539
4901
4903
4848
5543
4642
5545
5546
5547
5548
5549
5550
5551
5552
5724
5554
5555
5556
5557
5558
1625
5552
5395
5562
5563
5564
5565
1373
5567
5568
5575
5570
5572
5526
5573
5573
5574
5576
5577
5578
5579
5580
5581
5582
5583
5584
5585
5586
5587
5588
5589
5590
5591
5454
5593
1645
5435
1351
4547
5598
5599
5600
5601
5600
1668
5604
5605
5606
5607
5608
5609
5610
5611
5612
5613
5614
5615
5616
5617
5618
5619
5620
5623
5621
5631
1670
5626
5626
5374
1631
4434
4434
4476
4476
5622
5622
1274
4407
5637
5638
5639
5640
5641
5642
5643
5644
5645
5646
5648
5657
5647
5650
5651
5652
5653
5654
1289
4478
1634
5381
5659
5660
5661
5662
5663
5664
5665
5666
5667
5668
5669
5670
5671
5672
1317
1275
1275
5674
1630
5678
5679
5680
5681
5682
5683
603
1628
5686
5687
5688
5689
5690
5691
5691
5025
5694
5695
5696
5697
5591
5699
5700
5698
5702
5703
5704
5705
1683
5707
5708
5709
5710
2434
5710
5712
5714
5713
1685
5465
1322
4488
4887
5721
4882
4883
4887
557
4885
2249
1496
6124
2430
1400
5701
1684
1683
5735
5736
5737
5738
5739
1302
5741
5734
5743
5744
1326
4875
4875
4929
4876
4889
4931
5752
5753
5754
5755
5756
5757
5758
5759
5760
5761
5762
5763
5764
5765
5766
5767
5768
5769
5770
5771
5772
5773
5774
5775
5776
5777
5778
5779
5780
5781
5782
5783
5784
5785
5786
5787
5788
5789
5790
5791
5792
5793
5794
5795
5796
5797
5798
5799
5800
5801
5802
5803
5804
5805
5806
5807
5808
5809
5810
5811
5812
5813
5814
5815
5816
5817
5818
5819
5820
5821
5822
5823
5824
5825
5826
5827
5828
5829
5830
5831
5832
5833
5834
5835
5836
5837
5838
5839
5840
5841
5842
5843
5844
5845
5846
5847
5848
5849
5850
5851
5852
5853
5854
5855
5856
5857
5858
5859
5860
5861
5862
5863
5864
5865
5866
5867
5868
5869
5870
5871
5872
5873
5874
5875
5876
5877
5878
5879
291
293
5882
5883
5884
5885
5886
5887
5888
5889
5890
5891
5892
5893
5894
5895
5896
5897
5898
5899
5900
5901
5902
5903
5904
5905
5906
5907
5908
5909
5910
5911
5912
5913
5914
5915
5916
5917
5918
5919
5920
5921
5922
5923
5924
5925
5926
5927
5928
5929
5930
5931
5932
5933
5934
5935
5936
5937
5938
5939
5940
5941
5942
5943
5944
5945
5947
6135
1677
5674
5094
5950
5952
5953
5954
5956
5983
5024
5958
5959
5960
5961
5962
5963
5964
5965
5966
650
2496
2499
5951
5971
5972
5973
5974
5975
5976
5975
5978
5979
5980
2484
2489
651
2498
569
2270
5985
2462
5989
5953
1768
5992
5993
5994
5995
5996
5997
5959
5998
6000
6001
6002
6003
1779
5999
1777
6007
577
6009
2520
6010
6011
6012
6014
2460
5126
671
2456
5986
1435
6021
6022
6023
6024
6025
6026
6027
6028
6029
6030
6031
6032
6033
6034
6035
6036
6037
6038
6039
6040
6041
6042
6043
6044
6045
6046
6047
6048
6049
6050
6051
6052
6053
6054
6055
6056
6057
6058
6059
6060
6061
6062
6063
6064
6065
6066
6067
6068
6069
6070
6071
6072
6073
6074
6075
6076
6077
6078
6079
6080
6081
6082
6083
6084
6085
6086
6087
6088
6089
6090
6091
6092
6093
6094
6095
6096
6097
6098
6099
6100
6101
6102
6103
6104
6105
6106
6107
6108
6109
6110
6111
6112
5734
6114
6115
4866
2252
559
4855
4896
6119
6122
6123
2247
6125
5601
6127
6128
6129
5413
1441
6132
6133
6134
4408
4771
6137
5352
6139
2369
4577
6142
6143
6144
6145
6146
6147
4569
4860
5715
4855
6152
6153
5025
582
1915
2324
2592
582
3958
5715
1890
6164
6173
6170
6170
6165
2274
2334
397
2334
6167
6173
6174
6175
6176
6177
6178
6179
6180
6181
1533
992
6184
6185
6186
6187
6188
6189
2681
753
3104
1323
6194
6224
6196
6197
6198
6199
6200
6201
6202
6203
6197
1319
4596
2680
988
6209
6210
6211
6212
3121
2836
975
3410
3742
6239
6219
6220
6221
6222
6223
6224
6225
6226
6227
6228
6229
6230
4651
6253
1396
1522
3113
3176
6237
6197
3796
6240
6241
6242
6243
6244
6245
6246
6247
6248
6249
6250
6251
6252
5553
6254
4964
6256
6257
6258
6259
6260
6261
6262
6263
6264
6265
6266
6267
6268
6291
6270
6235
6289
6239
6216
6275
6276
6277
6278
6279
6280
6281
6282
6283
6284
6285
6286
6287
6288
6236
6235
6255
