0
1
2
3
4
5
6
7
8
9
1073
125
12
13
14
15
16
17
18
19
354
21
921
23
24
25
26
27
28
109
30
31
1078
1068
34
35
36
37
38
39
40
41
42
43
44
45
46
47
48
49
50
51
52
53
54
55
56
57
58
59
60
62
2927
63
64
65
66
67
68
69
70
71
72
73
74
75
76
77
78
79
80
81
82
83
84
85
86
87
88
1979
90
91
92
1822
94
95
96
97
98
99
100
101
102
103
104
105
106
107
108
28
110
111
112
113
114
115
116
117
118
119
4129
121
3479
3477
3478
3446
126
127
128
129
130
131
132
133
134
135
136
137
138
139
140
141
142
143
144
145
146
147
148
149
150
151
152
153
154
155
156
157
158
159
160
161
162
163
164
165
166
167
168
169
170
171
172
173
174
175
176
177
178
179
180
292
295
183
184
185
186
187
188
189
190
191
529
193
194
195
196
197
198
199
282
1476
1602
1597
1587
205
206
207
208
209
210
211
212
213
214
215
216
217
218
219
220
221
222
223
224
225
226
227
228
229
181
291
235
232
182
294
236
237
238
239
240
241
242
243
244
245
246
247
248
249
250
251
252
253
254
255
256
257
2197
259
260
261
262
263
264
265
266
267
268
269
270
271
272
273
277
275
4753
277
278
282
4756
279
199
5319
284
285
5320
5260
287
5262
5261
293
5242
5881
296
204
5243
298
5210
299
300
301
302
303
288
305
306
307
308
309
310
311
312
313
197
315
316
317
318
319
320
321
322
323
4811
325
326
327
328
329
330
331
332
333
334
335
336
337
338
339
340
341
342
343
344
1785
2704
347
348
349
350
351
21
353
354
355
3710
357
358
359
360
361
2954
363
364
365
366
367
25
1847
1847
3088
1847
371
380
1829
3960
3958
380
3172
4378
3073
3069
1848
2017
27
26
387
388
389
390
391
392
393
394
395
396
397
398
399
400
401
402
403
404
405
406
407
408
409
410
411
412
413
414
415
416
417
418
419
420
421
422
423
424
425
426
427
428
3138
3151
1993
432
433
434
435
436
437
438
439
1846
1847
1845
3960
3143
3141
446
447
448
449
450
451
452
453
454
455
456
457
458
459
460
461
462
463
464
465
466
467
468
469
470
471
472
473
474
475
476
477
478
479
480
481
482
483
484
485
486
487
488
489
490
491
492
493
494
495
2835
2129
498
499
500
501
502
503
504
505
506
507
508
509
510
511
512
513
514
515
1164
3105
518
519
520
521
522
523
524
525
526
527
4752
529
191
531
532
5470
534
535
536
537
4835
2211
540
541
542
2384
544
196
5716
5716
2429
2250
5720
5716
2234
5715
5716
5716
4959
6124
4866
6118
2246
2246
198
563
564
565
566
567
568
569
570
571
572
573
574
575
576
577
578
579
580
581
582
583
584
585
586
587
588
589
590
591
592
593
594
595
596
597
598
599
600
601
602
603
604
605
606
4929
4929
609
610
611
612
613
614
615
616
617
2247
2247
5716
5716
4932
4934
624
625
626
627
628
629
630
631
632
633
634
635
636
637
638
639
640
641
642
643
644
645
646
647
648
649
650
651
652
653
654
655
656
657
658
659
660
661
662
663
664
665
666
667
668
669
670
671
672
673
674
4632
676
677
678
679
4708
681
5472
683
684
685
686
687
688
689
690
691
692
693
1685
2427
696
697
698
4808
700
701
702
3874
704
705
706
707
708
709
710
711
712
713
714
715
716
2623
2621
3856
3870
721
722
723
724
725
726
727
728
2638
730
731
732
733
734
735
736
737
738
739
740
741
742
743
744
745
2666
3728
748
749
750
751
752
753
754
755
756
757
758
759
760
761
762
763
2714
2699
2701
2715
3667
2706
770
771
3658
3651
774
775
776
777
778
779
780
781
782
783
784
2732
3662
787
788
789
790
791
792
793
794
795
2754
797
798
799
800
801
1164
803
804
805
806
807
808
809
3385
2817
812
813
814
815
816
2795
2793
2849
820
2798
3572
823
824
825
826
827
828
829
830
831
832
937
3124
835
836
3780
3654
2837
840
841
842
1990
440
845
2851
847
848
849
850
851
852
853
854
855
856
857
858
859
860
861
862
863
864
865
866
3628
2889
869
870
871
2896
873
874
875
876
877
1948
1950
880
2923
882
883
884
2941
886
887
888
889
890
891
892
893
125
2915
896
2955
109
28
900
901
902
903
904
905
906
907
908
909
910
911
912
913
914
915
916
917
918
919
920
921
24
23
30
925
926
927
928
929
930
931
932
3992
3971
3058
3052
3054
3419
3059
3075
3076
3078
3065
3062
3129
3132
380
3138
4403
3091
3096
4374
953
3098
955
956
957
958
3971
3137
3136
962
963
964
965
3122
967
3130
969
3132
3146
3147
3166
3166
3178
3991
3973
3111
3113
3136
3411
3165
2174
2176
3195
3184
988
6208
989
3197
991
6183
993
994
995
996
997
998
999
1000
1001
1002
1003
1004
1005
1006
1007
1008
1009
1010
1011
1012
1013
1014
1015
1016
1017
1018
1019
1020
1021
1022
1023
1024
1025
1026
1027
1028
1029
1030
1031
1032
1033
1034
1035
1036
1037
1038
1039
1040
1041
1042
1043
1044
1045
1046
1047
1048
1049
1050
1051
1052
1053
1054
1055
1056
5174
1058
5177
3137
3410
969
3421
1064
1065
1066
1067
1068
1069
1070
1071
1072
122
1074
1075
3475
3476
1078
1079
1080
3490
1956
31
1084
1085
1086
1087
1088
1089
1090
1091
1092
1093
1094
1095
1096
1097
1098
1099
1100
1101
4379
1103
3802
1105
3847
3580
1108
1109
1110
1111
1112
1113
1114
1115
1116
1117
1118
1119
3663
3690
3837
3734
1124
1125
3677
3682
3838
3693
1130
3708
1132
3737
3735
1135
1136
3968
3798
1139
1140
1141
1142
1143
1144
1145
1146
818
1148
1149
1150
1151
1152
1153
1154
1155
1156
1157
1158
1159
1160
1161
1162
1163
4377
3992
3993
1167
3995
1169
1170
1171
1172
1173
1174
1175
1176
1177
1178
1179
1180
1181
1182
1183
1184
1185
1186
1187
1188
1189
1190
1191
1192
1193
1194
1195
1196
1197
1198
1199
1200
1201
1202
1203
1204
1205
1206
1207
1208
1209
1210
1211
1212
1213
1214
1215
1216
1217
1218
1219
1220
1221
1222
1223
1224
1225
1226
1227
1228
1229
1230
1231
1232
1233
1234
1235
1236
1237
1238
1239
1240
1241
1242
1243
1244
1245
1246
1247
1248
1249
1250
1251
1252
1253
1254
1255
1256
1257
1258
1259
1260
1261
1262
1263
1264
1265
1266
1267
1268
1269
1270
1271
1272
1273
1274
1275
1276
1277
1278
1279
1280
1281
1282
1283
1284
1285
1286
1287
1288
1289
1290
1291
1292
1293
1294
1295
1296
1297
1298
1299
1300
4556
1302
1303
1304
1305
1306
1307
1308
1309
1310
1311
1312
1313
1314
1315
1316
1317
1318
1319
1320
1321
1322
1323
1324
1325
1326
1327
1328
1329
1330
1331
1332
4508
4510
1335
1336
1337
1338
1339
1340
1341
1342
1343
1344
1345
1346
1347
1348
1349
1350
1351
1352
1353
1354
1355
1356
1357
1358
1359
1360
1361
1685
1363
5525
1365
1366
1367
1368
4615
1370
1371
1372
1373
1374
1375
1376
4651
4596
4600
5333
1381
1382
1383
1384
1385
1386
1387
1388
1389
4916
5416
1392
1393
1394
1395
1396
4869
618
1399
4648
1401
1402
1403
1404
1405
1406
1407
1408
1409
1410
1411
1412
1413
1414
1415
1416
1417
1418
1419
1420
1421
4692
1423
1424
1425
4701
1427
1428
1429
1430
1431
1432
1433
4729
1435
1436
1437
1438
2391
4803
4802
1442
5379
1444
1445
1446
199
282
2557
1450
1451
1452
4766
4768
4773
4776
4778
4789
1459
1460
2393
1462
1463
1464
4780
4782
2209
4785
4787
4809
4806
197
193
195
194
1476
1477
1478
1479
4834
1481
4842
5748
2246
4856
4852
4855
4873
4874
4860
4862
4861
4923
4922
5716
4891
4929
4889
6120
4896
1501
1502
4894
1504
2246
4927
1507
1508
4915
4922
4923
4936
4938
4954
4954
5747
4965
5729
4908
4927
4968
1522
2578
6185
4969
4980
1528
6206
1529
6192
1531
1532
6182
1534
1535
1536
1537
1538
1539
1540
1541
1542
1543
1544
1545
1546
1547
1548
1549
1550
1551
1552
1553
1554
1555
1556
1557
1558
1559
1560
1561
1562
1563
1564
1565
1566
1567
1568
1569
1570
1571
1572
1573
1574
1575
1576
1577
1578
1579
1580
1581
1582
1583
1584
1585
1586
1587
1588
1589
1590
1591
1592
1593
1594
1595
1596
1597
1598
1599
1600
1601
1602
1603
1604
1605
1606
1607
1608
1609
1610
1611
1612
1613
1614
1615
1616
1617
1618
1619
1620
1621
6125
1623
1624
5559
5341
5600
1628
1629
1630
1631
1632
5376
1634
1635
1636
1637
1638
1639
1640
5448
5594
1643
1644
1645
1646
5444
5593
5453
1650
5467
1652
1653
1654
1655
5514
1657
5724
5555
1660
1661
1662
1663
1664
1665
1666
1667
1378
1669
1670
1671
1672
1673
1674
1675
1676
1677
1678
1679
1680
1681
1682
1683
1684
6122
5728
1687
1688
5751
1690
1691
1692
1693
1694
1695
1696
1697
1698
1699
1700
1701
1702
1703
1704
1705
1706
1707
1708
1709
1710
1711
1712
1713
1714
1715
1716
1717
1718
1719
1720
1721
1722
1723
1724
1725
1726
1727
1728
1729
1730
1731
1732
1733
1734
1735
1736
1737
1738
1739
1740
1741
1742
1743
1744
1745
1746
1747
1748
1749
1750
1751
1752
1753
1754
1755
1756
1757
1758
1759
1760
1761
1762
1763
1764
1765
1766
1767
1768
1769
1770
1771
1772
1773
1774
1775
1776
1777
1778
1779
1780
1781
1782
1783
1784
1787
1786
3729
1788
1786
1789
346
1792
1793
1794
1795
1796
1801
1798
86
355
1801
1802
1803
1804
1805
1806
1807
1808
1809
1810
1811
1812
914
1814
2956
1816
1817
1818
1819
1820
1821
1822
1823
1824
1847
1847
380
1847
2017
1845
1847
3089
3964
1847
1847
380
380
380
3960
380
3960
380
3960
3960
379
3173
1846
379
3142
942
4371
4370
3064
3072
1846
1846
1846
1848
1859
1860
1861
1862
1863
1864
1865
1866
1867
1868
1869
1870
1871
1872
1873
1874
1875
1876
1877
1878
1879
1880
1881
1882
1883
1884
1885
1886
1887
1888
1889
1890
1891
1892
1893
1894
1895
1896
1897
1898
1899
1900
1901
1902
1903
1904
1905
1906
1907
1908
1909
1910
1911
1912
1913
1914
1915
1916
1917
1918
1919
1920
1921
1922
1923
1924
1925
1926
1927
1928
1929
1930
1931
1932
1933
1934
1935
1936
1937
1938
1939
1940
1941
1942
1943
1944
1945
1949
1946
1077
3473
1076
1951
1952
1953
1954
1955
422
1957
1958
1959
1960
1961
1962
1963
1964
1965
1966
1967
1968
1969
1970
142
1972
1973
1974
1975
1976
1977
1978
1979
1980
1981
1982
1983
1984
1985
1986
1987
949
3086
949
3138
1992
1993
1994
1992
1996
1997
1998
1999
2000
2001
2002
2003
2004
2005
2006
2007
2008
2009
1846
1846
1846
1845
1846
1846
1849
1849
3141
2019
2020
2021
2022
2023
2024
2025
2026
2027
2028
2029
2030
2031
2032
2033
2034
2035
2036
2037
2038
2039
2040
2041
2042
2043
2044
2045
2046
2047
2048
2049
2050
2051
2052
2053
2054
2055
2056
2057
2058
2059
2060
2061
2062
2063
2064
2065
2066
2067
2068
2069
2070
2071
2072
2073
2074
2075
2076
2077
2078
2079
2080
2081
2082
2083
2084
2085
2086
2087
2088
2089
2090
2091
2092
2093
2094
2095
2096
2097
2098
2099
2100
2101
2102
2103
2104
2105
2106
2107
2108
2109
2110
2111
2112
2113
2114
2115
2116
2117
2118
2119
2120
2121
2122
2123
2124
2125
2126
2127
2131
496
2131
4401
2132
2132
2134
2135
2136
2137
2138
2139
2140
2141
2142
2143
2144
2145
2146
2147
2148
2149
106
2151
2152
2153
2154
97
2156
2157
2158
2159
2160
2161
2162
2163
2164
2165
2166
2167
2168
988
3187
6183
988
517
1842
2174
1843
2177
2178
2179
2180
2181
2182
2183
2184
2184
2186
2187
2188
2189
2190
2191
2192
2193
257
2195
2196
532
2198
2199
2200
2201
2202
538
4987
2205
2206
2208
5445
1466
2207
528
2214
2213
2214
2215
2219
266
543
2383
544
2221
2222
315
2224
5502
5716
5716
5716
5716
2249
2250
2247
4885
2431
5716
5716
5716
5716
549
5715
557
5716
5716
5716
557
4960
4960
4932
556
6124
1490
6117
4870
4859
6116
2247
2246
2247
2247
2260
2261
2262
2263
2264
2265
2266
2267
2268
2269
2270
2271
2272
2273
2274
2275
2276
2277
2278
2279
2280
2281
2282
2283
2284
2285
2286
2287
2288
2289
2290
2291
2292
2293
2294
2295
2296
2297
2298
2299
2300
2301
2302
2303
2304
2305
2306
2307
2308
2309
2310
2311
2312
2313
2314
2315
2316
2317
2318
2319
2320
2321
2322
2323
2324
2325
2326
2327
2328
2329
2330
2331
2332
2333
2334
2335
2336
2337
2338
2339
2340
2341
2342
2343
2344
2345
2346
2347
2348
2349
2350
2351
2352
2353
2354
2355
2356
2357
2358
2359
2360
2361
2362
2363
2364
2365
2366
2366
2368
2369
2370
2371
2372
2373
2374
2375
2376
2377
2378
2379
2380
2381
2382
2385
4789
5513
2386
2388
2388
262
2394
1441
2390
1440
4801
2395
2396
2397
1496
4929
1496
1498
2402
2403
2404
2405
2406
2407
2408
2409
2410
2411
2412
2413
2414
2415
2416
2417
2418
2419
2247
2247
2247
2247
5716
5716
5716
6124
5716
556
4931
2248
2367
2433
2434
2435
2436
2437
2438
2439
2440
2441
2442
2443
2444
2445
2446
2447
2448
2449
2450
2451
2452
2453
2454
2455
2456
2457
2458
2459
2460
2461
2462
2463
2464
2465
2466
2467
2468
2469
2470
2471
2472
2473
2474
2475
2476
2477
2478
2479
2480
2481
2482
2483
2484
2485
2486
2487
2488
2489
2490
2491
2492
2493
2494
2495
2496
2497
2498
2499
2500
2501
2502
2503
2504
2505
2506
2507
2508
2509
2510
2511
2512
2513
2514
2515
2516
2517
2518
2519
2520
2521
2522
2523
2524
2525
2526
2527
2528
2529
2530
2531
2532
2533
2534
2536
6147
2537
2538
2539
2540
2541
2542
2543
2544
2545
2546
2547
2548
2549
2550
2551
2552
2553
2554
2558
2555
527
4750
2562
270
1470
4818
2563
2564
2565
2566
2567
2568
2569
2570
4975
1528
6182
4975
2245
2244
2578
547
2579
2580
2581
2582
2583
2584
2585
2586
2589
2588
2589
2590
2591
2592
2593
2594
2595
2596
2597
2598
2599
2600
2601
2602
2603
2604
2605
2606
2607
2608
2609
2610
2611
2612
2613
2614
2615
2616
2617
2618
2622
2619
719
3868
720
2624
2625
2626
2627
2628
2629
2630
2631
2632
2633
2637
2634
2636
2637
732
2639
2640
2641
2642
2643
2644
2645
2646
2647
2648
2649
2650
2651
2652
2653
2654
2655
2656
2657
2658
2659
2660
2661
2662
2663
2667
2665
747
3873
2668
2669
2670
2668
2672
2673
2674
2675
2676
2677
2678
2679
2680
2681
2682
2683
2684
2685
2686
2687
2688
2689
2690
2691
2692
2693
2694
2695
2696
2697
2702
764
2698
767
2712
2707
768
2703
765
3665
2708
2709
2710
2711
2713
3698
773
772
2716
2717
2718
2719
2720
2721
2722
2723
2724
2725
2726
2727
2728
2729
2730
2733
786
3727
2731
2735
2736
2737
2738
2739
2740
2741
2742
2743
2744
2745
2746
2747
2748
2749
2750
2752
3984
2751
729
2755
2756
2757
2758
2759
2760
2130
2762
2763
3960
3960
3960
1164
2768
2769
2770
2771
2772
2773
2774
2775
2776
2777
2778
2779
3384
2781
2782
2783
2784
2785
2786
2787
2788
2789
2790
2794
2791
819
2794
2795
3786
2844
2841
2843
2800
2801
2802
2803
2804
2805
2806
2807
2808
829
2810
2811
2808
2813
2814
2815
2813
2817
2818
2819
2820
2821
2822
2823
2824
2825
2827
3053
834
2829
833
2832
3778
837
2831
812
2836
2837
2838
2839
2840
371
371
440
373
2845
2846
2847
2840
842
2848
839
2852
2853
2854
2855
2856
2857
2858
2859
2860
2861
2862
2863
2864
2865
2866
2867
2868
2869
2870
2871
2872
2873
2874
2875
2876
2877
2878
2879
2880
2881
2882
2883
2884
2885
2886
2887
3627
867
2890
2891
2892
2893
2894
2895
348
2897
2898
2899
2900
2901
2902
2903
2904
2905
2906
2907
2908
2909
2910
2911
2912
2913
3489
2915
2912
2917
2921
2919
120
1946
1950
1948
2924
2925
2926
123
2930
2929
2947
2931
2932
2933
2934
2935
2936
2937
2938
2939
2940
884
2942
2943
2944
2945
2946
2948
4267
2949
2950
2951
2952
2953
108
110
28
2954
2958
2959
2960
2961
2962
2963
2964
2965
2966
2967
2968
2969
3711
2971
2972
2973
2974
2975
2976
2977
2978
2979
2980
2981
2982
2983
2984
2985
2986
2987
2988
2989
2990
2991
2992
2993
2994
2995
2996
2997
2998
2999
3000
3448
3002
3003
3004
3007
3006
3007
3008
3009
3010
3011
41
151
42
107
105
3017
101
3019
3020
4394
3022
3023
3024
3025
3026
3027
3028
3029
3030
3031
3032
3033
3034
3035
3036
3037
3038
3039
3040
3041
3042
3043
3044
3972
3972
3971
3139
1847
1847
3055
935
3051
938
3417
3059
3058
940
945
3074
3077
941
946
3079
935
3057
3052
3066
939
943
3067
1989
1988
945
3416
968
4405
3133
3133
1847
380
1847
440
949
3086
3140
3965
445
444
3170
952
3093
4374
3171
3099
953
3095
955
3099
3100
3101
3102
3103
3104
977
1847
3188
3971
3110
3135
961
3109
960
3114
3115
3116
3117
3118
3119
3120
3121
936
3124
936
3125
3126
3127
3128
3128
3128
3131
3129
3132
968
3130
3130
969
3133
3133
954
971
971
3144
3145
3145
3146
3147
3148
3149
3150
970
3134
3167
3960
3960
380
380
1847
380
1846
1848
961
3136
3162
978
968
3134
3168
3168
972
3147
3169
3172
974
3163
3175
3992
3179
3412
3179
3136
3183
3193
985
3176
3974
6208
3974
3189
3190
6192
979
3194
3194
3195
3190
3197
3196
2170
2170
3201
3202
3203
3204
3205
3206
3207
3208
3209
3210
3211
3212
3213
3214
3215
3216
3217
3218
3219
3220
3221
3222
3223
3224
3225
3226
3227
3228
3229
3230
3231
3232
3233
3234
3235
3236
3237
3238
3239
3240
3241
3242
3243
3244
3245
3246
3247
3248
3249
3250
3251
3252
3253
3254
3255
3256
3257
3258
3259
3260
3261
3262
3263
3264
3265
3266
3267
3268
3269
3270
3271
3272
3273
3274
3275
3276
3277
3278
3279
3280
3281
3282
3283
3284
3285
3286
3287
3288
3289
3290
3291
3292
3293
3294
3295
3296
3297
3298
3299
3300
3301
3302
3303
3304
3305
3306
3307
3308
3309
3310
3311
3312
3313
3314
3315
3316
3317
3318
3319
3320
3321
3322
3323
3324
3325
3326
3327
3328
3329
3330
3331
3332
3333
3334
3335
3336
3337
3338
3339
3340
3341
3342
3343
3344
3345
3346
3347
3348
3349
3350
3351
3352
3353
3354
3355
3356
3357
3358
3359
3360
3361
3362
3363
3364
3365
3366
3367
3368
3369
3370
3371
3372
3373
3374
3375
3376
3377
3378
3379
3380
3381
3382
3383
2803
826
3386
3387
3388
3389
3390
3391
3392
3393
3394
3395
3396
3397
3398
3399
3400
3401
3402
3403
3404
3405
3406
3407
5176
3409
1060
3409
3135
3130
969
3130
3130
3418
3420
1063
3416
1062
3053
3054
3424
3425
3426
3427
3428
3429
3430
3431
3432
3433
3434
3435
3436
3437
3438
3439
3440
3441
3442
3443
3444
2934
125
127
2932
3449
3450
3451
3452
3453
3454
3455
3456
3457
3458
3459
3460
3461
3462
3463
3464
3465
3466
3467
3468
3469
3470
3471
3472
3473
3474
3475
3476
123
3478
122
3480
3481
3482
3483
3484
3485
3486
3487
3488
3495
1082
3495
3492
3492
3494
3493
2912
3497
2915
117
3500
3501
3502
3503
3504
3505
3506
3507
3508
3509
3510
3511
3512
3513
3514
3515
3516
3517
3518
3519
3520
3521
3522
3523
3524
3525
3526
3527
3528
3529
3530
3531
3532
3533
3534
3535
3536
3537
3538
3539
3540
3541
3542
3543
3544
3545
3546
3547
3548
3549
3550
3551
3552
3553
3554
3555
3556
3557
113
3559
3560
3561
3562
2635
3563
3565
3565
3567
3568
834
3123
3571
1854
3574
1851
3575
3576
3570
3578
3579
1837
802
3581
2796
3584
3585
3586
3587
3588
3589
3590
3591
3592
3593
3594
3595
3596
3597
3598
3599
3600
3601
3602
3603
3604
3605
3606
3607
3608
3609
3610
3611
3612
3613
3614
3615
872
3617
3618
3619
3620
3621
3622
3623
3624
3625
3626
3629
766
3645
3630
3631
3632
3633
3634
3635
3636
3637
3638
3639
3640
3641
3642
3659
3644
3644
3646
3647
3648
3652
3649
1120
3661
3573
3573
822
1107
4380
1121
3583
3660
3664
3662
1122
3839
3666
4384
1123
3668
3669
3670
3671
3672
3673
3674
2705
3675
769
3678
3709
3680
3676
1126
3681
3684
3685
3686
3688
3836
3687
1128
3691
3691
817
3694
3696
3699
3695
3689
2700
3700
3701
3702
3703
3704
3705
3697
3706
868
3683
1127
3707
3712
3713
3714
3715
3716
3717
3718
3719
3720
3721
3722
3723
3724
3725
3726
3566
718
3730
3736
3731
2734
3732
785
746
3733
1134
3738
3739
3740
3741
3742
3743
3744
3745
3746
3747
3748
3749
3750
3751
3752
3753
3754
3755
3756
3757
3758
3759
3760
3761
3762
3763
3764
3765
3766
3767
3768
3769
3770
3771
3772
3773
3774
3775
3776
3777
3778
3779
3780
1102
3795
3971
959
3970
3089
1989
1137
3797
3789
3791
3792
3793
3794
3803
3972
1165
976
3185
3800
3801
966
3070
3804
3805
3806
3807
3808
3809
3810
3811
3812
3813
3814
3815
3816
3817
3818
3819
3820
3821
3822
3823
3824
3825
3826
3827
3828
3829
3830
3831
3832
3833
3834
3835
3692
1124
1129
3839
3840
3841
3845
3842
3953
3952
3955
3956
3848
3849
3850
3851
3852
3853
3854
3855
3856
3857
3858
3859
3860
3861
3862
3863
3864
3866
3875
3867
3868
3869
3870
3871
3872
2620
717
2665
3876
3877
3878
3879
3880
3881
3882
3883
3884
3885
3886
3887
3888
3889
3890
3891
3892
3893
3894
3895
3896
3897
3898
2671
3900
3901
3902
3903
3904
3905
3906
3907
3908
3909
3910
3911
3912
3913
3914
3915
3916
3917
3918
3919
3920
3921
3922
3923
3924
3925
3926
3927
3928
3929
3930
3931
3932
3933
3934
3935
3936
3937
3938
3939
3940
3941
3942
3943
3944
3945
3946
3947
3948
3949
3950
3951
2792
818
3954
4376
4376
4377
4378
4378
4378
3961
3962
3963
950
3092
3972
3971
1166
3139
1166
1166
3992
3975
1168
3994
3976
3977
3978
3979
3980
3981
3982
3983
3984
3985
3986
3987
3988
3989
970
974
3164
982
3198
990
3996
3997
3998
3999
4000
4001
4002
4003
4004
4005
4006
4007
4008
4009
4010
4011
4012
4013
4014
4015
4016
4017
4018
4019
4020
4021
4022
4023
4024
4025
4026
4027
4028
4029
4030
4031
4032
4033
4034
4035
4036
4037
4038
4039
4040
4041
4042
4043
4044
4045
4046
4047
4048
4049
4050
4051
4052
4053
4054
4055
4056
4057
4058
4059
4060
4061
4062
4063
4064
4065
4066
4067
4068
4069
4070
4071
4072
4073
4074
4075
4076
4077
4078
4079
4080
4081
4082
4083
4084
4085
4086
4087
4088
4089
4090
4091
4092
4093
4094
4095
4096
4097
4098
4099
4100
4101
4102
4103
4104
4105
4106
4107
4108
4109
4110
4111
4112
4113
4114
4115
4116
4117
4118
4119
4120
4121
4122
4123
4124
4125
4126
4127
4128
120
121
4131
4132
4133
4134
4135
4136
4137
4138
4139
4140
4141
4142
4143
4144
4145
4146
4147
4148
4149
4150
4151
4152
4153
4154
4155
4156
4157
4158
4159
4160
4161
4162
4163
4164
4165
4166
4167
4168
4169
4170
4171
4172
4173
4174
4175
4176
4177
4178
4179
4180
4181
4182
4183
4184
4185
4186
4187
4188
4189
4190
4191
4192
4193
4194
4195
4196
4197
4198
4199
4200
4201
4202
4203
4204
4205
4206
4207
4208
4209
4210
4211
4212
4213
4214
4215
4216
4217
4218
4219
4220
4221
4222
4223
4224
4225
4226
4227
4228
4229
4230
4231
4232
4233
4234
4235
4236
4237
4238
4239
4240
4241
4242
4243
4244
4245
4246
4247
4248
4249
4250
4251
4252
4253
4254
4255
4256
4257
4258
4259
4260
4261
4262
4263
4264
4265
4266
4267
4268
4269
4270
4271
4272
4273
4274
4275
4276
4277
4278
4279
4280
4281
4282
4283
4284
4285
4286
4287
4288
4289
4290
4291
4292
4293
4294
4295
4296
4297
4298
4299
4300
4301
4302
4303
4304
4305
4306
4307
4308
4309
4310
4311
4312
4313
4314
4315
4316
4317
4318
4319
4320
4321
4322
4323
4324
4325
4326
4327
4328
4329
4330
4331
4332
4333
4334
4335
4336
4337
4338
4339
4340
4341
4342
4343
4344
4345
4346
4347
4348
4349
4350
4351
4352
4353
4354
4355
4356
4357
4358
4359
4360
4361
4362
4363
4364
4365
4366
4367
4368
4369
3060
3061
430
3102
957
4375
2850
846
846
382
3843
2833
3653
2797
3650
4385
4386
4387
4388
4389
4390
4391
4392
4393
4394
4395
4396
4397
4398
4399
4400
2133
1847
951
1847
968
4406
4407
4408
4409
4410
4411
4412
4413
4414
4415
4416
4417
4418
4419
4420
4421
4422
4423
4424
4425
4426
4427
4428
4429
4430
4431
4432
4433
4434
4435
4436
4437
4438
4439
4440
4441
4442
4443
4444
4445
1301
4447
4448
4449
4450
4451
4452
4453
4454
4455
4456
4457
4458
4459
4460
4461
4462
4463
4464
4465
4466
4467
4468
4469
4470
4471
4472
4473
4474
4475
4476
4477
4478
4479
4480
4481
4482
4483
4484
4485
4486
4487
4488
4489
4490
4491
4492
4493
4494
4495
4496
4497
4498
4499
4500
4501
4502
4503
4504
4505
4507
4507
4508
4506
1331
4511
5426
1334
4514
4515
4516
4517
4518
4519
4520
4521
4522
4523
4524
4525
4526
4527
4528
4529
4530
4531
4532
4533
4534
4535
4536
4537
4538
4539
4540
4541
4542
4543
4544
4545
4546
4547
4548
4549
4550
4551
4552
4553
4554
2753
796
4555
4558
4559
4560
4561
4562
4563
4564
4565
4566
5713
5713
1685
5716
4573
1364
6141
4574
4575
4576
4577
4578
4579
4580
4581
5161
4583
4584
4585
4586
4587
4588
4589
4590
4591
4592
4593
4594
4595
1377
4593
552
552
4641
4600
4602
4603
4604
4605
4606
4607
4608
4609
4609
4611
4612
1386
4614
4615
4616
4617
4618
4619
4620
4621
4622
4623
4624
4625
4626
4630
4628
4629
4851
4635
4632
4631
1392
4635
4636
4637
4638
4639
4640
550
550
618
2233
4645
4646
4647
4637
1393
4648
5501
4652
4653
4654
4655
4656
4657
4658
4659
4660
4661
4662
4663
4664
4665
4666
4667
4668
4669
4670
4671
4672
4673
4674
4675
4676
4677
4678
4679
4680
4681
4682
4683
4684
4685
4686
4687
4688
4689
4690
4695
4692
4693
4694
5484
4696
4697
4698
4699
4700
4701
4702
4703
4704
4705
4706
4707
4708
4709
4710
4711
4712
4713
4714
4715
4716
4717
4718
4719
4720
4721
1432
4723
4724
4725
4726
4724
4727
1435
4730
4731
4732
4733
4734
4735
4736
4737
4738
4739
4740
4741
4742
4743
4744
4745
4746
4747
4748
1442
1442
4751
1443
199
276
199
279
4757
4758
4759
4760
4761
4762
4763
4764
4769
682
4765
533
5471
4772
4770
5506
1482
4777
4774
4776
4777
1480
4779
1453
4781
1454
4784
4784
1456
4783
1455
4775
1457
4788
4791
4792
4793
4794
4797
4795
5515
4798
4799
4800
4801
4802
2203
4804
4804
1465
4786
1469
1468
4807
212
213
320
274
277
4816
273
4790
4819
4820
4821
4822
4823
4824
4825
4826
4827
4828
4829
4830
4831
4832
2215
4834
4835
4836
4837
4838
4840
4841
4841
1479
1687
4928
2246
1687
2250
2250
4850
5185
4849
1485
4855
4871
4874
1489
4853
4872
4876
1493
1488
4857
4863
4857
4864
1487
4863
1491
1496
607
1494
4923
4924
1494
1503
4925
557
2250
557
5716
4886
4886
6149
1498
2248
4957
622
1499
4958
6120
4890
4893
4893
1502
4892
1501
4897
4898
4899
4900
5716
5716
2247
4974
4906
4926
4905
1506
4909
4910
4911
4912
4913
4914
4915
1486
4916
4918
4919
4920
4921
4922
4923
4924
4923
4921
1510
1503
4895
4925
1512
4956
4935
4933
4935
4936
4937
4938
4939
4925
5746
1511
5716
5716
5716
5716
2247
2246
4950
4953
4949
4952
4924
1511
4955
4955
1513
4938
4956
4649
5747
5748
4964
1515
4950
4953
4965
1506
1517
4963
1526
4979
6122
5731
6206
4976
4977
4978
4979
4980
4981
4982
4983
4984
2574
2574
4987
4988
4989
4990
4991
4992
4993
4994
4995
4996
4997
4998
4999
5000
5001
5002
5003
5004
5005
5006
5007
5008
5009
5010
5011
5012
5013
5014
5015
5016
5017
5018
5019
5020
5021
5022
5023
5024
5025
5026
5027
5028
5029
5030
5031
5032
5033
5034
5035
5036
5037
5038
5039
5040
5041
5042
5043
5044
5045
5046
5047
5048
5049
5050
5051
5052
5053
5054
5055
5056
5057
5058
5059
5060
5061
5062
5063
5064
5065
5066
5067
5068
5069
5070
5071
5072
5073
5074
5075
5076
5077
5078
5079
5080
5081
5082
5083
5084
5085
5086
5087
5088
5089
5090
5091
5092
5093
5094
5095
5096
5097
5098
5099
5100
5101
5102
5103
5104
5105
5106
5107
5108
5109
5110
5111
5112
5113
5114
5115
5116
5117
5118
5119
5120
5121
5122
5123
5124
5125
5126
5127
5128
5129
5130
5131
5132
5133
5134
5135
5136
5137
5138
5139
5140
5141
5142
5143
5144
5145
5146
5147
5148
5149
5150
5151
5152
5153
5154
5155
5156
5157
5158
5159
5160
5161
5162
5163
5164
5165
5166
5167
5168
5169
5170
5171
5172
5173
5174
5175
5176
5177
5178
5180
4926
5179
4921
4921
1510
5186
5187
5183
4851
5189
5190
5191
5192
5193
5194
5195
5196
5197
5198
5199
5200
5201
5202
5203
5204
5205
5206
5207
5208
4732
5210
1444
5212
5213
5214
5215
5216
5217
5218
5219
5220
5221
5222
5223
5224
5225
5226
5227
5228
5229
5230
5231
5232
5233
5234
5235
5236
5237
5238
5239
5240
4725
1592
5243
5244
5245
5246
5247
5248
5249
5250
5251
5252
5253
5254
5255
5256
5257
5258
5259
5260
5261
5262
5263
5264
5265
5266
5267
5268
5269
5270
5271
5272
5273
5274
5275
5276
5277
5278
5279
5280
5281
5282
5283
5284
5285
5286
5287
5288
5289
5290
5291
5292
5293
5294
5295
5296
5297
5298
5299
5300
5301
5302
5303
5304
5305
5306
5307
5308
5309
5310
5311
5312
5313
5314
5315
5316
5317
5318
5319
5320
5321
5322
5323
5324
3564
5326
5327
5328
5329
5330
5331
4917
2253
2251
5334
5336
5337
5338
5339
5340
2238
4598
5344
5603
5345
5346
5347
5348
5349
5350
5351
5352
5353
5354
5355
5356
5357
5358
5359
5360
5361
5362
5363
5364
5365
5366
5367
5368
5369
5370
5371
5372
5373
5374
4693
1422
5375
5377
1633
5380
5381
5382
5383
5384
5385
5386
5387
5388
5389
1333
5391
5392
5393
5394
5395
5396
5397
5398
5399
5400
5401
5402
5403
5404
5405
5406
5407
5408
5409
5410
5411
5412
5413
1380
1380
5335
1626
5418
5419
5343
5421
5422
5423
1642
5425
5428
5427
5428
5429
5430
5429
5432
5433
5434
5435
5436
5437
5438
5440
5469
5439
5438
5442
5444
5441
5446
5450
1648
5447
5592
5451
5452
1375
5451
5455
5456
5457
5458
4509
5460
5461
5462
5463
5464
5465
5456
5467
5466
5443
1647
5468
1651
5473
5474
5475
5476
5477
5478
5479
5480
5481
5482
5483
5484
5485
5486
5487
5488
5489
5490
5491
5492
5493
5494
5495
5496
5497
5498
5499
5500
5501
5503
6136
5504
5505
5505
5507
5508
5509
5510
5511
5512
4796
1461
538
5516
5517
5518
5519
5520
5521
5522
5523
5524
5525
5526
5527
5528
5529
5530
2392
5532
5533
5534
5535
5536
5537
1622
5539
618
5727
1505
4885
2400
1484
5547
5553
5548
5549
5550
5551
5560
5728
1686
1516
4970
5557
5558
1509
4865
5561
5562
5563
5564
5565
5566
5567
5568
5569
5570
5571
5572
5573
5574
5575
5576
5577
5578
5579
5580
5581
5582
5583
5584
5585
5586
5587
5588
5589
5590
5591
5454
1649
5594
5595
5596
5597
5599
5709
5710
5598
5712
5714
5604
5605
5606
5607
5608
5609
5610
5611
5612
5613
5614
5615
5616
5617
5618
5619
5620
5621
5622
5623
5624
5625
5626
5627
5628
5629
5630
5631
5632
5633
5634
5635
5636
5637
5638
5639
5640
5641
5642
5643
5644
5645
5646
5647
5648
5649
5650
5651
5652
5653
5654
5655
5656
5657
5658
5659
5660
5661
5662
5663
5664
5665
5666
5667
5668
5669
5670
5671
5672
5673
5674
5675
5676
5677
5678
5679
5680
5681
5682
5683
5684
5685
5686
5687
5688
5689
5690
5691
5692
5693
5694
5695
5696
5697
5698
5699
5700
5701
5702
5703
5704
5705
5706
5707
5708
4597
1378
5711
5714
5714
6122
1685
6123
5717
5718
5719
623
4888
1687
4928
1687
2246
1687
5730
5728
5730
5750
1689
5732
5733
5734
5735
5736
5737
5738
5739
4557
5741
5742
5743
5744
5745
4925
5746
5748
5749
5750
1532
5752
5753
5754
5755
5756
5757
5758
5759
5760
5761
5762
5763
5764
5765
5766
5767
5768
5769
5770
5771
5772
5773
5774
5775
5776
5777
5778
5779
5780
5781
5782
5783
5784
5785
5786
5787
5788
5789
5790
5791
5792
5793
5794
5795
5796
5797
5798
5799
5800
5801
5802
5803
5804
5805
5806
5807
5808
5809
5810
5811
5812
5813
5814
5815
5816
5817
5818
5819
5820
5821
5822
5823
5824
5825
5826
5827
5828
5829
5830
5831
5832
5833
5834
5835
5836
5837
5838
5839
5840
5841
5842
5843
5844
5845
5846
5847
5848
5849
5850
5851
5852
5853
5854
5855
5856
5857
5858
5859
5860
5861
5862
5863
5864
5865
5866
5867
5868
5869
5870
5871
5872
5873
5874
5875
5876
5877
5878
5879
4719
5881
5882
5883
5884
5885
5886
5887
5888
5889
5890
5891
5892
5893
5894
5895
5896
5897
5898
5899
5900
5901
5902
5903
5904
5905
5906
5907
5908
5909
5910
5911
5912
5913
5914
5915
5916
5917
5918
5919
5920
5921
5922
5923
5924
5925
5926
5927
5928
5929
5930
5931
5932
5933
5934
5935
5936
5937
5938
5939
5940
5941
5942
5943
5944
5945
5946
5947
5948
5949
5950
5951
5952
5953
5954
5955
5956
5957
5958
5959
5960
5961
5962
5963
5964
5965
5966
5967
5968
5969
5970
5971
5972
5973
5974
5975
5976
5977
5978
5979
5980
5981
5982
5983
5984
5985
5986
5987
5988
5989
5990
5991
5992
5993
5994
5995
5996
5997
5998
5999
6000
6001
6002
6003
6004
6005
6006
6007
6008
6009
6010
6011
6012
6013
6014
6015
6016
6017
6018
6019
6020
6021
6022
6023
6024
6025
6026
6027
6028
6029
6030
6031
6032
6033
6034
6035
6036
6037
6038
6039
6040
6041
6042
6043
6044
6045
6046
6047
6048
6049
6050
6051
6052
6053
6054
6055
6056
6057
6058
6059
6060
6061
6062
6063
6064
6065
6066
6067
6068
6069
6070
6071
6072
6073
6074
6075
6076
6077
6078
6079
6080
6081
6082
6083
6084
6085
6086
6087
6088
6089
6090
6091
6092
6093
6094
6095
6096
6097
6098
6099
6100
6101
6102
6103
6104
6105
6106
6107
6108
6109
6110
6111
6112
6113
6114
6115
4854
4858
608
4899
6120
6121
4650
4650
1400
2255
5601
6127
5414
4601
6130
6131
6132
6133
6134
6135
4771
6137
5352
6139
2372
6141
6142
6143
6144
6145
6146
2542
557
1500
2247
4924
6152
6153
6154
6155
6156
6157
6158
6159
1846
6124
6162
6163
6164
6165
6166
6167
6168
6169
6170
6171
6172
6173
6174
6175
6176
6177
6178
6179
6180
6181
6182
6183
2176
6185
6186
6187
6188
6189
6190
6191
6192
6193
6194
6195
6196
6197
6198
6199
6200
6201
6202
6203
6204
6205
6206
6207
6208
6209
6210
6211
6212
6213
6214
6215
6216
6217
6218
6219
6220
6221
6222
6223
6224
6225
6226
6227
6228
6229
6230
6231
6232
6233
6234
6235
6236
6237
6238
6239
6240
6241
6242
6243
6244
6245
6246
6247
6248
6249
6250
6251
6252
6253
6254
6255
6256
6257
6258
6259
6260
6261
6262
6263
6264
6265
6266
6267
6268
6269
6270
6271
6272
6273
6274
6275
6276
6277
6278
6279
6280
6281
6282
6283
6284
6285
6286
6287
6288
6289
6290
6291
