0
1
2
3
4
1814
899
108
114
118
10
63
12
13
14
15
55
2920
18
19
20
21
93
97
2155
368
26
3684
3590
3590
30
3491
32
33
34
35
36
37
169
39
134
3007
167
43
44
45
46
44
48
49
50
51
52
54
119
9
54
2915
120
2917
60
1078
61
3477
1073
65
1068
67
68
69
78
69
72
75
73
83
71
77
80
81
165
60
17
64
47
0
86
87
88
89
92
91
94
23
94
95
96
923
98
99
100
100
102
351
1814
2950
28
105
28
3590
29
898
110
29
30
113
117
1082
31
116
121
121
32
62
123
11
66
127
128
129
130
74
132
116
8
135
136
137
138
139
140
141
142
26
160
145
146
147
107
6
150
104
152
152
3012
4394
3021
157
35
38
160
161
162
2152
164
164
168
43
169
151
385
529
172
173
174
175
2207
1448
199
5255
287
231
182
183
184
185
330
224
1592
233
190
191
192
266
194
195
196
2224
2208
5351
5351
286
290
203
204
205
319
207
208
340
210
327
329
339
4813
215
215
217
218
219
220
221
222
223
304
211
1445
305
4716
226
4717
289
4723
4725
234
296
5209
237
238
236
186
328
240
250
245
254
244
242
247
250
336
187
229
229
188
216
256
257
171
259
260
261
262
1473
264
2217
194
267
268
269
270
271
272
273
2558
2211
5352
2558
2208
5352
1448
5352
5351
200
200
286
200
201
285
290
201
202
203
202
294
295
294
239
298
248
300
301
246
303
179
284
306
307
308
309
310
311
312
331
197
315
316
317
318
274
198
176
177
323
337
323
281
4820
321
209
206
331
332
333
177
322
335
338
1467
214
4813
4813
342
343
3670
345
346
347
348
3775
3505
891
21
2937
20
352
3710
357
358
1985
360
361
2952
363
364
365
1824
1975
368
1847
2010
3966
1829
3072
2010
2841
3083
4402
380
3142
1846
1850
382
3968
3970
3684
26
387
388
389
390
391
392
393
394
395
396
397
398
399
400
401
402
403
404
405
406
407
408
409
410
411
412
413
414
415
416
417
418
419
420
1963
901
423
424
425
3011
3755
428
3990
3078
431
432
433
434
435
436
437
438
439
1848
1847
3088
380
3094
3143
2742
447
448
449
450
451
452
453
454
455
456
457
458
459
460
461
462
463
464
465
466
467
468
469
470
471
472
473
474
475
476
477
478
479
480
481
482
483
484
485
486
487
488
489
490
491
492
493
494
495
496
497
498
499
500
2910
2908
503
2901
2906
506
507
508
509
510
511
2820
513
514
515
3960
369
518
5430
520
521
522
523
524
5530
5270
2377
1442
192
191
4735
4733
5470
534
2199
536
537
538
6138
540
541
542
2385
1656
196
2234
548
4882
5543
1397
2234
4641
552
4643
2230
4931
2249
5560
5334
4882
4882
2208
563
564
565
566
567
568
569
570
571
572
573
574
575
576
577
578
579
580
581
582
583
584
585
586
587
588
589
590
591
592
593
594
595
596
597
598
599
600
2434
1451
603
604
605
606
607
4859
609
610
611
612
613
614
615
616
617
4885
4882
560
2234
4957
4889
4549
625
626
627
628
629
630
631
632
633
634
635
636
637
638
639
640
641
642
643
644
645
646
647
648
649
650
651
652
653
654
655
656
657
658
659
660
661
662
663
664
665
666
667
668
669
670
671
672
673
674
4632
676
677
678
679
4708
4710
682
683
4702
685
686
687
688
689
690
691
692
693
2427
5542
696
697
698
4807
700
701
702
703
704
705
706
707
708
709
710
711
712
713
714
715
716
717
718
719
720
721
722
723
724
725
726
727
728
729
730
731
732
733
734
735
736
737
738
739
740
741
742
743
744
745
746
747
748
749
750
751
752
2679
754
755
756
757
758
759
760
761
762
763
764
765
766
767
768
769
770
771
772
773
774
775
776
777
778
779
780
781
782
783
784
785
786
787
788
3674
790
791
792
793
794
795
796
797
798
799
800
801
3960
3816
804
805
806
807
808
809
2780
2818
812
3377
2787
815
816
2795
2793
2849
820
2798
3573
2804
3646
2814
2803
827
828
2809
2808
831
832
833
2828
835
3388
837
2833
3169
3119
2838
842
1854
1832
845
2851
3121
2853
849
850
2138
3461
3472
854
855
856
2140
2871
3451
3450
860
859
863
864
865
866
867
868
869
870
2894
2896
3482
875
2959
3501
877
3493
1949
1946
3493
882
2930
2941
885
886
2940
3756
889
890
2909
3590
3617
2924
2914
1955
28
3590
3590
3467
901
902
903
904
905
2976
2977
2995
1808
910
911
912
913
27
27
916
917
918
2991
2156
93
2155
97
30
925
926
927
928
929
930
3039
932
3992
3970
935
3124
937
938
3066
940
941
4371
3071
1852
3415
946
3160
3991
3140
3092
3097
3093
955
970
945
958
953
967
3970
1060
980
956
3117
3148
3150
3570
1062
3415
3414
946
3144
3171
973
973
975
3176
3973
3111
6235
980
981
6236
3790
2173
985
986
2793
6208
989
990
991
2171
993
994
995
996
997
998
999
1000
1001
1002
1003
1004
1005
1006
1007
1008
1009
1010
1011
1012
1013
1014
1015
1016
1017
1018
1019
1020
1021
1022
1023
1024
1025
1026
1027
1028
1029
1030
1031
1032
1033
1034
1035
1036
1037
1038
1039
1040
1041
1042
1043
3433
1045
1046
1047
1048
3379
3382
1051
1052
1053
1792
3399
1056
1057
1058
1059
1060
1061
1062
1063
1064
1065
3436
861
33
1069
1070
1071
1072
2918
1074
1075
3473
3492
32
2965
1080
3556
1962
3491
1084
908
1086
1087
1088
1089
1090
1091
1092
1093
1094
1095
1096
1097
1098
1099
1100
1101
1102
1103
1104
1105
3846
2796
1108
1109
1110
1111
1112
3614
1114
1115
1116
1117
1118
1119
1120
1121
1122
1123
1124
1125
1126
3682
3838
3693
1130
3708
1132
1133
1134
1135
1136
3797
1138
1139
1140
1141
1142
1143
1144
1145
1146
3956
1148
1149
1150
1151
1152
1153
1154
1155
1156
1157
1158
1159
1160
1161
1162
1163
4377
3992
3993
1167
3995
1169
1170
1171
1172
1173
1174
1175
1176
1177
1178
1179
1180
1181
1182
1183
1184
1185
1186
1187
1188
1189
1190
1191
1192
1193
1194
1195
1196
1197
1198
1199
1200
1201
1202
1203
1204
1205
1206
1207
1208
1209
1210
1211
1212
1213
1214
1215
1216
1217
1218
1219
1220
1221
1222
1223
1224
1225
1226
1227
1228
1229
1230
1231
1232
1233
1234
1235
1236
1237
1238
1239
1240
1241
1242
1243
1244
1245
1246
1247
1248
1249
1250
1251
1252
1253
1254
1255
1256
1257
1258
1259
1260
1261
1262
1263
1264
1265
1266
1267
1268
1269
1270
1271
1272
1273
1274
1275
1276
1277
1278
1279
1280
1281
1282
1283
1284
1285
1286
1287
1288
1289
1290
1291
5487
1293
1294
1295
1296
1297
1298
1299
1300
1301
1302
1303
1304
1305
1306
1307
1308
1309
1310
1311
1312
1313
1314
1315
1316
1317
1318
1319
1320
1321
1322
4488
1324
1325
1326
1327
1328
1329
1330
1331
1332
1333
1334
1335
1336
1337
1338
1339
1340
1341
1342
1343
1344
1345
1346
1347
1348
1349
5433
5435
4547
1353
1354
1355
1356
1357
1358
1359
1360
1361
557
1363
1364
1365
1366
1367
1368
1369
1370
5158
1372
1373
4592
1375
1376
4648
6122
1380
5335
1381
4604
1383
1384
1385
1386
1387
1388
5163
4629
4634
1392
4956
4637
4639
4914
559
4644
1399
4959
1401
1402
1403
1404
5236
5224
1407
1408
4671
2545
5268
5267
4676
1414
1415
1416
1417
1418
1419
1420
1421
4692
4694
1424
5245
4760
4701
1428
1429
5238
5258
2363
1596
1463
4747
1437
4744
1439
2391
4803
1441
4709
5378
1435
287
286
5351
5351
5352
1450
2375
1452
4780
1454
1455
4774
4778
5513
2205
4792
2393
5207
5206
1464
4806
198
198
1458
1469
543
221
2224
266
195
194
286
1477
1478
1479
1480
4837
1482
1483
5726
1485
4916
4864
1488
1489
1492
4867
558
1493
5184
2234
1497
5723
6149
4890
1503
1502
1494
1493
1501
5726
1520
4910
4937
5332
5184
4942
4933
4958
1514
1514
4963
1517
5727
4908
1520
1521
6255
5546
2577
4971
1526
1528
5731
1529
6192
1531
1532
1527
1534
1535
1536
1537
1538
1539
1540
1541
1542
1543
1544
1545
1546
1547
1548
1549
1550
1551
1552
1553
1554
1555
1556
1557
1558
1559
1560
1561
1562
1563
1564
1565
1566
1567
1568
1569
1570
1571
1572
1573
1574
1575
1576
1577
5197
1579
1580
1581
1582
1583
1584
5199
5202
204
1588
1589
1590
1591
231
1593
1594
1452
1593
203
1598
1599
1451
5318
290
1603
5533
1605
1606
1607
1608
1609
1610
1611
1612
1613
1614
5328
1616
1617
1618
2377
1620
5340
1622
1623
1624
1625
4598
553
1628
1629
1630
1631
1632
5375
1634
1635
1636
1637
1638
1639
1640
1641
1642
1643
5452
1645
1646
5444
1648
1649
1650
1651
1652
1653
1654
1655
1461
1657
5554
1659
1660
1661
1662
1663
1664
1665
1666
1667
5712
1669
1670
1671
1672
1673
1674
1675
1676
1677
1678
1679
1680
1681
1682
1683
1684
6124
1483
5749
1688
5751
1690
1691
1692
1693
1694
1695
1696
1697
1698
1699
1700
1701
1702
1703
1704
1705
1706
1707
1708
1709
1710
1711
1712
1713
1714
1715
1716
1717
1718
1719
1720
1721
1722
1723
1724
1725
1726
1727
1728
1729
1730
1731
1732
1733
1734
1735
1736
1737
1738
1739
1740
1741
1742
1743
1744
1745
1746
1747
1748
1749
1750
1751
1752
1753
1754
1755
1756
1757
1758
1759
1760
1761
1762
1763
1764
1765
1766
1767
1768
1769
1770
1771
1772
1773
1774
1775
1776
1777
1778
1779
1780
1784
1782
344
3738
1785
1786
1787
1788
1786
1790
1791
349
3507
1793
1795
3773
1799
1798
86
0
2935
1802
1803
1802
1805
1806
1807
1806
1809
1810
2953
103
27
2953
2952
1816
1817
1818
1819
1820
1820
23
1823
1973
2010
1847
2011
1847
1833
442
2013
1833
1990
2010
1829
2010
3083
1829
372
2843
2015
2010
3959
380
1849
379
1845
445
3141
1851
4379
382
1850
381
2013
2013
2013
3968
1859
1860
1861
1862
1863
1864
1865
1866
1867
1868
1869
1870
1871
1872
1873
1874
1875
1876
1877
1878
1879
1880
1881
1882
1883
1884
1885
1886
1887
1888
1889
1890
1891
1892
1893
1894
1895
1896
1897
1898
1899
1900
1901
1902
1903
1904
1905
1906
1907
1908
1909
1910
1911
1912
1913
1914
1915
1916
1917
1918
1919
1920
1921
1922
1923
1924
1925
1926
1927
1928
1929
1930
1931
1932
1933
1934
1935
1936
1937
1938
1939
1940
1941
1942
1943
1944
1945
3476
1077
3492
3476
3473
1951
1952
2021
1963
1962
901
421
1963
1960
1960
1961
1959
502
1964
1965
1966
1967
160
3743
39
142
1972
1976
1973
888
2997
1977
1978
89
1980
1981
1982
1983
1984
1985
1986
1987
3048
1165
429
3079
1992
1993
1994
1995
1996
1997
1998
1999
2000
2001
2002
2003
2004
2005
2006
2007
2008
2009
440
440
440
2017
440
1847
2018
444
3170
2021
446
3668
2022
2023
2024
2025
2026
2027
2028
2029
2030
2031
2032
2033
2034
2035
2036
2037
2038
2039
2040
2041
2042
2043
2044
2045
2046
2047
2048
2049
2050
2051
2052
2053
2054
2055
2056
2057
2058
2059
2060
2061
2062
2063
2064
2065
2066
2067
2068
2069
2070
2071
2072
2073
2074
2075
2076
2077
2078
2079
2080
2081
2082
2083
2084
2085
2086
2087
2088
2089
2090
2091
2092
2093
2094
2095
2096
2097
2098
2099
2100
2101
2102
2103
2104
2105
2106
2107
2108
2109
2110
2111
2112
2113
2114
2115
2116
2117
2118
2119
2120
2121
2122
2123
2124
2125
2126
2127
2128
2129
2130
2131
2132
2133
2134
2132
2137
2904
505
2136
504
2141
2142
2143
2144
2145
2146
2147
2148
3591
28
3590
28
1821
2153
923
366
2159
2159
2821
2160
2161
2162
2163
2164
2165
2166
2167
2168
3956
2172
987
3956
2174
3788
2174
517
2178
2178
2179
2180
2183
2182
2183
2181
2184
2186
2187
2188
525
2190
2191
2189
216
257
1438
4734
171
2201
2199
2198
2201
2202
2203
2204
536
2202
528
4752
198
528
5352
2212
2213
2214
2215
194
194
270
2385
193
331
4816
315
197
2225
2230
548
2234
2230
550
5543
2233
5544
550
2234
2234
2234
4643
4644
4643
5543
6150
2256
546
2230
622
2248
4934
2430
2431
2252
6125
559
2252
558
2233
4882
2233
2233
2260
2261
2262
2263
2264
2265
2266
2267
2268
2269
2270
2271
2272
2273
2274
2275
2276
2277
2278
2279
2280
2281
2282
2283
2284
2285
2286
2287
2288
2289
2290
2291
2292
2293
2294
2295
2296
2297
2298
2299
2300
2301
2302
2303
2304
2305
2306
2307
2308
2309
2310
2311
2312
2313
2314
2315
2316
2317
2318
2319
2320
2321
2322
2323
2324
2325
2326
2327
2328
2329
2330
2331
2332
2333
2334
2335
2336
2337
2338
2339
2340
2341
2342
2343
2344
2345
2346
2347
2348
2349
2350
2351
2352
2353
2354
2355
2356
2357
2358
2359
2360
5237
2364
5239
5240
5238
2366
2433
2366
2378
2378
2377
2378
1451
2376
2375
2376
681
2374
2379
2380
2381
2382
5513
5513
4796
1656
4741
4741
262
2394
1441
2390
1440
4801
2395
2395
2397
4883
608
4870
2398
2402
2403
2404
2405
2406
2407
2408
2409
2410
2411
2412
2413
2414
2415
2416
2417
2418
2419
2257
5720
2257
2257
4948
2234
619
560
2234
623
4889
4886
2433
5429
624
2435
2436
2437
2438
2439
2440
2441
2442
2443
2444
2445
2446
2447
2448
2449
2450
2451
2452
2453
2454
2455
2456
2457
2458
2459
2460
2461
2462
2463
2464
2465
2466
2467
2468
2469
2470
2471
2472
2473
2474
2475
2476
2477
2478
2479
2480
2481
2482
2483
2484
2485
2486
2487
2488
2489
2490
2491
2492
2493
2494
2495
2496
2497
2498
2499
2500
2501
2502
2503
2504
2505
2506
2507
2508
2509
2510
2511
2512
2513
2514
2515
2516
2517
2518
2519
2520
2521
2522
2523
2524
2525
2526
2527
2528
2529
2530
2531
2532
2533
2534
2535
2536
2537
2538
2539
2540
2541
2542
2544
4703
684
2543
2547
2548
2549
2550
2551
2552
2553
2554
5352
5352
5352
5351
2218
270
2218
2384
2563
2564
2565
2566
2567
2568
2569
2570
5714
1685
4975
5713
2578
2578
1523
5545
2579
2580
2581
2582
2583
2584
2585
2585
2587
2588
2589
2590
2591
2592
2593
2594
2595
2596
2597
2598
2599
2600
2601
2602
2603
2604
2605
2606
2607
2608
2609
2610
2611
2612
2613
2614
2615
2616
2617
2618
2619
2620
2621
2622
2623
2624
2625
2626
2627
2628
2629
2630
2631
2632
2633
2634
2635
2636
2637
2638
2639
2640
2641
2642
2643
2644
2645
2646
2647
2648
2649
2650
2651
2652
2653
2654
2655
2656
2657
2658
2659
2660
2661
2662
2663
2664
2665
2666
2667
2668
2669
2670
2671
2672
2673
2674
2675
2676
2677
2678
754
2680
2681
2682
2683
2684
2685
2686
2687
2688
2689
2690
2691
2692
2693
2694
2695
2696
2697
2698
2699
2700
2701
2702
2703
2704
2705
2706
2707
2708
2709
2710
2711
2712
2713
2714
2715
2716
2717
2718
2719
2720
2721
2722
2723
2724
2725
2726
2727
2728
2729
2730
2731
2732
2733
2734
2735
2736
2737
2738
2739
2740
2745
789
2741
2744
2745
2746
2747
2748
2749
2750
2751
2752
2753
2754
2755
2756
2757
2758
2759
2760
2761
2762
2763
3959
2015
3960
3958
2768
803
2770
2771
2772
2773
2774
2775
2776
2777
2778
2779
811
2781
2782
2783
2784
2785
2790
813
2788
2789
3764
819
2791
819
2794
2795
2798
822
3572
375
2802
2802
3646
825
2804
2805
2806
2807
2812
828
2810
2811
2812
2813
2815
2815
2586
2813
2818
2819
829
2821
2810
2823
2824
2825
2826
2827
2828
3386
2830
2831
2832
837
2831
2835
2837
3168
840
2839
839
3787
373
3786
843
2845
2846
2847
2848
2849
2848
2851
2855
847
2852
3118
2856
2857
2858
2859
2862
852
3471
2863
2864
2865
4391
2867
2868
2872
2869
874
2903
2873
2874
2875
2876
2878
3449
860
2878
859
2882
2883
2884
2885
2886
2887
2888
2889
2890
2891
2893
3725
870
2892
2896
2897
2898
2899
3480
3482
2959
3480
2905
3500
876
2911
877
2907
871
3593
1956
1955
422
3495
3490
878
1948
2921
881
1077
1946
3493
880
1950
2925
880
1950
882
1950
2932
3448
884
2926
2936
2938
887
2939
2939
886
885
2942
2943
2944
2945
2946
3475
3475
2949
3592
3592
3590
891
28
109
3590
899
2961
900
2961
3465
2962
2963
2962
2965
2966
356
2968
2969
3711
2971
2972
2973
2974
2975
2975
2977
2978
2979
2980
2981
3005
2983
906
2985
2986
2988
2976
907
907
2990
1808
2992
2994
913
2996
2997
2998
2999
3000
3001
3002
3003
3004
3005
3006
159
3010
920
3019
3011
3007
27
167
351
2950
2154
100
1974
421
421
110
3023
3024
3025
3026
3027
3028
3029
3030
3031
3032
3033
3034
3035
3036
3037
1809
909
3038
3041
3042
3043
3044
3972
3972
3970
3991
2013
959
3051
936
3053
3054
3055
3057
3065
3058
3059
3056
3060
939
941
3063
3067
943
3122
3070
3068
3802
966
3073
4372
3074
3075
3076
3077
3078
3079
1829
2010
1829
1832
1165
1165
3990
3969
3090
3965
3091
951
3097
951
952
3132
3098
970
3134
3129
3125
3103
3099
3127
3126
1847
440
3960
3971
3412
3412
3179
6235
6235
3100
3104
3101
957
3120
964
3149
965
3123
3569
834
3128
969
3416
3416
945
3413
1062
3076
946
3076
3413
3415
3414
3079
3079
954
972
3144
3171
972
3147
3145
4375
963
3114
3115
973
3152
973
2011
380
2012
2010
1847
1847
2013
3087
3178
3181
3175
3162
4405
3152
3146
971
952
952
971
3172
3175
3175
975
3153
3178
3179
3180
3181
3183
3183
3184
3182
3188
6208
3973
3112
978
3189
979
3193
3194
3195
3165
3197
3198
516
3199
3201
3202
3203
3204
3205
3206
3207
3208
3209
3210
3211
3212
3213
3214
3215
3216
3217
3218
3219
3220
3221
3222
3223
3224
3225
3226
3227
3228
3229
3230
3231
3232
3233
3234
3235
3236
3237
3238
3239
3240
3241
3242
3243
3244
3245
3246
3247
3248
3249
3250
3251
3252
3253
3254
3255
3256
3257
3258
3259
3260
3261
3262
3263
3264
3265
3266
3267
3268
3269
3270
3271
3272
3273
3274
3275
3276
3277
3278
3279
3280
3281
3282
3283
3284
3285
3286
3287
3288
3289
3290
3291
3292
3293
3294
3295
3296
3297
3298
3299
3300
3301
3302
3303
3304
3305
3306
3307
3308
3309
3310
3311
3312
3313
3314
3315
3316
3317
3318
3319
3320
3321
3322
3323
3324
3325
3326
3328
3328
3329
3330
3331
3332
3333
3334
3335
3336
3337
3338
3339
3340
3341
3342
3343
3344
3345
3346
3347
3348
3349
3350
3351
3352
3353
3354
3355
3356
3357
3358
3359
3360
3361
3362
3363
3364
3365
3366
3367
3368
3370
3459
1044
3372
3373
3374
3375
3378
3377
3378
1048
3376
3380
1049
3381
2817
3384
2801
3647
823
3383
3390
1050
3392
3393
3394
3395
3396
3397
3398
1054
3400
3401
3402
3403
3404
3405
3406
3407
3408
3409
3410
3411
3412
3413
3414
3415
3413
3417
3418
3419
3420
3421
3422
3423
3424
3425
3426
3427
3428
3429
3430
3432
1794
3437
3431
3439
862
3438
2881
3502
2879
3441
3442
3443
3444
66
11
127
3448
3449
3450
1070
3452
3453
3454
3455
3456
3457
3458
3464
3463
2871
2958
2960
3462
3465
3466
3467
3468
3469
3470
2869
857
902
3474
3474
902
880
123
32
3481
3483
1079
3483
3484
3485
3486
3487
3488
422
3556
3494
2963
2963
901
3494
3490
113
3489
1082
2964
3501
3504
908
3508
3504
1085
3776
3509
3509
3510
3511
3512
3513
3514
3515
3516
3517
3518
3519
3520
3521
3522
3523
3524
3525
3526
3527
3528
3529
3530
3531
3532
3533
3534
3535
3536
3537
3538
3539
3540
3541
3542
3543
3544
3545
3546
3547
3548
3549
3550
3551
3552
3553
3554
3555
1959
110
29
3559
3560
3561
3562
3563
3564
3565
3566
3567
3568
3569
3570
3571
381
3573
3574
3575
3576
3577
3578
3579
1840
1837
3581
2798
3584
3585
3586
3587
3588
3589
2909
2909
501
3585
3594
3595
3596
3597
3598
3599
3600
3601
3602
3603
3604
3605
3606
3607
3608
3609
3610
3611
3612
3613
2895
2910
3614
501
3615
3619
3620
3621
3622
3623
3624
3625
3626
3627
3628
3629
3630
3631
3632
3633
3634
512
3636
3638
3638
830
3640
3641
3642
3643
3644
3645
831
3648
3648
3649
3650
3651
3652
3654
3781
822
3656
3582
3658
3659
3660
3661
3662
3663
3664
3665
3666
3667
3669
3963
753
3671
3672
3673
3674
3675
3676
3677
3618
3709
3618
3681
3682
3681
893
3685
3686
3688
3836
3689
3690
3691
3692
817
3694
3695
3696
3697
3698
3699
3700
3701
3702
3703
3704
3705
3706
3706
3708
3683
1127
3707
3712
3713
3714
3715
3716
3717
3718
3719
3720
3721
3722
3723
3724
3725
3726
3727
3728
3729
3730
3731
3732
3733
3734
3735
3736
3737
3738
3739
3740
3741
3742
3743
3744
3745
3746
3747
3748
3749
3750
3751
3752
3753
3754
2997
910
3757
3758
931
3760
3761
3762
3763
3764
3765
3766
3767
3768
3769
3770
3771
3772
1135
3774
3776
3777
2993
3778
3779
3780
3781
3782
3785
3785
3796
373
3787
3788
3789
3790
3791
3792
3793
3794
3795
3972
976
3185
3799
3800
3801
3802
3803
3804
3805
3806
3807
3808
3809
3810
3811
3812
3813
3814
3815
3816
3817
3818
3819
3820
3821
3822
3823
3824
3825
3826
3827
3828
3829
3830
3831
3832
3833
3834
3835
3836
3837
1129
3839
3840
3841
3845
3842
3955
3952
3957
1164
3848
3849
3850
3851
3852
3853
3854
3855
3856
3857
3858
3859
3860
3861
3862
3863
3864
3865
3866
3867
3868
3869
3870
3871
3872
3873
3874
3875
3876
3877
3878
3879
3880
3881
3882
3883
3884
3885
3886
3887
3888
3889
3890
3891
3892
3893
3894
3895
3896
3897
3898
3899
3900
3901
3902
3903
3904
3905
3906
3907
3908
3909
3910
3911
3912
3913
3914
3915
3916
3917
3918
3919
3920
3921
3922
3923
3924
3925
3926
3927
3928
3929
3930
3931
3932
3933
3934
3935
3936
3937
3938
3939
3940
3941
3942
3943
3944
3945
3946
3947
3948
3949
3950
3951
2792
818
3954
3956
4376
3960
3960
1847
4378
3961
3962
3962
949
3140
3972
3970
3972
3991
1166
1166
3993
3975
1168
3994
3976
3977
3978
3979
3980
3981
3982
3983
3984
3985
3986
3987
3988
3989
973
3153
3992
982
3198
3995
3996
3997
3998
3999
4000
4001
4002
4003
4004
4005
4006
4007
4008
4009
4010
4011
4012
4013
4014
4015
4016
4017
4018
4019
4020
4021
4022
4023
4024
4025
4026
4027
4028
4029
4030
4031
4032
4033
4034
4035
4036
4037
4038
4039
4040
4041
4042
4043
4044
4045
4046
4047
4048
4049
4050
4051
4052
4053
4054
4055
4056
4057
4058
4059
4060
4061
4062
4063
4064
4065
4066
4067
4068
4069
4070
4071
4072
4073
4074
4075
4076
4077
4078
4079
4080
4081
4082
4083
4084
4085
4086
4087
4088
4089
4090
4091
4092
4093
4094
4095
4096
4097
4098
4099
4100
4101
4102
4103
4104
4105
4106
4107
4108
4109
4110
4111
4112
4113
4114
4115
4116
4117
4118
4119
4120
4121
4122
4123
4124
4125
4126
4127
4128
881
121
4131
4132
4133
4134
4135
4136
4137
4138
4139
4140
4141
4142
4143
4144
4145
4146
4147
4148
4149
4150
4151
4152
4153
4154
4155
4156
4157
4158
4159
4160
4161
4162
4163
4164
4165
4166
4167
4168
4169
4170
4171
4172
4173
4174
4175
4176
4177
4178
4179
4180
4181
4182
4183
4184
4185
4186
4187
4188
4189
4190
4191
4192
4193
4194
4195
4196
4197
4198
4199
4200
4201
4202
4203
4204
4205
4206
4207
4208
4209
4210
4211
4212
4213
4214
4215
4216
4217
4218
4219
4220
4221
4222
4223
4224
4225
4226
4227
4228
4229
4230
4231
4232
4233
4234
4235
4236
4237
4238
4239
4240
4241
4242
4243
4244
4245
4246
4247
4248
4249
4250
4251
4252
4253
4254
4255
4256
4257
4258
4259
4260
4261
4262
4263
4264
4265
4266
1074
4268
4269
4270
4271
4272
4273
4274
4275
4276
4277
4278
4279
4280
4281
4282
4283
4284
4285
4286
4287
4288
4289
4290
4291
4292
4293
4294
4295
4296
4297
4298
4299
4300
4301
4302
4303
4304
4305
4306
4307
4308
4309
4310
4311
4312
4313
4314
4315
4316
4317
4318
4319
4320
4321
4322
4323
4324
4325
4326
4327
4328
4329
4330
4331
4332
4333
4334
4335
4336
4337
4338
4339
4340
4341
4342
4343
4344
4345
4346
4347
4348
4349
4350
4351
4352
4353
4354
4355
4356
4357
4358
4359
4360
4361
4362
4363
4364
4365
4366
4367
4368
4369
3069
1852
1853
3096
4373
4374
2850
846
3173
4379
1106
4381
3653
2797
4384
4385
4386
4387
4388
4389
4390
2139
3590
4393
421
4395
4396
4397
4398
4399
4400
4401
1829
954
2013
4405
4406
4407
4408
4409
4410
4411
4412
4413
4414
4415
4416
4417
4418
4419
4420
4421
4422
4423
4424
4425
4426
4427
4428
4429
4430
4431
4432
4433
4434
4435
4436
4437
4438
4439
4440
4441
4442
4443
4444
4445
4446
4447
4448
4449
4450
4451
4452
4453
4454
4455
4456
4457
4458
4459
4460
4461
4462
4463
4464
4465
4466
4467
4468
4469
4470
4471
4472
4473
4474
4475
4476
4477
4478
4479
4480
4481
4482
4483
4484
4485
4486
4487
1322
4489
4490
4491
4492
4493
4494
4495
4496
4497
4498
4499
4500
4501
4502
4503
4504
4505
4506
4507
4508
4509
4510
4511
4512
4513
4514
4515
4516
4517
4518
4519
4520
4521
4522
4523
4524
4525
4526
4527
4528
4529
4530
4531
4532
4533
4534
4535
4536
4537
4538
4539
4540
4541
4542
4543
4544
4546
5432
1351
4545
1350
4550
4551
4552
4553
4554
4555
4556
4557
4558
4559
4560
4561
4562
4563
4564
4565
4566
1398
6148
2256
1398
4571
4572
4573
4574
4575
4576
4577
4578
4579
4580
4581
4582
4583
4584
4585
4586
4587
4589
5521
4590
4591
1371
1377
4594
4595
4650
4596
4600
4600
5333
1380
4603
4603
4604
4602
4606
4607
4608
4609
4610
4611
4612
4613
4614
4615
4616
4617
4618
4619
4620
4621
4622
4623
4624
4625
4626
4628
5162
1389
4630
4631
4632
4631
1392
4635
4640
1393
4636
1396
4955
1397
2253
4641
5544
4645
4646
4647
4649
4959
4649
4651
4653
4912
4652
4655
4656
4657
4658
4659
4660
4661
5235
4663
4664
4665
4666
4667
4670
4668
4699
1427
4672
4673
4674
4675
4677
5266
4677
4680
1411
4681
4682
4683
4684
4685
4686
4687
4688
4689
4690
4695
524
4691
1424
5484
4696
4697
4698
4700
5244
1426
1425
4705
4704
5264
4707
5354
1423
4706
1429
602
5259
5256
5318
2373
2365
4722
2361
289
2364
5238
1596
4727
4746
4724
4729
4746
4748
4747
4731
4800
4730
1436
4736
1438
4740
4743
4744
2391
4743
4742
2392
4745
1462
6131
6020
5206
5231
5351
5351
680
5353
5352
5352
5351
5352
4758
4758
4679
1450
4761
4762
4763
4764
4765
4766
4779
533
5471
4770
4771
4772
4773
4777
4778
4774
4777
1480
4781
1465
4804
4782
1456
1456
4775
4788
4787
1457
4796
4789
2206
1459
4791
4794
4797
4795
5515
5205
5205
4798
4801
4802
4803
329
329
4806
4818
4786
2384
2562
337
339
198
528
2558
2561
273
1458
1619
1619
282
4822
4823
4824
4825
4826
4827
4828
4829
4830
4831
4832
4833
4834
4835
2200
535
4836
4839
4840
4841
4842
2398
5723
4882
5728
561
5725
4849
4850
4851
1486
4853
4854
4855
4856
4862
4861
1490
4860
6116
4863
4915
1491
4868
4865
1509
5559
4870
2254
4871
4872
6151
4874
4875
4876
5543
4644
5543
2234
2398
1496
1497
2398
1498
4891
5721
1500
4890
1500
4930
4923
4922
4873
4925
4894
4918
4919
4893
4898
1505
5725
5727
4903
5179
5180
6235
4968
4897
1504
4900
4913
4939
1508
4917
1390
5330
4920
5183
5183
5182
1494
4873
6151
1493
5182
5184
4876
4930
4940
4934
4931
1513
4934
6121
4938
1507
6121
4909
4940
4941
4942
2234
2234
2234
2234
2233
4882
4965
4966
4949
4964
6151
4942
4936
1512
1499
1499
4932
4932
4961
4962
4963
4964
4965
4966
4967
4968
4972
4969
1526
4972
4974
5729
6206
4907
4976
1519
4979
4980
4981
4951
4983
1522
2244
2244
4987
4988
4989
4990
4991
4992
4993
4994
4995
4996
4997
4998
4999
5000
5001
5002
5003
5004
5005
5006
5007
5008
5009
5010
5011
5012
5013
5014
5015
5016
5017
5018
5019
5020
5021
5022
5023
5024
5025
5026
5027
5028
5029
5030
5031
5032
5033
5034
5035
5036
5037
5038
5039
5040
5041
5042
5043
5044
5045
5046
5047
5048
5049
5050
5051
5052
5054
5054
5055
5056
5057
5058
5059
5060
5061
5062
5063
5064
5065
5066
5067
5068
5069
5070
5071
5072
5073
5074
5075
5076
5077
5078
5079
5080
5081
5082
5083
5084
5085
5086
5087
5088
5089
5090
5091
5092
5093
5094
5095
5096
5097
5098
5099
5100
5101
5102
5103
5104
5105
5106
5107
5108
5109
5110
5111
5112
5113
5114
5115
5116
5117
5118
5119
5120
5121
5122
5123
5124
5125
5126
5127
5128
5129
5130
5131
5132
5133
5134
5135
5136
5137
5138
5139
5140
5141
5142
5143
5144
5145
5146
5147
5148
5149
5150
5223
5152
5153
5154
5157
5155
5157
5158
5156
5159
5161
4605
1382
5160
5165
5166
5167
5168
5169
5170
1582
5172
5173
5174
5175
5176
5177
5178
5179
5180
5181
5182
5183
5184
5185
5186
5187
5188
5189
5190
5191
5192
5193
5194
5198
5196
1585
2192
526
5204
5200
1412
4678
5267
5208
1588
5207
5208
239
298
182
4798
5213
5214
5215
5216
5217
5218
5219
5220
5221
5222
5225
1409
5201
1413
5203
1586
5229
5230
5231
5232
5233
5234
4669
1410
5240
1452
1593
5240
296
291
294
5246
1598
5246
5247
5248
5249
5250
5251
5252
5256
5256
5257
4762
1451
4762
5256
201
201
290
286
4764
5265
5269
1604
1460
5534
5271
5532
5272
5273
5274
5275
5276
5277
5278
5279
5280
5281
5282
5283
5284
5285
5286
5287
5288
5289
5290
5291
5292
5293
5294
5295
5296
5297
5298
5299
5300
5301
5303
5597
5304
5305
5306
5307
5308
5309
5310
5311
5312
5313
5314
5315
5316
5317
2374
200
200
5321
5322
5323
5324
5325
5329
5326
5328
5486
5331
5421
1621
5334
5334
5335
5336
5337
5338
5339
1623
4598
4601
4599
2239
5345
5346
5347
5348
5349
5350
4709
4709
680
5348
5355
5356
5357
5358
5359
5360
5361
5362
5363
5364
5365
5366
5367
5368
5369
5370
5371
5372
5373
5374
4693
1422
4708
680
5377
5380
5381
5382
5383
5384
5385
5386
5387
5388
5389
5390
5391
5392
5393
5394
5395
5396
5397
5398
5399
5400
5401
5402
5403
5404
5405
5406
5407
5408
5407
5410
5411
5412
5413
5416
5414
5538
5417
5418
5419
1626
5409
5422
5423
5424
5425
5426
5427
5428
5431
1323
5719
5434
1644
5451
5435
5436
5437
5438
5379
5469
1443
5438
5442
5444
4752
5446
5447
5448
5449
5450
5451
5452
5453
5454
5455
5456
5457
5458
5459
5460
5461
5462
5463
5464
5465
5466
5467
5466
5443
1647
5468
5472
5473
5474
5475
5476
5477
5478
5479
5480
5481
5482
5483
5484
5485
5486
5487
5488
5489
5490
5491
5492
5493
5494
5495
5496
5497
5498
5499
5500
5501
5502
5503
5504
5505
5506
5507
5508
5509
5510
5511
5512
4796
1461
5515
2396
5516
5518
5519
5520
5521
5522
5523
5524
5525
5526
5527
5528
5529
1655
2392
5517
1481
4838
5535
5536
5537
5538
5539
5541
5553
1658
5544
2253
5547
1659
5555
5548
5549
5550
5551
5552
5554
1516
4970
5556
5557
5558
5559
5560
5561
5562
5563
5564
5565
5566
5567
5568
5569
5570
5571
5572
5573
5574
5575
5576
5577
5578
5579
5580
5581
5582
5583
5584
5585
5586
5587
5588
5589
5590
5591
5592
5593
5594
5595
5596
5596
5598
5710
1362
1627
621
5716
5604
5605
5606
5607
5608
5609
5610
5611
5612
5613
5614
5615
5616
5617
5618
5619
5620
5621
5622
5623
5624
5625
5626
5627
5628
5629
5630
5631
5632
5633
5634
5635
5636
5637
5638
5639
5640
5641
5642
5643
5644
5645
5646
5647
5648
5649
5650
5651
5652
5653
5654
5655
5656
5657
5658
5659
5660
5661
5662
5663
5664
5665
5666
5667
5668
5669
5670
5671
5672
5673
5674
5675
5676
5677
5678
5679
5680
5681
5682
5683
5684
5685
5686
5687
5688
5689
5690
5691
5692
5693
5694
5695
5696
5697
5698
5699
5700
5701
5702
5703
5704
5705
5706
5707
5708
1378
5714
4548
1685
557
6123
2250
2247
5717
5717
5718
1496
4929
2398
5723
5722
4882
5553
1687
1483
5730
5750
1689
5732
5733
5734
5735
5736
5737
5738
5739
5740
5741
5742
5743
5744
5745
4940
4941
4961
5747
4984
1532
5752
5753
5754
5755
5756
5757
5758
5759
5760
5761
5762
5763
5764
5765
5766
5767
5768
5769
5770
5771
5772
5773
5774
5775
5776
5777
5778
5779
5780
5781
5782
5783
5784
5785
5786
5787
5788
5789
5790
5791
5792
5793
5794
5795
5796
5797
5798
5799
5800
5801
5802
5803
5804
5805
5806
5807
5808
5809
5810
5811
5812
5813
5814
5815
5816
5817
5818
5819
5820
5821
5822
5823
5824
5825
5826
5827
5828
5829
5830
5831
5832
5833
5834
5835
5836
5837
5838
5839
5840
5841
5842
5843
5844
5845
5846
5847
5848
5849
5850
5851
5852
5853
5854
5855
5856
5857
5858
5859
5860
5861
5862
5863
5864
5865
5866
5867
5868
5869
5870
5871
5872
5873
5874
5875
5876
5877
5878
5879
202
202
5882
5883
5884
5885
5886
5887
5888
5889
5890
5891
5892
5893
5894
5895
5896
5897
5898
5899
5900
5901
5902
5903
5904
5905
5906
5907
5908
5909
5910
5911
5912
5913
5914
5915
5916
5917
5918
5919
5920
5921
5922
5923
5924
5925
5926
5927
5928
5929
5930
5931
5932
5933
5934
5935
5936
5937
5938
5939
5940
5941
5942
5943
5944
5945
5946
5947
5948
5949
5950
5951
5952
5953
5954
5955
5956
5957
5958
5959
5960
5961
5962
5963
5964
5965
5966
5967
5968
5969
5970
5971
5972
5973
5974
5975
5976
5977
5978
5979
5980
5981
5982
5983
5984
5985
5986
5987
5988
5989
5990
5991
5992
5993
5994
5995
5996
5997
5998
5999
6000
6001
6002
6003
6004
6005
6006
6007
6008
6009
6010
6011
6012
6013
6014
6015
6016
6017
6018
6019
5231
6021
6022
6023
6024
6025
6026
6027
6028
6029
6030
6031
6032
6033
6034
6035
6036
6037
6038
6039
6040
6041
6042
6043
6044
6045
6046
6047
6048
6049
6050
6051
6052
6053
6054
6055
6056
6057
6058
6059
6060
6061
6062
6063
6064
6065
6066
6067
6068
6069
6070
6071
6072
6073
6074
6075
6076
6077
6078
6079
6080
6081
6082
6083
6084
6085
6086
6087
6088
6089
6090
6091
6092
6093
6094
6095
6096
6097
6098
6099
6100
6101
6102
6103
6104
6105
6106
6107
6108
6109
6110
6111
6112
6113
6114
6115
4866
2255
2251
4896
6119
6119
1400
4960
556
6125
5343
6127
1391
5414
6130
6131
6132
6133
6134
6135
6136
6137
5351
6139
2378
6141
6142
6143
6144
6145
6146
6147
5543
4930
561
6151
6152
6153
5693
6155
6156
6157
6158
6159
1847
2257
6162
6163
6164
6165
6166
6167
6168
6169
6170
6171
6172
6173
6174
6175
6176
6177
6178
6179
6180
6181
1527
2171
2173
2577
6186
6187
6188
6189
6190
6191
6192
6193
6194
6195
6196
6197
6198
6199
6200
6201
6202
6203
6238
6205
5731
6207
6208
6209
6210
6211
6212
6213
6214
6215
6216
6217
6218
6219
6220
6221
6222
6223
6224
6225
6226
6227
6228
6229
6230
6231
6232
6233
6234
6235
6236
6237
6238
6239
6240
6241
6242
6243
6244
6245
6246
6247
6248
6249
6250
6251
6252
6253
6254
6234
6256
6257
6258
6259
6260
6261
6262
6263
6264
6265
6266
6267
6268
6269
6270
6271
6272
6273
6274
6275
6276
6277
6278
6279
6280
6281
6282
6283
6284
6285
6286
6287
6288
6289
6290
6291
