0
1
2
3
4
3013
3015
156
133
57
61
3447
12
130
50
69
79
83
68
131
20
21
921
97
922
25
386
385
362
112
116
120
62
3447
34
158
36
37
159
1970
56
3005
3012
42
44
45
46
1799
51
3005
13
917
52
16
55
60
16
17
59
64
82
63
63
3445
18
67
66
161
12
71
19
77
71
12
131
73
77
128
19
19
78
75
75
73
84
85
86
87
1979
88
90
91
94
1822
96
95
96
24
98
99
100
101
102
3015
385
3015
362
1812
362
362
155
156
8
114
119
134
9
118
58
9
10
122
62
1068
1068
3447
126
127
34
34
139
132
132
53
54
135
136
137
138
140
140
141
142
386
144
145
146
147
35
164
157
914
152
153
3012
40
40
72
15
41
1968
161
162
164
165
80
154
154
42
168
43
2197
218
173
174
175
562
4814
284
305
226
230
234
183
184
185
186
187
188
189
190
530
258
266
270
195
196
314
278
281
4756
285
289
292
295
205
206
207
208
209
210
211
212
213
214
215
215
217
218
219
220
221
222
4805
225
225
226
224
228
229
5241
228
233
254
189
232
5209
237
238
236
240
241
242
243
244
245
246
247
248
249
250
251
251
253
254
216
172
255
171
259
260
261
259
265
264
267
194
267
268
269
195
271
272
271
275
2207
539
275
176
178
178
178
4756
284
326
179
283
288
304
180
287
231
181
291
235
182
294
239
297
299
300
301
302
303
227
305
306
307
308
309
310
311
312
313
1472
2223
316
317
318
319
4813
321
322
323
324
325
327
327
328
329
330
331
307
333
334
335
336
337
338
339
340
341
2675
344
753
345
346
347
348
1796
1794
362
21
2937
20
2941
356
357
358
359
3003
3757
163
363
364
365
366
367
25
3958
3105
2013
3959
373
2766
4402
2766
3846
3107
1849
3960
1854
1852
1847
3108
385
386
387
388
389
390
391
392
393
394
395
396
397
398
399
400
401
402
403
404
405
406
407
408
409
410
3350
412
413
414
415
416
417
418
419
2020
3021
3499
1965
424
2598
426
1974
428
949
430
2670
1993
433
434
435
436
437
438
439
3960
3958
1847
802
3090
2018
789
447
448
449
450
451
452
453
454
455
456
457
458
459
460
461
462
463
464
465
466
467
468
469
470
2083
472
473
474
475
476
477
478
479
480
481
482
483
484
485
486
487
3261
3260
490
2122
492
493
494
495
496
497
498
2783
500
3592
1959
503
2140
505
2144
2815
2776
509
510
3636
3638
2157
514
515
516
517
4483
1323
2179
521
522
523
524
2190
2192
1449
2211
258
530
2195
4733
533
534
535
536
4803
4834
177
540
541
542
2559
2220
196
5715
4904
2421
2426
550
4569
6148
5602
1362
4904
2248
5716
2255
2253
557
4903
278
563
564
565
566
567
568
569
570
571
572
573
2340
575
576
577
578
579
580
581
5024
583
584
585
586
587
588
589
590
591
592
593
594
595
596
597
598
599
600
2434
5254
603
604
605
606
4883
608
4479
610
611
612
613
614
615
616
617
5716
557
5715
1362
2430
4886
1350
625
626
627
628
629
630
631
632
633
634
635
636
637
638
639
640
641
642
643
644
645
646
647
648
649
650
651
652
653
654
655
656
657
658
659
660
661
662
663
664
665
666
5051
5052
2527
670
671
672
673
674
675
676
677
678
679
680
681
682
683
684
2551
2587
4617
688
5399
2564
5396
692
693
694
2244
696
2586
4576
699
2594
701
3876
2596
704
705
706
707
708
709
710
3882
2610
713
714
715
716
3874
747
2620
2668
721
722
723
724
725
726
727
728
2753
2662
731
729
733
734
735
736
737
738
739
740
741
742
743
744
4472
3735
2666
3900
2682
749
752
3702
754
3704
3740
3749
2684
750
2691
760
761
762
763
2699
2706
3699
2701
2704
3677
770
771
772
2714
774
775
776
777
778
779
780
781
2730
2728
2740
3734
2732
757
787
3674
3841
3839
2746
3852
3855
3540
4557
3393
3718
799
800
801
3847
2771
3769
805
806
2774
808
809
3385
2817
812
3380
3383
815
816
817
818
2850
2794
3583
2797
823
824
825
826
827
828
2810
2824
831
2825
833
834
835
836
837
838
3169
3119
2838
2840
3787
372
2847
3173
3121
2853
849
850
851
852
853
854
855
856
857
858
2881
2879
3440
3439
863
864
865
866
867
868
869
870
871
872
2901
2871
2902
2906
877
4130
2928
3478
58
3001
3448
2945
912
886
2940
888
1984
890
2954
115
105
3445
55
133
156
112
362
2959
3489
1947
903
904
905
906
2990
908
909
3756
1069
3443
913
1813
38
916
917
918
919
920
921
922
97
116
925
3024
3025
928
3032
2977
931
3044
3972
3108
935
936
937
938
939
3058
941
3064
943
4371
968
3077
2766
429
3965
950
951
3093
3099
954
955
958
3102
3126
977
960
961
956
3117
3148
962
966
967
3075
969
3077
3144
3171
974
3164
975
976
977
978
979
961
981
982
983
984
985
986
987
988
989
990
991
992
993
994
995
996
997
998
999
1000
1001
1002
1003
1004
1005
1006
1007
1008
1009
1010
4205
3235
1013
1014
1015
1016
1017
1018
1019
1020
1021
1022
1023
1024
1025
1026
1027
1028
1029
1030
1031
1032
1033
1034
1035
1036
1037
1038
1039
1040
1041
1042
1043
1044
1045
1046
3377
3379
1049
1050
3395
1052
1053
1054
1055
1056
1057
3407
1059
960
1061
969
3419
1064
1065
1066
3437
3447
3450
1070
1071
1072
61
3466
1075
2947
4130
62
3482
1080
119
116
120
1084
3507
1086
1087
1088
1089
1090
1091
1092
1093
3536
3945
3565
1097
1098
1099
3662
1101
1102
1103
1104
1105
1106
1107
1108
1109
1110
1111
1112
3618
1114
1115
1116
1117
3640
1119
3651
1121
3663
3667
3837
3694
1126
1127
3690
3838
3741
1131
3766
1133
1134
3752
1136
1137
1138
1139
1140
1141
1142
3850
3832
1145
1146
1147
3905
2622
1150
1151
4368
1153
3887
1155
1156
1157
1158
1159
1160
1161
1162
1163
3956
3048
1166
1167
1168
1169
1170
1171
1172
1173
1174
1175
1176
1177
1178
1179
1180
1181
1182
1183
1184
1185
1186
1187
1188
1189
1190
1191
1192
1193
1194
1195
1196
1197
1198
1199
1200
1201
1202
1203
1204
1205
1206
1207
1208
1209
1210
1211
1212
1213
1214
1215
1216
1217
1218
1219
1220
1221
1222
1223
1224
1225
1226
1227
1228
1229
1230
1231
1232
1233
1234
1235
1236
1237
1238
1239
1240
1241
1242
1243
1244
1245
1246
1247
1248
1249
1250
1251
1252
1253
1254
1255
1256
1257
1258
1259
1260
1261
1262
1263
1264
1265
1266
1267
1268
1269
1270
1271
1272
1273
1274
1275
4410
1277
1278
1279
1280
1281
1282
1283
1284
4424
1286
1287
1288
5630
4431
4433
5487
1293
1294
1295
1296
1297
1298
1299
1300
5740
5742
1303
4448
1305
1306
1307
1308
1309
1310
1311
1312
1313
1314
4475
5492
5656
4493
5461
1319
1318
5465
1322
5500
1321
4500
1327
1328
1329
1330
4510
4508
5390
4513
4515
5437
1337
1338
1339
4522
1341
1342
4529
5233
4660
4531
4535
5493
4540
5433
1351
4547
4550
5305
5304
5608
5168
1358
5478
1360
1361
5603
4572
5525
1365
1366
1367
1368
4615
1370
5156
1372
1373
5160
1375
4595
4650
1378
5342
4601
1381
1382
1383
1384
5400
4622
1387
1388
1389
4917
1391
1392
4956
4637
4639
4914
5544
2428
4646
4960
1401
1402
1403
1404
1405
1406
1407
1408
1409
1410
4677
5204
5203
4679
1415
1416
1417
1418
1419
1420
1421
1422
1423
1424
4702
4701
1427
1428
1429
2362
4720
4727
1593
1463
4747
4738
1437
1438
1439
2393
2391
6138
4752
1435
180
179
281
4756
178
4760
5256
5240
1453
1454
1455
1456
4789
4818
1459
1460
5514
1462
1588
1464
1465
1466
2209
4809
1469
2561
1471
314
266
195
270
285
1477
1478
4827
4778
1481
4842
5728
4903
1485
1486
1487
1488
4856
4859
1491
6117
1511
1510
4569
1496
607
1498
4890
1500
4893
1502
1503
4899
1518
1506
1504
4937
1509
1510
4872
4933
4958
1515
1515
1516
1517
1518
1519
1506
1521
1522
1523
1524
1525
1526
1527
1528
1529
1530
1531
1532
1533
1534
1535
1536
1537
1538
1539
1540
1541
1542
1543
1544
1545
1546
1547
1548
1549
1550
1551
1552
1553
1554
1555
1556
1557
1558
1559
1560
1561
1562
1563
1564
1565
1566
1567
1568
1569
1570
1571
1572
1573
1574
1575
5194
5297
1578
5154
5155
1581
1582
1583
5222
1585
5201
295
5215
1589
1590
1591
230
5230
1594
2361
1593
292
5245
1599
5261
5261
289
1603
5271
1605
1606
1607
1608
1609
1610
1611
1612
5299
5300
5328
1616
1617
1618
2369
1620
1621
1622
1623
1624
1625
1626
1627
1628
1629
1630
1631
1632
1633
1634
1635
1636
1637
1638
1639
5412
1641
1642
5427
5452
1645
1646
1647
1648
1649
5499
1651
5522
1653
1654
1655
2386
1657
1658
1659
1660
1661
1662
1663
5606
5586
1666
1667
1668
5661
5624
1671
1672
6114
1674
1675
1676
1677
1678
1679
1680
1681
1682
1683
1684
5714
1483
1687
1688
1689
1690
1691
1692
1693
1694
1695
1696
1697
1698
1699
1700
1701
1702
1703
1704
1705
1706
1707
1708
1709
1710
1711
1712
1713
1714
1715
1716
1717
1718
1719
1720
1721
1722
1723
1724
1725
1726
1727
1728
1729
1730
1731
1732
1733
1734
1735
1736
1737
1738
1739
1740
1741
1742
1743
1744
1745
1746
1747
1748
1749
1750
1751
1752
1753
1754
1755
1756
1757
1758
1759
1760
1761
1762
1763
1764
1765
1766
1767
1768
1769
1770
1771
1772
1773
1774
1775
1776
1777
1778
1779
1780
2678
751
3670
2677
1785
1786
1787
1788
1789
1790
1791
1795
1792
1794
1795
928
2936
1798
86
2941
2936
1802
1803
1804
1805
1806
3003
1808
1809
1810
1812
1812
1813
148
163
1816
1817
1818
1819
1820
1821
1822
1823
366
1844
3105
1844
3105
2010
2015
3959
1829
3161
3958
3958
3958
2764
2766
2767
1839
516
1844
516
3107
1846
4378
3960
1845
445
1853
1850
944
4372
843
2015
2015
3105
1847
1859
1860
1861
3239
1863
1864
1865
1866
1867
1868
1869
1870
1871
1875
1873
488
3259
489
1877
1878
1879
1880
1881
1882
1883
1884
1885
1886
1887
1888
1889
1890
1891
1892
1893
1894
1895
1896
1897
1898
1899
1900
1901
1902
1903
1904
1905
1906
1907
1908
1909
1910
1911
1912
1915
1914
1915
1916
1917
1918
1919
1921
1921
1922
1923
4262
1925
491
1927
1928
1929
1930
1931
1932
1933
1934
1935
1936
1937
1938
1939
1940
1941
1942
1943
1944
1945
1078
1078
4130
2922
2930
2021
2019
3668
8
3497
3499
8
115
1962
1960
1961
1082
421
1966
424
4389
1964
1968
1969
1970
142
1972
1824
366
1975
1973
1977
1978
88
1981
3774
1982
1980
910
1985
1986
1987
3964
3964
1990
1991
1995
431
1994
3512
1996
1997
1998
1999
2000
2001
2002
2003
2004
2005
2006
2007
2008
2009
3958
3958
3958
380
3958
3958
1845
1848
444
2742
2743
3669
2022
2023
2024
2025
2026
2027
2028
2029
2030
2031
2032
2033
2034
2035
2036
2037
2038
2039
2040
2041
2042
2043
2044
2045
2046
2047
2048
2049
2050
2051
2052
2053
2054
2055
2056
2057
2058
2059
2060
2061
2062
2063
2064
2065
2066
2067
2068
2069
2070
2071
2072
2073
2074
2075
2076
2077
2078
2078
2080
2081
2082
2083
2084
2085
2082
2087
2088
2089
2090
2091
2092
2093
2094
2095
2096
2097
2098
2099
2100
2101
2102
2103
2104
2105
2106
2107
2108
2109
2110
2111
2112
2113
2114
2115
2116
2117
2118
2119
2120
2121
2122
2123
2124
2125
2126
2127
2128
2129
2130
2131
2133
2133
2134
2135
2136
2137
2138
2139
2140
2143
2143
4393
508
2145
2146
2147
2145
362
156
362
156
2153
2154
24
2156
2158
3635
512
511
2161
2162
2163
2164
2165
2166
2167
2168
2169
2170
2171
2172
2173
2174
2175
2176
4489
4486
1323
4489
2181
2182
2181
2184
2185
2186
2187
2188
2188
2190
2191
2192
2194
255
2195
2193
529
2198
2198
2200
2201
2202
5515
2204
2205
2206
2208
2208
1466
2207
177
2212
2213
2214
2215
2217
194
2559
2216
1473
2221
2222
2223
2224
2225
2243
4904
4904
2243
2420
2426
2427
4948
2259
5715
5715
4569
4568
2240
4568
4569
694
694
694
2243
2247
6124
622
2246
5716
2254
2251
1397
6118
1492
4901
557
4901
5715
2260
2261
2262
2263
2264
2265
2266
2267
2268
2269
2270
2271
2272
2276
2274
668
5050
667
2278
2279
2280
2281
2282
2283
2284
2285
2286
2287
2288
2289
2290
2291
2292
2293
2294
2295
2296
2297
2298
2299
2300
2301
2302
2303
2304
2305
2306
2307
2308
2309
2310
2311
2312
2313
2314
2315
2316
2317
2318
2319
2320
2321
2322
2324
2324
2325
2326
2327
2328
2329
2332
2331
2332
2333
2334
2335
2336
669
2338
2339
2341
6018
2342
2343
2344
2345
2346
2347
2348
2349
2350
2351
2352
2353
2354
2355
2356
2357
2358
2359
2360
1433
1433
1593
2363
2362
5429
5429
2432
1601
5255
4820
5263
5253
2374
2375
2376
2374
2373
2381
2379
2381
2382
2219
2562
2383
544
2387
2387
259
2392
1439
5531
1461
2390
2395
2396
2397
2398
2399
2400
2401
2403
5275
2404
609
2406
2407
2408
2409
2410
2411
2412
2413
2414
2415
2416
2417
2418
2419
5715
557
5715
5715
5715
1362
5713
5715
5715
2246
623
2249
4549
5431
624
2435
2436
2437
2438
2439
2440
2441
2442
2443
2444
2445
2446
2447
2448
2449
2450
2451
2452
2453
2454
2455
2456
2457
2458
2459
2460
2461
2462
2463
2464
2465
2466
2467
2468
2469
2470
2471
2472
2473
2474
2475
2476
2477
2478
2479
2480
2481
2482
2483
2484
2485
2486
2487
2488
2489
2490
2491
2492
2493
2491
2495
2496
2497
2498
2499
2500
2501
2502
2503
2504
2505
2506
2507
2508
2509
2510
2511
2512
2513
2514
2515
2516
2517
2518
2519
2520
2521
2522
2523
2524
2525
2526
2527
2528
2280
2530
2531
2532
2533
2534
2535
2536
2537
2538
2539
2540
2541
2542
2543
2544
2545
2546
2547
687
2548
2587
687
2549
2553
2554
1449
178
4821
2557
2561
195
4816
2561
2566
689
2566
5396
2567
2568
2569
2570
2571
2572
2573
2574
2575
2576
2577
2578
2579
2580
2581
2584
2583
2142
507
507
2589
698
6139
2593
2591
2592
2593
1011
2599
702
2595
704
3879
2600
2601
2602
2603
2604
2605
2606
2607
2608
2613
711
2609
2612
3886
2614
2615
2616
2617
2618
717
2667
3728
2623
717
2624
2625
2626
2627
2628
2629
2630
2631
2632
2633
2635
3563
730
2634
2752
2639
2640
2641
2642
2643
2644
2645
2646
2647
2648
2649
2650
2651
2652
2653
2654
2655
2656
2657
2658
2659
2660
2661
745
2663
2665
3875
746
2664
2671
2668
748
3899
2676
749
2676
752
3700
2680
2680
754
3703
2683
755
3748
756
2681
2672
2674
2675
2673
2674
2689
1782
2693
2694
2695
2696
2697
765
765
2706
2700
2698
2705
2704
2705
769
2703
2708
2709
2710
2711
2702
2712
764
2715
2716
2717
2718
2719
2720
2721
2722
2723
2724
2725
2729
2726
759
2739
784
2734
785
2731
3732
3685
2685
3686
2736
2735
2737
791
789
2741
3840
3672
794
2748
3854
3542
2749
2727
783
4536
4555
2756
3770
798
2758
797
2760
2761
2762
2763
3847
802
3847
3847
2770
2771
4395
804
2773
2773
806
2772
805
2777
2778
2779
3384
811
2782
2783
2782
2785
2787
3381
814
2789
813
2791
2792
2793
819
2795
2799
821
2796
3580
2800
2801
2802
2803
2804
2805
2806
2807
2811
2810
830
2811
2812
2814
2814
831
2813
2817
2816
2819
2822
2820
3639
2135
2823
499
2826
2827
2828
2829
2830
2831
2832
2833
2834
2835
2837
3168
840
2836
839
2842
3786
372
2841
2821
2846
513
2851
2848
2850
3172
2855
847
2852
3118
2856
2857
2858
2859
2860
2861
2862
2863
2864
2865
2866
2867
2868
2869
2870
2871
2869
2873
2874
2875
2876
2880
2877
861
3438
862
2882
2883
2884
2885
2886
2887
2888
2889
2890
2891
2892
2893
2894
2895
2896
2897
2898
2899
2872
504
874
2900
2137
2904
505
2907
2908
502
501
2911
9
119
118
58
9
59
1078
3478
59
1078
3478
4130
883
2929
2932
3446
882
3001
882
2999
2999
885
3001
2936
2939
887
2944
2944
886
912
2942
2943
2946
3443
4385
2949
911
3001
6
106
2150
107
362
156
362
163
2960
875
3462
2958
2962
878
3500
3483
2966
2967
2968
2969
2970
2974
2972
2973
3747
2975
2989
907
2978
2979
2980
2981
2982
2983
2984
2985
2986
2987
2988
2989
427
2991
2992
2993
3002
2995
2997
3755
2996
3442
3442
3441
1983
889
890
2982
3006
3005
3008
3009
3010
3011
3007
1813
3012
1812
3015
3017
101
3019
8
8
134
3023
3024
3025
3023
3027
3028
3029
3030
3031
3032
3033
3034
3035
3036
930
3038
3039
3040
3041
3042
3043
929
1989
1989
3108
429
3105
3105
3051
3052
3053
3054
3055
3056
3057
3058
3059
3060
3061
3062
3063
3064
3065
3066
3067
3069
4370
3068
3071
3072
3073
3059
940
3074
3133
3138
3078
3959
2766
443
6160
3089
1989
949
3088
2016
2017
3090
3092
3092
951
3091
3095
3096
3097
3098
3099
3103
3100
953
3125
958
3107
3105
3107
977
3109
3110
3179
3112
3113
3100
3104
3101
957
3120
964
3116
6192
3122
3123
3124
3125
3126
3127
3420
3075
3130
3421
3074
954
3074
3135
3136
3137
3140
3078
3140
3143
3141
3170
972
3147
3145
4375
963
3114
3115
3079
3077
3992
2766
802
2766
3958
3958
3958
2015
1847
3178
3163
3175
3165
3074
3077
3146
971
3094
952
3142
379
3992
3164
3176
3972
3162
3111
3180
3163
3182
3183
3184
3185
3186
3187
3188
3189
3190
3191
3192
3193
3194
3195
3196
3197
3198
3199
3200
3201
3202
3203
3204
3205
3206
3207
3208
3209
3210
3211
3212
3213
3214
3215
3216
3217
3218
3219
3220
3221
3222
3223
3224
3225
3226
3227
3228
3229
3230
3231
3232
3234
4231
471
3236
3237
3237
3238
3240
3241
3242
3243
3244
3245
3246
3247
3248
3249
3250
3251
3252
3253
3254
3255
3256
3257
3258
2043
1020
1019
3262
3263
3264
3265
3266
3267
3268
3269
3270
3271
3272
3273
3274
3275
3276
3277
3278
3279
3280
3281
3282
3283
3284
3285
3286
3287
3288
3289
3290
3291
3292
3293
3294
3295
3296
3297
3298
3299
3300
3301
3302
3303
3304
3305
3306
3307
3308
3309
3310
3311
3312
3313
3314
3315
3316
3317
3318
3319
3320
3321
3322
3323
3324
3325
3326
700
3327
1012
3330
3330
3332
3333
3334
3335
3336
3337
3338
3339
3340
3341
3342
3343
3344
3345
3346
3347
3348
3349
3351
4265
3352
3353
3354
3355
3356
3357
3358
3359
3360
3361
3362
3363
3364
3365
3366
3367
3368
3369
3370
3371
3372
3373
3374
3375
3380
3380
3376
1049
3380
3381
3382
3383
3384
3385
3386
3387
3388
3383
3389
1050
3378
1047
3392
1048
3396
3397
3398
3399
3400
3401
3402
3403
3404
3405
3406
3407
3408
3109
3113
3411
3110
3135
3137
3136
3130
3417
3417
3419
3418
1063
3422
3423
3424
3425
3426
3427
3428
3429
3430
3431
3432
3433
3434
3435
3435
3437
3436
350
1067
3442
3449
1070
1069
352
3447
127
2999
3449
860
3451
3452
3453
3454
3455
3456
3457
3458
3459
3460
3461
3463
3463
3464
2961
1069
900
3468
3469
3470
3471
3472
879
1076
2948
2921
1068
1068
61
2903
3480
873
3467
3484
3485
3486
3487
3488
118
116
1083
1083
1083
3499
1083
9
119
58
118
2905
876
3505
1085
3502
3506
1793
349
3508
3509
3510
3511
3512
3917
3514
3515
3516
3517
3518
3519
3520
3521
3522
3523
3524
3525
3526
3527
3528
3529
3530
3531
3532
3533
3534
3535
420
3538
3947
1952
1096
3543
3568
3567
3544
3545
3546
3547
3548
3549
3550
3551
3552
3553
3554
3555
3497
8
114
3559
3560
3561
3562
3564
5325
3566
3727
1100
718
3569
3570
3571
3572
822
381
3575
3576
3577
3578
3579
3582
1106
3582
3583
3584
3585
3586
3587
3588
3589
1963
1958
899
3593
3594
3595
3596
3597
3598
3599
3600
3601
3602
3603
3604
3605
3606
3607
3608
3609
3610
3611
3612
3613
3615
3617
3616
2951
893
3619
3620
3621
3622
3623
3624
3625
3626
3627
3696
3629
3630
3631
3632
3633
3634
3637
1117
3814
1118
2824
832
3641
3642
3643
3644
3645
3646
3647
3648
3650
4384
773
3649
3655
3653
4383
3656
3657
3658
3659
3660
3652
786
1120
3661
2707
3665
768
3963
3962
2679
1124
3837
1124
3673
3675
3676
3677
3680
3679
27
3681
3682
3683
5
2685
757
3689
3687
3698
1121
3692
3836
1129
3694
3695
3695
3697
2713
3696
3701
3739
1130
3705
820
3742
3706
3707
3708
3709
3710
3711
3712
3713
3714
3715
3719
3716
1132
3817
3720
3721
3722
3723
3724
3725
3726
2733
747
3729
3730
3731
3733
3736
1123
1134
3730
3737
2677
2839
841
842
2849
3743
3744
3745
3745
3746
2854
848
3753
3750
927
3760
3754
1973
888
2998
3758
1135
3025
926
3762
3763
813
3764
816
2784
3767
807
3765
3771
3026
3772
3774
3773
3775
3777
3778
3779
3780
3781
3782
3050
3783
3785
1832
3787
3788
3789
3790
3791
3792
3793
3794
3795
1989
3797
3798
3799
3800
3801
3802
3803
3804
3805
3394
1051
3808
3809
3810
3811
3812
3813
3815
3816
3768
3818
3819
3819
3820
3821
3822
3823
3824
3825
3826
3827
3828
793
3849
2747
1143
3835
3833
3864
3688
1122
1128
3664
3664
3840
3842
3843
3844
3845
3844
1147
1148
3853
712
3906
1149
3869
719
2621
2619
3857
3858
3859
713
3861
3862
3863
2611
3865
3866
3867
2623
3870
2669
3871
3872
2667
703
3866
3876
3877
3878
3879
3880
3881
3882
3883
3889
3884
3886
432
3890
3889
1993
3891
3892
3893
3894
3895
3896
3897
3898
2597
425
3901
3902
3903
3904
1152
3888
3907
3908
3909
3910
3911
3912
3913
3914
3915
3916
1967
3918
3919
3920
3921
3922
3923
3924
3925
3926
3927
3928
3929
3930
3931
3932
3933
3934
3935
3936
3937
3938
3939
3940
3941
3942
3943
1144
795
2750
3541
792
1095
3950
3951
3952
3953
790
3953
818
3955
3957
3957
1164
2795
3961
3962
3088
950
1989
3108
3045
429
3971
3971
933
3973
3974
3975
2637
732
3978
3979
3980
3981
3982
3983
3986
1094
3539
3987
3988
2692
3079
3151
3153
3993
3994
3995
3996
3997
3998
3999
4000
4001
4002
4003
4004
4005
4006
4007
4008
4009
4010
4011
4012
4013
4014
4015
4016
4017
4018
4019
4020
4021
4022
4023
4024
4025
4026
4027
4028
4029
4030
4031
4032
4033
4034
4035
4036
4037
4038
4039
4040
4041
4042
4043
4044
4045
4046
4047
4048
4049
4050
4051
4052
4053
4054
4055
4056
4057
4058
4059
4060
4061
4062
4063
4064
4065
4066
4067
4068
4069
4070
4071
4072
4073
4074
4075
4076
4077
4078
4079
4080
4081
4082
4083
4084
4085
4086
4087
4088
4089
4090
4091
4092
4093
4094
4095
4096
4097
4098
4099
4100
4101
4102
4103
4104
4105
4106
4107
4108
4109
4110
4111
4112
4113
4114
4115
4116
4117
4118
4119
4120
4121
4122
4123
4124
4125
4126
4127
4128
10
122
4131
4132
4133
4134
4135
4136
4137
4138
4139
4140
4141
4142
4143
4144
4145
4146
4147
4148
4149
4150
4151
4152
4153
4154
4155
4156
4157
4158
4159
4160
4161
4162
4163
4164
4165
4166
4167
4168
4169
4170
4171
4172
4173
4174
4175
4176
4177
4178
4179
4180
4181
4182
4183
4184
4185
4186
4187
4188
4189
4190
4191
4192
4193
4194
4195
4196
4197
4198
4199
4200
4201
4202
4203
4204
4205
4206
4207
4208
4209
4210
4211
4212
4213
4214
4215
4216
4217
4218
4219
4220
4221
4222
4223
4224
4225
4226
4227
4228
4229
4230
4231
4232
4233
4234
4235
4236
4237
4238
4239
4240
4241
4242
4243
4244
4245
4246
4247
4248
4249
4250
4251
4252
4253
4254
4255
4256
4257
4258
4259
4260
4261
4262
4263
4264
4265
4266
3444
4268
4269
4270
4271
4272
4273
4274
4275
4276
4277
4278
4279
4280
4281
4282
4283
4284
4285
4286
4287
4288
4289
4290
4291
4292
4293
4294
4295
4296
4297
4298
4299
4300
4301
4302
4303
4304
4305
4306
4307
4308
4309
4310
4311
4312
4313
4314
4315
4316
4317
4318
4319
4320
4321
4322
4323
4324
4325
4326
4327
4328
4329
4330
4331
4332
4333
4334
4335
4336
4337
4338
4339
4340
4341
4342
4343
4344
4345
4346
4347
4348
4349
4350
4351
4352
4353
4354
4355
4356
4357
4358
4359
4360
4361
4362
4363
4364
4365
4366
3537
2669
1154
3062
942
3073
3096
4373
4374
4376
4377
4377
1851
4380
4381
4382
4383
3666
4385
4386
4387
4388
4389
4390
4391
2152
3801
8
2775
4396
4397
4398
4399
4400
4401
443
4403
3105
3074
4407
4407
4408
4406
1274
4411
4412
4413
4414
4415
4416
4417
4418
4419
4420
4421
4422
4420
1283
4425
4426
4427
4428
4429
4434
1289
4430
1292
5629
4435
4436
4437
4438
4439
4440
4441
4442
4443
4444
4447
5742
4447
4448
4445
4450
4451
4452
4453
4454
4455
4456
4457
4458
4459
4460
4461
4462
4463
4464
4465
4466
4467
4468
4469
4470
4471
1304
4476
4473
1316
5631
4478
5655
1317
4477
1318
5460
1319
4482
4491
4487
5463
1322
4487
4492
4490
5507
1324
4481
4485
4483
4484
4494
2180
4495
4501
4502
4503
4504
4505
4509
4506
1333
5459
1334
4514
4511
1336
5436
523
4516
4517
4518
4519
4507
4521
1331
4520
4524
4525
4526
4527
4530
1344
5248
1345
4528
4534
4544
1326
4533
4538
5491
4537
1348
5446
4543
4491
4541
4546
5432
1351
4545
1350
1355
1354
5302
5609
4553
1347
5740
5741
4562
1357
4560
1359
5527
4563
4564
4565
4566
5603
5603
5603
1362
4573
1364
6141
4574
4575
4576
4575
4578
4579
4580
1369
5161
4583
4584
4585
4586
4587
4592
1371
4590
1374
5159
4593
4594
1377
4596
4597
4599
5341
4598
1379
4602
4603
4604
4605
4606
4607
4608
4609
4610
4611
4622
4612
4614
4615
4614
4617
4618
4616
4620
691
5397
4621
4624
4625
5401
4627
4628
4629
4630
4631
4632
4633
4634
4635
4640
1393
4636
1396
4955
4644
4641
549
5543
4623
690
4647
4649
4959
1400
4648
4653
4912
4652
4655
4656
4657
4658
4659
1404
4661
4662
4663
4664
4665
4666
4667
4668
4669
4670
4671
4672
4673
4674
4675
4678
1412
5202
1413
4676
4681
4682
4683
4684
4685
4686
4687
4688
4689
4690
4691
4692
4693
4694
4695
4696
4697
4698
4670
4699
1427
684
2544
4704
4703
4706
4707
4708
4709
4710
5262
5881
1602
5260
304
1597
230
4722
5242
1433
2362
203
232
4746
232
1434
5231
5231
1463
4731
4800
4731
1436
4734
4735
4736
4737
1437
4739
4740
4741
4742
4743
4744
4745
5231
5206
5231
2558
1447
4749
528
280
539
4756
178
4759
4757
5226
1426
4761
1452
1598
4764
4765
4766
4767
4768
4769
4772
4771
5506
4773
4775
4788
4776
4777
1457
4779
4780
4781
4782
4783
4784
4785
4786
4787
1468
1458
4818
4791
4792
4793
4801
4796
5513
4795
4799
5205
4798
2394
1441
1440
4781
4804
4806
4810
4808
4810
4810
324
213
320
2207
275
4816
271
2562
5263
5263
284
4822
4823
4824
4825
4828
1419
4828
4829
4826
4831
4832
4833
1480
4835
4836
4837
4838
4839
4840
4830
1479
2401
607
4903
4843
4901
4901
4849
4850
4851
4852
4853
4854
4853
4856
4857
4858
4859
4860
4861
4862
4863
4864
4866
6116
4867
4865
4869
4870
4855
1488
4924
1489
4928
4928
4569
2424
4569
4569
2401
4887
1496
2401
2431
1498
2431
4891
4888
1500
4891
4892
4893
4894
4895
4896
4898
4918
1501
4898
4904
4904
1518
4973
4905
4906
4907
4908
4897
1504
4900
4913
4911
1508
4915
4916
4917
4919
4919
4920
4921
4874
4871
4871
4872
4926
4927
4929
4929
4928
4957
4934
1513
4889
4938
4935
4910
6121
4909
5746
5747
4954
1362
4569
5715
5715
5715
2250
4965
4950
4951
4964
4953
4954
4936
1512
4889
1499
4932
556
5748
5728
4963
4952
4949
4950
4967
4908
4969
4970
4971
4972
4973
4974
4975
4976
4977
4978
4979
4980
4981
4982
4983
4984
4985
4986
4987
4988
4989
4990
4991
4992
4993
4994
4995
4996
4997
4998
4999
5000
5001
5002
5003
5004
5005
5006
5007
5008
5009
5010
5011
5012
5013
5014
5015
5016
5017
5018
5019
5020
5021
5022
5027
1550
5025
5026
5027
5028
5029
5030
5022
5032
5033
5034
5035
5036
5037
5038
5039
5040
5041
5042
5043
5044
5045
5046
5047
5048
5049
2456
5051
1557
5053
5054
5055
5056
5057
5058
5059
5060
5061
5062
5063
5064
5065
5066
5067
5068
5069
5070
5071
5072
5073
5074
5075
5076
5077
5078
5079
5080
5081
5082
5083
5084
5085
5086
5087
5088
5089
5090
5091
5092
5093
5094
5095
5096
5097
5098
5099
5100
5101
5102
5103
5104
5105
5106
5107
5108
5109
5110
5111
5112
5113
5114
5114
5116
5117
5118
5119
5120
5121
5122
5123
5124
5125
5126
5127
5128
5129
5130
5131
5132
5133
5134
5135
5136
5137
5138
5139
5140
5141
5142
5143
5144
5145
5146
5308
5148
4663
5149
5151
5152
5153
5154
5156
5156
5155
5156
5159
5160
5161
5162
5163
5164
5164
5157
5166
5157
5169
5170
5171
5172
5173
5174
5175
5176
5177
5178
4905
4906
5181
4926
4921
4927
5185
5185
5186
5188
5189
5190
5193
1584
5220
1343
5195
5196
5197
5198
5199
5199
5201
5200
1586
526
5208
1588
5207
5208
239
297
182
4798
5213
5214
1414
5216
5217
5218
5219
5221
5221
5222
5223
5224
5225
5227
5227
5228
4758
1450
5229
5232
5233
5234
5235
5236
1596
2364
5230
5247
232
181
294
4700
1425
5244
5246
5248
5249
5250
5251
5252
1602
1602
5261
2365
5254
1430
4721
288
287
180
179
4705
5265
5267
5270
5268
1604
2189
525
5272
5273
5274
5275
5276
5277
5278
5279
5280
5281
5282
5283
5284
5285
5286
5287
5288
5289
5290
5291
5292
5293
5294
5295
5296
1346
2368
2368
601
5298
5303
5597
1615
1352
5306
5307
4532
5309
5310
5311
5312
5313
5314
5315
5316
5317
1600
284
283
5321
5322
5323
5324
4449
5329
5326
1620
5486
5330
5331
5332
5333
559
1380
5336
5337
5338
5339
5340
5343
1626
5343
1627
5345
5346
5347
5348
5349
5350
2377
2371
5351
5354
5355
5356
5357
5358
5359
5360
5361
5362
5363
5364
5365
5366
5367
5368
5369
5370
5371
5372
5373
5374
5375
5376
5377
4751
5379
5380
5381
5382
5383
5384
5385
5386
5387
5388
5389
1421
5391
5392
5393
5394
5395
5398
5398
5570
1638
1637
5401
5402
5403
5404
5405
5406
5407
5408
5409
5413
5410
1340
6130
5415
6129
5414
5417
5418
5419
5420
5421
5411
5423
1640
1349
4512
1335
5426
5719
4488
5718
5434
1644
1645
5435
5436
1646
5438
5439
5440
5441
5442
5443
5444
5445
4491
5449
5448
5449
5450
5454
5452
5453
5454
5455
5456
5455
4523
5457
5462
1650
5498
5464
5501
1376
5466
5467
5468
5469
5470
5471
5472
5473
5474
5475
5477
5573
1652
5476
5480
5481
5482
5483
5484
5485
4539
1315
2183
5489
5490
5494
1654
1643
5495
5490
5496
4486
4638
1394
1395
4651
5502
5503
4688
5504
5505
4654
5508
5509
5510
5511
5512
2385
1656
4797
5516
5517
4825
5519
5520
1371
1372
5158
5524
5525
5526
1580
5528
4824
5529
5531
5530
5533
5534
5535
5536
5537
5416
5539
4848
5541
5540
2234
5544
5545
5546
5547
5548
5549
5550
5551
5552
5553
5554
5555
5556
5557
5558
5559
5560
5561
5562
5167
5564
5165
5566
5567
5568
5569
5570
1363
5572
5574
5575
5575
5576
5577
5578
5579
5580
5581
5582
5583
5584
5588
1664
5585
5604
5590
5620
5589
5592
5593
5594
5595
5596
5596
5598
5599
5600
5601
5600
1668
5605
6115
1285
5610
1670
5612
5626
5327
1291
5613
5614
5615
5616
5617
5618
5619
4423
5621
5622
5623
1290
1290
5625
5627
5628
4474
1276
5631
5632
5633
5634
5635
5636
5637
5638
5639
5640
5641
5642
5643
6114
5645
5644
5647
5648
5649
5650
5651
5652
5653
5654
4409
604
5657
5658
5659
5660
1673
5646
5663
5664
5665
5666
5667
5668
5669
5670
5671
5672
5673
5674
5675
5676
5677
5678
5679
5680
5681
5682
5683
5684
5685
5686
5687
5688
5689
5690
5691
5692
5693
5694
5695
5696
5697
5698
1665
5700
5701
5703
5711
5702
5704
1614
5707
5708
5709
5710
4548
5710
5712
1378
5713
1685
4594
5717
5718
4885
5721
2401
607
4843
4903
5727
5727
1483
5729
5730
5731
5732
5733
6113
5735
5736
5737
5738
5739
1613
5299
1613
5743
5744
4499
5746
5748
4961
5749
5750
5751
5752
5753
5754
5755
5756
5757
5758
5759
5760
5761
5762
5763
5764
5765
5766
5767
5768
5769
5770
5771
5772
5773
5774
5775
5776
5777
5778
5779
5780
5781
5782
5783
5784
5785
5786
5787
5788
5789
5790
5791
5792
5793
5794
5795
5796
5797
5798
5799
5800
5801
5802
5803
5804
5805
5806
5807
5808
5809
5810
5811
5812
5813
5814
5815
5816
5817
5818
5819
5820
5821
5822
5823
5824
5825
5826
5827
5828
5829
5830
5831
5832
5833
5834
5835
5836
5837
5838
5839
5840
5841
5842
5843
5844
5845
5846
5847
5848
5849
5850
5851
5852
5853
5854
5855
5856
5857
5858
5859
5860
5861
5862
5863
5864
5865
5866
5867
5868
5869
5870
5871
5872
5873
5874
5875
5876
5877
5878
5879
231
291
5882
5883
5884
5885
5886
5887
5888
5889
5890
5891
5892
5893
5894
5895
5896
5897
5898
5899
5900
5901
5902
5903
5904
5905
5906
5907
5908
5909
5910
5911
5912
5913
5914
5915
5916
5917
5918
5919
5920
5921
5922
5923
5924
5925
5926
5927
5928
5929
5930
5931
5932
5933
5934
5935
5936
5937
5938
5939
5940
5941
5942
5943
5944
5945
5946
5947
5948
5949
5950
5951
5952
5953
5954
5955
5956
5957
5958
5959
5960
5961
5962
5963
5964
5965
5966
5967
5968
5969
5970
5971
5972
5973
5974
5975
5976
5977
5978
5979
5980
5981
5982
5983
5984
5985
5986
5987
5988
5989
5990
5991
5992
5993
5994
5995
5996
5997
5998
5999
6000
6001
6002
6003
6004
6005
6006
6007
6008
6009
6010
6011
6012
6013
6014
6015
6016
6017
6018
6019
5231
6021
6022
6023
6024
6025
6026
6027
6028
6029
6030
6031
6032
6033
6034
6035
6036
6037
6038
6039
6040
6041
6042
6043
6044
6045
6046
6047
6048
6049
6050
6051
6052
6053
6054
6055
6056
6057
6058
6059
6060
6061
6062
6063
6064
6065
6066
6067
6068
6069
6070
6071
6072
6073
6074
6075
6076
6077
6078
6079
6080
6081
6082
6083
6084
6085
6086
6087
6088
6089
6090
6091
6092
6093
6094
6095
6096
6097
6098
6099
6100
6101
6102
6103
6104
6105
6106
6107
6108
6109
6110
6111
6112
5301
4480
5638
6116
1490
4870
4896
6119
6120
6206
6123
6124
2252
6126
6127
6128
6129
5428
6131
6132
6133
6134
6135
6136
6137
2371
6139
5263
4577
6142
6143
6144
6145
6146
6147
4569
6149
4901
4953
6152
6153
6154
6155
6156
6157
6158
6159
3958
5715
6162
6163
6164
6165
6166
6167
6168
6169
6170
6171
6172
6173
6174
6175
6176
6177
6178
6179
6180
6181
1533
992
984
1524
6186
6187
6188
6189
6190
6191
1530
6193
6194
6195
6242
6238
6198
6252
6200
6201
6202
6203
6238
6205
1528
6207
988
6254
5556
6240
6240
6213
6214
6215
6216
6217
6218
6219
6220
6221
6222
6223
6224
6225
6226
6227
6228
6229
6230
6231
6232
6233
6234
6216
6236
6237
6238
6239
6240
6241
6242
6243
6244
6245
6246
6247
6248
6249
6250
6251
6252
6253
6254
6255
6256
6257
6258
6259
6260
6261
6262
6263
6264
6265
6266
6267
6268
6269
6270
6271
6272
6273
6274
6275
6276
6277
6278
6279
6280
6281
6282
6283
6284
6285
6286
6287
6288
6289
6290
6291
