0
1
2
3
4
385
2149
2955
115
133
10
11
12
13
14
15
16
17
18
19
354
21
921
923
922
25
26
385
891
3591
924
1083
1078
1068
34
148
36
37
170
143
40
2982
42
43
44
45
46
47
52
41
48
51
152
53
133
53
56
57
58
59
60
61
2927
63
64
65
66
67
68
69
69
71
72
73
74
75
76
77
70
78
80
79
82
83
84
85
86
87
88
1979
90
91
90
1822
92
95
94
2155
98
99
101
3018
102
351
385
2953
899
3015
899
3591
898
2956
3558
3558
3497
3557
3496
3499
3498
8
4129
4130
3479
3477
3478
3446
3445
3447
128
129
130
131
132
134
155
135
136
137
138
139
140
141
142
26
144
145
146
147
1811
103
151
915
153
153
2982
7
111
38
150
166
160
161
162
6
149
165
167
167
43
915
2981
171
172
173
174
175
2207
2557
5320
285
180
181
1444
183
184
185
186
187
188
189
190
530
192
1473
1475
270
545
197
2208
5352
5352
1476
202
203
1587
205
319
207
208
340
1471
305
324
213
214
215
216
217
218
220
323
221
222
223
224
225
226
304
228
229
230
231
232
233
234
4725
236
237
238
239
240
241
242
243
244
245
246
247
248
249
250
251
252
253
254
255
256
257
258
2389
260
261
2389
263
264
263
2217
265
268
269
194
273
272
4817
2211
539
1448
528
2208
1448
4756
1448
5352
5320
286
201
5320
290
287
202
5261
291
292
293
5241
5211
5243
5209
5210
299
300
301
302
303
288
179
306
307
308
309
310
311
312
313
314
315
316
317
318
275
278
320
177
325
213
325
283
283
328
338
330
331
332
333
178
335
336
339
214
339
2209
4813
342
343
344
345
346
347
348
3507
3439
2950
21
353
354
355
3710
357
358
359
360
361
2151
363
364
365
366
367
25
378
3105
1858
1831
373
2766
844
2766
2767
3105
379
3960
381
382
3161
384
385
26
2081
387
1867
1888
1868
405
393
394
395
396
1876
3299
399
400
401
402
403
404
4198
1915
3258
1921
407
1916
1874
412
413
414
415
416
417
418
419
420
1963
3494
1967
1966
3899
3011
427
428
948
430
1993
432
433
434
1997
436
437
438
439
1847
3959
2013
2766
444
445
446
447
448
449
450
451
452
453
454
455
456
457
458
459
406
461
462
2075
4217
465
2073
4232
2077
3929
2082
471
472
473
2095
3281
476
477
478
3250
4250
481
482
483
484
485
486
3340
3259
2042
3342
4265
492
3252
4263
495
496
497
498
499
500
2910
2908
3712
504
505
506
507
508
509
510
511
512
513
514
515
516
517
518
519
520
521
522
523
524
5530
5270
5352
4750
192
530
531
532
533
534
535
536
537
538
527
540
541
542
543
544
545
5715
5715
618
2426
550
5715
1398
5602
1362
5715
556
5716
558
2253
618
618
2208
563
564
565
566
567
568
569
570
571
572
573
574
575
576
577
578
579
580
581
582
583
584
585
586
587
588
589
590
591
592
593
594
595
596
597
598
599
600
601
5257
603
604
605
606
1497
608
609
610
611
612
613
614
615
616
617
5716
2250
5715
5713
622
623
624
625
626
627
628
629
630
631
632
633
634
635
636
637
638
639
640
641
642
643
644
645
646
647
648
649
650
651
652
653
654
655
656
657
658
659
660
661
662
663
664
665
666
667
668
669
670
671
672
673
674
675
676
677
678
679
4708
4710
682
683
4702
685
686
687
688
2564
690
691
692
693
5712
2243
696
697
698
4808
3236
701
2664
3873
2599
705
706
707
708
709
710
711
712
713
714
715
716
2619
3565
3855
3868
721
722
723
724
725
726
727
728
729
730
731
732
733
734
735
736
737
738
739
740
741
742
743
744
745
2731
3727
2668
749
750
751
752
753
754
755
756
757
758
759
760
761
762
763
2714
2699
766
2715
3667
2706
770
771
772
3651
774
775
776
777
778
779
780
781
782
783
784
3649
3661
787
788
789
790
2744
792
793
794
795
4556
797
798
799
800
801
3847
803
804
805
806
807
808
809
810
811
812
813
814
815
816
817
818
819
820
3583
2797
823
824
825
826
827
828
829
830
831
832
833
834
835
836
837
838
839
840
841
842
843
372
845
846
3121
848
2858
850
851
852
853
854
855
856
857
858
859
3450
2879
2881
863
864
865
866
867
868
869
870
2894
2896
873
2902
2959
876
3560
878
879
880
881
2929
883
884
2941
886
887
888
889
890
3592
3591
3617
894
895
113
892
3591
891
3467
901
902
2969
2967
905
906
907
908
909
910
911
912
913
27
2981
2983
916
918
919
920
921
922
923
924
925
926
927
928
3032
930
931
3044
933
959
3052
3124
3423
3054
3066
3058
941
942
943
944
3075
3077
443
948
949
950
951
952
953
954
955
3104
957
958
959
960
961
3115
963
964
3150
966
967
968
969
946
971
972
973
973
975
976
977
978
979
961
981
982
983
984
985
986
987
988
989
990
991
992
993
994
995
996
997
998
999
1000
1001
1002
1003
1004
1005
1006
1007
1008
1009
1010
3233
3235
2085
1014
1015
1865
3608
3607
2040
460
1021
1022
1023
1024
1025
4237
1027
1028
1029
1030
1031
1032
1033
1034
1035
1036
1037
1038
1039
1040
1041
1042
1043
1044
1045
1046
1047
1048
1049
1050
1051
1052
1053
1054
1055
1056
1057
1058
1059
960
1061
3421
3419
1064
1065
3437
3440
1068
1069
1070
1071
1072
1073
1074
1075
1076
1077
1078
1079
1080
3490
1956
1083
1084
3503
1086
1087
1088
1089
1090
1091
1092
1093
1094
1095
3540
1097
1098
1099
3841
1101
1102
1103
1104
1105
1106
1107
1108
3621
1110
1111
1112
3616
1114
3875
1116
1117
1118
1119
3663
3690
3837
3734
3673
1125
1126
3682
3838
1129
1130
3708
1132
1133
3732
1135
1136
1137
1138
1139
1140
1141
1142
1143
3832
1145
1146
1147
1148
1149
1150
1151
1152
1153
1154
1155
3920
1157
1158
1159
1160
1161
1162
1163
3956
1165
1166
1167
1168
1169
1170
1171
1172
1173
1174
1175
1176
1177
1178
1179
1180
1181
1182
1183
1184
1185
1186
1187
1188
1189
1190
1191
1192
1193
1194
1195
1196
1197
1198
1199
1200
1201
1202
1203
1204
1205
1206
1207
1208
1209
1210
1211
1212
1213
1214
1215
1216
1217
1218
1219
1220
1221
1222
1223
1224
1225
1226
1227
1228
1229
1230
1231
1232
1233
1234
1235
1236
1237
1238
1239
1240
1241
1242
1243
1244
1245
1246
1247
1248
1249
1250
1251
1252
1253
1254
1255
1256
1257
1258
1259
1260
1261
1262
1263
2096
4240
4245
1267
1268
1269
1270
1271
1272
1273
1274
1275
5630
1277
1278
1279
1280
1281
1282
1283
1284
1285
1286
1287
1288
4431
5625
5612
4433
1293
1294
1295
1296
1297
1298
1299
1300
4446
5734
1303
1304
1305
1306
1307
1308
1309
1310
1311
1312
1313
1314
5487
4475
1317
1318
1319
1320
1321
1322
1323
1324
1325
1326
1327
1328
1329
1330
1331
1332
1333
1334
1335
1336
1337
1338
1339
5412
1341
1342
1343
1344
1345
1346
1347
4540
5425
1350
1351
1352
1353
1354
1355
1356
1357
1358
1359
1360
1361
5712
1363
1364
1365
1366
1367
1368
1369
1370
1371
5522
1373
1374
1375
1376
1377
1378
5342
4601
1381
1382
1383
1384
1385
1386
1387
1388
1389
1390
1391
1392
1393
1394
1395
1396
1397
2230
1399
1400
1401
1402
1403
1404
1405
5224
1407
1408
4671
2545
5214
5266
1414
5215
1415
1416
1417
1418
1419
1420
1421
1422
4694
1424
5245
1450
1426
1428
5323
2365
1430
4722
2363
1434
1435
1436
1437
1438
2391
4803
4802
5351
4751
1444
4712
1601
5352
5352
2371
5230
1451
1452
1453
1454
1455
1456
1457
1458
1459
1460
2393
1462
1463
1464
1465
198
278
1468
1469
1470
4806
197
1473
270
1475
1476
4824
1478
1479
1480
1481
1482
4844
618
4852
4916
1487
1488
4856
1490
1491
1492
1511
4874
5715
1496
1497
1498
1499
1500
1501
1502
1503
1504
2250
1506
1507
1508
1509
1510
1493
1512
1513
1515
1514
1516
1517
5716
1519
1506
1521
1522
1523
1524
1525
1526
1527
1528
1529
1530
1531
1532
1533
1534
1535
1536
1537
1538
1539
1540
1541
1542
1543
1544
1545
1546
1547
1548
1549
1550
1551
1552
1553
1554
1555
1556
1557
1558
1559
1560
1561
1562
1563
1564
1565
1566
1567
1568
1569
1570
1571
1572
1573
1574
1575
1576
1577
5197
1579
1580
1581
2188
1583
1584
5200
4678
1587
1588
1589
1590
1591
4717
1593
1594
5238
1596
203
4763
1599
602
2373
202
1603
5269
1605
1606
1607
1608
1609
1610
1611
1612
1613
1614
5304
1616
1617
1618
2377
5328
1621
1622
1623
1624
1625
5343
5600
1628
1629
1630
1631
1632
5377
1634
1635
1636
1637
1638
1639
5424
5448
5594
1643
1644
1645
1646
1647
5593
1649
1650
1651
5478
1653
1654
1655
5514
1657
4846
1659
1660
1661
1662
1663
1664
5586
1666
1667
5710
1669
1670
1671
1672
1673
1674
1675
1676
1677
1678
1679
1680
1681
1682
5699
1684
5714
4844
1687
1688
1689
1690
1691
1692
1693
1694
1695
1696
1697
1698
1699
1700
1701
1702
1703
1704
1705
1706
1707
1708
1709
1710
1711
1712
1713
1714
1715
1716
1717
1718
1719
1720
1721
1722
1723
1724
1725
1726
1727
1728
1729
1730
1731
1732
1733
1734
1735
1736
1737
1738
1739
1740
1741
1742
1743
1744
1745
1746
1747
1748
1749
1750
1751
1752
1753
1754
1755
1756
1757
1758
1759
1760
1761
1762
1763
1764
1765
1766
1767
1768
1769
1770
1771
1772
1773
1774
1775
1776
1777
1778
1779
1780
1781
1782
1783
1784
1787
1786
1787
1788
1786
1790
1791
1793
3506
350
1795
349
1797
1798
86
355
1801
1802
1803
1804
1805
1806
1807
1808
1809
1810
1814
1814
27
3684
2151
1816
1817
1818
1819
1820
1821
1822
1823
1824
378
378
1844
378
1829
1856
3158
1829
1833
3159
443
378
2764
2765
2767
1837
1844
1844
1843
1844
1845
1846
1847
1848
1849
1850
1851
1852
381
1854
2012
2012
4404
383
4195
4195
2081
4195
1866
1863
494
4235
468
3238
3237
3239
1013
1872
1872
1875
1020
1876
1877
1878
1877
3290
1881
1882
1883
1884
1885
1886
1923
1016
1889
1890
1891
1892
1893
1894
1895
1014
1897
1898
1899
2094
1901
1864
1902
389
1905
1906
1907
1905
3257
405
405
3257
3255
3255
3255
1921
1921
1920
408
3304
3304
3258
1924
4262
1925
3350
1927
1928
1929
1931
1931
1930
1933
1934
1935
1936
1937
1938
1939
1940
1941
1942
1943
1944
1945
1946
1947
1948
1949
1950
1951
1952
1953
421
1962
422
421
3591
1959
3562
1961
1962
502
425
1967
425
3900
144
3743
26
142
1972
1973
1974
1975
1976
1977
1978
1979
1980
1981
1982
1983
1984
1985
1986
1987
1988
1989
1990
1991
432
3890
1994
1992
1996
1997
1998
1999
2000
2001
2002
2003
2004
2005
2006
2007
2008
2009
2014
2014
2014
440
2014
2015
2016
2017
2018
2019
2020
2021
2022
2023
2024
2025
2026
2027
2028
2029
2030
2031
2032
2033
2034
2035
2036
2037
2038
2039
6156
1914
2046
460
2041
1910
1912
392
2048
2049
2050
2051
2052
2053
2054
2055
2056
2057
2058
2059
2060
2061
2062
2063
2064
2067
2066
4230
466
2070
4215
464
2069
463
467
4216
2074
4233
2079
3928
2078
424
2082
2086
2082
1861
387
2087
2088
2089
2087
2091
2092
2093
2094
455
453
2097
2097
2099
2100
2101
2102
2103
2104
2090
2106
2107
2108
2109
2110
2113
2112
2113
2114
2115
2116
2117
2118
2121
2120
3251
3343
1879
399
2125
2126
2127
2128
2129
2130
2131
2133
2133
2134
2135
2136
2137
2138
2139
2140
2141
2142
2143
2144
2145
2146
2147
2148
2952
2151
891
4392
2153
2154
2155
2156
2157
2158
2157
2160
2161
6158
2163
2164
2165
2166
2167
2168
2169
2170
2171
2172
2173
2174
2175
2176
2177
2178
2179
2180
2181
2182
2183
2184
2185
2186
2187
525
5271
5529
2190
2189
2193
257
2195
2196
2197
2198
2199
2200
2201
2202
2203
2204
2205
2206
277
277
198
277
527
2212
2213
2214
2215
2216
2217
2218
2219
2220
313
2222
315
314
5502
5715
5715
5715
5715
2421
5715
557
2233
2421
5715
5715
5715
1362
2240
1362
5715
5713
5713
694
5715
2247
6124
2248
2246
5716
2254
2252
1397
2254
1492
557
618
557
557
2260
2261
2262
2263
2264
2265
2266
2267
2268
2269
2270
2271
2272
2273
2274
2275
2276
2277
2278
2279
2280
2281
2282
2283
2284
2285
2286
2287
2288
2289
2290
2291
2292
2293
2294
2295
2296
2297
2298
2299
2300
2301
2302
2303
2304
2305
2306
2307
2308
2309
2310
2311
2312
2313
2314
2315
2316
2317
2318
2319
2320
2321
2322
2323
2324
2325
2326
2327
2328
2329
2330
2331
2332
2333
2334
2335
2336
2337
2338
2339
2340
2341
2342
2343
2344
2345
2346
2347
2348
2349
2350
2351
2352
2353
2354
2355
2356
2357
2358
2359
2360
2364
2361
1596
5237
1595
2366
2367
2368
2378
2378
2377
2370
5257
2374
2375
2376
681
2374
2380
2380
2381
2382
2385
2384
2385
1656
2387
2388
2389
2394
1441
2390
1440
4801
2395
2396
2397
2398
2399
2400
4882
2402
2403
2404
2405
2406
2407
2408
2409
2410
2411
2412
2413
2414
2415
2416
2417
2418
2419
5716
2250
557
5716
5716
5713
5713
5716
5715
2246
2430
2249
2432
2433
2434
2435
2436
2437
2438
2439
2440
2441
2442
2443
2444
2445
2446
2447
2448
2449
2450
2451
2452
2453
2454
2455
2456
2457
2458
2459
2460
2461
2462
2463
2464
2465
2466
2467
2468
2469
2470
2471
2472
2473
2474
2475
2476
2477
2478
2479
2480
2481
2482
2483
2484
2485
2486
2487
2488
2489
2490
2491
2492
2493
2494
2495
2496
2497
2498
2499
2500
2501
2502
2503
2504
2505
2506
2507
2508
2509
2510
2511
2512
2513
2514
2515
2516
2517
2518
2519
2520
2521
2522
2523
2524
2525
2526
2527
2528
2529
2530
2531
2532
2533
2534
2535
2536
2537
2538
2542
2540
2541
2542
2544
4703
684
2543
2547
2548
2549
2550
2551
2552
2553
2554
6138
1448
2371
5352
2218
194
2561
543
2563
2564
2565
2563
2567
2568
2569
2570
2571
2572
2573
2571
2576
2244
2575
695
2579
2580
2581
2582
2583
2584
2585
2586
2587
2588
2589
2591
3327
2592
2593
3236
703
2667
3874
2597
2596
2600
2601
2602
2603
2604
2605
2606
2607
2608
2609
2610
2611
2612
2613
2614
2615
2616
2617
2618
719
2621
3568
3856
2622
2624
2625
2626
2627
2628
2629
2630
2631
2632
2633
2634
2635
2636
2637
2638
2639
2640
2641
2642
2643
2644
2645
2646
2647
2648
2649
2650
2651
2652
2653
2654
2655
2656
2657
2658
2659
2660
2661
2662
2663
747
2666
2733
3728
720
3870
2669
2623
2672
2673
2674
2675
2676
2677
2678
2679
2680
2681
2682
2683
2684
2685
2686
2687
2688
2689
2690
2691
2692
2693
2694
2695
2696
2697
2702
764
2698
2701
2712
2707
768
2703
765
3665
2708
2709
2710
2711
2713
3698
773
2715
2716
2717
2718
2719
2720
2721
2722
2723
2724
2725
2726
2727
2728
2729
2730
786
3652
3662
2732
2735
2736
2737
2738
2739
2740
2741
2742
2743
790
2745
2746
2747
2748
2749
2750
2751
2752
2753
2754
2755
2756
2757
2758
2759
2760
2761
2762
2763
802
2766
802
3847
2768
2769
2770
2771
2772
2773
2774
2775
2776
2777
2778
2779
2780
2781
2782
2783
2784
2785
2786
2787
2788
2789
2790
2791
2792
2793
2794
2795
2799
821
2796
3580
2800
2801
2802
2803
2804
2805
2806
2807
2808
2809
2810
2811
2812
2813
2814
2815
2816
2817
2818
2819
2820
2821
2822
2823
2824
2825
2826
2827
2828
2829
2830
2831
2832
2833
2834
2835
2836
2837
2838
2839
2840
2842
3786
3083
2841
2845
2846
2847
2848
2849
2850
2851
2852
847
2854
3118
2856
2856
2858
2859
2860
2861
2862
2863
2864
2865
2866
2867
2868
2869
2870
874
2900
2873
2874
2875
2876
2878
3449
860
2877
859
2882
2883
2884
2885
2886
2887
2888
2889
2890
2891
2893
2893
870
2892
2896
2897
2898
2899
2903
2901
875
3480
2904
2905
2906
2911
877
2907
871
3593
2912
1081
2914
2915
2916
2917
2918
2919
2920
2921
2922
878
2924
2925
2926
2927
2928
883
2930
2931
2932
2933
2934
2935
2936
2937
2938
2939
2940
884
2942
2943
2944
2945
2946
2947
2948
2949
891
3592
891
2951
2952
898
3591
2151
2961
900
2958
3465
2962
2963
2964
2965
2970
356
2966
503
3711
2974
2971
2973
3747
2975
2976
2977
2978
2979
2968
904
2980
903
2984
2985
2986
2987
2988
2989
2990
2991
2992
2993
2994
2995
2996
2997
2998
2999
3000
3448
3002
3003
3004
2982
916
2982
3008
3009
3010
918
2982
27
42
1814
2953
3017
3018
3019
29
1957
3020
3023
3024
3025
3026
3027
3031
3028
3030
3031
869
3033
3034
3035
3036
3037
3038
3039
3040
3041
3042
3043
929
3966
3046
959
3969
3106
3106
3053
936
3422
937
3051
3057
3065
935
3056
939
3061
3062
3063
3064
3067
943
3122
3068
3069
3070
3071
3072
3073
3059
940
3074
3077
3078
3079
3155
443
3155
372
3084
3085
3086
3087
3088
3089
3090
3091
3092
3093
3094
3095
3096
3097
3098
3099
3100
3100
3102
3103
958
3105
3105
3107
3108
3109
3110
3111
3112
3113
3101
956
3114
3117
3120
3119
3149
965
3123
3123
834
3125
3126
3127
3128
3129
3130
3131
3132
3133
3134
3135
3136
3137
3079
3079
3140
3141
3142
3143
3144
3145
3146
3147
3148
3116
962
3151
3167
3153
2766
2766
443
378
6160
3959
2011
442
3162
3163
3164
3165
3076
3167
3168
3169
3170
3171
3172
3173
3174
3175
3176
3177
3178
3179
3180
3163
3182
3183
3184
3185
3186
3187
3188
3189
3190
3191
3192
3193
3194
3195
3196
3197
3198
3199
3200
3201
3202
3203
3204
3205
3206
3207
3208
3209
3210
3211
3212
3213
3214
3215
3216
3217
3218
3219
3220
3221
3222
3223
3224
3225
3226
3227
3228
3229
3230
2032
3241
3235
3235
471
3329
1862
1860
1860
3241
3323
3242
3243
3244
3245
3246
3249
3248
4251
480
3251
459
3253
1918
3256
3606
1018
1017
2042
460
2043
3264
3263
3264
3265
3266
3267
3268
3269
3270
3271
3272
3273
3274
3275
3276
3277
3278
2037
3280
4236
4237
3283
4236
3285
3286
3287
3288
3289
4264
3291
2098
3293
3294
3295
3296
492
3297
2120
3303
3301
3302
3333
3306
435
3921
3307
3308
3309
3310
3311
3312
3313
3314
3315
3316
3317
3318
3319
3320
3321
3322
3323
3324
3325
3326
3236
3936
469
2080
2080
2078
1908
3334
3336
3336
1915
1914
2045
391
2047
409
2044
3344
3345
3346
3347
3348
3349
488
3261
3352
3353
3298
3355
3356
3302
3358
3359
3360
3361
3362
3363
3364
3365
3366
3367
3368
3369
3370
3371
3372
3373
3374
3375
3376
3377
3378
3379
3380
3381
3382
3383
3384
3385
3386
3387
3388
3389
3390
3391
3392
3393
3394
3395
3396
3397
3398
3399
3400
3401
3402
3403
3404
3405
3406
3407
3408
3409
3410
3411
3110
3135
3137
3136
3420
3055
3417
938
3418
1063
2827
833
3424
3425
3426
3427
3428
3429
3430
3431
3435
3433
3434
3436
3438
1067
2880
862
861
3000
3442
3443
911
2934
894
3447
2932
3449
3450
3451
3452
3453
3454
3455
3456
3457
3458
3459
3464
3461
2960
3462
3463
3465
3466
3467
3468
3469
3470
3471
3472
3473
3474
3475
3476
2927
3478
1073
3481
3481
3482
3483
3484
3485
3486
3487
3488
3491
1082
3495
3492
3493
3494
3493
114
113
3498
3499
3500
3501
3504
3503
3504
3502
3505
1085
3508
3509
3510
3511
1995
2670
3514
3515
3516
3517
3518
3519
3520
3521
3522
3523
3524
3525
3526
3527
3528
3529
3530
3531
3532
3533
3534
3535
3536
3537
3538
3539
2749
3541
3540
3540
3544
3545
3546
3547
3548
3549
3550
3551
3552
3553
3554
3555
1962
3558
3558
2857
849
3559
3561
3563
3564
1096
3567
3543
3542
3569
3570
3571
3572
822
3574
3575
3576
3577
3578
3579
3580
3846
3582
3583
3584
3585
3586
3587
3588
3589
2909
3590
501
3585
3594
3595
3596
3597
3598
3599
3600
423
3917
3603
3604
3605
3609
1109
1110
3619
3610
3611
3612
3613
2895
3614
872
3615
1113
1115
3866
3876
3622
3623
3624
3625
3626
3627
3628
3629
3630
3631
3632
3633
3634
3635
3636
3637
3638
3639
3640
3641
3642
3643
3644
3645
3646
3647
3648
1120
3651
1120
3661
3655
3653
4383
3656
3657
1121
3659
3660
3664
1100
1122
3839
3666
4384
1123
3668
3669
3670
3671
3672
3673
3674
3675
3676
769
3679
3709
3678
3676
1126
3681
3680
3685
3686
3688
3836
3687
1128
3691
3691
3693
3694
3695
3696
3697
3689
3699
3700
3701
3702
3703
3704
3705
3706
3706
3708
3683
1127
3707
1131
3713
3714
3715
3716
3717
3718
3719
3720
3721
3722
3723
3724
3725
3726
1100
3566
3729
3730
3731
785
3732
3650
2734
3733
3737
3738
3739
3740
3741
3742
3744
4390
2890
3745
3746
3748
3749
3750
3751
3752
3753
3754
3755
3756
3757
3758
3759
3760
3761
3762
3763
3764
3765
3766
3767
3768
3769
3770
3771
3772
3773
3774
3775
3776
3777
3778
3779
3780
3654
3782
3783
3784
3785
1832
3787
3788
3789
3790
3791
3792
3793
3794
3795
3796
3797
3798
3799
3800
3801
3802
3803
3804
3805
3806
3807
3808
3809
3810
3811
3812
3813
3814
3815
3816
3817
3818
3819
3820
3821
3822
3823
3824
3825
3826
3827
3828
3829
3830
3831
1143
3833
3834
3835
3692
1124
1129
3672
791
3543
3842
3842
3844
3845
3844
1147
3848
3849
3850
3851
3852
3853
3854
794
3854
3857
3858
3859
3860
3861
3862
3863
3864
1134
3735
3867
1149
3869
3869
3871
3872
718
2620
746
2665
3877
3878
702
3879
3881
3882
3883
3884
3885
3886
3887
3888
3889
3890
3891
3892
3893
3894
3895
3896
3897
3898
717
2671
3901
3902
3903
3904
3905
3906
3907
3908
3909
3910
3911
3912
3913
3914
3915
3916
748
3880
3918
704
3902
3922
3923
3924
3925
3926
3927
1965
3929
3930
3931
3932
3933
3934
3935
3936
3937
3938
3939
3940
3941
3942
3943
1144
3945
3946
3947
3948
3949
3950
3951
3952
3953
3954
3953
818
3955
3957
3958
1164
3961
3962
3963
3964
3965
3966
3967
3968
3969
3970
3971
3972
3973
3974
3975
3976
3977
3978
3979
3980
3981
3982
3983
3984
3985
3986
3987
3988
3989
3151
3153
3992
3993
3994
3995
3996
3997
3998
3999
4000
4001
4002
4003
4004
4005
4006
4007
4008
4009
4010
4011
4012
4013
4014
4015
4016
4017
4018
4019
4020
4021
4022
4023
4024
4025
4026
4027
4028
4029
4030
4031
4032
4033
4034
4035
4036
4037
4038
4039
4040
4041
4042
4043
4044
4045
4046
4047
4048
4049
4050
4051
4052
4053
4054
4055
4056
4057
4058
4059
4060
4061
4062
4063
4064
4065
4066
4067
4068
4069
4070
4071
4072
4073
4074
4075
4076
4077
4078
4079
4080
4081
4082
4083
4084
4085
4086
4087
4088
4089
4090
4091
4092
4093
4094
4095
4096
4097
4098
4099
4100
4101
4102
4103
4104
4105
4106
4107
4108
4109
4110
4111
4112
4113
4114
4115
4116
4117
4118
4119
4120
4121
4122
4123
4124
4125
4126
4127
4128
4129
4130
4131
4132
4133
4134
4135
4136
4137
4138
4139
4140
4141
4142
4143
4144
4145
4146
4147
4148
4149
4150
4151
4152
4153
4154
4155
4156
4157
4158
4159
4160
4161
4162
4163
4164
4165
4166
4167
4168
4169
4170
4171
4172
4173
4174
4175
4176
4177
4178
4179
4180
4181
4182
4183
4184
4185
4186
4187
4188
4189
4190
4191
4192
4193
4194
4197
1156
4389
3919
4199
4200
4201
4202
4203
4204
4231
4206
4207
4208
4209
4210
4211
4212
4213
4214
470
2084
2083
4218
4219
4220
4221
4222
4223
4224
4225
4226
4227
4228
2072
2076
471
1013
1871
4233
4234
4203
1255
4238
4239
4240
4241
1265
4243
4209
1258
4244
4247
4247
4248
1266
4244
4252
4253
4254
4255
4256
4257
4258
4259
4260
4261
3339
3340
4264
1019
4234
4267
4268
4269
4270
4271
4272
4273
4274
4275
4276
4277
4278
4279
4280
4281
4282
4283
4284
4285
4286
4287
4288
4289
4290
4291
4292
4293
4294
4295
4296
4297
4298
4299
4300
4301
4302
4303
4304
4305
4306
4307
4308
4309
4310
4311
4312
4313
4314
4315
4316
4317
4318
4319
4320
4321
4322
4323
4324
4325
4326
4327
4328
4329
4330
4331
4332
4333
4334
4335
4336
4337
4338
4339
4340
4341
4342
4343
4344
4345
4346
4347
4348
4349
4350
4351
4352
4353
4354
4355
4356
4357
4358
4359
4360
4361
4362
4363
4364
4365
4366
4367
1152
4369
4370
4371
4372
4373
4374
4375
4376
4377
4378
4379
4380
4381
4382
4383
773
4385
4386
4387
4388
2598
2972
4391
3590
4393
1954
4395
4396
4397
4398
4399
4400
4401
3155
4403
3106
3076
4406
4407
4408
5655
1276
4411
4412
4413
4414
4415
4416
4417
4418
4419
4420
4421
4422
4423
4424
4425
4426
4427
4428
4429
4432
1290
5624
1291
4430
4435
4436
4437
4438
4439
4440
4441
4442
4443
4444
4447
1302
5732
4448
4445
4450
4451
4452
4453
4454
4455
4456
4457
4458
4459
4460
4461
4462
4463
4464
4465
4466
4467
4468
4469
4470
4471
4472
4474
5629
1315
4473
4480
4477
4479
6114
4481
4482
4483
4484
4485
4486
4487
4488
4489
4490
4491
4492
4493
4494
4495
4496
4497
4498
4499
4500
4501
4502
4503
4504
4505
4506
4507
4508
4509
4510
4511
4512
4513
4514
4515
4516
4517
4518
4519
4520
4521
4522
4523
4524
4525
4526
4527
4528
4529
4530
4531
4532
4533
4534
4535
4536
4539
4537
5486
1349
4541
4542
4543
4544
4545
4546
4547
4548
4549
4550
4551
4552
4553
4554
4557
1301
5740
4558
4559
4560
4561
4562
4563
4564
4565
4566
5603
5603
5712
5713
4571
4572
4573
4574
4575
4576
4577
4578
4579
4580
4581
4582
4583
4584
4585
4586
4587
4588
4589
1372
4591
4592
4593
4594
4595
4596
4597
2239
553
4600
1379
4602
4603
4604
4605
4606
4607
4608
4609
4610
4611
4612
4613
4614
4615
4616
4617
4618
4619
4620
4621
4622
4623
4624
4625
4626
4627
4628
4629
4630
4631
4632
4633
4634
4635
4636
4637
4638
4639
4640
550
4641
2230
2233
4645
4646
4647
4648
4649
4650
4651
4652
4912
4654
4655
4656
4657
4658
4659
4660
4661
5235
4663
4664
4665
4666
4667
4670
4668
4700
4701
4672
4673
4674
4675
1411
1411
4677
1414
5213
4681
4682
4683
4684
4685
4686
4687
4688
4689
4690
4691
4692
4693
1424
4695
4696
4697
4698
5244
5244
4760
1425
4705
4704
5264
4707
5354
1423
4706
1429
4713
1431
5259
5255
4711
4718
4717
4720
4716
2361
2365
2363
4723
4724
4725
4726
4728
4746
4729
4730
4731
4732
4733
4734
4735
4736
4737
4738
1439
4740
4741
5531
4743
4744
4745
4746
4747
4748
1442
5351
5353
1442
1448
4755
5352
2371
4758
5229
4758
1450
4761
4762
4763
4764
4765
4766
4767
4768
4769
4770
4771
4772
4773
4774
4775
4776
4777
4778
4779
4780
4781
198
4783
4784
4785
4786
4787
4788
4789
4790
4791
4792
4793
4794
4797
4796
5515
4798
4799
4800
4801
4802
4803
212
212
1465
4807
4808
4809
4810
213
213
278
2211
528
4816
4817
2384
2369
2369
6140
4822
4822
4824
4825
4826
4827
4828
4829
4830
4831
4832
4833
4834
4835
4836
4837
4838
4839
4840
4841
4842
4882
4844
618
5722
557
557
4851
4849
5188
1486
4857
4854
4853
1485
4862
4858
4859
4860
4861
4863
4915
4864
4865
4866
4867
4868
4869
4870
4855
4872
4871
1489
4875
4876
5715
2426
5715
5715
4887
4887
4883
4882
2429
4886
2431
4888
4889
4890
4891
4892
4893
4894
4895
4896
4898
4898
4899
4897
5716
557
2250
1685
4905
4906
4907
4908
4900
4910
4909
4913
4939
4914
4917
1390
4917
4918
4920
4920
4921
1510
4923
4924
4925
4926
4927
4928
4929
4876
4931
4932
4933
4934
4935
4936
1507
4938
4911
4940
4941
1493
5715
5715
5715
5715
557
618
4949
4950
4951
4952
4953
1493
4955
4956
4957
4958
4959
4960
4961
1483
4963
4964
4965
4950
4967
4968
4969
4970
4971
4972
4973
4974
4975
4976
4977
4978
4979
4980
4981
4982
4983
4984
2574
4986
4987
4988
4989
4990
4991
4992
4993
4994
4995
4996
4997
4998
4999
5000
5001
5002
5003
5004
5005
5006
5007
5008
5009
5010
5011
5012
5013
5014
5015
5016
5017
5018
5019
5020
5021
5022
5023
5024
5025
5026
5027
5028
5029
5030
5031
5032
5033
5034
5035
5036
5037
5038
5039
5040
5041
5042
5043
5044
5045
5046
5047
5048
5049
5050
5051
5052
5053
5054
5055
5056
5057
5058
5059
5060
5061
5062
5063
5064
5065
5066
5067
5068
5069
5070
5071
5072
5073
5074
5075
5076
5077
5078
5079
5080
5081
5082
5083
5084
5085
5086
5087
5088
5089
5090
5091
5092
5093
5094
5095
5096
5097
5098
5099
5100
5101
5102
5103
5104
5105
5106
5107
5108
5109
5110
5111
5112
5113
5114
5115
5116
5117
5118
5119
5120
5121
5122
5123
5124
5125
5126
5127
5128
5129
5130
5131
5132
5133
5134
5135
5136
5137
5138
5139
5140
5141
5142
5143
5144
5145
5146
5147
5148
5149
5150
5223
5152
5153
5154
5155
5156
5157
5158
5159
5160
5161
5162
5163
5164
5165
5166
5167
5168
5172
5170
1582
5274
5173
5174
5175
5176
5177
5178
5179
4906
5181
4926
5187
4927
4850
5185
5186
4630
5189
5190
5191
5192
5193
5194
5198
5195
1585
2192
5204
1412
5202
4677
4676
5267
5205
5206
5207
5208
5209
5210
1444
5212
5208
5214
1588
5216
5217
5218
5219
5220
5221
5222
5225
1409
1586
4757
4759
5203
5231
1593
5231
5232
5233
5234
4669
1410
5237
5238
5239
5240
4723
4717
5243
5246
1598
5247
5247
5248
5249
5250
5251
5252
5259
5258
602
5256
1451
5256
5258
4711
5261
4712
1601
4764
5265
5268
1604
5268
1460
5271
5532
5272
5273
5274
5275
5276
5277
5278
5279
5280
5281
5282
5283
5284
5285
5286
5287
5288
5289
5290
5291
5292
5293
5294
5295
5296
5297
5298
5299
5300
5301
5302
5303
1355
5305
5306
5307
5308
5309
5310
5311
5312
5313
5314
5315
5316
5317
2378
2372
5320
4658
5322
1403
5324
4449
5327
5611
1615
5326
5330
5331
5332
4642
5334
1380
5336
5337
5338
5339
5340
5344
5341
1627
5600
5345
5346
5347
5348
5349
5350
4709
5351
680
5348
5355
5356
5357
5358
5359
5360
5361
5362
5363
5364
5365
5366
5367
5368
5369
5370
5371
5372
5373
5374
4693
5376
5375
680
5378
5380
5381
5382
5383
5384
5385
5386
5387
5388
5389
5390
5391
5392
5393
5394
5395
5396
5397
5398
5399
5400
5401
5402
5403
5404
5405
5406
5407
5408
5409
5411
5422
1640
5410
5415
6129
5414
5417
5418
5419
6126
5421
5423
5595
1642
1620
5426
5427
5428
5429
5430
5431
5432
5433
5434
5435
5436
5437
5438
5379
5440
1443
5442
5443
5444
4752
5446
5450
1648
5447
5592
5451
5452
5453
5454
5455
5456
5457
5449
5459
5460
5461
5462
5463
5464
5465
5466
5467
5468
5469
5470
5471
5472
5473
5474
5475
5476
5476
5478
5479
5480
5481
5482
5483
5484
5485
5329
1292
5488
5489
5490
5491
5492
5493
5494
5495
5496
5497
5498
5499
5500
5501
5503
5503
5504
5505
5506
5507
5508
5509
5510
5511
5512
4796
1461
5515
5516
5517
5518
5519
5520
5521
1652
5523
5524
5525
5526
5527
5528
5511
5532
2392
5533
5533
5534
5535
5536
5537
5538
5539
557
4948
4845
2233
5544
5542
5546
5547
5548
5549
5550
5551
5552
5722
5554
5555
5556
5557
5558
5559
5560
5561
5562
5563
5564
5565
5566
5567
5568
5569
5570
5571
5572
5477
5573
5574
5576
5577
5578
5579
5580
5581
5582
5583
5584
5588
1664
5585
5588
5590
5590
5589
5454
1649
5594
5595
5596
5303
5599
5709
1668
5598
1668
5710
5604
5605
5606
5607
5608
5609
5610
5609
1670
5613
5614
5615
5616
5617
5618
5619
5620
5621
5622
5623
5626
1673
5626
5627
5628
4434
1289
5631
5632
5633
5634
5635
5636
5637
5638
5639
5640
5641
5642
5643
5644
5645
5646
5647
5648
5649
5650
5651
5652
5653
5654
4478
5656
5657
5658
5659
5660
5661
5662
5663
5664
5665
5666
5667
5668
5669
5670
5671
5672
5673
5674
5675
5676
5677
5678
5679
5680
5681
5682
5683
5684
5685
5686
5687
5688
5689
5690
5691
5692
5693
5694
5695
5696
5697
5591
1665
5700
5698
5702
5703
5704
5587
5706
5707
5708
5709
5709
5711
5710
5714
1378
1685
1685
5717
5718
5719
4885
5721
4882
4844
5724
618
5727
5727
5728
5729
5730
5731
5732
5733
5734
5735
5736
5737
5738
5739
5742
5741
5742
5743
5744
5745
4940
4941
5748
5749
5750
5751
5752
5753
5754
5755
5756
5757
5758
5759
5760
5761
5762
5763
5764
5765
5766
5767
5768
5769
5770
5771
5772
5773
5774
5775
5776
5777
5778
5779
5780
5781
5782
5783
5784
5785
5786
5787
5788
5789
5790
5791
5792
5793
5794
5795
5796
5797
5798
5799
5800
5801
5802
5803
5804
5805
5806
5807
5808
5809
5810
5811
5812
5813
5814
5815
5816
5817
5818
5819
5820
5821
5822
5823
5824
5825
5826
5827
5828
5829
5830
5831
5832
5833
5834
5835
5836
5837
5838
5839
5840
5841
5842
5843
5844
5845
5846
5847
5848
5849
5850
5851
5852
5853
5854
5855
5856
5857
5858
5859
5860
5861
5862
5863
5864
5865
5866
5867
5868
5869
5870
5871
5872
5873
5874
5875
5876
5877
5878
5879
4716
293
5882
5883
5884
5885
5886
5887
5888
5889
5890
5891
5892
5893
5894
5895
5896
5897
5898
5899
5900
5901
5902
5903
5904
5905
5906
5907
5908
5909
5910
5911
5912
5913
5914
5915
5916
5917
5918
5919
5920
5921
5922
5923
5924
5925
5926
5927
5928
5929
5930
5931
5932
5933
5934
5935
5936
5937
5938
5939
5940
5941
5942
5943
5944
5945
5946
5947
5948
5949
5950
5951
5952
5953
5954
5955
5956
5957
5958
5959
5960
5961
5962
5963
5964
5965
5966
5967
5968
5969
5970
5971
5972
5973
5974
5975
5976
5977
5978
5979
5980
5981
5982
5983
5984
5985
5986
5987
5988
5989
5990
5991
5992
5993
5994
5995
5996
5997
5998
5999
6000
6001
6002
6003
6004
6005
6006
6007
6008
6009
6010
6011
6012
6013
6014
6015
6016
6017
6018
6019
6020
6021
6022
6023
6024
6025
6026
6027
6028
6029
6030
6031
6032
6033
6034
6035
6036
6037
6038
6039
6040
6041
6042
6043
6044
6045
6046
6047
6048
6049
6050
6051
6052
6053
6054
6055
6056
6057
6058
6059
6060
6061
6062
6063
6064
6065
6066
6067
6068
6069
6070
6071
6072
6073
6074
6075
6076
6077
6078
6079
6080
6081
6082
6083
6084
6085
6086
6087
6088
6089
6090
6091
6092
6093
6094
6095
6096
6097
6098
6099
6100
6101
6102
6103
6104
6105
6106
6107
6108
6109
6110
6111
6112
6113
6114
6115
6116
6117
6118
6119
6120
6121
6122
6122
6123
6125
5601
6127
6128
5342
6130
6131
6132
6133
6134
6135
6136
2546
5351
6139
2370
6141
6142
6143
6144
6145
6146
6147
5715
6149
557
4953
6152
6153
6154
6155
1914
6157
2592
6159
3958
5716
6162
6163
6164
6165
6166
6167
6168
6169
6170
6171
6172
6173
6174
6175
6176
6177
6178
6179
6180
6181
1533
992
984
1524
6186
6187
6188
6189
6190
6191
1530
6193
6194
6195
6196
6197
6198
6199
6200
6201
6202
6203
6204
6205
1528
6207
988
6209
6210
6211
6212
6213
6214
6215
6216
6217
6218
6219
6220
6221
6222
6223
6224
6225
6226
6227
6228
6229
6230
6231
6232
6233
6255
6235
6236
6237
6238
6239
6240
6241
6242
6243
6244
6245
6246
6247
6248
6249
6250
6251
6252
6253
6254
6255
6256
6257
6258
6259
6260
6261
6262
6263
6264
6265
6266
6267
6268
6269
6270
6271
6272
6273
6274
6275
6276
6277
6278
6279
6280
6281
6282
6283
6284
6285
6286
6287
6288
6289
6290
6291
