0
1
2
3
4
5
6
2955
8
9
122
2926
12
13
14
15
16
17
18
19
20
2941
22
23
24
25
386
27
28
28
30
31
3479
3446
34
35
36
37
38
1970
40
41
42
168
44
45
46
47
48
3012
50
51
48
53
2915
55
56
57
58
1073
60
62
2927
11
64
65
66
67
68
69
70
71
72
73
74
75
76
77
78
79
80
81
82
83
84
85
86
87
88
89
90
91
92
93
94
95
96
97
98
1972
100
100
4
103
104
105
106
3016
108
28
110
111
112
113
114
3022
3496
117
3498
119
4129
121
3479
3477
3477
2929
2932
3448
128
129
130
131
132
133
134
135
136
137
138
139
140
144
141
39
144
145
146
147
148
149
150
151
52
152
41
155
156
157
158
159
1968
161
162
163
164
165
159
166
168
169
169
171
218
264
268
2222
176
177
178
5253
180
292
295
183
184
185
186
187
188
189
190
191
192
2386
270
195
196
1472
198
199
279
201
202
1433
4746
205
206
308
208
209
221
211
4811
337
338
215
216
217
218
219
219
2224
222
4811
224
225
226
227
231
229
181
2364
235
232
182
296
236
237
238
239
240
241
240
243
244
245
246
242
247
249
250
251
252
253
254
216
172
257
258
173
531
2388
4742
265
174
2561
2383
2561
2222
271
195
271
272
273
274
275
276
274
278
4756
280
1449
279
283
4714
285
4821
1430
1430
289
290
2361
1433
2361
296
4746
296
298
4747
248
299
301
302
303
4721
305
306
307
308
309
300
310
2223
311
1472
2223
309
316
207
319
320
321
322
220
212
323
326
327
328
329
330
311
332
317
334
335
336
329
209
337
340
340
342
343
3670
1785
2704
347
1791
3506
3435
893
2941
887
20
85
3710
357
1802
359
1806
3201
6
1816
3720
3033
2977
930
25
4402
1842
3049
375
2844
1837
1840
377
3581
3156
379
3160
381
382
3049
3049
27
386
387
388
389
390
391
392
393
394
395
396
397
398
399
400
401
402
403
404
405
406
407
408
409
410
411
412
413
414
415
416
417
418
419
420
421
3494
423
424
425
2986
2978
428
3048
1991
431
432
433
434
435
436
437
438
439
1858
4402
1830
1839
3090
445
446
447
448
449
450
451
452
453
454
455
456
457
458
459
460
461
462
463
464
465
466
467
468
469
470
471
472
473
474
475
476
477
478
479
480
481
482
483
484
485
486
487
488
489
490
491
492
493
494
495
2835
497
500
3768
2824
3614
2908
3712
2140
2138
2584
2816
2143
509
2148
3818
2158
2160
514
515
516
517
518
519
520
2182
522
523
2187
5270
5199
2557
528
192
191
4736
258
5470
4685
2396
2198
2202
4987
177
541
4829
5480
4775
4788
196
2426
2426
2421
2424
2233
5715
4643
5602
4569
2426
4959
5716
6116
6118
618
618
198
563
564
565
566
567
568
569
570
571
572
573
574
575
576
577
578
579
580
581
582
583
584
585
586
587
588
589
590
591
592
593
594
595
596
597
598
599
600
601
4761
603
604
605
5509
6149
2399
609
610
611
612
613
614
615
616
617
2246
618
2426
5715
4932
4931
2434
625
626
627
628
629
630
631
632
633
634
635
636
637
638
639
640
641
642
643
644
645
646
647
648
649
650
651
652
653
654
655
656
657
658
659
660
661
662
663
664
665
666
667
668
669
670
671
672
673
674
675
676
677
678
4611
680
681
5472
2543
5236
685
686
687
688
689
2564
2566
692
693
2572
4569
696
2819
698
4787
700
701
702
703
704
705
706
707
708
709
710
711
712
713
714
715
716
717
718
719
720
721
722
723
724
725
726
727
728
2754
730
731
732
733
734
735
736
737
738
739
740
741
742
743
744
745
746
747
748
2673
2674
751
2675
753
754
749
757
3686
758
759
760
3630
2693
3721
764
2699
2701
767
768
2706
770
771
772
773
774
775
776
777
778
779
780
781
782
783
784
785
786
787
788
789
790
791
792
793
794
795
796
797
798
799
2760
3634
3847
510
2770
3801
2773
2775
808
809
4582
2780
2785
813
814
815
816
817
818
819
820
3583
2797
3388
2801
2803
4603
827
2821
2159
3638
2814
3815
938
936
2828
2830
837
4382
839
841
755
842
1854
375
2847
3173
3749
756
849
850
851
2861
2863
854
855
856
857
852
2881
861
3464
3438
863
864
865
3623
3628
2889
3722
870
2895
2896
504
2870
2869
2906
877
902
1074
3475
3476
911
2949
885
912
3002
886
3037
361
2994
2951
2952
3618
125
118
114
2149
28
28
875
901
2965
2969
356
2973
363
3035
3502
3038
361
3444
1070
2995
151
385
2983
51
905
2979
2976
22
24
23
30
925
926
927
1796
3028
3036
931
3029
3048
3050
940
935
3419
1063
3059
945
3077
3064
3056
4371
968
970
1837
3969
948
949
951
3171
3102
3133
955
3150
963
956
3050
3137
961
965
3148
3119
3121
3065
967
968
969
970
971
3144
974
974
973
933
3108
3111
3113
3136
980
3164
983
2175
3183
3185
3187
3974
3194
990
991
2171
993
994
995
996
997
998
999
1000
1001
1002
1003
1004
1005
1006
1007
1008
1009
1010
1011
1012
1013
1014
1015
1016
1017
1018
1019
1020
1021
1022
1023
1024
1025
1026
1027
1028
1029
1030
1031
1032
1033
1034
1035
1036
1037
1038
1039
1040
1041
1042
1043
3371
1045
1046
1047
1048
1049
1050
1051
1052
3397
3399
3533
3402
3403
1058
3407
3137
1060
969
3421
3426
1065
3433
1066
3446
3450
3451
1071
1072
122
900
1075
1074
902
3479
2901
1080
422
422
31
3501
3505
1086
1087
1088
1089
1090
1091
1092
1093
1094
1095
1096
1097
1098
1099
1100
3569
1102
3647
1104
3579
1106
3657
1108
1109
1110
1111
1112
3616
1114
1115
1116
3812
3813
1119
1120
1121
1122
1123
1124
1125
3677
3682
1128
1129
3702
3708
1132
1133
1134
1135
1136
1137
3798
1139
1140
1141
1142
1143
1144
1145
1146
1147
1148
1149
1150
1151
1152
1153
1154
1155
1156
1157
1158
1159
1160
1161
1162
1163
3960
1165
3972
1167
3995
1169
1170
1171
1172
1173
1174
1175
1176
1177
1178
1179
1180
1181
1182
1183
1184
1185
1186
1187
1188
1189
1190
1191
1192
1193
1194
1195
1196
1197
1198
1199
1200
1201
1202
1203
1204
1205
1206
1207
1208
1209
1210
1211
1212
1213
1214
1215
1216
1217
1218
1219
1220
1221
1222
1223
1224
1225
1226
1227
1228
1229
1230
1231
1232
1233
1234
1235
1236
1237
1238
1239
1240
1241
1242
1243
1244
1245
1246
1247
1248
1249
1250
1251
1252
1253
1254
1255
1256
1257
1258
1259
1260
1261
1262
1263
1264
1265
1266
1267
1268
1269
1270
1271
1272
1273
1274
1275
1276
1277
1278
1279
1280
1281
1282
1283
1284
1285
1286
1287
1288
1289
1290
1291
1292
1293
1294
1295
1296
1297
1298
1299
1300
1301
1302
1303
1304
1305
1306
1307
1308
1309
1310
1311
1312
1313
1314
1315
1316
1317
4481
4483
1320
4484
4488
1323
4482
1325
1326
1327
4502
4504
5385
5426
4506
1333
4512
1335
4514
1337
1338
1339
1340
1341
1342
1343
1344
1345
4532
1347
1348
1349
4549
4547
5305
1353
1354
1355
1356
1357
1358
1359
5395
1361
5712
4574
1364
1365
1366
1367
1368
1369
1370
1371
1372
1373
1374
5452
5465
4595
4597
5342
4601
1381
1382
1383
1386
5400
4621
1387
5572
4627
4850
6128
5416
1394
1650
1324
5500
5544
4878
1399
4648
4674
1402
1403
1404
4661
4663
1407
1408
1406
1405
4676
5202
5228
5227
1415
1416
5174
5387
4687
4689
5457
4692
1423
1424
2545
4671
5224
4703
1429
4763
202
203
203
6020
6020
4799
4799
4743
1441
2203
4802
4751
1443
295
289
285
199
279
280
1427
4761
1598
682
4768
1482
540
4777
4774
4838
1460
4797
5205
5229
1464
4766
4813
4813
4776
1455
1456
2224
1472
2386
195
270
201
2191
4825
4827
4833
1481
1479
5746
618
5187
5185
4871
4873
5183
4860
1489
4858
4925
4922
5715
4891
6149
4957
4935
6121
1504
1502
4896
4939
618
4927
4913
4912
1485
4922
4925
4955
4936
4954
4954
5746
1514
557
4908
4927
1520
4952
2578
2576
4963
4972
6206
5731
4977
1530
4981
4983
6182
1534
1535
1536
1537
1538
1539
1540
1541
1542
1543
1544
1545
1546
1547
1548
1549
1550
1551
1552
1553
1554
1555
1556
1557
1558
1559
1560
1561
1562
1563
1564
1565
1566
1567
1568
1569
1570
1571
1572
1573
1574
1575
1576
1577
5150
1579
1580
5295
5195
5177
1584
5151
5223
4746
4758
5208
1590
1591
292
1450
1594
4763
5230
1433
4702
1599
201
201
202
5264
5266
1605
1606
1607
1608
1609
1610
1611
1612
1613
1614
1615
1616
1617
1618
2378
1620
1390
6125
5421
5336
5559
5343
5600
1628
1629
1630
1631
1632
5376
1634
1635
1636
5570
1638
5404
1640
1641
1642
1643
5433
5435
1646
5444
1648
5454
5461
5467
1652
1653
1654
1655
4795
1657
4845
5555
1660
1661
1662
1663
1664
1665
1666
1667
5710
1669
1670
1671
1672
1673
1674
1675
1676
1677
1678
1679
1680
1681
1682
1683
1684
6123
5723
5749
1688
4648
1690
1691
1692
1693
1694
1695
1696
1697
1698
1699
1700
1701
1702
1703
1704
1705
1706
1707
1708
1709
1710
1711
1712
1713
1714
1715
1716
1717
1718
1719
1720
1721
1722
1723
1724
1725
1726
1727
1728
1729
1730
1731
1732
1733
1734
1735
1736
1737
1738
1739
1740
1741
1742
1743
1744
1745
1746
1747
1748
1749
1750
1751
1752
1753
1754
1755
1756
1757
1758
1759
1760
1761
1762
1763
1764
1765
1766
1767
1768
1769
1770
1771
1772
1773
1774
1775
1776
1777
1778
1779
1780
1784
1782
344
3738
1787
1786
3729
1788
346
1789
346
1794
350
3432
1054
349
2936
887
86
85
2936
1805
357
359
1985
358
1810
1809
1804
1803
107
107
151
3680
2953
364
364
3034
1818
427
2990
93
1976
930
4402
4402
1841
4402
375
844
2843
2841
2842
1838
1838
1838
377
1840
377
1840
1841
1842
1843
1841
2016
1845
383
3088
1849
1851
1851
1852
1853
381
844
3083
844
3049
1859
1860
1861
1862
1863
1864
1865
1866
1867
1868
1869
1870
1871
1872
1873
1874
1875
1876
1877
1878
1879
1880
1881
1882
1883
1884
1885
1886
1887
1888
1889
1890
1891
1892
1893
1894
1895
1896
1897
1898
1899
1900
1901
1902
1903
1904
1905
1906
1907
1908
1909
1910
1911
1912
1913
1914
1915
1916
1917
1918
1919
1920
1921
1922
1923
1924
1925
1926
1927
1928
1929
1930
1931
1932
1933
1934
1935
1936
1937
1938
1939
1940
1941
1942
1943
1944
1945
3474
3474
902
3483
1074
1953
1952
2019
1955
3556
3494
1954
4392
1960
3562
1961
1962
502
1964
1965
1966
1967
1968
3744
39
141
1972
3037
2978
3037
3037
2943
888
89
1807
1807
3002
1807
361
1986
1986
1987
1989
3047
1989
429
1992
1993
1994
1995
1996
1997
1998
1999
2000
2001
2002
2003
2004
2005
2006
2007
2008
2009
372
372
3083
1830
369
1834
3089
3087
2018
2019
2020
3668
2022
2023
2024
2025
2026
2027
2028
2029
2030
2031
2032
2033
2034
2035
2036
2037
2038
2039
2040
2041
2042
2043
2044
2045
2046
2047
2048
2049
2050
2051
2052
2053
2054
2055
2056
2057
2058
2059
2060
2061
2062
2063
2064
2065
2066
2067
2068
2069
2070
2071
2072
2073
2074
2075
2076
2077
2078
2079
2080
2081
2082
2083
2084
2085
2086
2087
2088
2089
2090
2091
2092
2093
2094
2095
2096
2097
2098
2099
2100
2101
2102
2103
2104
2105
2106
2107
2108
2109
2110
2111
2112
2113
2114
2115
2116
2117
2118
2119
2120
2121
2122
2123
2124
2125
2126
2127
2131
2129
2131
4401
2823
2825
2811
832
2139
2136
851
4391
857
2142
2585
507
2141
2146
2582
2145
2148
899
106
2950
898
2990
2156
97
2975
2160
511
2160
3817
2161
2162
2163
2164
2165
2166
2167
2168
2172
2169
987
3186
2174
2174
983
2176
2177
2178
2179
2180
2183
522
5488
2181
2184
523
521
2192
526
2188
1582
5195
216
257
1438
1436
258
2199
2397
535
534
536
2204
2201
4836
2205
4814
4814
4813
4814
4754
4831
4831
4832
542
1458
2383
4788
4775
2383
2221
2222
2223
221
2221
2426
2426
2426
5715
2421
2426
6161
4887
2234
2426
5715
2426
4567
553
4568
2240
5715
5715
1362
2426
556
4960
4959
2248
2247
4859
1490
4870
6118
4861
6161
618
2427
557
2260
2261
2262
2263
2264
2265
2266
2267
2268
2269
2270
2271
2272
2273
2274
2275
2276
2277
2278
2279
2280
2281
2282
2283
2284
2285
2286
2287
2288
2289
2290
2291
2292
2293
2294
2295
2296
2297
2298
2299
2300
2301
2302
2303
2304
2305
2306
2307
2308
2309
2310
2311
2312
2313
2314
2315
2316
2317
2318
2319
2320
2321
2322
2323
2324
2325
2326
2327
2328
2329
2330
2331
2332
2333
2334
2335
2336
2337
2338
2339
2340
2341
2342
2343
2344
2345
2346
2347
2348
2349
2350
2351
2352
2353
2354
2355
2356
2357
2358
2359
2360
5247
5247
203
5247
4763
2366
2367
2368
1451
1451
2371
286
201
2374
4764
1603
2377
2375
2379
2380
2381
2382
4775
4775
4778
4775
1438
1438
4742
4803
4802
2394
5515
537
2397
606
5528
1496
4929
1496
5721
2402
2403
2404
2405
2406
2407
2408
2409
2410
2411
2412
2413
2414
2415
2416
2417
2418
2419
557
2246
557
557
5716
5715
5716
5716
5715
2248
4932
622
2432
2432
2434
2435
2436
2437
2438
2439
2440
2441
2442
2443
2444
2445
2446
2447
2448
2449
2450
2451
2452
2453
2454
2455
2456
2457
2458
2459
2460
2461
2462
2463
2464
2465
2466
2467
2468
2469
2470
2471
2472
2473
2474
2475
2476
2477
2478
2479
2480
2481
2482
2483
2484
2485
2486
2487
2488
2489
2490
2491
2492
2493
2494
2495
2496
2497
2498
2499
2500
2501
2502
2503
2504
2505
2506
2507
2508
2509
2510
2511
2512
2513
2514
2515
2516
2517
2518
2519
2520
2521
2522
2523
2524
2525
2526
2527
2528
2529
2530
2531
2532
2533
2534
2535
2536
2537
2538
2540
4624
679
2542
6137
2546
5236
4667
1401
2549
2549
2550
2551
2552
2553
2554
2556
2556
4820
1447
4788
195
4788
4775
2564
2564
2563
2566
2567
2568
2569
2570
4975
4975
6206
2571
695
4985
2575
695
2579
2580
2581
2583
2583
697
2586
2818
2587
2588
2587
2590
2591
2592
2593
2594
2595
2596
2597
2598
2599
2600
2601
2602
2603
2604
2605
2606
2607
2608
2609
2610
2611
2612
2613
2614
2615
2616
2617
2618
2619
2620
2621
2622
2623
2624
2625
2626
2627
2628
2629
2630
2631
2632
2633
2634
2635
2636
2637
729
2639
2640
2641
2642
2643
2644
2645
2646
2647
2648
2649
2650
2651
2652
2653
2654
2655
2656
2657
2658
2659
2660
2661
2662
2663
2664
2665
2666
2667
2668
2669
2670
2671
2674
750
2674
2675
2672
2677
2678
2679
2680
3685
2676
2685
3686
3685
2686
2687
2688
2689
2690
2691
2692
760
3631
2694
2697
3726
2698
2699
2698
2701
2702
2707
768
2703
765
3665
2708
2709
2710
2711
2712
2713
2714
2715
2716
2717
2718
2719
2720
2721
2722
2723
2724
2725
2726
2727
2728
2729
2730
2731
2732
2733
2734
2735
750
2737
2738
2739
2740
2741
2742
2743
2744
2745
2746
2747
2748
2749
2750
2751
2752
2753
796
2755
2756
2757
2758
2759
498
2130
2763
2812
2767
377
2767
3846
2147
510
2144
2768
2776
805
2772
508
4393
2779
2778
4580
810
2777
807
2784
3769
806
2786
2787
2788
2789
2790
2791
2792
4376
2794
2795
2799
821
2798
3580
2804
823
2800
826
4602
2805
2806
2807
2822
2159
512
3639
2810
2817
825
2813
811
3384
2781
808
2157
513
3635
3640
1118
3816
3053
3055
3124
2826
937
2831
2832
838
2834
812
2839
2837
3740
3739
2840
2844
2844
375
2798
513
2847
2847
2848
2849
846
2851
3748
3749
2683
2854
2856
2857
2858
2859
2860
2861
2860
2863
2864
2865
2866
2867
2868
3472
3472
3471
857
2873
2874
2875
2876
2880
2877
3463
1067
862
2882
2883
2884
2885
2886
2888
3627
867
2887
3625
2893
2893
2894
2892
348
2897
2898
2899
2140
504
2870
2140
2137
2137
505
2911
877
2907
2895
2911
116
1956
3492
118
116
1949
3473
32
120
3474
3475
902
124
2948
33
123
2948
911
2948
127
2999
21
126
2938
2939
2940
2946
2946
890
912
2998
3757
4385
3443
3509
4267
3466
3444
2951
3617
2951
893
106
110
28
106
874
2872
2871
874
2964
2962
2905
1079
2970
356
2966
503
3711
2974
2971
932
2974
1817
363
3035
1817
1819
2966
2967
2968
903
3041
3041
905
2985
2979
2978
2978
2978
2993
908
1808
908
361
3037
361
3441
3441
3000
1806
1810
2994
49
916
49
2985
906
906
2986
41
151
154
107
105
24
100
2978
1957
1954
3021
3023
3024
3025
3026
3510
762
3030
2696
2695
3031
763
3721
364
3202
3036
3040
3039
3040
1819
365
3030
3028
934
934
3050
3048
3082
370
3418
3058
3417
1063
3418
3075
940
3075
945
3074
3063
3061
3078
430
940
3059
3058
939
4370
3066
3057
1990
3072
3134
968
3134
946
3079
3139
1840
1837
1840
375
3047
3047
948
3047
3084
3084
950
3091
3092
3093
3094
3095
4373
3097
3098
953
3114
3116
3117
3101
3115
1827
1827
3105
3050
3110
3135
961
3109
960
3149
3150
3120
3148
2855
840
3118
848
935
3052
935
3103
958
3127
3128
3129
3130
3131
3134
970
3134
3135
3136
969
3139
3990
3139
3141
3142
3143
971
3146
3146
3145
964
3120
965
3990
3167
3151
1837
1837
377
1838
4402
1838
3083
1830
3163
3163
974
3162
3166
3167
3168
3169
3170
972
3172
3173
3153
973
3153
933
3163
961
3181
3166
3176
975
3182
976
3186
988
977
3189
3190
3191
3192
3180
981
3193
3196
3197
3198
3199
3199
1803
3720
3203
3204
3205
3206
3207
3208
3209
3210
3211
3212
3213
3214
3215
3216
3217
3218
3219
3220
3221
3222
3223
3224
3225
3226
3227
3228
3229
3230
3231
3232
3233
3234
3235
3236
3237
3238
3239
3240
3241
3242
3243
3244
3245
3246
3247
3248
3249
3250
3251
3252
3253
3254
3255
3256
3257
3258
3259
3260
3261
3262
3263
3264
3265
3266
3267
3268
3269
3270
3271
3272
3273
3274
3275
3276
3277
3278
3279
3280
3281
3282
3283
3284
3285
3286
3287
3288
3289
3290
3291
3292
3293
3294
3295
3296
3297
3298
3299
3300
3301
3302
3303
3304
3305
3306
3307
3308
3309
3310
3311
3312
3313
3314
3315
3316
3317
3318
3319
3320
3321
3322
3323
3324
3325
3326
3327
3328
3329
3330
3331
3332
3333
3334
3335
3336
3337
3338
3339
3340
3341
3342
3343
3344
3345
3346
3347
3348
3349
3350
3351
3352
3353
3354
3355
3356
3357
3358
3359
3360
3361
3362
3363
3364
3365
3366
3367
3368
3369
3370
3371
3372
3373
3374
3375
3378
3377
3378
1048
3380
3381
3382
3383
3385
5161
2829
835
836
3389
3390
3391
3392
3393
3394
3395
3400
1052
3396
1055
3400
2885
3402
864
3401
3406
3406
1058
3405
3110
960
3412
3135
3135
969
3136
3130
3420
3420
3421
3128
3131
3417
3419
3411
3424
3410
3427
3428
3429
3430
3434
3431
1044
3534
3432
3435
3433
3437
3436
3464
3442
3449
1070
1069
127
2929
3448
3000
2878
2879
859
3452
3453
3454
3455
3456
3457
3458
3370
3370
852
858
3460
3459
2958
3465
2959
3468
3469
3470
2862
853
3483
3481
3467
2965
124
3477
122
2900
2903
2901
3480
3484
3485
3486
3487
3488
3492
422
3492
2963
2963
901
2963
116
114
118
117
2904
876
862
3502
2881
862
3439
3506
3504
3508
3398
1053
3512
3513
3514
3515
3516
3517
3518
3519
3520
3521
3522
3523
3524
3525
3526
3527
3528
3529
3530
3531
3532
3533
3534
3535
3536
3537
3538
3539
3540
3541
3542
3543
3544
3545
3546
3547
3548
3549
3550
3551
3552
3553
3554
3555
1962
112
113
3559
3560
3561
3561
3563
3564
3565
3566
3567
3568
3124
3122
2828
3572
3573
3574
1101
3571
3570
3578
1103
3582
3581
3582
1107
3584
3585
3586
3587
3588
3589
3590
891
3617
3593
3594
3595
3596
3597
3598
3599
3600
3601
3602
3603
3604
3605
3606
3607
3608
3609
3610
3611
3612
3613
2895
3614
872
3615
1113
3619
3620
3621
3622
801
2762
3626
3632
3629
766
3629
1116
3631
3804
2808
828
3636
3819
1117
3635
3637
3814
3641
3642
3643
3644
3645
2802
824
3646
3649
3650
3651
3652
3655
3653
4383
3656
3657
3658
3659
835
3661
3662
3663
3664
3665
3666
3667
3669
3669
753
3671
3672
3673
3674
2705
3675
769
3679
3709
3678
3676
1126
3681
3678
2736
787
3687
3688
3689
3690
3691
3692
3693
3694
3696
3699
3695
3698
2700
2676
3700
752
2680
3704
3703
3697
3706
868
3683
1127
3707
1131
3713
3714
3715
3716
3717
3718
3719
3721
3721
761
3723
3724
3725
3726
3727
3728
3729
3730
3731
3732
3733
3734
3735
3736
3737
3738
3701
755
1130
3742
3744
2972
2890
3745
3747
2683
2684
3750
3751
3752
3753
3754
3037
361
3036
3758
3759
3760
3760
3762
3763
3764
3765
3766
2771
2769
4395
3770
3771
3773
3775
3003
3775
1085
3503
3778
3791
3780
3781
3782
3783
3784
3785
2841
843
3788
3789
3790
3792
3800
3793
3794
3795
3046
3796
3797
3185
3648
831
966
3803
2846
845
3806
3807
3808
3809
3810
3811
3812
3811
3813
510
2769
3817
3818
3819
3820
3821
3822
3823
3824
3825
3826
3827
3828
3829
3830
3831
3832
3833
3834
3835
3836
3837
3838
3839
3840
3841
3842
3843
3844
3845
3846
3847
3848
3849
3850
3851
3852
3853
3854
3855
3856
3857
3858
3859
3860
3861
3862
3863
3864
3865
3866
3867
3868
3869
3870
3871
3872
3873
3874
3875
3876
3877
3878
3879
3880
3881
3882
3883
3884
3885
3886
3887
3888
3889
3890
3891
3892
3893
3894
3895
3896
3897
3898
3899
3900
3901
3902
3903
3904
3905
3906
3907
3908
3909
3910
3911
3912
3913
3914
3915
3916
3917
3918
3919
3920
3921
3922
3923
3924
3925
3926
3927
3928
3929
3930
3931
3932
3933
3934
3935
3936
3937
3938
3939
3940
3941
3942
3943
3944
3945
3946
3947
3948
3949
3950
3951
3952
3953
3954
3955
1164
3957
2766
2765
380
3961
3962
3963
3085
3086
934
3050
934
3048
934
3970
1165
3971
1168
1166
3976
3977
3978
3979
3980
3981
3982
3983
3984
3985
3986
3987
3988
3989
3990
3991
3991
3992
3994
3995
3996
3997
3998
3999
4000
4001
4002
4003
4004
4005
4006
4007
4008
4009
4010
4011
4012
4013
4014
4015
4016
4017
4018
4019
4020
4021
4022
4023
4024
4025
4026
4027
4028
4029
4030
4031
4032
4033
4034
4035
4036
4037
4038
4039
4040
4041
4042
4043
4044
4045
4046
4047
4048
4049
4050
4051
4052
4053
4054
4055
4056
4057
4058
4059
4060
4061
4062
4063
4064
4065
4066
4067
4068
4069
4070
4071
4072
4073
4074
4075
4076
4077
4078
4079
4080
4081
4082
4083
4084
4085
4086
4087
4088
4089
4090
4091
4092
4093
4094
4095
4096
4097
4098
4099
4100
4101
4102
4103
4104
4105
4106
4107
4108
4109
4110
4111
4112
4113
4114
4115
4116
4117
4118
4119
4120
4121
4122
4123
4124
4125
4126
4127
4128
120
121
4131
4132
4133
4134
4135
4136
4137
4138
4139
4140
4141
4142
4143
4144
4145
4146
4147
4148
4149
4150
4151
4152
4153
4154
4155
4156
4157
4158
4159
4160
4161
4162
4163
4164
4165
4166
4167
4168
4169
4170
4171
4172
4173
4174
4175
4176
4177
4178
4179
4180
4181
4182
4183
4184
4185
4186
4187
4188
4189
4190
4191
4192
4193
4194
4195
4196
4197
4198
4199
4200
4201
4202
4203
4204
4205
4206
4207
4208
4209
4210
4211
4212
4213
4214
4215
4216
4217
4218
4219
4220
4221
4222
4223
4224
4225
4226
4227
4228
4229
4230
4231
4232
4233
4234
4235
4236
4237
4238
4239
4240
4241
4242
4243
4244
4245
4246
4247
4248
4249
4250
4251
4252
4253
4254
4255
4256
4257
4258
4259
4260
4261
4262
4263
4264
4265
4266
3465
4268
4269
4270
4271
4272
4273
4274
4275
4276
4277
4278
4279
4280
4281
4282
4283
4284
4285
4286
4287
4288
4289
4290
4291
4292
4293
4294
4295
4296
4297
4298
4299
4300
4301
4302
4303
4304
4305
4306
4307
4308
4309
4310
4311
4312
4313
4314
4315
4316
4317
4318
4319
4320
4321
4322
4323
4324
4325
4326
4327
4328
4329
4330
4331
4332
4333
4334
4335
4336
4337
4338
4339
4340
4341
4342
4343
4344
4345
4346
4347
4348
4349
4350
4351
4352
4353
4354
4355
4356
4357
4358
4359
4360
4361
4362
4363
4364
4365
4366
4367
4368
4369
3062
942
4372
4374
4375
3147
4377
4378
1846
4379
3843
4381
4382
3659
4384
3509
4386
4387
4388
4389
2972
4391
891
2815
1954
2144
4396
4397
4398
4399
4400
499
1840
3140
3082
3166
4406
4407
4408
4409
4410
4411
4412
4413
4414
4415
4416
4417
4418
4419
4420
4421
4422
4423
4424
4425
4426
4427
4428
4429
4430
4431
4432
4433
4434
4435
4436
4437
4438
4439
4440
4441
4442
4443
4444
4445
4446
4447
4448
4449
4450
4451
4452
4453
4454
4455
4456
4457
4458
4459
4460
4461
4462
4463
4464
4465
4466
4467
4468
4469
4470
4471
4472
4473
4474
4475
4476
4477
4478
4479
4480
4484
4483
1320
1320
1321
4486
4486
4488
4489
4485
4485
1318
4482
4496
4494
4496
4497
4498
4499
4500
4505
4502
4501
1330
4505
1334
4510
4509
1334
5426
4515
4512
4511
523
4515
4516
4516
4518
4519
1331
4507
5428
4523
4524
4525
4526
4527
4528
4529
4530
4528
4532
4533
4534
4535
4536
4537
4538
4539
4540
4541
4542
4543
4544
4548
4545
1352
5711
624
4550
4551
4552
4553
4554
4555
4556
4557
4558
4559
4560
4561
4562
4563
2541
4565
4566
1362
5603
5713
1362
4571
4572
4573
4574
4575
4576
4577
4578
4579
4580
4581
4581
4583
4584
4585
4586
4587
4588
4589
4590
4591
4592
4594
5717
1376
4593
1375
4599
5341
4600
1379
4602
1381
4604
5162
4606
4607
4608
1385
4609
4626
4622
4621
4614
4615
4616
4617
4618
4619
4620
2565
691
2565
1388
5526
5401
3423
4627
5188
938
4631
4632
1391
5414
4635
5498
5499
5462
5500
5498
550
1397
1398
5543
2565
4646
4645
5501
4637
4651
5464
5507
5507
4492
4655
4656
4657
4658
4660
4660
1404
4659
1345
4664
4665
4666
4664
5235
4662
5235
5224
4672
4673
1408
4675
1586
4678
5201
5228
1413
4681
4682
4683
4684
4685
4690
1418
4686
1421
5388
4695
524
4693
4694
5484
4696
4697
4698
4669
4668
1409
1410
2546
2544
2543
4706
4707
4708
4709
4710
290
202
290
285
287
293
203
293
291
5247
202
203
296
296
296
204
296
296
6020
1463
1463
297
192
1437
4740
4744
4743
4799
2391
4745
4739
2392
4745
5205
6131
5230
5231
5230
4749
4749
4751
1443
276
4754
279
1449
4671
1427
5228
4671
5245
1598
1425
1425
4769
5472
4765
533
5471
5506
4772
5505
4842
540
540
2213
2212
4833
4765
4766
4767
1454
4839
4840
4776
4784
4773
4776
4774
4776
1459
4792
4793
2206
4834
1480
538
5206
1588
5206
537
1464
2203
4811
4811
2224
4784
1455
1456
4783
329
337
320
275
274
269
273
4775
283
283
1600
4823
5274
1477
926
4828
1419
5482
1329
4826
1328
5481
542
4835
4988
4837
5516
1481
4841
4830
4826
4827
4881
6149
618
4881
2427
6161
5186
5187
3419
5186
4874
4871
1494
5187
4874
4872
4875
4872
1488
1489
4856
4853
1487
1487
4856
4864
2400
4869
4923
4894
4923
4922
1503
4895
2426
4878
621
5715
1498
1498
6149
5720
622
4934
2430
4933
1512
4938
1513
6119
4899
4892
6119
4910
4909
4900
4911
4939
557
2427
2250
4973
4906
4926
4905
1506
4939
4939
4913
4654
4912
1395
1485
5185
4852
4898
4918
4920
4920
4922
4894
4923
4896
4921
1510
4895
1500
4895
4956
4956
4955
4956
1508
4914
4913
1508
4913
4954
1515
1511
5715
4569
5715
2426
557
618
4950
4953
4949
1515
4924
1511
4638
4637
1512
4936
1393
4649
1515
5747
4941
4954
4950
4953
4966
1506
4961
4962
4963
4964
4974
5729
1528
3192
1530
4976
4965
4979
4968
4978
1529
4982
2574
2574
2201
4685
4989
4990
4991
4992
4993
4994
4995
4996
4997
4998
4999
5000
5001
5002
5003
5004
5005
5006
5007
5008
5009
5010
5011
5012
5013
5014
5015
5016
5017
5018
5019
5020
5021
5022
5023
5024
5025
5026
5027
5028
5029
5030
5031
5032
5033
5034
5035
5036
5037
5038
5039
5040
5041
5042
5043
5044
5045
5046
5047
5048
5049
5050
5051
5052
5053
5054
5055
5056
5057
5058
5059
5060
5061
5062
5063
5064
5065
5066
5067
5068
5069
5070
5071
5072
5073
5074
5075
5076
5077
5078
5079
5080
5081
5082
5083
5084
5085
5086
5087
5088
5089
5090
5091
5092
5093
5094
5095
5096
5097
5098
5099
5100
5101
5102
5103
5104
5105
5106
5107
5108
5109
5110
5111
5112
5113
5114
5115
5116
5117
5118
5119
5120
5121
5122
5123
5124
5125
5126
5127
5128
5129
5130
5131
5132
5133
5134
5135
5136
5137
5138
5139
5140
5141
5142
5143
5144
5145
5146
5147
5148
4531
1346
5149
5152
5153
5154
5157
5156
5157
1580
5159
5160
4615
4628
4628
5164
5165
5166
5167
5168
5170
5294
5196
5169
3404
1057
5175
3408
1059
5176
4906
4926
5180
4921
4920
1510
5187
4920
4920
5185
5179
5189
5191
5192
5193
5194
1578
5296
1578
1578
5197
1585
5223
1585
5225
5200
1588
5229
5208
5215
298
4747
4748
1463
1414
5213
4759
5216
5217
5218
5219
5220
5221
5222
5151
1406
5151
5225
5225
5223
4701
1426
1450
5232
5233
5234
4662
1405
5246
1598
5230
5246
296
292
296
4670
684
4699
4700
5248
5249
5250
5251
5252
290
290
201
1598
4761
4763
290
290
290
202
285
4703
4703
4677
1412
1411
5268
5204
5267
5214
1589
5172
5275
5276
5277
5278
5279
5280
5281
5282
5283
5284
5285
5286
5287
5288
5289
5290
5291
5292
5293
5294
5295
5297
5297
5298
5299
5300
5301
5302
5303
5304
5305
5306
5307
5308
5309
5310
5311
5312
5313
5314
5315
5316
5317
1451
283
4821
5321
4704
5323
1428
5325
5326
5327
5328
5329
4916
4629
1486
559
2252
5334
1621
5340
5339
5332
5331
5343
1626
1627
1627
5345
5346
5347
5348
5349
5350
5351
6138
5353
5354
5355
5356
5357
5358
5359
5360
5361
5362
5363
5364
5365
5366
5367
5368
5369
5370
5371
5372
5373
5374
5375
1422
5377
5378
5379
5380
5381
5382
5383
5384
5385
5384
5387
5388
5389
5459
5391
5392
5393
4610
1384
5396
5398
5398
5399
1637
5571
5402
5403
5404
5405
5406
5407
5408
5163
5410
5411
5412
5413
5415
6129
1380
5417
5417
5419
6126
1389
5422
5423
5424
5425
5426
5427
5428
5429
5430
5431
4546
1350
5432
1351
2186
5436
5438
5440
5469
5439
5438
5442
5444
5441
4543
5447
5448
5449
5450
5434
1644
5451
1645
5437
5456
1336
5458
4513
1319
1319
1319
4487
5463
1322
5456
1420
5466
5443
1647
5468
1651
5473
5474
5475
5476
5477
5478
5479
5481
5481
5386
5483
5484
5485
5486
5487
5488
5489
5490
5491
5492
5493
5494
5495
5496
5497
5460
5461
5460
5464
4771
4771
4688
5504
5505
4493
5510
1583
5518
5511
5512
1480
4797
4835
5516
5517
3761
5519
5520
5521
5522
5523
5526
5525
4572
5527
5528
5529
5530
2390
1604
5533
5534
5535
5536
5537
5335
1622
2423
2257
546
5543
550
5542
5545
1658
5548
5549
5550
1625
5560
5722
4843
5553
1516
5557
5558
4863
4868
5561
5562
5563
5564
5565
5566
5567
5568
5569
5570
4574
1363
5573
5574
5575
5576
5577
5578
5579
5580
5581
5582
5583
5584
5585
5586
5587
5588
5589
5590
5591
5594
5593
5595
5596
5596
5597
5599
5709
1668
5598
1668
5710
5604
5605
5606
5607
5608
5609
5610
5611
5612
5613
5614
5615
5616
5617
5618
5619
5620
5621
5622
5623
5624
5625
5626
5627
5628
5629
5630
5631
5632
5633
5634
5635
5636
5637
5638
5639
5640
5641
5642
5643
5644
5645
5646
5647
5648
5649
5650
5651
5652
5653
5654
5655
5656
5657
5658
5659
5660
5661
5662
5663
5664
5665
5666
5667
5668
5669
5670
5671
5672
5673
5674
5675
5676
5677
5678
5679
5680
5681
5682
5683
5684
5685
5686
5687
5688
5689
5690
5691
5692
5693
5694
5695
5696
5697
5698
5699
5700
5701
5702
5703
5704
5705
5706
5707
5708
5453
4597
5711
1378
5714
6122
1685
6124
5718
5719
5431
4886
4889
4881
6149
4881
618
5726
5727
1686
5730
5750
1689
5732
5733
5734
5735
5736
5737
5738
5739
5740
5741
5742
5743
5744
5745
4954
1515
4952
1522
4984
1532
5752
5753
5754
5755
5756
5757
5758
5759
5760
5761
5762
5763
5764
5765
5766
5767
5768
5769
5770
5771
5772
5773
5774
5775
5776
5777
5778
5779
5780
5781
5782
5783
5784
5785
5786
5787
5788
5789
5790
5791
5792
5793
5794
5795
5796
5797
5798
5799
5800
5801
5802
5803
5804
5805
5806
5807
5808
5809
5810
5811
5812
5813
5814
5815
5816
5817
5818
5819
5820
5821
5822
5823
5824
5825
5826
5827
5828
5829
5830
5831
5832
5833
5834
5835
5836
5837
5838
5839
5840
5841
5842
5843
5844
5845
5846
5847
5848
5849
5850
5851
5852
5853
5854
5855
5856
5857
5858
5859
5860
5861
5862
5863
5864
5865
5866
5867
5868
5869
5870
5871
5872
5873
5874
5875
5876
5877
5878
5879
293
2361
5882
5883
5884
5885
5886
5887
5888
5889
5890
5891
5892
5893
5894
5895
5896
5897
5898
5899
5900
5901
5902
5903
5904
5905
5906
5907
5908
5909
5910
5911
5912
5913
5914
5915
5916
5917
5918
5919
5920
5921
5922
5923
5924
5925
5926
5927
5928
5929
5930
5931
5932
5933
5934
5935
5936
5937
5938
5939
5940
5941
5942
5943
5944
5945
5946
5947
5948
5949
5950
5951
5952
5953
5954
5955
5956
5957
5958
5959
5960
5961
5962
5963
5964
5965
5966
5967
5968
5969
5970
5971
5972
5973
5974
5975
5976
5977
5978
5979
5980
5981
5982
5983
5984
5985
5986
5987
5988
5989
5990
5991
5992
5993
5994
5995
5996
5997
5998
5999
6000
6001
6002
6003
6004
6005
6006
6007
6008
6009
6010
6011
6012
6013
6014
6015
6016
6017
6018
6019
1450
6021
6022
6023
6024
6025
6026
6027
6028
6029
6030
6031
6032
6033
6034
6035
6036
6037
6038
6039
6040
6041
6042
6043
6044
6045
6046
6047
6048
6049
6050
6051
6052
6053
6054
6055
6056
6057
6058
6059
6060
6061
6062
6063
6064
6065
6066
6067
6068
6069
6070
6071
6072
6073
6074
6075
6076
6077
6078
6079
6080
6081
6082
6083
6084
6085
6086
6087
6088
6089
6090
6091
6092
6093
6094
6095
6096
6097
6098
6099
6100
6101
6102
6103
6104
6105
6106
6107
6108
6109
6110
6111
6112
6113
6114
6115
4854
4860
4870
1507
4937
4937
4650
1400
4960
2255
5601
6127
1639
5418
6130
6131
6132
6133
6134
6135
4770
4667
2558
6139
286
6141
6142
6143
6144
6145
6146
6147
621
4890
2427
4924
6152
6153
6154
6155
6156
6157
6158
6159
376
5716
6162
6163
6164
6165
6166
6167
6168
6169
6170
6171
6172
6173
6174
6175
6176
6177
6178
6179
6180
6181
6182
2171
2175
2576
6186
6187
6188
6189
6190
6191
1530
6193
6194
6195
6196
6197
6198
6199
6200
6201
6202
6203
1064
6205
5731
6207
3974
6210
1525
6211
6212
6213
6214
6215
6216
6217
6218
6219
6220
6221
6222
6223
6224
6225
6226
6227
6228
6229
6230
6231
6232
6233
6234
6235
6236
6237
6238
6239
6240
6241
6242
6243
6244
6245
6246
6247
6248
6249
6250
6251
6252
6253
6254
6255
6256
6257
6258
6259
6260
6261
6262
6263
6264
6265
6266
6267
6268
6291
6270
6274
6273
6273
6274
6278
6276
6277
6278
6279
6280
6281
6282
6283
6284
6285
6286
6287
6288
6273
6274
6270
