0
1
2
3
4
5
6
7
8
9
10
11
12
13
14
15
16
17
18
19
20
884
22
93
97
368
143
27
108
108
114
1083
1078
33
34
35
36
37
38
39
40
41
42
43
44
45
46
47
48
3007
50
51
52
53
54
55
56
57
58
59
60
61
62
63
64
65
66
67
68
69
70
71
72
73
74
75
76
77
78
79
80
81
81
82
84
1800
86
87
1979
89
90
91
92
22
94
95
96
23
98
99
100
101
102
103
104
105
106
107
106
108
111
111
115
112
8
115
119
116
3498
133
120
120
122
123
123
125
126
127
128
129
130
131
132
133
134
135
136
137
138
139
140
141
142
1970
144
145
146
147
148
149
150
151
152
153
154
155
156
157
158
159
160
161
162
163
164
165
166
167
43
170
170
4732
2193
333
174
196
176
177
178
179
180
4722
4724
244
247
241
330
225
229
233
249
191
4800
2389
1473
267
545
2224
198
1447
1448
201
202
203
4746
301
206
308
307
209
2224
4712
4811
339
214
217
2197
332
215
223
212
184
185
4805
224
225
4716
227
226
187
4717
2364
230
188
232
5239
234
189
236
4726
186
328
240
186
245
253
190
240
242
250
336
250
187
252
252
2197
2194
529
5209
530
333
173
530
173
173
264
2389
267
268
271
265
273
196
273
274
275
276
4815
278
4753
280
281
4755
283
284
285
286
287
288
289
290
2361
1433
293
5239
4746
296
4729
1434
248
299
190
190
302
5262
305
303
183
205
306
300
310
2223
311
2224
2223
309
208
207
319
320
321
322
212
337
325
326
327
328
209
330
311
238
218
334
335
336
338
338
214
341
341
751
1781
3670
1788
2704
347
1791
3507
3439
2954
884
887
20
85
3710
359
3038
3040
1808
1806
6
3035
3201
1818
1824
3756
368
2843
370
3047
375
3787
2843
2844
1840
377
1826
3090
384
1850
3069
3047
3047
27
143
387
388
389
390
391
392
393
394
395
396
397
398
399
400
401
402
403
1903
405
406
407
408
409
410
411
412
413
414
415
416
417
418
419
420
1958
422
423
424
425
426
2997
3751
3151
3078
431
432
433
434
435
436
437
438
439
1830
3083
3047
1838
3138
4403
446
447
448
449
450
451
452
2050
2055
455
456
2033
458
459
460
2062
462
463
464
465
466
4233
468
469
2084
471
472
473
474
475
476
477
478
479
480
481
482
483
484
485
486
487
488
489
490
491
492
493
494
495
496
497
2132
3767
2824
3615
502
503
504
2906
506
507
2144
509
510
511
2158
2160
514
515
3105
3784
1320
5430
520
521
522
4515
2186
5267
5200
2557
2211
4800
191
4734
4731
5470
2396
1481
1459
4794
537
539
4777
541
4987
2220
2387
545
549
2235
2230
1398
5544
4879
552
553
2238
2237
4957
2421
6116
2254
2230
2232
198
563
564
565
566
567
568
569
570
571
572
573
574
575
576
577
578
579
580
581
582
583
584
2309
586
587
588
589
590
591
592
593
594
595
596
597
598
599
600
601
4762
603
604
605
5517
607
4875
609
610
611
612
613
614
615
616
617
4882
2230
549
554
4891
6149
624
625
626
627
628
629
630
2463
2467
633
634
2446
636
637
638
2477
640
641
642
643
644
645
646
5985
648
649
650
651
652
653
654
655
656
657
658
659
660
661
662
663
664
665
666
667
668
669
670
671
672
673
674
675
2536
677
4587
4624
5377
2377
5472
4704
684
685
686
687
688
689
2564
5396
692
693
4569
2245
696
697
698
699
700
701
702
703
704
705
706
707
708
709
710
711
712
713
714
715
716
717
718
719
720
721
722
723
724
725
726
727
728
2635
730
731
2637
733
734
735
736
737
738
739
740
741
742
743
744
745
746
747
748
749
2673
2675
752
2679
3704
755
2683
2685
2674
2691
760
3626
762
763
764
2699
766
767
768
2706
770
771
772
773
774
775
776
777
778
779
780
781
2753
2751
2740
785
786
3685
787
789
790
791
3831
793
3542
795
3564
797
798
799
2760
3633
802
2769
2768
805
806
3769
808
809
810
811
812
813
814
815
816
2792
3956
3173
2794
3583
822
836
3386
825
826
827
829
2159
3638
2814
3815
938
3055
2827
833
837
838
971
3119
841
839
3073
2841
845
445
847
848
849
850
2138
852
853
854
855
856
2140
858
2881
2879
3440
862
863
1058
2885
3624
3628
2889
869
3586
2895
2896
873
874
2902
876
2911
3476
3475
1076
1077
911
2949
2941
2945
890
1982
889
360
913
893
2152
893
2926
3498
896
111
108
108
2959
3494
902
903
2967
905
906
2996
3503
2993
889
3444
3443
2995
151
169
916
3006
918
2991
2156
22
97
93
114
3511
3024
3026
1796
3044
3757
3776
932
3048
934
3418
3417
3419
1063
3059
3420
3074
3061
3056
3062
3413
3076
375
429
429
3139
3133
3097
955
3076
968
958
3099
967
3050
3414
3413
956
3102
963
3150
935
969
3413
3414
4405
952
951
4405
4405
3178
3153
959
961
6235
3413
3179
6236
3790
2173
3193
3182
3188
3973
3194
982
3190
987
993
994
995
996
997
998
999
1000
1001
1002
1003
1004
1005
1006
1007
1008
1009
2064
1011
1012
1013
1014
1015
1016
1017
1018
1019
1020
1021
1022
1023
1024
1025
1026
1027
1028
1029
1030
1031
1032
1033
1034
1035
1036
1037
1038
1039
1040
1041
1042
1043
1044
1045
1046
1047
1048
1049
1050
1051
1052
1053
1054
1055
3403
3407
3753
3760
3414
3410
1062
3421
3426
1065
1066
1067
33
3450
3451
1071
1072
3479
1074
1075
3475
3476
1078
1079
1080
1081
1956
1083
1084
1085
1086
1087
1088
1089
1090
1091
1092
1093
3985
3949
3567
1097
1098
1099
1100
3569
1102
3660
3802
3575
3581
1107
1108
1109
1110
1111
1112
3616
1114
1115
1116
1117
3637
1119
1120
1121
1122
1123
1124
1125
3677
3682
3838
1129
3741
1131
1132
1133
1134
3775
1136
3796
3798
1139
1140
1141
1142
3835
3834
1145
1146
3847
1148
1149
1150
1151
1152
1153
1154
1155
1156
1157
1158
1159
1160
1161
3942
1163
380
3048
3048
1167
3994
1169
1170
1171
1172
1173
1174
1175
1176
1177
1178
1179
1180
1181
1182
1183
1184
1185
1186
1187
1188
1189
1190
1191
1192
1193
1194
1195
1196
1197
1198
1199
1200
1201
1202
1203
1204
1205
1206
1207
1208
1209
1210
1211
1212
1213
1214
1215
1216
1217
1218
1219
1220
1221
1222
1223
1224
1225
1226
1227
1228
1229
1230
1231
1232
1233
1234
1235
1236
1237
1238
1239
1240
1241
1242
1243
1244
1245
1246
1247
1248
1249
1250
1251
1252
1253
1254
4202
3277
3273
1258
1259
1260
1261
1262
1263
1264
1265
4250
1267
1268
1269
1270
1271
1272
1273
1274
1275
1276
1277
1278
1279
1280
1281
1282
1283
1284
1285
1286
1287
1288
1289
1290
1291
1292
1293
1294
1295
1296
1297
1298
1299
1300
4449
4447
1303
1304
1305
1306
1307
1308
1309
1310
1311
1312
1313
1314
1315
1316
1317
4491
5460
4483
5446
1322
4488
4492
4485
4500
1327
1328
4826
5386
1331
1332
4508
4510
1335
4513
1337
1338
1339
1340
1341
1342
1343
1344
1345
4531
4557
1348
1349
1350
1351
1352
5587
1354
5304
1356
1357
1358
1359
5394
4566
4569
4574
1364
1365
1366
1367
1368
1369
1370
1371
1372
1373
1374
1375
1376
4648
6122
5342
4601
4604
4628
1383
4612
5397
691
5407
5572
4630
4850
6128
1392
4640
4638
4654
4653
4870
552
1399
4959
683
4657
5323
1404
1405
1406
1407
1408
5224
1410
4680
4678
5203
4757
4681
5173
5176
5387
1419
4689
5390
4692
4693
1424
1425
4701
4671
5265
4710
1452
1452
203
203
6020
4748
4798
4799
4743
4745
4801
6131
4749
1443
4746
5238
5254
1447
1448
280
4760
1451
4763
4766
4768
1455
4783
2385
2219
4792
1460
2390
5205
5231
5273
1465
4813
4813
4810
4808
2561
1471
2224
2389
267
1473
201
2188
4824
4842
4797
5534
1482
4844
2232
5186
5185
4855
4873
5187
4858
4856
4861
6151
5182
4643
607
607
4928
4895
4894
1502
1510
4924
1501
2232
5182
1504
4937
1485
5182
6151
4936
4890
6151
6151
1483
4965
561
1506
5182
4968
6234
2578
2575
4969
4979
5731
5729
4976
3192
4981
4982
1527
1534
1535
1536
1537
1538
1539
1540
1541
1542
1543
1544
1545
1546
1547
1548
2475
1550
1551
1552
1553
1554
1555
1556
1557
1558
1559
1560
1561
1562
1563
5991
1565
1566
1567
1568
1569
1570
1571
1572
1573
1574
1575
1576
5297
5151
1579
1580
5196
5198
5518
1584
5223
5228
4746
5229
5208
1590
1591
4722
5230
1594
4763
5247
203
1598
1599
4762
5259
202
1603
5268
1605
1606
1607
1608
1609
1610
1611
1612
5742
5706
5328
1616
1617
1618
2378
1620
5330
1622
5421
5336
5559
5420
1627
1628
1629
1630
1631
1632
1633
1634
1635
1636
5570
1638
1639
1640
1641
1642
1643
1644
1645
5437
5444
1648
1649
5462
1651
1652
1653
1654
5532
2392
1657
5553
5555
1660
1661
1662
1663
5590
5591
1666
1667
5603
1669
1670
1671
1672
1673
1674
1675
1676
1677
1678
1679
1680
1681
1682
5701
1684
5716
4844
1686
1688
4984
1690
1691
1692
1693
1694
1695
1696
1697
1698
1699
1700
1701
1702
1703
1704
1705
1706
1707
1708
1709
1710
1711
1712
1713
1714
1715
1716
1717
1718
1719
1720
1721
1722
1723
1724
1725
1726
1727
1728
1729
1730
1731
1732
1733
1734
1735
1736
1737
1738
1739
1740
1741
1742
1743
1744
1745
1746
1747
1748
1749
1750
1751
1752
1753
1754
1755
1756
1757
1758
1759
1760
1761
1762
1763
1764
1765
1766
1767
5954
5068
1770
1771
1772
1773
1774
1775
1776
1777
1778
1779
1780
3738
3738
344
2678
1787
1785
3729
1788
1786
345
346
1793
3506
350
1792
349
2935
887
86
2933
2935
3040
3038
3040
3040
909
1808
909
3039
1809
107
107
151
103
1815
3036
3036
364
1816
1820
1820
22
1823
3756
1826
1826
370
1826
2842
3049
2843
2841
1833
2843
375
2843
1840
375
1840
1840
1827
370
1841
1827
3086
3964
384
3086
3092
942
944
3062
942
4372
3049
3049
3049
3047
1859
1860
1861
1862
1863
1864
1865
1866
1867
1870
1869
1870
1871
1872
1873
1874
1875
1876
1877
1878
1879
1880
1881
1882
1883
1884
1885
1886
1887
1888
1889
1890
1891
1892
1893
1894
1895
1896
1897
1898
1899
1900
1901
1902
1903
1902
1905
1906
1907
1908
1909
1910
1911
1912
1913
1914
1915
1916
1917
1918
1919
1920
1921
1922
1923
1924
1925
1926
1927
1928
1929
1930
1931
1932
1933
1934
1935
1936
1937
1938
1939
1940
1941
1942
1943
1944
1945
3473
3473
3476
3473
3475
1951
1951
1953
4394
1955
422
4394
2152
1959
1960
1961
3556
1963
1964
1965
1966
1967
1968
1969
39
142
1972
910
3755
1984
1984
1977
3774
89
2994
3002
3004
2994
3003
3758
3758
3758
429
3045
1988
3079
1992
1993
1994
1995
1996
1997
1998
1999
2000
2001
2002
2003
2004
2005
2006
2007
2008
2009
3049
3049
3049
3047
3049
1831
948
948
3140
2021
2020
3668
2022
2023
2024
2025
2026
2027
2028
2029
2030
2031
2032
2033
2030
2035
2036
2037
2038
2039
2040
2041
2042
2043
2044
2045
2046
2047
2049
2052
454
2048
2054
461
3317
1022
2056
2057
2058
2059
2060
2061
2062
2060
2064
2065
404
2067
2068
2069
2070
2071
2072
2073
467
467
2074
2077
2078
2079
2080
2081
2082
2083
2084
2085
2086
2087
2088
2089
2090
2091
2092
2093
2094
2095
453
2097
2098
2099
2100
2101
2102
2103
2104
2105
2106
2107
2108
2109
2110
2111
2112
2113
2114
2115
2116
2117
2118
2119
2120
2121
2122
2123
2124
2125
2126
2127
2128
2129
2128
4401
2135
4401
500
2825
2137
2904
505
2137
504
2142
2585
2141
2141
2145
2146
2145
2148
2957
2957
2149
897
1821
2153
23
1824
511
511
2157
2160
2161
2162
2163
2164
2165
2166
2167
2168
3186
3107
3187
3107
2174
3788
2174
517
5497
4489
519
518
2183
2182
5488
2184
523
2186
2185
526
5204
525
2192
5199
532
529
2193
4733
4731
4837
4837
4838
4836
2206
537
2206
1459
4791
4814
4814
4813
275
539
2215
2213
542
4835
266
2389
1473
2220
261
311
175
2223
2224
2225
2237
2235
2235
2237
5543
4878
2231
550
4644
1398
4877
4643
2239
2239
553
552
4943
2425
2244
5540
1498
4886
4888
5721
619
1490
1492
6118
2254
4861
2231
2230
2231
2231
2260
2261
2262
2263
2264
2265
2266
2267
2268
2269
2270
2271
2272
2273
2274
2275
2276
2277
2278
2279
2280
2281
2282
2283
2284
2285
2286
2287
2288
2289
2290
2291
2292
2293
2294
2295
2296
2297
2298
2299
2300
2301
2302
2303
2304
2305
2306
2307
2308
2309
2308
2311
2312
2313
2314
2315
2316
2317
2318
2319
2320
2321
2322
2323
2324
2325
2326
2327
2328
2329
2330
2331
2332
2333
2334
2335
2336
2337
2338
2339
2340
2341
2342
2343
2344
2345
2346
2347
2348
2349
2350
2351
2352
2353
2354
2355
2356
2357
2358
2359
2360
5240
5240
5247
5247
1452
2367
2367
2368
1451
1451
2369
5257
4762
2374
2375
2376
2377
2378
2379
2380
2381
2382
5531
544
5531
4742
2195
4735
530
1441
4745
1441
2394
4802
5516
1481
5516
2398
4876
2400
2401
2402
2403
2404
2405
2406
2407
2408
2409
2410
2411
2412
2413
2414
2415
2416
2417
2418
2419
2231
2230
2231
2231
2428
6148
2428
620
4877
1496
4891
4883
2432
2433
2434
2435
2436
2437
2438
2439
2440
2441
2442
2443
2444
2443
2446
2447
2448
2449
2450
2451
2452
2453
2454
2455
2456
2457
2458
2459
2460
2464
2461
632
2465
2468
639
1559
5105
2469
2470
2471
2472
2473
2474
2475
2473
2477
2478
585
2480
2481
2482
2483
2484
2485
2486
647
2488
2489
2490
2491
2492
2493
2494
2495
2496
2497
2498
2499
2500
2501
2502
2503
2504
2505
2506
2507
2508
2509
2510
2511
2512
2513
2514
2515
2516
2517
2518
2519
2520
2521
2522
2523
2524
2525
2526
2527
2528
2529
2530
2531
2532
2533
2534
675
675
2535
2538
2540
4625
2540
6147
2544
4703
2545
2546
4704
2548
2549
2548
2551
2552
2553
2554
2556
276
4756
2555
265
265
267
270
689
2564
2563
5399
2567
2568
2569
2570
4973
4973
4975
2572
2578
695
2578
5545
2579
2580
2581
2582
2583
2584
2586
2586
2587
2588
2589
2590
2591
2592
2593
2594
2595
2596
2597
2598
2599
2600
2601
2602
2603
2604
2605
2606
2607
2608
2609
2610
2611
2612
2613
2614
2615
2616
2617
2618
2619
2620
2621
2622
2623
2624
2625
2626
2627
2628
2629
2630
2631
2632
2633
2636
730
2636
731
2634
2639
2640
2641
2642
2643
2644
2645
2646
2647
2648
2649
2650
2651
2652
2653
2654
2655
2656
2657
2658
2659
2660
2661
2662
2663
2664
2665
2666
2667
2668
2669
2670
2671
2676
749
2672
752
2676
2680
2677
754
3703
2681
2682
2683
2681
2685
2672
751
2675
2673
2688
2674
2690
2693
2694
2695
2696
2697
2698
2699
2698
2701
2702
2707
768
2703
765
3665
2708
2709
2710
2711
2712
2713
2714
2715
2716
2717
2718
2719
2720
2721
2722
2723
2724
2725
2726
2753
2728
2739
2730
2731
2732
2733
2734
3685
3685
3685
2736
750
2737
2741
2742
2743
2744
2745
2746
3829
2748
3540
2750
796
2754
4556
3563
2755
2756
2757
2758
2759
2130
2761
2763
2134
377
1838
2765
2767
2147
510
2770
2768
2772
2773
807
4395
2776
2777
2778
2779
2780
2781
2782
2783
2784
2785
2786
2787
2788
2789
2790
2793
818
4377
2850
2791
2796
821
2798
2799
2800
3386
2802
2803
823
2805
2806
2807
2822
2820
512
3639
830
2813
825
2813
2816
2817
2818
2819
2157
2157
3635
832
1118
3768
3053
3055
3051
2826
3054
2831
2832
2833
2834
2835
2837
3168
840
2836
3169
1854
3787
2841
381
513
2845
2847
3142
2851
379
3141
2852
2853
2854
2855
2857
3559
2858
2856
2860
2861
2862
2863
2864
2865
2866
2867
2868
2869
2869
2871
2872
2859
2874
851
2876
2877
2877
861
2880
2881
3771
1986
428
3406
2882
2888
3627
867
2887
866
2893
3725
870
2892
348
2897
2898
2899
2900
2901
2902
2900
2905
3500
876
2910
877
501
2895
871
3496
2913
3495
3498
3496
4129
1949
3479
4129
3473
3475
1077
2930
2947
883
3477
2948
911
2948
2932
2999
21
66
2936
2938
2940
2944
2946
890
2945
1981
1983
4385
912
3509
4267
4267
3444
893
893
2151
2956
106
111
108
362
2960
875
3462
2958
2962
2963
2964
2965
2970
356
2966
2969
3711
2971
2972
2973
2974
2978
2976
930
3037
2979
2968
904
2980
2983
2984
2985
2986
2987
2988
907
2997
427
2993
3777
2992
908
3757
2998
1807
3000
3441
3000
2994
360
913
2982
3006
41
3008
3009
3019
3011
3012
151
3014
107
105
3017
101
1973
3022
3020
3022
3027
925
3023
3772
928
3028
3029
3033
3031
3032
3034
3202
361
1810
1807
3039
3777
931
3041
3042
1819
932
3045
3045
934
3048
3050
3050
3418
3418
3417
1063
3418
3075
940
3420
3075
3059
941
941
3077
3063
3058
3056
3058
939
939
3066
3057
3072
430
945
3416
3415
3076
946
946
375
375
375
2841
1989
3045
429
1989
1989
1989
3138
954
3133
954
3140
3132
3132
970
3134
3129
3125
3125
955
3127
3126
1826
3050
3106
3050
3412
3412
3412
6235
6235
3103
958
3100
953
3118
964
3149
3121
935
935
3417
3128
3131
3130
3130
3413
3135
969
3415
3076
3415
3413
3413
3414
946
3152
946
3091
3091
4403
3093
4374
4375
4373
3117
3116
962
3152
4405
3152
375
4402
375
2843
844
844
3049
3047
980
980
3181
3163
3415
4405
3145
972
4403
951
3170
444
973
3181
3175
3153
980
3412
3179
980
975
3180
3183
3176
977
3973
3971
3109
3111
3189
3113
3180
981
3193
3162
3165
3164
1843
1843
358
1803
3203
3204
3205
3206
3207
3208
3209
3210
3211
3212
3213
3214
3215
3216
3217
3218
3219
3220
3221
3222
3223
3224
3225
3226
3227
3228
3229
3230
3232
3240
3233
3234
3235
3236
3237
3238
3239
3240
3323
3242
3243
3244
3245
3246
3247
3248
3249
3250
3251
3252
3253
3254
3255
3256
3257
3258
3259
3260
3261
3262
1002
3264
3265
3266
3267
3268
3269
3270
3271
3272
3273
3274
3276
3276
3277
3275
3279
3280
3281
3282
3283
4236
3285
3286
3287
3288
3289
3290
3291
3292
3293
3294
3295
3296
3297
3298
3299
3300
3301
3302
3333
3304
3305
3306
3307
3308
3309
3310
3311
3312
3313
3314
3315
3316
3317
3318
3319
3320
3321
3322
2118
3324
3325
3326
3327
3328
3329
3330
3331
3332
3333
3334
3335
3336
3337
3338
3339
3340
3341
3342
3343
3344
3345
3346
3347
3348
3349
3350
3351
3352
3353
3354
3355
3356
3357
3358
3359
3360
3361
3362
3363
3364
3365
3366
3367
3368
3369
3370
3371
3372
3373
3374
3375
3376
3377
3378
3379
3380
3381
3382
3383
3384
3385
2826
2829
2830
3389
3390
3391
3392
3393
3394
3395
3396
3397
3398
3399
3400
3405
3401
1058
3405
3753
3750
3753
3760
3412
1060
3409
3412
3413
3414
3413
3413
3420
3420
3421
3416
1062
3417
3419
3411
3424
1061
3427
3428
3429
3430
3431
3432
3433
3434
3435
3438
3437
3438
3438
3440
3442
3449
1070
1069
126
2926
127
2999
2878
860
859
3452
3453
3454
3455
3456
3457
3458
3459
3460
3461
3462
3463
3464
2961
3465
3467
3468
3469
3470
2870
2140
3474
3474
1074
3476
62
123
3479
2903
3481
3482
3483
3484
3485
3486
3487
3488
3493
3490
3493
3492
3492
3494
3493
3496
3497
3498
116
2964
3501
3502
3503
3502
3505
3505
3507
3504
3508
3510
3511
3512
3513
3514
3515
3516
3517
3518
3519
3520
3521
3522
3523
3524
3525
3526
3527
3528
3529
3530
3531
3532
3533
3534
3535
3536
4367
3538
3539
3543
3541
1096
3841
3544
3545
3546
3547
3548
3549
3550
3551
3552
3553
3554
3555
3556
3557
112
3559
3560
3561
3561
2662
745
3566
3566
1100
3565
936
3052
834
3574
3573
4379
1101
3571
3570
3577
3576
3580
3581
3582
3583
3584
3585
3586
3587
3588
3589
891
2952
3617
2894
3594
3595
3596
3597
3598
3599
3600
3601
3602
3603
3604
3605
3606
3607
3608
3609
3610
3611
3612
3613
2895
1113
872
1113
1113
3619
3620
3621
3622
2762
800
3623
801
3629
766
3629
3630
3631
3804
2812
828
3636
3636
1117
3635
3637
3814
3641
3642
3643
3644
3645
824
3387
3646
3649
3650
3651
3652
3653
3654
4383
3656
3657
3658
3659
835
3661
3662
3663
3664
3665
3666
3667
3669
3963
753
3671
3672
3673
3674
2705
3675
769
3679
3709
3678
3676
1126
3681
3680
2685
2685
3687
3688
3689
1128
3691
3692
3693
817
3696
3699
3695
3698
2700
3700
3701
3702
3705
820
3742
3697
3707
3708
3683
1127
3711
3712
3713
3714
3715
3716
3717
3718
3719
357
3721
3625
3723
3724
2711
3726
3727
3728
3729
3730
3731
3732
3733
3734
3735
3736
3737
2677
3739
3740
842
2849
3743
3744
3745
3746
3747
3748
3749
3752
1135
3773
3752
3750
1984
889
360
3759
3776
927
3025
3762
3763
3764
3765
3766
804
2771
804
3770
3751
3773
3775
1983
3775
3776
3777
3778
3779
3780
3781
3782
3050
1137
934
2844
3072
3789
3797
3789
3791
3792
3793
3794
3803
3046
933
976
3185
1103
831
3071
3070
2846
3805
3806
3807
3808
3809
3810
3811
3812
3813
3813
3814
803
3817
3818
3819
3820
3821
3822
3823
3824
3825
3826
3827
3828
3832
1143
1144
3833
3827
1145
3835
3836
3837
1129
3839
3840
3840
1147
3843
3846
3953
2767
802
3850
3849
3864
3851
3852
3853
3855
3568
3856
3857
3858
3859
3860
3861
3862
3863
3864
3865
3866
3867
3868
3869
3870
3871
3872
3873
3874
3875
3876
3877
3878
3879
3880
3881
3882
3883
3884
3885
3886
3887
3888
3889
3890
3891
3892
3893
3894
3895
3896
3897
3898
3899
3900
3901
3902
3903
3904
3905
3906
3907
3908
3909
3910
3911
3912
3913
3914
3915
3916
3917
3918
3919
3920
3921
3922
3923
3924
3925
3926
3927
3928
3929
3930
3931
3932
3933
3934
3935
3936
3937
3938
3939
3940
3943
1163
3943
3941
3945
3948
3947
3944
1162
3950
3951
3953
3955
3954
3957
3960
3959
441
1831
3161
2795
3961
3962
1989
429
3045
934
3045
3048
3046
3968
3048
1166
3975
3993
3978
3976
3978
3979
3980
3981
3982
3983
729
732
2752
3987
3988
3989
3152
3152
973
3991
3992
3198
3996
3997
3998
3999
4000
4001
4002
4003
4004
4005
4006
4007
4008
4009
4010
4011
4012
4013
4014
4015
4016
4017
4018
4019
4020
4021
4022
4023
4024
4025
4026
4027
4028
4029
4030
4031
4032
4033
4034
4035
4036
4037
4038
4039
4040
4041
4042
4043
4044
4045
4046
4047
4048
4049
4050
4051
4052
4053
4054
4055
4056
4057
4058
4059
4060
4061
4062
4063
4064
4065
4066
4067
4068
4069
4070
4071
4072
4073
4074
4075
4076
4077
4078
4079
4080
4081
4082
4083
4084
4085
4086
4087
4088
4089
4090
4091
4092
4093
4094
4095
4096
4097
4098
4099
4100
4101
4102
4103
4104
4105
4106
4107
4108
4109
4110
4111
4112
4113
4114
4115
4116
4117
4118
4119
4120
4121
4122
4123
4124
4125
4126
4127
4128
4129
120
4131
4132
4133
4134
4135
4136
4137
4138
4139
4140
4141
4142
4143
4144
4145
4146
4147
4148
4149
4150
4151
4152
4153
4154
4155
4156
4157
4158
4159
4160
4161
4162
4163
4164
4165
4166
4167
4168
4169
4170
4171
4172
4173
4174
4175
4176
4177
4178
4179
4180
4181
4182
4183
4184
4185
4186
4187
4188
4189
4190
4191
4192
4193
4194
4195
4196
4197
4198
4199
4200
3278
1256
4201
4204
4205
4206
4224
4208
4209
4210
4211
4212
4213
4214
4215
4232
4217
4218
4219
4220
4221
4222
4223
4224
4225
4226
4227
4228
4229
4230
4231
4232
4233
4234
4235
4203
1255
4238
4239
4240
4241
4242
4243
4244
4245
4246
4247
4248
4249
4250
4251
4252
4253
4254
4255
4256
4257
4258
4259
4260
4261
4262
4263
4264
4265
4266
3466
4268
4269
4270
4271
4272
4273
4274
4275
4276
4277
4278
4279
4280
4281
4282
4283
4284
4285
4286
4287
4288
4289
4290
4291
4292
4293
4294
4295
4296
4297
4298
4299
4300
4301
4302
4303
4304
4305
4306
4307
4308
4309
4310
4311
4312
4313
4314
4315
4316
4317
4318
4319
4320
4321
4322
4323
4324
4325
4326
4327
4328
4329
4330
4331
4332
4333
4334
4335
4336
4337
4338
4339
4340
4341
4342
4343
4344
4345
4346
4347
4348
4349
4350
4351
4352
4353
4354
4355
4356
4357
4358
4359
4360
4361
4362
4363
4364
4365
4366
3977
4368
4369
3060
3061
3064
3098
3095
3096
1846
1845
3088
382
4380
4381
4382
4383
4384
3509
4386
4387
4388
4389
4390
2136
2151
2815
4394
2770
4396
4397
4398
4399
4400
4401
375
970
3050
3415
4406
4407
4408
4409
4410
4411
4412
4413
4414
4415
4416
4417
4418
4419
4420
4421
4422
4423
4424
4425
4426
4427
4428
4429
4430
4431
4432
4433
4434
4435
4436
4437
4438
4439
4440
4441
4442
4443
4444
4448
4445
1303
4448
1304
4450
4451
4452
4453
4454
4455
4456
4457
4458
4459
4460
4461
4462
4463
4464
4465
4466
4467
4468
4469
4470
4471
4472
4473
4474
4475
4476
4477
4478
4479
4480
1318
1318
4482
4485
1318
1319
5463
1322
4486
2684
757
756
4490
4481
4485
4483
4481
518
4498
1321
4501
4502
4831
5482
4505
4506
4507
4508
4506
4510
4512
5426
1334
4511
1335
4516
4517
4518
4519
4520
4521
4522
4523
4524
4525
4526
4527
4528
4529
4530
4531
4532
4533
4544
4535
4555
4537
4538
4539
4540
5446
787
3686
4543
4545
4546
4547
4548
4549
4550
4551
5302
4553
5585
4556
5325
1301
4558
4559
4560
4561
4562
2537
676
4563
4566
2240
4568
4567
2238
4571
4572
4573
696
4575
4576
4577
4578
4579
4580
4581
4582
4583
4585
4585
4586
1370
4588
4589
4590
4591
4592
4593
4594
5501
1400
4596
4598
5341
4600
1379
4605
4603
1382
5162
4606
4607
4608
5400
1385
4626
4622
691
4614
4615
4616
4617
4618
4619
4620
2566
5396
2565
1388
5526
5401
4851
4630
4849
4850
4631
4632
1391
1391
4635
4639
4636
1395
4652
1396
1397
2253
4641
4642
2565
4646
4645
1393
4956
4649
1394
4653
4653
848
4658
4655
1403
5321
4659
4660
4661
4662
4663
4664
4665
4666
4667
4669
4669
4670
1409
4656
1402
1401
4675
1413
4676
5203
1413
4679
1417
4683
5174
5178
4684
4690
1418
4688
1421
5388
4691
4692
4692
4691
4695
4697
5483
4698
4699
4700
1427
4702
4705
1428
5264
4708
1423
5375
5351
681
2365
1452
4762
5259
1430
5237
1433
5240
2364
5240
1452
203
5239
1593
5239
4748
1593
1593
4748
1434
4747
1435
4800
4738
4737
4744
4744
4798
4743
1462
1439
2391
1462
4799
5207
1593
5231
5230
2558
2558
4751
4752
276
4754
4755
4756
4759
4757
5226
1426
4761
4761
1598
4764
4769
682
4765
533
5471
4770
4771
4772
4773
4775
4790
4776
1480
4796
4767
1453
4779
1454
1469
4783
4807
4810
4787
2562
2383
2562
4793
4792
5272
1464
2393
5514
1440
1463
5206
1463
1464
6131
4801
4781
329
1471
4810
699
4810
4816
337
339
320
275
4815
269
273
2216
1600
2373
1600
4823
2191
1477
4822
4830
1479
4827
4829
4841
2214
4988
538
2203
2204
4838
1481
4792
4839
4840
4840
1482
4843
4844
2232
4843
2231
546
5186
5186
5185
5186
4874
4874
1494
5187
1489
1488
4860
4872
4854
4856
4856
1489
4864
1487
4856
4864
4869
4870
1494
4873
5184
5183
1493
4940
4643
552
552
6148
2401
2401
607
2401
4883
4929
4883
4895
1500
4892
1503
4923
4922
4923
4924
4894
4918
4919
4893
4898
4946
4946
2232
2427
6235
3414
6235
1506
4897
4899
4900
4912
4939
1508
1485
5185
1485
4920
4921
4921
4926
1510
5184
5184
6151
3414
5182
1493
1511
4940
1513
4933
1499
1499
6121
4938
4910
6120
4911
4940
4940
6151
2241
2241
4877
549
2231
2230
1520
1520
4950
1514
5184
6151
4914
4955
4890
4890
4956
4932
4941
1483
4964
4966
1520
1520
4965
5180
1517
4963
4972
4967
4974
5727
5729
4905
3192
4908
4967
4979
1521
1519
4978
4951
2574
2574
2205
2201
4989
4990
4991
4992
4993
4994
4995
4996
4997
4998
4999
5000
5001
5002
5003
5004
5005
5006
5007
5008
5009
5010
5011
5012
5013
5014
5015
5016
5017
5018
5019
5022
5021
5031
5027
5024
5025
5026
5027
5028
5029
5030
5031
5111
5033
5034
5035
5036
5037
5038
5039
5040
5041
5042
5043
5044
5045
5046
5047
5048
5049
5050
5051
5052
5053
5054
5055
5056
5057
5058
5059
5060
5061
5062
5063
5064
5065
5069
5066
5068
5069
5070
5071
5074
5073
5990
5075
5076
5077
5078
5079
5080
5081
5082
5083
5084
5085
5086
5087
5088
5089
5118
5091
5092
5093
5094
5095
5096
5097
5098
5099
5100
5101
5102
5103
5104
5105
5106
5107
5108
5109
5110
2317
5112
5113
5114
5115
5116
5117
5118
5119
5120
5121
5122
5123
5124
5125
5126
5127
5128
5129
5130
5131
5132
5133
5134
5135
5136
5137
5138
5139
5140
5141
5142
5143
5144
5145
5146
5147
5148
5149
5149
5151
5152
5153
5154
5155
5156
5157
5158
5159
5160
5161
4627
4627
5164
5165
5166
5167
5168
5171
5170
5195
5171
3408
1059
3404
3761
3761
5177
5180
3414
5179
3414
1062
5182
5187
5187
1062
5185
5181
5189
5191
5192
5193
5194
5197
1578
5151
5197
1585
5201
5225
1586
1586
5202
1588
5229
5205
5215
4729
1434
4746
1463
5215
5213
4758
5216
5217
5218
5219
5220
5221
5222
5223
5224
5223
5227
5228
5225
4758
1450
5230
5232
5233
5234
5235
5236
5247
4763
5230
5247
5239
4722
296
5244
5245
5246
5246
5248
5249
5250
5251
5252
4762
4762
4762
4762
4762
4762
4762
287
290
5238
285
4764
1603
1411
4677
5214
5268
1412
5266
5214
1589
5172
5275
5276
5277
5278
5279
5280
5281
5282
5283
5284
5285
5286
5287
5288
5289
5290
5291
5292
5293
5294
5296
5150
1346
5298
5299
1614
6113
5303
5597
1615
5305
5306
5307
5308
5309
5310
5311
5312
5313
5314
5315
5316
5317
1451
283
286
5322
5324
1429
2376
4472
5329
5326
1620
5329
1486
1390
4852
5333
2252
5335
1621
5340
5339
5332
5331
5343
1626
5343
5344
5345
5346
5347
5348
5349
5350
5352
6138
4751
5354
5355
5356
5357
5358
5359
5360
5361
5362
5363
5364
5365
5366
5367
5368
5369
5370
5371
5372
5373
5374
1422
1422
1633
5379
5379
5380
5381
5382
5383
4565
1360
5384
1361
5389
5389
1333
5392
5561
5393
679
4610
1638
5398
1638
5399
1637
5571
5402
5403
5404
5405
5406
1382
5409
1389
5410
5411
5412
5413
5415
6129
5414
5417
5417
5419
5420
4629
5422
5423
5424
5425
5426
5427
5428
5429
1323
5431
5432
5433
5434
5435
4514
1336
5436
5439
5469
5441
5438
5442
1646
5445
4491
5447
5448
5449
5450
5451
5452
5453
5454
5457
5455
5459
5458
4509
4493
5460
1324
5461
1650
5465
5456
5467
5466
5443
1647
5468
1651
5473
5474
5475
5476
5477
5478
5479
534
4685
4687
5483
5484
5485
5486
5487
5488
5489
5490
5491
5492
5493
5494
5495
5496
4486
5500
5498
5507
5499
2225
5502
5504
5505
5506
3749
5511
5510
1478
5530
1655
1656
2390
4803
5517
5533
4825
5519
5520
5521
5522
5523
5524
5525
4572
5527
1583
525
1604
2391
5269
1460
1460
5535
5536
5537
5538
5539
2227
4845
1658
4642
1397
5547
5547
5554
5548
5549
5337
5551
5560
4843
5553
1516
4970
1623
5408
4867
4868
4647
5562
5563
5564
5565
5566
5567
5568
5569
5568
4574
1363
5573
5574
5575
5576
5577
5578
5579
5580
5581
5582
5583
5584
5586
5589
1665
1664
5589
5590
1667
5592
5593
5594
5595
5596
5596
5598
5710
5600
5601
5602
1362
5606
5605
5620
5607
4553
5611
5610
5327
5612
5613
5614
5615
5616
5617
5618
5619
5620
5621
5622
5623
5624
5625
5626
5627
5628
5629
5630
5631
5632
5633
5634
5635
5636
5637
5638
5639
5640
5641
5642
5643
5644
5645
5646
5647
5648
5649
5650
5651
5652
5653
5654
5655
5656
5657
5658
5659
5660
5661
5662
5663
5664
5665
5666
5667
5668
5669
5670
5671
5672
5673
5674
5675
5676
5677
5678
5679
5680
5681
5682
5683
5684
5685
5686
5687
5688
5689
5690
5691
5692
5693
5694
5695
5696
5697
5700
5698
5700
1684
5702
5703
5705
5699
1683
5707
5708
1378
5714
5711
5713
5715
6124
2426
2250
5717
5718
5719
1497
4928
4843
4844
4843
2232
5722
5722
4844
1687
5749
5730
5733
5733
5732
5735
5736
5737
5738
5739
4446
5740
1302
5743
5744
5745
4940
4940
4941
5747
1522
4982
5752
5753
5754
5755
5756
5757
5758
5759
5760
5761
5762
5763
5764
5765
5766
5767
5768
5769
5770
5771
5772
5773
5774
5775
5776
5777
5778
5779
5780
5781
5782
5783
5784
5785
5786
5787
5788
5789
5790
5791
5792
5793
5794
5795
5796
5797
5798
5799
5800
5801
5802
5803
5804
5805
5806
5807
5808
5809
5810
5811
5812
5813
5814
5815
5816
5817
5818
5819
5820
5821
5822
5823
5824
5825
5826
5827
5828
5829
5830
5831
5832
5833
5834
5835
5836
5837
5838
5839
5840
5841
5842
5843
5844
5845
5846
5847
5848
5849
5850
5851
5852
5853
5854
5855
5856
5857
5858
5859
5860
5861
5862
5863
5864
5865
5866
5867
5868
5869
5870
5871
5872
5873
5874
5875
5876
5877
5878
5879
2364
293
5882
5883
5884
5885
5886
5887
5888
5889
5890
5891
5892
5893
5894
5895
5896
5897
5898
5899
5900
5901
5902
5903
5904
5905
5906
5907
5908
5909
5910
5911
5912
5913
5914
5915
5916
5917
5918
5919
5920
5921
5922
5923
5924
5925
5926
5927
5928
5929
5930
5931
5932
5933
5934
5935
5936
5937
5938
5939
5940
5941
5942
5943
5944
5945
5946
5947
5948
5949
5950
5951
5067
5952
1769
5955
5956
5957
5958
5959
5960
5976
5962
5963
5964
5965
5966
5967
5968
5984
5970
5971
5972
5973
5974
5975
5976
5977
5978
5979
5980
5981
5982
5983
5984
5985
5986
5987
5988
631
5953
1768
5992
5993
5994
5995
5996
5997
5998
5999
6000
6001
6002
6003
6004
6005
6006
6007
6008
6009
6010
6011
6012
6013
6014
6015
6016
6017
6018
6019
5230
6021
6022
6023
6024
6025
6026
6027
6028
6029
6030
6031
6032
6033
6034
6035
6036
6037
6038
6039
6040
6041
6042
6043
6044
6045
6046
6047
6048
6049
6050
6051
6052
6053
6054
6055
6056
6057
6058
6059
6060
6061
6062
6063
6064
6065
6066
6067
6068
6069
6070
6071
6072
6073
6074
6075
6076
6077
6078
6079
6080
6081
6082
6083
6084
6085
6086
6087
6088
6089
6090
6091
6092
6093
6094
6095
6096
6097
6098
6099
6100
6101
6102
6103
6104
6105
6106
6107
6108
6109
6110
6111
6112
5734
6114
6115
4854
4858
6118
4892
4896
6119
4960
556
2430
558
6126
6127
1639
5418
6130
5207
6132
6133
6134
6135
6136
6137
527
1387
602
6141
6142
6143
6144
6145
6146
4632
552
4925
2231
5184
6152
6153
6154
6155
6156
6157
6158
6159
372
2422
6162
6163
6164
6165
6166
6167
6168
6169
6170
6171
6172
6173
6174
6175
6176
6177
6178
6179
6180
6181
1527
987
2173
2575
6186
6187
6188
6189
6190
6191
3192
6193
6194
6195
6196
6238
6198
6199
6200
6201
6202
6203
1064
6205
5729
6207
3973
6209
1525
6211
986
6192
6214
6215
6216
6217
6218
6219
6220
6221
6222
6223
6224
6225
6226
6227
6228
6229
6230
6291
6232
6233
6234
6235
6236
6237
1064
6239
6240
6241
6242
6243
6244
6245
6246
6247
6248
6249
6250
6251
6252
6253
6254
6234
6256
6286
6258
6259
6260
6261
6275
6263
6264
6265
6266
6267
6268
6270
6270
6274
6273
6218
6274
6278
6276
6277
6278
6279
6280
6281
6282
6283
6284
6285
6287
6287
6288
6273
6274
6270
