0
147
98
102
102
3678
3618
2951
28
114
895
2927
131
48
2980
150
164
57
64
69
88
1800
922
24
3018
368
2969
3679
3617
3617
2952
2913
881
3478
917
385
1968
36
2967
2969
103
2966
43
2967
37
145
46
44
2968
2968
2968
903
154
163
156
134
149
119
116
118
54
10
1073
62
59
65
66
67
18
2982
3007
2982
2980
19
19
82
49
49
158
158
35
165
16
60
47
85
1
2
94
97
3018
3
3018
922
3018
368
368
3018
368
102
368
368
102
3618
3678
3618
3617
3618
3617
3617
3617
3617
2951
2951
28
2950
2955
2955
896
7
2916
2912
895
3479
1078
3477
3446
3446
50
50
48
77
130
111
3016
139
1968
39
137
386
26
142
142
26
142
1972
142
1972
3678
893
904
2967
42
42
2966
2953
893
904
2981
170
141
138
3
893
385
3013
2966
170
2967
2967
356
217
264
4816
272
315
5439
5379
4751
199
326
4719
4725
303
220
4779
209
206
228
233
240
261
529
1474
1474
4817
545
4766
5439
5378
5378
199
4714
4712
5243
221
562
2221
207
4768
1472
274
4765
214
4768
208
218
208
316
4767
324
1453
4779
4767
322
319
305
334
304
225
4719
287
1592
230
4725
1592
236
244
238
1444
4811
4779
4781
4805
190
253
248
223
223
328
321
330
250
251
252
218
264
172
2197
267
174
1474
270
1474
4816
4817
1474
4817
2222
545
1474
545
545
545
5379
5379
5378
5379
5439
5378
4751
5378
5378
4751
4749
199
4751
281
178
1446
5319
4715
4712
4711
4717
5241
1597
5211
5211
219
2224
222
248
300
177
4815
310
308
210
331
1472
197
315
315
1472
315
2222
2222
315
5441
4768
1454
1443
324
4765
213
4752
4752
1454
4765
4782
312
306
268
1443
562
4813
4765
4768
341
4768
4768
2690
3539
1783
1788
2704
3731
1791
349
350
3617
1800
3009
88
0
1127
2883
3201
357
361
364
3618
3043
3034
3030
2979
2976
368
4404
3106
3968
1857
1989
6160
1832
3155
2764
3106
2848
4377
1853
3068
959
959
3679
2969
387
1861
389
390
391
3237
393
394
395
396
397
398
399
400
401
402
403
404
405
1911
1914
1916
3338
1918
411
412
413
414
415
416
417
418
419
3538
3592
3591
423
1965
3900
905
2979
2884
3094
430
1993
432
433
434
435
436
437
438
439
4378
2014
3967
3959
3172
2851
420
447
448
449
450
451
452
453
454
455
456
457
458
459
460
461
462
463
464
465
466
467
468
469
470
471
472
473
474
475
476
477
478
479
4250
481
482
483
484
485
486
487
1872
1876
2122
1926
1928
2120
494
495
812
2129
2135
2784
832
871
2907
1131
504
2906
2142
2815
4393
509
2147
511
3635
2160
514
515
3107
3783
4498
2179
5299
2181
5489
4515
2186
525
526
5378
5378
529
261
531
532
1647
4685
534
4987
538
542
5378
541
4829
4832
4775
4788
545
6150
6150
5724
4947
2400
2424
2234
4569
2426
1505
4648
6123
4865
2251
5724
5724
5439
5948
2262
2492
566
567
568
2498
5028
571
572
573
574
575
5086
577
578
579
580
581
582
583
584
585
2319
2325
2329
2328
5123
591
592
593
594
595
596
597
598
599
600
5300
5352
603
5656
2382
4684
4889
4875
2405
610
5645
5658
5092
614
615
616
617
6124
5724
557
2426
4649
4959
601
625
626
627
628
629
630
631
632
633
634
635
636
637
2458
639
640
641
642
643
644
645
646
647
648
649
650
651
5126
653
654
655
656
657
658
659
660
6004
662
663
664
665
666
2273
2275
2337
5128
2526
2339
673
674
1370
2540
2538
4586
1388
1423
4706
1651
4704
684
685
2550
4617
688
689
2564
5396
692
693
1518
2245
2581
697
6139
1455
700
701
2596
3874
2598
705
706
707
708
709
710
711
712
713
714
715
716
2623
2621
3855
3868
721
722
723
724
725
726
727
728
2638
730
731
2637
733
734
735
736
737
738
739
740
741
742
743
744
745
2666
3728
2670
2736
2689
2686
2672
1784
2679
749
757
3686
2691
2728
760
3630
2693
2697
2714
2699
2701
2715
3667
2706
770
2710
3658
3651
2807
2717
776
777
3428
3546
2723
2725
2753
2752
2730
2732
3662
2737
2740
446
3541
2744
792
793
2748
2750
796
797
798
799
498
3634
3956
2768
2775
3800
2773
2772
808
809
3385
2817
2785
3377
2787
815
3766
3961
2791
820
3704
2798
3572
3388
3387
2802
2804
827
2820
2159
1118
3646
2771
2830
2828
2829
836
3780
2833
3741
3740
755
1130
3073
1829
2847
2849
3749
756
849
850
851
852
853
854
855
856
857
3461
859
860
861
862
2898
865
2899
3626
3628
2889
3722
3586
2894
2896
3482
874
875
3562
2911
1082
1946
881
1081
2930
2925
2933
884
2942
1978
2977
3037
2943
3615
3617
1113
2927
112
2950
3617
3617
3617
900
1963
2963
503
3710
932
3042
363
2995
1806
930
2948
2945
890
2967
356
2969
2969
2973
3041
2979
922
3018
24
2952
3024
3408
1058
928
3032
1819
3038
929
3991
3970
3052
3124
833
3054
3057
3417
3059
3061
3067
3062
3099
3077
3159
3094
3170
3141
4375
3145
957
4374
953
3115
3117
956
959
3126
3099
962
963
840
3749
3123
3104
953
958
4373
2840
839
3097
951
3152
3153
3971
968
969
3099
980
3093
3790
2173
3193
3182
988
3974
3194
2836
2852
987
993
994
995
996
997
998
999
1000
1001
1002
1003
1004
1005
1006
1007
1008
1009
1010
1011
1012
2085
1014
1015
1016
3256
3919
3259
3260
1021
1022
1023
1024
1025
1026
1027
1028
1029
1030
1031
1032
1033
1034
1035
1036
1037
1038
1039
1040
1041
3366
3368
3534
1045
1046
3393
3395
3379
1049
1051
1052
3397
1054
1055
3724
1056
2885
3404
3126
1060
1063
3419
3426
1065
3433
1067
3478
3466
3443
1071
1072
31
3474
1075
1949
3492
881
1079
1080
2952
3591
2913
1960
3503
1086
1087
1088
1089
1090
1091
1092
1093
3985
3949
3540
1097
1098
1099
3567
3571
4379
3660
3802
3575
3846
2799
1108
3880
3609
1111
3878
872
3620
3876
1116
3813
2769
3655
3663
3690
3837
3734
3671
789
3677
3682
3838
3693
3702
3708
1132
3737
3735
428
3793
3796
3798
1139
1140
1141
1142
1143
1144
1145
1146
3953
1148
3852
1150
1151
3905
1153
1154
1155
4197
1157
1158
1159
1160
1161
3942
1163
2793
3991
3993
1167
2849
1169
1170
1171
1172
1173
1174
1175
1176
1177
1178
1179
1180
1181
1182
1183
1184
1185
1186
1187
1188
1189
1190
1191
1192
1193
1194
1195
1196
1197
1198
1199
1200
1201
1202
1203
1204
1205
1206
1207
1208
1209
1210
1211
1212
1213
1214
1215
1216
1217
1218
1219
1220
1221
1222
1223
1224
1225
1226
1227
1228
1229
1230
1231
1232
1233
1234
1235
1236
1237
1238
1239
1240
1241
1242
1243
1244
1245
1246
1247
1248
1249
1250
1251
1252
1253
1254
1255
1256
1257
1258
1259
1260
1261
1262
1263
1264
1265
4245
1267
1268
1269
1270
1271
1272
1273
4410
4408
5630
1277
1278
1279
1280
1281
1282
1283
1284
1285
1286
1287
1288
4430
5624
5611
4433
1293
1294
1295
1296
1297
1298
1299
1300
1301
4447
1303
1304
1305
1306
1307
1308
1309
1310
1311
1312
1313
1314
5487
4475
4479
4543
4481
4494
4541
4486
2178
4491
4544
4535
1327
4502
4501
5391
4522
4521
4508
4510
5427
4513
4518
1338
5419
5412
4607
1342
5194
4529
4531
5308
4557
4540
5425
2433
4545
5305
1353
4551
4550
1356
1357
1358
1359
5395
676
5714
4571
4577
5557
4575
4579
1368
4615
4585
5158
5522
1373
4592
5717
5465
5464
4593
4600
5333
4604
5162
1383
4621
5398
2565
5407
4572
4628
4627
4634
5536
5499
1650
1324
5500
4870
2230
4646
5501
1401
1402
1403
1404
1405
5149
1407
1408
5224
1410
1411
1412
1413
1414
4698
4697
1416
5385
5482
4689
5390
4692
4694
5347
5245
1426
4671
5324
4707
5258
1601
2361
2361
4746
4724
1436
4738
4741
4742
1480
2390
5377
5377
4725
284
2558
5378
5378
5378
1450
2377
4762
682
5470
1482
4840
540
4776
536
1460
4778
1462
4748
4801
4766
4768
4768
4839
4773
1456
1453
4766
1474
4817
1474
199
1477
1583
4827
540
4836
1479
4888
5724
4852
4916
4857
4853
5185
4858
4867
4861
4872
1501
2424
4957
4889
4931
4938
6121
1504
4899
6120
4910
5726
4893
1507
4639
4917
1501
6119
4640
4955
4924
4924
5747
1514
5727
1510
4893
1520
4951
5546
2575
4969
4979
1528
5731
4652
2853
4981
4636
1527
1534
1535
1536
1537
1538
1539
1540
1541
1542
1543
1544
1545
1546
1547
1548
1549
1550
1551
1552
1553
5049
5676
2456
1557
5055
1559
1560
1561
1562
1563
1564
1565
1566
1567
1568
1569
1570
1571
1572
1573
1574
1575
1576
5147
5296
1579
5168
1581
1582
4683
1584
5197
1586
5243
1588
1589
1590
1591
289
5240
1594
5256
5237
4712
1598
1599
6138
4750
4714
2376
1604
1605
1606
1607
1608
1609
1610
1611
1612
5742
5706
5302
1616
1617
1618
5353
5597
5331
6125
5421
5336
5559
4599
5602
1628
5636
5368
1631
5634
1422
5383
5632
1636
4574
5568
5415
5424
5448
5594
5493
5431
5432
5437
5444
5593
5453
5461
5467
5478
5496
5492
606
1457
5549
5553
5555
1660
1661
1662
1663
1664
1665
1666
1667
4597
1669
5608
1671
1672
5661
1674
1675
1676
5947
1678
1679
1680
1681
1682
5701
1684
4596
4889
5749
1688
4651
1690
1691
1692
1693
1694
1695
1696
1697
1698
1699
1700
1701
1702
1703
1704
1705
1706
1707
1708
1709
1710
1711
1712
1713
1714
1715
1716
1717
1718
1719
1720
1721
1722
1723
1724
1725
1726
1727
1728
1729
1730
1731
1732
1733
1734
1735
1736
1737
1738
1739
1740
1741
1742
1743
1744
1745
1746
1747
1748
1749
1750
1751
1752
1753
1754
1755
1756
1757
1758
1759
1760
1761
1762
1763
1764
1765
1766
1767
1768
1769
1770
1771
1772
1773
1774
1775
1776
1777
1778
6000
1780
343
2692
343
1782
1787
1787
3729
347
1786
1786
346
1792
1793
1794
1795
1796
45
2
1
85
1801
3202
3202
1803
357
3036
3036
1807
1810
3036
3678
3678
2967
3618
3618
365
1818
3030
3029
2989
2976
922
2991
2975
3106
3106
3106
3106
3047
959
4404
371
3966
1828
441
1828
3155
1836
443
1838
378
3106
3105
3106
846
2850
4378
846
2851
4371
944
4370
942
4372
959
959
4404
959
1860
4195
387
1859
1863
1864
1865
1866
1867
1871
1868
3239
1871
1872
1873
1873
1872
1876
1877
1878
1879
1877
1881
1882
1883
1884
1885
1886
1887
1888
1889
1890
1891
1892
1893
1894
1895
1896
1897
1898
1899
1900
1901
1902
1903
1904
1905
1906
1907
1908
1910
3237
392
405
1912
1913
1912
409
409
409
1916
1922
1922
3337
1923
1924
1927
411
1927
400
1925
1930
1931
1932
1933
1934
1935
1936
1937
1938
1939
1940
1941
1942
1943
1944
1945
1077
3495
1956
3476
1949
1952
3536
1952
891
3590
3591
2951
3592
2909
2908
1959
3590
2909
1967
423
1967
3917
142
2972
153
142
102
2975
2979
2975
2975
2154
919
97
2996
2997
2942
2998
930
357
357
1805
948
1165
3965
3091
1994
432
1994
1992
1998
3306
4199
1999
2000
2001
2002
2003
2004
2005
2006
2007
2008
2009
380
380
959
3967
380
380
3173
3173
3172
1952
420
1951
2022
2023
2024
2025
2026
2027
2028
2029
2030
2031
2032
2033
2034
2035
2036
2037
2038
2039
2042
460
2042
1020
2040
1869
2045
2047
2048
2049
2050
2051
2052
2053
2054
2055
2056
2057
2056
2059
2060
2061
2062
2063
2064
2065
2066
2067
2068
2069
2070
2071
2072
2073
2074
2075
2076
2077
2079
3928
2080
2081
2082
2083
2084
388
2086
2087
2088
2089
2090
2091
2092
2093
2094
2095
2096
2097
2098
2099
2100
2101
2102
2103
2104
2105
2106
2107
2108
2109
2110
2111
2112
2113
2114
2115
2116
2117
2118
1929
492
2119
491
2123
2124
2125
2126
2127
2835
2831
4401
499
2825
2825
2823
3768
2136
2137
2138
2139
2140
4393
507
4393
4393
2146
2582
506
2145
3617
3617
3617
3617
906
3018
3018
2979
511
3636
2157
511
2161
2162
2163
2164
2165
2166
2167
2168
3186
3186
3187
3188
2174
3788
983
517
2180
2180
520
4499
2183
522
5488
2183
2184
523
2184
2188
2189
2190
2191
2192
218
172
2388
2196
532
534
534
2201
4988
4987
4835
4987
2204
2204
5379
5379
4768
5379
5378
4831
4829
4831
2214
4788
1474
4788
4775
4790
315
2222
315
1472
4771
6150
6150
6150
4902
561
2258
5725
4884
548
2427
2427
2427
2425
6148
5715
4945
4902
4903
4901
4902
1400
4650
4649
1400
6124
6117
2255
6118
1490
6116
5725
5724
5725
5725
2263
2260
565
5946
2264
2265
2266
2267
2268
2271
569
5030
2269
2275
2274
2275
668
2273
2278
2278
2278
2281
2282
2283
2284
2285
2286
2287
2288
2289
2290
2291
2292
2293
2294
2295
2296
2297
2298
2299
2300
2301
2302
2303
2304
2305
2306
2307
2308
2309
2310
2311
2312
2313
2314
2315
2316
2317
2318
563
563
2322
2322
2320
2320
2323
590
2326
590
2331
2331
5122
2331
2333
2334
2335
2289
574
2336
592
2277
2277
2342
2343
2344
2345
2346
2347
2348
2349
2350
2351
2352
2353
2354
2355
2356
2357
2358
2359
2360
1595
1595
2364
5238
5258
2368
2368
5298
1442
1442
5353
1442
6138
4709
2374
4710
4709
5351
2380
5673
2380
603
4775
4776
4774
4775
2562
1468
270
4795
5531
4796
1480
4797
534
2199
534
4886
4888
1498
623
2404
2402
5670
611
2406
5093
2408
2409
5950
2411
2412
2413
2414
2415
2416
2417
2418
2419
5725
2247
5725
557
557
2424
5716
557
2427
4960
4959
4960
2368
2366
601
2435
2436
2437
2438
2439
2440
2441
2442
2443
2444
2445
2446
2447
2448
2449
2450
2451
2452
638
2459
2453
1557
2460
2272
2321
2272
2461
2462
2463
2464
2465
2466
2467
2468
2469
2470
2469
2472
2473
2474
2475
2476
2477
2478
2479
2480
2481
2482
2483
2484
2485
2486
2487
2488
2489
2490
2494
605
2493
5684
2495
2496
2497
564
2499
2500
2501
2502
2503
2504
2505
2506
2507
2508
2509
2510
2511
2512
2513
2514
2515
2516
2517
2518
2519
2520
2521
2522
2523
2524
2338
672
669
2528
2280
2530
2531
2532
2533
2534
4632
678
6147
4632
4625
5526
4624
4625
2543
2544
2545
2546
2547
687
2549
687
4616
2552
2552
2554
5378
5378
5378
5378
1456
1474
1456
1456
689
689
2563
5399
2567
2568
2569
2570
4973
4974
4975
4973
2578
695
1523
5545
2553
2579
686
2582
2583
2585
507
2816
6139
6139
6139
2590
2591
2592
2593
2594
2597
703
3899
425
2595
2600
2601
2602
2603
2604
2605
2606
2607
2608
2609
2610
2611
2612
2613
2614
2615
2616
2617
2618
719
2619
3568
3856
2622
2624
2625
2626
2627
2628
2629
2630
2631
2632
2633
2637
2634
2636
3976
732
2639
2640
2641
2642
2647
735
2645
737
2647
2648
2649
2650
2651
2652
2653
2654
2655
2656
2657
2658
2659
2660
2661
2662
2663
2667
2664
747
3873
2669
4368
431
2668
750
2736
2689
2674
750
751
2688
3670
2675
3685
3685
2685
3686
3685
758
2690
2687
758
2692
759
3989
2693
2694
2694
2693
2697
2702
764
2698
767
2712
2707
768
2703
765
3665
2709
3610
770
2708
2713
3698
773
772
2720
774
2718
2719
2720
778
3428
2722
2721
778
2727
2751
783
2726
782
2733
786
3727
2731
2738
2735
788
2739
2729
784
2743
2020
3954
790
2741
2746
2747
2748
2746
2750
2754
729
796
729
2755
2756
2757
2758
2759
2133
2131
3633
500
3958
3959
3958
3957
2144
2147
508
4395
805
3792
2773
2776
3801
2777
2778
2779
3384
2781
2774
2782
2774
806
2790
3377
2786
816
3764
2795
2795
2794
820
3961
375
2798
2844
1840
2801
3386
824
2800
823
2805
2806
2807
3638
512
3638
3640
3639
2814
3646
831
2813
825
2818
2819
2158
2157
3637
3816
3815
804
2826
2826
2828
2829
2830
2832
3778
837
2831
2785
3739
3739
3740
3701
3741
373
1833
1829
843
513
2845
2160
3742
3705
3742
3742
3748
3749
2683
3748
2856
849
2858
2859
2860
3369
2862
2863
780
2865
2866
2867
2868
2870
3471
858
2872
2873
2874
2875
2876
2877
2878
2879
2880
2881
2886
863
2886
2886
2897
866
3624
867
2890
3625
2893
3725
870
2892
348
2898
2898
2897
2900
2901
2902
2903
2905
3500
876
871
2911
2910
871
3593
2152
2950
1957
30
2954
117
2914
2915
117
3489
2923
3490
2919
880
2924
122
1950
2928
1950
894
127
355
126
1801
2935
353
2936
2936
1978
884
2990
3755
2939
2941
2944
1076
3475
2947
3615
3615
3615
1113
3617
3617
3617
3617
2958
2959
2960
2961
1961
901
1961
2963
3711
3710
3711
3712
3707
3747
2974
3044
3746
3042
3042
363
1819
3043
2970
356
2966
503
3042
932
932
3041
3042
3042
363
2979
2994
2992
3003
913
2978
2978
2978
2932
2999
2932
2998
3037
1981
2966
2969
2966
3041
2985
3041
2973
2966
2967
43
3618
3618
368
368
2979
2951
2951
2951
3025
3761
3405
927
3027
3031
3028
762
2695
869
2696
763
1818
364
1817
358
1809
1802
3043
3029
3028
929
3972
3972
959
3094
3108
3108
3053
936
3422
3423
3051
935
3052
935
3058
3056
3060
939
941
3063
3052
3065
3124
943
3066
966
3122
3965
430
940
3418
940
3059
3078
3093
3158
6160
369
1830
445
3968
3094
1849
3173
379
3142
3144
972
4375
971
3102
957
4374
3102
3102
3101
3114
957
3101
3115
3108
3108
977
3971
3130
3125
968
3130
969
3114
3115
3116
3117
3748
3740
3748
3749
3124
834
834
3100
3104
3100
3103
953
3103
958
3096
4373
3096
3125
3099
958
952
3093
952
839
2840
3169
839
2837
2837
3168
840
2855
848
3093
951
3093
3959
3959
3159
1828
2014
2015
959
3967
3096
3095
951
4373
3096
951
2839
842
3169
3146
842
2849
3167
3097
973
3991
3095
968
3181
3095
975
3180
3183
3176
3188
3974
3973
3120
3120
2852
965
3180
981
3194
964
2838
3146
516
516
364
3720
3203
3204
3205
3206
3207
3208
3209
3210
3211
3212
3213
3214
3215
3216
3217
3218
3219
3220
3221
3222
3223
3224
3225
3226
3227
3228
3229
3230
3231
3232
3233
3234
3235
3236
3239
3239
1859
3240
3241
3242
3243
3244
3245
3246
3247
3248
4251
3250
3251
493
3251
3254
3257
1018
4198
3255
489
489
1875
3262
3263
3262
3265
3266
3267
3268
3269
3270
3271
3272
3273
3274
3275
3276
3277
3278
3280
4264
3281
3282
3283
3284
3285
3286
3287
4249
3289
3290
3291
3292
3293
3294
3295
3296
3297
3298
3297
3300
3301
3302
3303
3258
408
1017
3307
3308
3309
3310
3311
3312
3313
3314
3315
3316
3317
3318
3319
3320
3321
3322
3323
3324
3325
3326
3327
3328
3329
3330
3331
3332
3333
3334
3253
3336
406
406
3339
3340
3341
2044
3261
3344
3345
3346
3347
3348
3349
1874
1874
3352
3353
3354
3355
3356
3357
3358
3359
3360
3361
3362
3363
3364
3365
3366
3365
3368
779
3371
3535
3372
3373
3374
3375
3378
1047
3392
1048
3376
3376
3379
3380
2803
826
3386
3386
3388
3383
3390
1050
3392
3393
3394
3395
3400
1052
3396
3399
3400
865
3723
3402
1056
2885
2885
3401
3404
3135
969
3412
3125
3125
958
3099
3125
3055
3417
3054
3418
1063
2827
833
3411
3424
1061
3427
3428
3427
3430
3434
3431
1044
3434
3432
3436
1066
3438
3439
3440
3000
3442
912
4267
894
2927
3446
883
3449
3450
3451
3452
3453
3454
3455
3429
1065
3456
3370
3459
852
3462
3464
3460
3465
1074
3467
3468
3469
3470
2862
3472
3476
902
3473
3492
2920
1078
2915
3480
3481
3482
902
2724
3485
3486
3487
3488
1954
4392
1954
3556
3556
3591
1955
2955
2950
112
2955
3500
3562
3502
908
3504
3502
3506
3507
3509
4385
3510
3511
1995
3513
3514
3515
3516
3517
3518
3519
3520
3521
3522
3523
3524
3525
3526
3527
3528
3529
3530
3531
3532
3533
3534
3368
3537
4367
1095
1094
2749
795
2749
3540
3544
3545
3546
3547
3548
3549
3550
3551
3552
3553
3554
3555
3590
2951
2951
3560
3593
877
2908
3563
3564
1096
3565
1096
3542
2828
3569
835
381
3574
1851
1101
3660
1101
3577
3576
2799
2767
3581
2796
3587
3584
771
3588
3588
3589
2910
501
2910
3585
3594
3595
3596
3597
3598
3599
3600
3601
3602
3603
3604
3605
3607
3918
3606
1109
3610
3611
3877
3613
2892
2895
2896
3614
3616
3621
1115
3879
3619
801
2763
3626
3632
800
766
2761
1116
3631
3804
830
2809
1117
3636
3813
3637
3814
2769
1119
4382
3659
3642
3644
824
3387
3647
3652
3649
1120
3661
3654
3781
822
1107
3582
1121
821
3387
3664
1100
1122
3840
3666
4384
1123
1953
2021
1781
2745
2745
789
2742
2705
3675
769
3709
3683
3679
3676
1126
3681
3679
2736
787
3688
3836
3687
1128
1125
3673
3694
3962
3696
3699
3695
3689
2700
2673
3700
752
2680
754
3703
3697
3706
868
3681
3682
3706
1131
3713
3714
3715
3716
3717
3718
3719
3721
3726
761
2717
775
345
3726
3566
718
3730
3736
1133
2734
3732
785
746
3733
1134
342
3700
2682
3702
3705
2972
2971
2890
3745
3746
2681
2684
3771
1986
3754
864
2884
2978
2977
3035
1985
3040
3403
1057
3762
3763
3765
3770
1132
3769
804
2772
3770
2882
3752
1135
3755
3776
3777
2993
3779
3791
1136
1102
3795
3108
3785
3970
1833
3072
3789
3797
3789
1105
3579
3578
1104
3803
3972
3177
976
3185
1103
3648
3570
3070
2846
845
3806
3807
3808
3809
3810
3811
3812
510
510
2768
2768
3817
3818
3819
3822
1140
3822
1141
3824
3825
3826
3827
3828
3829
3830
3831
3832
3833
3834
3835
1124
3672
1129
791
2744
3543
3845
3842
3953
3952
3955
818
3848
3849
3850
3851
3852
3849
2748
794
3854
3857
3858
3859
3860
3862
3862
1151
3864
3866
3875
3865
1149
3853
3869
3871
3872
2620
717
2665
702
3867
1114
2599
704
3881
3882
3883
3884
3885
3886
3887
3888
3889
3887
3891
3892
3901
3894
3895
3896
3897
3898
2671
748
3622
1110
3903
3904
1148
3906
3908
3908
3909
3910
3911
3912
3913
3914
3915
3916
3513
3920
1156
4389
3608
3922
3923
3924
3925
3926
3927
3601
3929
3930
3931
3932
3933
3934
3935
3936
3940
3938
1161
3940
3941
3942
3943
3944
3946
3946
3945
3948
1162
3950
3951
817
2792
3947
818
2793
3956
3960
3960
4376
3962
3669
3668
1849
3143
3972
959
3972
3094
3972
1166
3992
3975
1168
3994
3976
3976
3978
3982
3980
1167
3982
3983
2638
732
3984
3988
3988
3986
3093
3093
3093
982
3198
2840
3996
3997
3998
3999
4000
4001
4002
4003
4004
4005
4006
4007
4008
4009
4010
4011
4012
4013
4014
4015
4016
4017
4018
4019
4020
4021
4022
4023
4024
4025
4026
4027
4028
4029
4030
4031
4032
4033
4034
4035
4036
4037
4038
4039
4040
4041
4042
4043
4044
4045
4046
4047
4048
4049
4050
4051
4052
4053
4054
4055
4056
4057
4058
4059
4060
4061
4062
4063
4064
4065
4066
4067
4068
4069
4070
4071
4072
4073
4074
4075
4076
4077
4078
4079
4080
4081
4082
4083
4084
4085
4086
4087
4088
4089
4090
4091
4092
4093
4094
4095
4096
4097
4098
4099
4100
4101
4102
4103
4104
4105
4106
4107
4108
4109
4110
4111
4112
4113
4114
4115
4116
4117
4118
4119
4120
4121
4122
4123
4124
4125
4126
4127
4128
2912
2912
4131
4132
4133
4134
4135
4136
4137
4138
4139
4140
4141
4142
4143
4144
4145
4146
4147
4148
4149
4150
4151
4152
4153
4154
4155
4156
4157
4158
4159
4160
4161
4162
4163
4164
4165
4166
4167
4168
4169
4170
4171
4172
4173
4174
4175
4176
4177
4178
4179
4180
4181
4182
4183
4184
4185
4186
4187
4188
4189
4190
4191
4192
4193
4194
4195
4195
4197
4196
3336
394
4201
4202
4203
4204
4205
4206
4207
4208
4209
4210
4211
4212
4213
4214
4215
4216
4217
4218
4219
4220
4221
4222
4223
4224
4225
4226
4227
4228
4229
4230
4231
4232
4233
4234
4235
4236
4237
4238
4239
4240
4241
1265
4243
4244
4245
4246
4247
4248
4248
1266
4246
4252
4253
4254
4255
4256
4257
4258
4259
4260
4261
4262
4263
4264
488
4266
3475
4268
4269
4270
4271
4272
4273
4274
4275
4276
4277
4278
4279
4280
4281
4282
4283
4284
4285
4286
4287
4288
4289
4290
4291
4292
4293
4294
4295
4296
4297
4298
4299
4300
4301
4302
4303
4304
4305
4306
4307
4308
4309
4310
4311
4312
4313
4314
4315
4316
4317
4318
4319
4320
4321
4322
4323
4324
4325
4326
4327
4328
4329
4330
4331
4332
4333
4334
4335
4336
4337
4338
4339
4340
4341
4342
4343
4344
4345
4346
4347
4348
4349
4350
4351
4352
4353
4354
4355
4356
4357
4358
4359
4360
4361
4362
4363
4364
4365
4366
3977
3890
4369
3066
3062
3064
3117
4375
3147
2794
819
2850
382
3843
2833
3653
2797
3650
2946
4386
4387
4388
1966
2974
4391
501
3801
2951
2776
4396
4397
4398
4399
4400
2783
369
3171
3108
3096
4409
4406
604
5655
1276
4411
4412
4413
4414
4415
4416
4417
4418
4419
4420
4421
4422
4423
4424
4425
4426
4427
4428
4429
1291
4432
5612
5327
4433
4435
4436
4437
4438
4439
4440
4441
4442
4443
4444
4445
4445
4447
4448
4449
4450
4451
4452
4453
737
4455
4456
1307
4458
4459
4460
4461
4462
4463
4464
4465
4466
4467
4468
4469
4470
4471
4472
4474
5629
1315
4473
1290
4477
609
5625
1321
1321
4484
4495
4543
1320
4483
5497
4496
5446
5446
4491
5446
1325
4542
4497
4500
1326
5745
4534
4501
4502
4503
4505
5393
4507
4520
1332
4506
1331
4512
5426
1334
4511
1335
4519
4516
1338
4519
4523
1339
1340
5458
4524
4525
4526
1341
4532
1343
4528
4532
5308
4536
4533
1347
4555
4539
4537
5486
1349
4542
2740
4541
4534
2434
624
1352
5711
2432
4550
4551
4550
4553
4554
4556
4556
1301
4558
4559
4560
4561
4562
2542
679
5394
2535
5715
5713
1685
2426
2588
6141
698
2581
1365
5558
4576
4579
5550
4580
4581
5161
4583
4578
1367
4578
4584
4589
5521
1372
4588
5158
1376
5465
1376
4595
4594
552
2239
4642
4600
4605
4602
1382
5162
4606
4607
4608
5397
5400
5401
5396
691
4618
1381
4614
1387
5407
4619
4620
2566
5396
2563
5572
1364
5571
4627
4628
4628
4627
4635
4585
4631
1392
5535
5498
5499
5462
5500
5498
5544
1397
2230
2233
690
2564
4645
5499
1394
5501
5464
5507
5507
4492
4655
4656
4657
4658
4659
1345
4661
4662
5149
4664
4665
4666
4667
4669
5235
4670
1409
4672
4673
4674
4675
4676
4677
4678
4679
4680
4682
4696
1416
4681
1415
1418
5386
4688
1421
5387
4695
524
4691
1424
5484
4698
1341
4698
4699
4700
4701
4702
4703
1428
5264
1423
5354
1423
4708
4707
1448
285
2372
2558
4753
290
293
290
287
2365
2373
2361
4717
2363
4717
4723
2363
2363
4728
297
298
297
4733
4734
2388
4736
4736
1436
4741
4740
1458
5513
4743
4744
4743
1596
4746
5239
5377
5377
5377
5377
5378
5378
5378
5378
4757
4758
4759
4760
2375
1451
4762
4764
5471
5472
4769
5470
5468
5506
4772
5506
4842
540
4840
4840
2213
540
4769
682
4765
533
4839
4840
4839
4839
4773
4839
4776
4776
2206
1459
4793
2203
4777
4777
4777
4800
4799
5212
5515
2394
4834
4765
4765
4766
4784
1455
4784
4784
4765
214
4768
5379
5379
4817
545
4776
4751
4751
4751
4825
4823
1478
5176
4828
1419
4504
1329
4826
4503
1328
2214
2215
542
2198
2199
2205
4841
4830
4830
1479
1686
4889
5724
1686
1505
1505
4851
4849
5188
1486
1485
4853
4856
1485
4852
4854
4860
1488
1487
1486
4916
4862
1491
4864
4915
1509
1498
608
1489
4855
4874
5186
4875
4890
620
2256
620
2424
622
2248
4889
2430
4960
4932
556
4933
1512
4938
1513
1504
4899
4899
6120
1504
4909
4900
1504
4909
1505
1505
5726
4903
4921
4898
4921
4922
4909
4910
4911
5507
5507
5507
1390
1390
4629
4897
4897
4898
4898
1501
4896
4896
6119
4898
1501
1499
1499
4890
1393
4637
4640
4956
4640
4640
1396
1507
4652
4890
4890
4894
2426
2424
2427
6161
5725
5724
4896
4892
6119
4953
4892
4894
4638
1394
4956
4936
1394
4651
4954
5747
4954
4924
4892
4892
4966
1510
1517
4963
4972
4967
4974
5729
5731
4913
4652
4913
1521
4981
1521
1508
4639
4936
2244
4985
4988
5480
4989
4990
4991
4992
4993
4994
4995
4996
4997
4998
4999
5000
5001
5002
5003
5004
5005
5006
5007
5008
5009
5010
5011
5012
5013
5014
5015
5016
5017
5018
5019
5020
5021
5022
5023
5024
5025
5026
5027
5030
5030
2260
5031
5032
5033
5034
5035
5036
5037
5038
5039
6005
5041
5042
5043
5127
5042
5048
5046
5949
1555
5052
2276
668
5053
5053
5055
5056
5057
5058
5059
5060
5061
5062
5063
5064
5065
5066
5067
5068
5069
5071
6017
5072
1564
5074
5075
5076
5077
6003
5079
2279
5081
6017
5083
5084
2339
5085
5087
5088
5089
5090
5091
5047
1554
2332
5095
5096
5097
5098
5099
5100
5101
5102
5103
5104
5105
5106
5107
5108
5109
5110
5111
5112
5113
5114
5116
2493
5117
5118
5119
5045
5121
2323
586
5124
5124
5126
2455
1556
5129
5130
5131
5132
5133
5134
5135
5136
5137
5138
5139
5140
5141
5142
5143
5144
5145
5146
5147
5146
5150
5297
5150
5152
5153
5154
5157
5155
5166
1580
5155
5156
4603
5162
5162
5160
5165
5166
5167
5168
5170
5170
1581
5169
1416
5175
5483
5173
5173
4683
4921
4918
5180
4898
4898
1501
4850
5185
5186
4630
5181
5189
5191
5192
5191
5194
5196
5196
5196
5195
5198
5200
1585
5202
5203
5204
5205
6020
5207
5208
1444
5211
4725
4731
5213
5214
5215
5216
5217
5218
5219
5193
5220
1584
1578
1406
5223
5227
5228
5225
5229
5230
1593
5232
5233
5234
5235
5236
5238
5256
5237
1452
4717
4712
1597
5244
5245
5246
5247
4530
5249
5250
5251
5252
2369
2370
6138
5318
5352
5318
2370
1449
5319
284
2558
4764
2376
5266
5267
5268
1460
5270
5271
5272
6131
5274
2403
5276
5275
5278
5279
5280
5281
5282
5283
5284
5285
5286
5287
5288
5289
5290
5291
5292
5293
5294
5295
5296
5147
5301
1613
1614
6113
4552
5305
4552
1354
5306
5307
5308
5309
5310
5311
5312
5313
5314
5315
5316
5317
5351
4751
4751
5323
1429
5323
4710
5325
1615
5304
5303
5326
4629
1389
5330
559
2252
5334
1621
5340
5339
1621
5331
2239
4598
5344
4567
5346
5346
1337
5345
5349
5350
4708
680
4708
5348
5355
5356
5357
5358
5359
5360
5361
5362
5363
5364
5365
5366
5370
1629
5367
5674
5373
5372
5633
5374
4691
4692
4693
5375
5376
5382
5380
5635
1635
1360
5392
5385
4564
1361
4566
1333
1636
5561
5393
1385
4613
1638
5398
5568
5399
5570
4574
1639
5402
5418
6128
5403
1382
5409
5163
5411
5422
1640
5410
5416
1380
5538
1626
1379
1641
5343
5163
5423
5596
1642
1620
5428
1643
6130
2366
2177
519
4549
5429
5433
4546
4514
1336
5436
5469
5443
5440
5438
5442
1646
1633
4543
5450
1648
5447
5592
1644
5718
5452
5434
5457
5455
5459
5449
4509
4485
4482
1318
1319
5463
4487
5456
1420
5466
5442
5444
5466
1651
5473
5474
5475
5476
5477
5478
5479
5481
5485
1330
4527
521
5485
5329
1292
5490
1653
5495
4538
1316
1348
5491
5494
1654
518
5460
5461
4493
5464
4771
4770
4688
5504
5505
4490
5528
4684
1417
5509
5528
4774
4778
4833
2395
4837
5174
5519
5520
5523
1652
5527
5525
4575
1364
5527
4681
5511
1655
4796
5517
1481
4792
5537
1657
5548
1622
5552
1484
5724
5541
2233
4869
1658
5547
5554
1624
5338
5337
1625
5560
1686
1483
1516
4970
1623
5408
5332
4868
4647
1399
5563
5564
5565
5566
5567
696
5569
696
4571
4571
5573
5574
5575
5579
5577
1662
5579
1663
5581
5582
5583
5584
5585
5586
5587
5588
5589
5590
5591
5454
1649
5435
1351
4547
1352
5709
4597
5710
5599
5712
1378
5604
5605
5606
5607
4553
4553
5607
1355
5609
5613
5614
5615
5616
5619
1672
5619
5620
5623
5621
5631
1670
5626
5610
5627
5628
4434
4434
4476
1274
5622
1634
4407
1275
5637
5638
5639
5640
5641
5642
1674
5646
5645
5662
5647
5657
5649
5650
5651
5652
5653
5654
4478
1317
5381
1630
5659
5660
1669
5662
5664
5664
5665
5666
5667
5668
5669
5670
5671
5672
5277
5675
6135
1677
5369
5678
5679
5680
5681
5682
5683
5365
5685
5686
5687
5688
5689
5690
5691
5692
5693
1681
5695
1681
5697
5698
5699
5700
5701
5704
5702
5704
5699
1683
5707
5708
1375
4597
5703
1378
5714
4596
5716
6122
1322
5431
5430
2248
4934
1686
4889
5728
5724
5728
1687
5748
5730
5750
1689
5732
5733
5732
1688
5736
1688
5738
5739
4446
5740
1302
1307
5744
5741
4890
4890
4890
1522
4984
4637
5752
5753
5754
5755
5756
5757
5758
5759
5760
5761
5762
5763
5764
5765
5766
5767
5768
5769
5770
5771
5772
5773
5774
5775
5776
5777
5778
5779
5780
5781
5782
5783
5784
5785
5786
5787
5788
5789
5790
5791
5792
5793
5794
5795
5796
5797
5798
5799
5800
5801
5802
5803
5804
5805
5806
5807
5808
5809
5810
5811
5812
5813
5814
5815
5816
5817
5818
5819
5820
5821
5822
5823
5824
5825
5826
5827
5828
5829
5830
5831
5832
5833
5834
5835
5836
5837
5838
5839
5840
5841
5842
5843
5844
5845
5846
5847
5848
5849
5850
5851
5852
5853
5854
5855
5856
5857
5858
5859
5860
5861
5862
5863
5864
5865
5866
5867
5868
5869
5870
5871
5872
5873
5874
5875
5876
5877
5878
5879
290
4711
5882
5883
5884
5885
5886
5887
5888
5889
5890
5891
5892
5893
5894
5895
5896
5897
5898
5899
5900
5901
5902
5903
5904
5905
5906
5907
5908
5909
5910
5911
5912
5913
5914
5915
5916
5917
5918
5919
5920
5921
5922
5923
5924
5925
5926
5927
5928
5929
5930
5931
5932
5933
5934
5935
5936
5937
5938
5939
5940
5941
5942
5943
5944
5945
5947
2381
5946
1677
5121
1570
5952
5953
5954
5955
5956
5957
5958
5959
5960
5961
5962
5963
5964
5965
5966
5967
5968
5969
5970
5971
5972
5973
5974
5975
5976
5977
5978
5979
5980
5981
5982
5983
2499
5985
5986
5987
5988
5989
5990
5991
5992
5993
5994
5995
5996
5997
5998
5998
6000
6001
6002
6002
1779
5999
6006
6007
6008
6009
6010
6011
6012
6013
6014
6015
6016
6017
667
5987
5239
6021
6022
6023
6024
6025
6026
6027
6028
6029
6030
6031
6032
6033
6034
6035
6036
6037
6038
6039
6040
6041
6042
6043
6044
6045
6046
6047
6048
6049
6050
6051
6052
6053
6054
6055
6056
6057
6058
6059
6060
6061
6062
6063
6064
6065
6066
6067
6068
6069
6070
6071
6072
6073
6074
6075
6076
6077
6078
6079
6080
6081
6082
6083
6084
6085
6086
6087
6088
6089
6090
6091
6092
6093
6094
6095
6096
6097
6098
6099
6100
6101
6102
6103
6104
6105
6106
6107
6108
6109
6110
6111
6112
5734
1673
6115
1487
4861
4859
4910
4910
1507
4595
1377
4650
558
1627
4634
5414
4601
5413
4745
6132
6133
6134
2381
4770
6137
680
5558
1442
4576
6142
6143
6144
6145
6146
4587
4946
4958
1505
4892
6152
6153
6154
6155
2046
586
6158
6159
380
557
6162
6163
6164
6165
6166
6167
6168
6169
6170
6171
6172
6173
6174
6175
6176
6177
6178
6179
6180
6181
1527
987
2173
2575
6186
6187
6188
6189
6190
6191
2853
6193
6194
6195
6196
6197
6198
6199
6200
6201
6202
6203
6238
6205
5731
6207
3974
6210
1525
6212
986
6213
6214
6215
979
6217
6218
6219
6220
6221
6222
6223
6224
6225
6226
6227
6228
6229
6230
6231
6232
6233
6234
6235
6236
6237
6204
6239
6212
6241
6242
6243
6244
6245
6246
6247
6248
6249
6250
6251
6252
6253
6210
6255
6256
6257
6258
6259
6260
6261
6262
6263
6264
6265
6266
6267
6268
6269
6270
6271
6272
6273
6274
6275
6276
6277
6278
6279
6280
6281
6282
6283
6284
6285
6286
6287
6288
6272
6271
6269
