161
1
2
3
4
5
6
7
155
53
60
18
132
13
14
15
80
81
73
19
20
85
90
94
96
368
143
104
108
108
3497
2916
59
11
34
35
36
37
38
39
164
41
42
43
44
45
46
44
48
49
50
51
152
56
40
16
165
16
55
60
81
83
64
68
83
12
65
12
73
69
70
71
72
74
131
74
76
77
70
78
80
79
79
75
47
0
84
1
88
88
90
91
92
92
94
95
96
94
98
99
3018
100
102
103
5
103
2150
107
2954
108
110
111
3022
113
2913
3022
134
8
54
134
55
9
59
64
61
63
65
66
128
129
130
129
132
40
134
135
136
137
135
139
140
142
142
143
144
145
146
147
148
149
150
3013
153
153
42
156
163
157
158
159
160
138
162
163
164
165
167
167
168
169
170
332
218
173
174
175
176
177
178
326
227
188
189
303
184
185
186
250
253
244
190
530
258
261
2217
267
196
314
198
199
200
1476
5262
5242
182
205
206
207
208
209
210
335
212
213
214
215
215
217
218
219
323
221
222
223
225
336
225
211
187
252
188
226
254
254
189
233
237
244
183
236
240
241
242
243
246
246
302
247
248
243
250
249
251
253
245
216
172
2194
171
260
260
173
259
263
264
265
1473
267
268
269
265
269
175
271
274
275
276
277
278
279
280
281
282
283
284
5263
286
5260
305
1445
5260
4719
230
5880
233
234
232
236
239
299
300
301
302
303
211
4715
306
307
308
309
310
311
315
313
314
315
316
317
318
319
320
321
322
325
324
325
327
334
328
329
330
331
307
333
322
335
336
337
338
339
340
341
342
343
344
345
346
347
348
3776
3506
351
85
1798
20
0
356
2883
1810
1803
1983
3757
1815
2979
364
3043
1820
1823
368
2842
1832
3047
2841
1833
2841
2844
377
3580
377
3090
2013
1851
3070
1829
1829
104
143
387
388
389
390
391
392
393
394
395
396
397
398
399
400
401
402
403
404
405
406
407
408
409
410
411
412
413
414
415
416
417
418
419
420
421
3494
423
424
425
426
1824
1805
3048
3151
1993
432
433
434
435
436
437
438
439
442
3786
1829
377
949
3965
446
447
448
449
450
451
452
453
454
455
456
457
458
459
460
461
462
463
464
465
466
467
468
469
470
471
472
473
474
475
476
477
478
479
480
481
482
483
484
485
486
487
488
489
490
491
492
493
494
495
2129
497
2130
499
500
2907
877
503
504
2138
2145
2584
2144
509
510
511
3635
2160
514
515
802
377
518
519
520
521
522
523
524
5533
5267
527
528
258
530
531
2197
533
4685
2198
2201
4801
538
4754
540
4841
542
2219
4741
196
2234
549
548
4644
2253
4643
4642
552
4643
4878
4934
618
5560
2252
548
548
198
5948
2262
2492
566
567
568
2498
2322
571
572
573
574
575
5086
577
578
579
580
581
582
583
584
585
2320
2325
2329
2328
5122
591
592
593
594
595
596
597
598
599
600
601
1451
603
5656
2382
2395
4844
607
2405
610
611
612
613
614
615
616
617
4881
548
2234
4643
4891
6149
4549
625
626
627
628
5217
630
631
632
633
634
635
636
637
2459
639
640
641
642
643
644
645
646
5984
2488
5685
2496
651
5126
2269
654
655
656
5072
658
659
660
6004
662
663
664
665
666
2276
668
2337
5128
671
2339
673
674
2538
4563
677
6147
679
4709
681
682
2547
684
2554
2553
685
688
5574
2564
5396
692
693
2426
552
2580
2583
2588
699
700
701
2596
3874
704
705
706
707
708
709
710
711
712
713
714
715
716
2623
718
719
720
721
722
723
724
725
726
727
728
2635
730
731
2637
733
734
735
736
737
738
739
740
741
742
743
744
745
746
747
748
2673
750
751
2675
753
754
749
757
3686
758
759
760
761
3028
763
764
765
766
767
768
769
770
2710
772
2714
2807
775
776
777
3428
3535
2723
2725
782
783
784
785
786
787
788
789
2744
791
3831
3830
794
795
3564
797
798
799
800
2762
3957
2769
2771
805
806
3769
3762
2778
2777
2819
2835
3377
2788
815
816
2792
3956
846
820
821
822
826
825
2818
2780
827
2810
2822
3639
507
832
3423
2827
3387
836
837
838
971
3119
841
2840
3073
2841
2847
379
3121
848
2858
2876
2875
852
853
2864
855
856
857
858
3504
2878
2880
3502
3721
2882
2886
3624
867
868
869
3586
2911
3614
2901
2871
2902
2906
3560
2923
10
59
2912
3447
3447
1799
1799
886
2940
2943
910
1982
3591
1958
893
18
54
155
111
108
108
900
901
3476
2983
904
2986
2988
1974
2995
1808
2943
3447
2939
890
151
915
3006
51
3011
920
2153
90
96
94
3497
3024
3761
3750
3026
3044
2977
3038
2973
933
1829
3418
3051
938
1063
945
3413
4405
3078
3067
3062
3412
3181
2841
3048
3048
3048
954
3097
3099
4405
3413
958
3099
3126
1829
6235
3412
3104
953
3102
962
3123
3414
3412
3414
3181
3093
951
3181
3181
3178
3177
442
6235
6235
3412
3409
6236
3788
2173
3183
3182
988
3974
3194
3164
961
987
993
994
995
996
997
998
999
1000
1001
1002
1003
1004
1005
1006
1007
1008
1009
1010
2594
1012
1013
1014
1015
1016
1017
1018
1019
1020
1021
1022
1023
1024
1025
1026
1027
1028
1029
1030
1031
1032
1033
1034
1035
1036
1037
1038
1039
1040
1041
1042
3367
3434
1045
1046
3393
3395
3379
1050
1051
1052
1053
1793
1055
1056
3404
3771
3408
1060
3410
3414
1062
3426
3430
3435
3438
11
2999
3443
1071
3457
60
1950
1075
3479
1948
59
3482
1080
1956
422
2916
876
3777
1086
1087
1088
1089
1090
1091
1092
1093
1094
1095
1096
1097
1098
1099
1100
3571
3795
3646
3577
1105
1106
1107
1108
1109
1110
1111
1112
3617
1114
1115
1116
1117
1118
1119
1120
1121
1122
1123
1124
1125
1126
1127
1128
1129
3702
1131
1132
1133
1134
3040
1136
934
3798
1139
1140
1141
1142
3835
3834
1145
1146
1147
1148
1149
1150
1151
1152
1153
1154
1155
1156
1157
1158
1159
1160
1161
3942
1163
3960
933
1165
1167
3994
1169
1170
1171
1172
1173
1174
1175
1176
1177
1178
1179
1180
1181
1182
1183
1184
1185
1186
1187
1188
1189
1190
1191
1192
1193
1194
1195
1196
1197
1198
1199
1200
1201
1202
1203
1204
1205
1206
1207
1208
1209
1210
1211
1212
1213
1214
1215
1216
1217
1218
1219
1220
1221
1222
1223
1224
1225
1226
1227
1228
1229
1230
1231
1232
1233
1234
1235
1236
1237
1238
1239
1240
1241
1242
1243
1244
1245
1246
1247
1248
1249
1250
1251
1252
1253
1254
1255
1256
1257
1258
1259
1260
1261
1262
1263
1264
1265
1266
1267
1268
1269
1270
1271
1272
1273
4410
4408
5630
1277
1278
1279
1280
1281
1282
1283
1284
1285
1286
1287
1288
4430
5624
1291
1292
1293
1294
1295
1296
1297
1298
1299
1300
4445
5732
1303
4448
1305
1306
1307
1308
1309
1310
1311
1312
1313
1314
5487
4475
4479
4485
4483
4496
1321
4488
1323
1318
1325
1326
1327
1328
4826
1330
4510
1332
1333
1334
1335
1336
4518
1338
1339
1340
4607
1342
5194
4529
4531
5297
1347
1348
1349
1350
1351
4547
1353
5703
4552
5588
1357
1358
1359
1360
1361
4643
4574
4572
6139
5525
5537
5153
4581
4635
5158
1372
1373
1374
4594
5465
4651
6122
1379
5335
1369
1381
1383
4612
5400
691
4616
1388
1389
1390
1391
1392
4955
4638
5500
4914
559
4641
4646
4959
1401
1402
4657
4660
4662
5151
1407
1408
5223
5235
5214
1411
4678
5215
5481
4682
4681
1418
1419
1420
1421
5376
4707
5347
4702
5226
5228
1428
5323
1595
4721
1592
1432
5211
5211
2197
1437
1439
2391
2393
1441
1442
1443
189
227
326
199
200
1449
1450
2375
1452
1453
1454
1455
1456
5513
2383
2206
4793
2392
4744
4729
4802
2224
4813
320
4809
1469
1470
221
314
261
267
2217
1476
4824
5508
1479
4778
4836
1482
1483
548
5186
4849
4857
6151
5182
6117
4863
2255
1514
5180
4644
2398
4844
6149
4896
4896
4893
5182
4942
1501
548
5180
4899
1504
4917
5180
1514
4958
4890
1514
1514
4962
4964
2257
6235
5180
4968
6255
5545
2578
4969
4972
1528
1689
4906
960
4981
4949
4975
1534
1535
1536
1537
1538
1539
1540
1541
1542
1543
1544
1545
1546
1547
1548
1549
1550
1551
1552
1553
5049
5676
2456
2457
1558
1559
1560
1561
1562
1563
5991
1565
1566
1567
1568
1569
1570
1571
1572
1573
1574
1575
5145
5148
5296
1579
5168
1581
1582
5528
5192
5195
5200
182
4747
5207
5222
6022
228
1596
5233
5238
1432
5242
1598
1599
5257
5257
5262
1603
4792
1605
1606
1607
1608
1609
1610
1611
1612
1613
1614
5328
1616
1617
1618
1448
1620
5331
1622
5407
1624
5339
1626
5344
1628
5636
5368
1631
5634
5379
5383
5632
1636
5570
5569
1639
1640
1641
1642
1643
1644
1645
1646
1647
1648
1649
1319
1651
1652
1653
1654
4837
5531
1657
5553
5555
1660
1661
1662
1663
1664
1665
1666
1667
1685
1669
5609
1671
1672
5626
1674
1675
1676
5675
1678
1679
1680
1681
1682
1683
1684
6124
4843
5723
1688
5749
1690
1691
1692
1693
1694
1695
1696
1697
1698
1699
1700
1701
1702
1703
1704
1705
1706
1707
1708
1709
1710
1711
1712
1713
1714
1715
1716
1717
1718
1719
1720
1721
1722
1723
1724
1725
1726
1727
1728
1729
1730
1731
1732
1733
1734
1735
1736
1737
1738
1739
1740
1741
1742
1743
1744
1745
1746
1747
1748
1749
1750
1751
1752
1753
1754
1755
1756
1757
1758
1759
1760
1761
1762
1763
1764
1765
1766
1767
1768
1769
1770
1771
1772
1773
1774
1775
1776
1777
5993
6000
1780
1784
1782
1781
1784
1785
1786
1787
1788
1789
1790
1791
3507
3507
1793
1796
3775
44
354
84
0
1797
1803
3201
1803
357
360
889
2994
1806
1810
1811
1812
151
1814
1815
363
3035
1819
3042
1822
1822
92
921
1820
3786
3786
377
3786
2841
3786
2842
2841
371
2842
2841
2842
2841
2841
377
2799
377
377
2767
377
3964
3964
2013
3087
950
4371
1852
3069
942
1853
3786
3786
3786
1829
1859
1860
1861
1862
1863
1864
1865
1866
1867
1868
1869
1870
1871
1872
1873
1874
1875
1876
1877
1878
1879
1880
1881
1882
1883
1884
1885
1886
1887
1888
1889
1890
1891
1892
1893
1894
1895
1896
1897
1898
1899
1900
1901
1902
1903
1904
1905
1906
1907
1908
1909
1910
1911
1912
1913
1914
1915
1916
1917
1918
1919
1920
1921
1922
1923
1924
1925
1926
1927
1928
1929
1930
1931
1932
1933
1934
1935
1936
1937
1938
1939
1940
1941
1942
1943
1944
1945
4129
4129
2923
2921
3479
1951
1952
1953
1955
3556
422
1955
421
3562
3561
1084
1962
502
1967
1965
1966
1967
160
1969
1970
142
99
367
1824
2942
1975
1979
1977
88
3774
3774
886
1981
3756
357
357
1805
3045
3045
3045
3151
1992
1993
1994
1992
1996
1997
1998
1999
2000
2001
2002
2003
2004
2005
2006
2007
2008
2009
1832
1832
3786
1829
1832
1832
3087
3084
949
2021
446
3668
2022
2023
2024
2025
2026
2027
2028
2029
2030
2031
2032
2033
2034
2035
2036
2037
2038
2039
2040
2041
2042
2043
2044
2045
2046
2047
2048
2049
2050
2051
2052
2053
2054
2055
2056
2057
2058
2059
2060
2061
2062
2063
2064
2065
2066
2067
2068
2069
2070
2071
2072
2073
2074
2075
2076
2077
2078
2079
2080
2081
2082
2083
2084
2085
2086
2087
2088
2089
2090
2091
2092
2093
2094
2095
2096
2097
2098
2099
2100
2101
2102
2103
2104
2105
2106
2107
2108
2109
2110
2111
2112
2113
2114
2115
2116
2117
2118
2119
2120
2121
2122
2123
2124
2125
2126
2127
2128
2129
2761
2128
2131
2131
498
2133
2139
2136
851
2139
2140
506
2584
506
506
2148
2146
2147
2148
106
2152
892
110
923
2155
94
1821
511
3636
2158
511
2161
2162
2163
2164
2165
2166
2167
2168
3955
3847
3187
3955
3580
2799
2174
3581
2178
518
2177
2180
2181
2182
2183
2184
2185
2186
2187
525
5269
5532
2190
2189
2193
2194
2195
2196
171
2201
534
2201
4988
2204
4803
2204
2202
4794
2210
2207
1467
2210
4754
2213
4840
541
2215
2220
1473
2216
544
2220
331
268
315
210
331
4878
2234
2234
4878
5543
5543
2234
2233
4642
2234
2234
4644
552
4642
552
4641
4878
4878
4944
549
1496
5721
4888
1496
4882
2252
6125
2251
2252
558
2234
548
2234
2234
2263
2263
565
5946
2264
2265
2266
2267
2268
5030
569
5030
5028
2273
2274
2275
668
2273
2278
2279
2280
2281
2282
2283
2284
2285
2286
2287
2288
2289
2290
2291
2292
2293
2294
2295
2296
2297
2298
2299
2300
2301
2302
2303
2304
2305
2306
2307
2308
2309
2310
2311
2312
2313
2314
2315
2316
2317
2318
563
563
2322
563
2320
5048
2323
2330
2326
590
2331
2331
5122
2331
2333
2334
2335
2336
2340
2336
2339
2277
667
2345
2343
2344
2345
2346
2347
2348
2349
2350
2351
2352
2353
2354
2355
2356
2357
2358
2359
2360
2362
4720
1432
2364
1595
2366
2367
2366
5318
2378
1447
2370
1451
2374
1603
2376
2377
2378
2380
2380
604
603
2386
2219
1656
4742
2387
2388
259
2390
2391
2392
1461
2394
534
2199
534
2401
4844
2401
4843
2404
2402
2404
611
2406
2407
2408
2409
2410
2411
2412
2413
2414
2415
2416
2417
2418
2419
2234
4881
2234
2234
2234
4643
2421
619
2234
1496
6149
4883
2433
5429
624
2435
2436
2437
2438
2441
2440
5216
2442
2443
2444
2445
2446
2447
2448
2449
2450
2451
2452
638
6157
2454
2457
638
570
2321
2272
2461
2462
2463
2464
2465
2466
2467
2468
2469
2470
2469
2472
2473
2474
2475
2476
2477
2478
2479
2480
2481
2482
2483
2484
2485
2486
647
647
2487
2490
2494
605
2491
5684
2497
2496
2497
564
2495
2500
2501
2502
2503
2504
2505
2506
2507
2508
2509
2507
2511
2512
2513
2514
2515
2516
2517
2518
2519
2520
2521
2522
2523
2524
2338
2526
669
2528
2280
2530
2531
2532
2533
2534
2535
2535
2537
2538
2536
2542
676
2536
2543
2543
4669
2546
1401
2552
2552
2549
685
688
688
688
2555
2556
2557
2558
2216
265
2561
2219
689
5573
689
5399
2567
2568
2569
2570
1685
1685
1378
5713
5545
695
2578
5545
2580
2580
2579
509
509
2146
2582
2582
686
686
2550
2590
2591
2592
2593
700
2597
703
3899
2598
2599
2600
2601
2602
2603
2604
2605
2606
2607
2608
2609
2610
2611
2612
2613
2614
2615
2616
2617
2618
2619
2620
2621
2622
720
2624
2625
2626
2627
2628
2629
2630
2631
2632
2633
2637
2634
2636
3976
2634
2639
2640
2641
2642
2643
2644
2645
2646
2647
2648
2649
2650
2651
2652
2653
2654
2655
2656
2657
2658
2659
2660
2661
2662
2663
2667
2665
2666
2667
2669
4368
2670
2668
2674
750
2674
751
2672
2678
2678
2679
2677
2673
2673
2685
3685
3685
2686
2687
2688
2689
2690
2691
2692
2693
2694
3722
3030
2697
2698
2699
2700
2701
2698
2703
2704
2705
2706
2707
2708
2709
2710
2708
2702
2712
764
767
2720
774
2718
2719
2805
2722
3546
779
2721
778
2726
2727
2728
2729
2730
2731
2732
2733
2734
2735
2736
2737
2738
2739
2740
2741
2742
2741
2744
2745
2746
3829
2748
2749
2750
729
729
796
3563
2755
2756
2757
2758
2759
2130
2761
800
2760
3581
377
377
3581
2768
2769
2768
803
2772
2773
806
4395
2144
808
3375
2778
808
2819
812
2835
2784
812
2786
2787
2788
2789
3764
2793
4376
4377
819
2791
2796
2797
3572
2799
3384
2803
2817
811
3385
2805
2806
827
2811
2822
2822
2811
2811
2818
2816
2585
697
2818
2819
3762
512
2159
3638
2823
2824
2825
2826
2827
2826
2829
2830
2834
2831
2833
4381
496
2837
3146
840
2836
3169
381
3787
2844
381
2159
2821
2160
3172
2851
3173
3142
2852
2853
2854
3118
2859
2856
850
2873
2861
3369
2862
2863
780
2865
2866
2867
2868
2869
2870
858
2869
2873
2874
2875
2876
2881
859
2877
862
3502
2883
3720
2883
2886
863
2888
3627
867
2890
866
2894
2893
3593
871
2896
2898
3726
2897
2872
504
874
2900
2137
2904
505
2911
3560
877
2911
3593
134
3490
3489
54
134
55
58
59
55
4129
10
2923
64
61
63
64
61
3447
61
352
352
1799
65
2936
2938
887
2938
2939
2940
1799
2942
2943
2939
2938
2944
61
3446
3447
2952
891
28
2953
2152
2152
108
1815
2879
875
861
860
2962
2963
3500
2965
2966
2967
2968
2969
2970
2972
4390
905
2971
2976
919
2990
2975
906
2982
2981
41
916
2987
2984
918
3008
3010
3019
1974
2156
913
2992
1983
913
888
1975
3756
352
2941
352
1980
1984
1982
41
51
41
3009
3009
920
426
3012
3013
42
3015
103
3017
100
2156
4394
1954
3020
3025
926
3753
3750
3023
3044
932
3029
3032
3032
365
3034
2978
3036
930
358
1809
1804
2985
3041
3042
932
3045
3046
1829
933
1832
1832
3417
3417
3053
3419
3418
3415
3058
3416
3415
3415
4405
3060
3152
3079
935
3057
936
3071
3066
966
3122
1989
429
980
3413
980
3181
3152
973
2841
2841
2841
2841
3045
3045
3048
3045
3084
3084
3086
4403
954
3097
4403
3415
3095
4405
980
3413
3125
3125
3099
3125
958
3958
1832
3958
1829
6235
6235
6235
6235
6235
3103
958
3103
953
3120
963
3100
965
936
834
3053
3414
3414
3414
3414
3413
3414
3414
980
3181
980
1060
3412
1060
973
973
3151
3091
3091
3092
3093
4373
4373
3096
953
3100
3104
973
3181
3153
377
2842
2841
2842
3786
2842
3786
1829
6236
980
6236
6236
980
3181
3147
972
4403
951
3143
1849
3153
6236
3175
933
3179
3409
3179
980
975
3180
3183
3174
1164
3956
3960
3135
961
3110
3137
3180
981
3193
3163
3162
974
3846
2170
3201
3202
3203
3204
3205
3206
3207
3208
3209
3210
3211
3212
3213
3214
3215
3216
3217
3218
3219
3220
3221
3222
3223
3224
3225
3226
3227
3228
3229
3230
3231
3232
3233
3233
3235
3236
3237
3238
3239
3240
3241
3242
3243
3244
3245
3246
3247
3248
3249
3250
3251
3252
3253
3254
3255
3256
3257
3258
3259
3260
3261
3264
3263
3264
3265
3266
3267
3268
3269
3270
3271
3272
3273
3274
3275
3276
3277
3278
3279
3280
3281
3282
3283
3284
3285
3286
3287
3288
3289
3290
3291
3292
3293
3294
3295
3296
3297
3298
3299
3300
3301
3302
3303
3304
3305
3306
3307
3308
3309
3310
3311
3312
3313
3314
3315
3316
3317
3318
3319
3320
3321
3322
3323
3324
3325
3326
3328
3328
3329
3331
3331
3332
3333
3334
3335
3336
3337
3338
3339
3340
3341
3342
3343
3344
3345
3346
3347
3348
3349
3350
3350
3352
3353
3354
3355
3356
3357
3358
3359
3360
3361
3362
3363
3364
3365
3366
3367
3368
3371
1044
3534
1045
1045
3374
3763
3378
1047
3392
1048
3376
3381
1049
814
2781
2777
2801
824
823
3390
3390
3391
3394
797
3394
1051
3396
3397
3398
1054
3400
865
865
2885
1056
864
2884
3406
1057
6235
6235
3409
1060
1060
1060
3412
3414
3416
3413
3421
3414
3414
3422
3054
3411
3424
1061
3362
1039
3427
3430
3399
1794
3431
1055
350
3439
3436
862
3505
2880
885
2945
2939
3448
65
63
66
352
3451
3442
3451
3452
3453
3454
1072
3429
1065
3456
3433
1066
3461
3440
3463
3437
911
883
1074
3458
3469
781
3471
3472
1947
1949
2922
1077
64
61
57
2903
3481
2901
3483
2724
3484
3486
3487
3488
3491
1956
3491
3492
3493
3494
3495
134
155
133
8
2904
876
3503
908
3508
3503
1085
3776
3509
4385
3510
3511
3512
3513
3514
3515
3516
3517
3518
3519
3520
3521
3522
3523
3524
3525
3526
3527
3528
3529
3530
3531
3532
3533
3533
1043
3536
3537
3538
3539
3543
790
3542
3841
3544
3545
3368
3547
3548
3549
3550
3551
3552
3553
3554
3555
3556
3020
113
2857
849
3559
3559
3563
5325
3565
3566
3567
3568
2828
3569
835
3574
1102
4379
3576
3647
1101
3575
3648
3580
3581
3582
3583
3587
3584
771
3588
3589
3589
2908
1963
3590
3585
3594
3595
3596
3597
3598
3599
3600
3601
3602
3603
3604
3605
3606
3607
3608
3609
3610
3611
3612
3613
2910
501
3615
3592
3618
3619
3620
3621
3622
3624
3624
866
3623
3627
3628
3629
3630
3631
3632
2763
3633
3635
3636
3637
3637
1118
3640
3641
3642
3643
3644
3645
2813
2814
2815
3649
3650
3651
3652
3653
3654
3655
3656
3657
3658
3659
824
3661
3662
3663
3664
3665
3666
3667
3668
3669
3670
3671
3672
3673
3674
3675
3676
3677
3678
3679
3680
3681
3682
3683
3684
2736
787
3687
3688
3689
3690
3691
3692
3693
3694
3695
3696
3697
3698
3699
2672
2676
752
2680
3704
3703
3706
3707
3708
3709
3710
3711
3712
3713
3714
3715
3716
3717
3718
3719
3720
3721
2891
2899
3724
3725
3726
3727
3728
3729
3730
3731
3732
3733
3734
3735
3736
3737
3738
3701
755
3741
2849
1969
3743
3745
3746
2974
2683
756
428
359
3758
3754
1986
1975
2943
2998
1804
3038
1058
1059
3763
3763
3765
3770
3766
3767
3768
804
3770
357
3759
931
3774
931
3039
909
2832
3779
3780
3781
3782
1829
1830
3047
1833
1990
1137
3797
3789
3791
3792
3793
3794
1104
3046
3046
3177
3185
3801
4393
3570
3802
3634
845
3806
3807
3808
3809
3810
3811
3812
3813
3814
3815
3816
3817
3818
3819
3820
3821
3822
3823
3824
3825
3826
3827
3828
3832
1143
1144
3833
3833
3834
3835
3836
3837
3838
3839
3840
3840
3842
3843
3844
3845
3846
3847
3850
3848
3850
3851
3852
3853
3854
3855
3856
3857
3858
3859
3860
3861
3862
3863
3864
3865
3866
3867
3868
3869
3870
3871
3872
3873
717
3875
3876
3877
3878
3879
3880
3881
3882
3883
3884
3885
3886
3887
3888
3889
3890
3891
3892
3893
3894
3895
3896
3897
3898
2671
3900
3901
3902
3903
3904
3905
3906
3907
3908
3909
3910
3911
3912
3913
3914
3915
3916
3917
3918
3919
3920
3921
3922
3923
3924
3925
3926
3927
3928
3929
3930
3931
3932
3933
3934
3935
3936
3937
3938
3939
3940
3941
3942
3943
3941
3945
3946
3947
3944
1162
3950
3951
3953
3956
2743
1164
1164
3957
3957
3786
440
3961
3962
3963
3045
3048
3045
1829
3047
933
3047
3968
933
3970
1168
3972
3978
3976
3978
3979
3980
3981
3982
3983
732
732
3986
3987
3988
3989
973
3153
6236
6236
3991
982
3996
3997
3998
3999
4000
4001
4002
4003
4004
4005
4006
4007
4008
4009
4010
4011
4012
4013
4014
4015
4016
4017
4018
4019
4020
4021
4022
4023
4024
4025
4026
4027
4028
4029
4030
4031
4032
4033
4034
4035
4036
4037
4038
4039
4040
4041
4042
4043
4044
4045
4046
4047
4048
4049
4050
4051
4052
4053
4054
4055
4056
4057
4058
4059
4060
4061
4062
4063
4064
4065
4066
4067
4068
4069
4070
4071
4072
4073
4074
4075
4076
4077
4078
4079
4080
4081
4082
4083
4084
4085
4086
4087
4088
4089
4090
4091
4092
4093
4094
4095
4096
4097
4098
4099
4100
4101
4102
4103
4104
4105
4106
4107
4108
4109
4110
4111
4112
4113
4114
4115
4116
4117
4118
4119
4120
4121
4122
4123
4124
4125
4126
4127
4128
55
9
4131
4132
4133
4134
4135
4136
4137
4138
4139
4140
4141
4142
4143
4144
4145
4146
4147
4148
4149
4150
4151
4152
4153
4154
4155
4156
4157
4158
4159
4160
4161
4162
4163
4164
4165
4166
4167
4168
4169
4170
4171
4172
4173
4174
4175
4176
4177
4178
4179
4180
4181
4182
4183
4184
4185
4186
4187
4188
4189
4190
4191
4192
4193
4194
4195
4196
4197
4198
4199
4200
4201
4202
4203
4204
4205
4206
4207
4208
4209
4210
4211
4212
4213
4214
4215
4216
4217
4218
4219
4220
4221
4222
4223
4224
4225
4226
4227
4228
4229
4230
4231
4232
4233
4234
4235
4236
4237
4238
4239
4240
4241
4242
4243
4244
4245
4246
4247
4248
4249
4250
4251
4252
4253
4254
4255
4256
4257
4258
4259
4260
4261
4262
4263
4264
3351
4266
3446
3551
4269
4270
4271
4272
4273
4274
4275
4276
4277
4278
4279
4280
4281
4282
4283
4284
4285
4286
4287
4288
4289
4290
4291
4292
4293
4294
4295
4296
4297
4298
4299
4300
4301
4302
4303
4304
4305
4306
4307
4308
4309
4310
4311
4312
4313
4314
4315
4316
4317
4318
4319
4320
4321
4322
4323
4324
4325
4326
4327
4328
4329
4330
4331
4332
4333
4334
4335
4336
4337
4338
4339
4340
4341
4342
4343
4344
4345
4346
4347
4348
4349
4350
4351
4352
4353
4354
4355
4356
4357
4358
4359
4360
4361
4362
4363
4364
4365
4366
3977
4368
4369
939
3061
3064
3095
3095
3096
4378
1846
3088
3803
4380
4381
4382
4383
4384
2946
4386
4387
4388
4389
3744
4391
109
2142
1955
2770
4396
4397
4398
4399
4400
2128
2841
3151
1832
980
4409
4406
4408
5655
1276
4411
4412
4413
4414
4415
4416
4417
4418
4419
4420
4421
4422
4423
4424
4425
4426
4427
4428
4429
1291
4432
5612
4433
4430
4435
4436
4437
4438
4439
4440
4441
4442
4443
4444
4447
4447
5732
4448
4445
4450
4451
4452
4453
4454
4455
4456
4457
4458
4459
4460
4461
4462
4463
4464
4465
4466
4467
4468
4469
4470
4471
4472
4474
5629
1315
4473
4480
4477
609
5625
4484
4481
1320
4484
1321
4489
4486
1323
4489
5446
5446
4491
4485
4494
4495
4496
4497
4498
4499
4500
4501
4502
4503
4504
4505
4506
4506
4508
4509
4510
4511
4512
4513
4514
4515
4519
4516
1338
4519
4507
4521
4522
4523
4525
4606
4526
1341
4532
1343
4528
1346
5308
4533
4534
4535
4536
4539
4538
4539
4540
4541
4542
4543
4544
4546
4546
1351
4545
4549
4551
4551
1354
4550
5585
1301
4449
4446
4558
4559
4560
4561
4562
2537
4563
4565
4566
4643
4643
4643
4643
2581
4572
4571
696
4575
2588
6141
1367
4579
4583
1368
4580
5153
1370
5535
4584
4632
4588
5521
4590
4591
4592
4595
5465
5501
4650
4596
4600
4598
5333
1380
5161
4582
4615
4603
4606
1383
4608
1385
4611
4626
5397
691
4619
4581
4619
2551
4616
4620
5519
2566
5396
2563
4624
4625
5401
4627
4628
4629
4630
4633
675
4633
4634
4631
4640
4640
5498
1396
4914
559
559
4642
4642
2563
2564
4623
4637
4956
4649
1394
4653
4912
4654
4656
4656
4657
4655
4663
1345
4659
1406
5149
4661
1404
4666
4667
1409
5224
4671
5225
4672
4673
4674
4675
4680
1411
4680
1414
5213
4685
1415
4682
4685
5480
4686
4687
4688
4689
4690
4694
4692
1423
5354
4695
4698
4696
4698
4670
4699
5227
684
2544
4704
4703
4706
4707
4706
4709
1429
305
1431
5256
2373
305
4716
1592
4718
226
4720
2365
4717
233
232
233
234
5241
5241
5211
5209
5209
236
2197
4736
1438
4740
4740
1437
1439
4743
4742
5531
4743
4744
4745
5241
5211
4724
4749
4750
1442
4752
279
4754
282
4756
1413
4758
5203
4759
4764
4761
4763
5264
4765
4766
4767
4768
4769
4770
4771
4772
4773
4774
4775
4776
4777
1457
4811
4780
4811
4782
4783
4784
4785
4786
4787
4790
2385
4818
4794
4791
1464
4801
1461
5514
4795
4800
4800
5209
2394
1441
1440
212
212
221
4807
4808
4809
4810
324
213
320
4814
277
4816
271
2219
6140
2370
178
4825
4822
5511
5518
1479
4827
4827
4830
4842
4831
4832
4833
4834
4835
536
2200
2205
4839
4840
4840
4842
4843
4844
548
4843
2230
2230
5185
5186
4851
5185
5184
6151
5184
5183
1494
1493
4859
4942
4854
1485
4852
4862
4867
4864
4915
1509
4869
2254
5184
6151
1520
5182
4940
4940
4644
4641
4644
4643
4843
2401
4844
4843
4883
6149
4883
1500
1500
4896
4895
5184
5182
5184
4942
4892
4918
4918
1501
4898
4948
2230
2257
2250
6235
6235
6235
6235
4898
1501
4897
4913
4909
1507
1486
4849
1390
4918
3414
3414
5180
5182
1520
1520
4942
5180
5180
4940
4940
4940
1499
1513
1499
4890
6119
6120
4899
6119
4897
4844
1483
1514
4643
4643
2234
2234
2234
548
6255
4966
6255
6255
1520
1514
4938
4936
1500
4896
1512
4932
1483
1483
4961
1514
4965
4966
4965
4968
4963
1516
4969
1517
5716
5727
5731
4926
4906
4927
4967
4979
1521
4953
4908
4950
4568
2574
4987
4988
4989
4990
4991
4992
4993
4994
4995
4996
4997
4998
4999
5000
5001
5002
5003
5004
5005
5006
5007
5008
5009
5010
5011
5012
5013
5014
5015
5016
5017
5018
5019
5020
5021
5022
1551
5025
5025
5026
5026
5030
5030
2260
5031
5032
5033
5034
5035
5036
5037
5040
661
6005
5041
5042
5043
5127
5045
5048
5046
5949
1555
5052
5050
5052
5053
5054
5055
5056
5057
5058
5059
5060
5061
5062
5063
5064
5065
5066
5067
5068
5069
5070
5071
5072
1564
5990
5075
5078
5077
6003
5079
5080
5081
5082
2510
5084
2339
5086
5087
5088
5089
5090
5091
5047
1554
5094
5095
5096
5097
5098
5099
5100
5101
5102
5103
5104
5105
5106
5107
5108
5109
5110
5111
5112
5113
5116
5116
2493
649
5118
5119
5120
5121
2325
586
2460
5124
653
2455
1556
5129
5130
5131
5132
5133
5134
5135
5136
5137
5138
5139
5140
5141
5142
5143
5144
5145
5146
5146
5148
5150
5296
5150
5152
5520
5154
5157
5155
5166
1580
5159
1374
4580
4605
4605
5165
5165
5167
5167
1357
5169
5170
5171
5172
1416
4683
1416
1417
5178
4684
6235
5180
5179
5180
5180
5180
5182
5182
5180
4851
5181
5189
5144
1575
5191
1576
1581
1581
5196
5195
526
5204
5199
1412
5202
5266
4798
1434
1462
4799
236
239
234
5209
5208
1589
5215
5218
1590
6021
5219
5193
5220
1584
1578
5151
5197
1586
5201
1585
5229
1593
4746
5221
1344
5232
1406
5235
2364
1452
4722
5240
233
228
232
4700
1425
5246
5247
4530
5248
5250
5251
5252
5256
5256
5257
4762
1451
4762
4762
4713
5260
4712
5255
4705
5265
5272
5268
5272
4793
5269
5534
5273
6131
5274
2403
5276
5277
5278
5279
5280
5281
5282
5283
5284
5285
5286
5287
5288
5289
5290
5291
5292
5293
5294
5295
5295
1577
5298
5299
5300
5301
5303
5597
1615
1352
5306
5307
5147
5309
5310
5311
5313
5313
5314
5312
5316
5317
2378
178
286
4658
5321
1403
5324
4449
5326
5327
5328
5329
4629
1389
5330
5334
6125
5335
5340
5408
5338
1621
5421
4599
5342
5343
2239
5345
5346
1337
5345
5349
5350
5351
5352
5353
5348
5355
5356
5357
5358
5359
5360
5361
5362
5363
5364
5365
5366
5370
1629
5367
5674
5373
5372
5633
5374
4708
5377
680
5353
5379
5382
5380
5635
1635
5384
5385
5386
5387
5388
5389
5390
5391
5392
5393
2541
5394
5399
5398
1638
5575
1637
5571
5402
5403
5404
5405
5406
4615
4614
4604
5410
5411
5412
5413
5414
5415
5416
5417
5418
5419
5420
1382
5422
5423
5424
5425
5426
5427
5428
5429
5430
5431
5432
5433
5434
5435
5436
5437
5438
5439
5440
5441
5442
5443
5444
5445
4543
5447
5448
5449
5450
5451
5717
1375
5454
5455
5456
5457
5458
5459
4482
1319
4482
4487
5463
1322
5466
5467
5468
5469
5470
5471
5472
5473
5474
5475
5476
5573
5478
5479
5480
5481
5482
4697
5484
5485
5486
5487
5488
5489
5490
5491
5492
5493
5494
5495
5496
5497
5462
5461
1324
5464
2225
5503
5504
5505
5506
4492
606
2397
5509
5516
535
1656
2392
4797
2200
4836
1583
5520
5520
5523
5522
5527
5524
1364
5526
5527
4681
5517
1481
2392
4838
4838
4791
5535
5536
5537
5538
5539
2230
548
1658
4642
559
5547
5547
5554
5548
5549
5550
5551
5552
4843
5553
1516
4970
1387
687
5332
5559
4647
1399
5563
5564
5565
5566
5567
5568
5569
5568
5571
1363
5573
5574
5575
5576
5577
5578
5579
5580
5581
5582
5583
5584
5586
5589
1665
1664
5589
5590
5591
5592
5593
5594
5595
5596
5596
5600
5710
5344
5601
553
5716
5606
5605
5606
5604
4553
1355
5610
5611
5611
5613
5614
5615
5616
5617
5618
5619
5620
5621
5621
5623
5612
5624
1670
5627
5628
4434
4434
4476
1274
5622
1634
4407
1275
5637
5638
5639
5640
5641
5642
5643
1673
5645
5646
5647
5648
5649
5650
5651
5652
5653
5654
4478
1317
5381
1630
5659
5660
5661
5662
5663
5664
5665
5666
5667
5668
5669
5670
5671
5672
5673
5675
6135
1677
5369
5678
5679
5680
5681
5682
5683
5684
5685
5686
5687
5688
5689
5690
5691
5692
5692
5694
5695
5696
5697
5698
5699
5700
5701
5702
5711
5704
5705
5706
5707
5708
1528
1685
4548
1685
5716
6123
2250
2247
1322
5718
5719
2401
2398
4843
4844
4843
548
5722
5722
4843
1687
1686
5751
5701
5733
1683
5735
5736
5737
5738
5739
5742
5741
1302
5743
5744
5745
4844
1483
1483
6255
5747
1522
5752
5753
5754
5755
5756
5757
5758
5759
5760
5761
5762
5763
5764
5765
5766
5767
5768
5769
5770
5771
5772
5773
5774
5775
5776
5777
5778
5779
5780
5781
5782
5783
5784
5785
5786
5787
5788
5789
5790
5791
5792
5793
5794
5795
5796
5797
5798
5799
5800
5801
5802
5803
5804
5805
5806
5807
5808
5809
5810
5811
5812
5813
5814
5815
5816
5817
5818
5819
5820
5821
5822
5823
5824
5825
5826
5827
5828
5829
5830
5831
5832
5833
5834
5835
5836
5837
5838
5839
5840
5841
5842
5843
5844
5845
5846
5847
5848
5849
5850
5851
5852
5853
5854
5855
5856
5857
5858
5859
5860
5861
5862
5863
5864
5865
5866
5867
5868
5869
5870
5871
5872
5873
5874
5875
5876
5877
5878
5879
4719
5880
5882
5883
5884
5885
5886
5887
5888
5889
5890
5891
5892
5893
5894
5895
5896
5897
5898
5899
5900
5901
5902
5903
5904
5905
5906
5907
5908
5909
5910
5911
5912
5913
5914
5915
5916
5917
5918
5919
5920
5921
5922
5923
5924
5925
5926
5927
5928
5929
5930
5931
5932
5933
5934
5935
5936
5937
5938
5939
5940
5941
5942
5943
5944
5945
5947
6135
1677
1677
5950
1570
5952
5953
5954
5955
5956
5957
5958
5959
5960
5961
5962
5963
5964
5965
5966
5967
5968
2499
5970
5971
5972
5973
5974
5975
5976
5977
5978
5979
5980
5981
5982
5983
2499
2270
5985
5986
5988
5989
5990
1768
5992
5993
5994
5995
1778
5997
5959
5998
1770
5965
6001
6002
1779
5999
6006
6007
6008
6009
6010
6011
6012
6013
6014
6015
652
6017
5051
5987
4724
5315
1618
6023
6024
6025
6026
6027
6028
6029
6030
6031
6032
6033
6034
6035
6036
6037
6038
6039
6040
6041
6042
6043
6044
6045
6046
6047
6048
6049
6050
6051
6052
6053
6054
6055
6056
6057
6058
6059
6060
6061
6062
6063
6064
6065
6066
6067
6068
6069
6070
6071
6072
6073
6074
6075
6076
6077
6078
6079
6080
6081
6082
6083
6084
6085
6086
6087
6088
6089
6090
6091
6092
6093
6094
6095
6096
6097
6098
6099
6100
6101
6102
6103
6104
6105
6106
6107
6108
6109
6110
6111
6112
5706
6114
6115
1487
1492
2251
4896
4896
6119
1400
4960
556
5560
6126
6127
6128
6129
6130
4745
6132
6133
6134
2381
6136
6137
6138
2550
2370
4573
6142
6143
6144
6145
6146
2536
4644
607
2230
1520
6152
6153
5693
6155
6156
586
6158
6155
3786
619
6162
6163
6164
6165
6166
6167
6168
6169
6170
6171
6172
6173
6174
6175
6176
6177
6178
6179
6180
6181
4975
987
2173
2578
6186
6187
6188
6189
6190
6191
960
6193
6183
6195
6196
1064
6198
6199
6182
6201
6202
6203
1064
6205
1689
6207
3974
6254
1525
986
986
6213
6214
6215
6216
6217
6218
6219
6220
6221
6222
6223
6224
6225
6226
6227
6228
6229
6230
6231
6232
6233
6234
6235
6236
985
6238
6239
6240
6241
6242
6243
6244
6245
6246
6247
6248
6249
6250
2243
6252
6253
6254
6255
6256
6257
6258
6259
6260
6261
6262
6263
6264
6265
6266
6267
6268
6270
6232
6274
6273
6218
6274
6278
6276
6277
6278
6279
6280
6281
6282
6283
6284
6285
6287
6287
6288
6273
6274
6270
