352
1
2
3
4
2951
3590
3590
1962
3493
1946
2947
2934
77
15
40
2915
2922
2925
17
20
885
22
23
24
25
26
893
2909
2909
1959
2963
3474
882
12
106
136
44
1814
39
1955
168
3013
385
1799
84
85
1799
49
157
14
51
48
3491
1956
878
2914
1948
3476
879
2918
1950
1950
2930
2928
883
2929
126
2926
16
55
79
165
62
63
2924
79
83
9
58
895
2919
2919
2924
1799
2941
1799
354
88
89
90
87
92
93
94
95
96
97
98
99
100
101
102
3592
2951
3592
2909
3592
2909
2909
2909
2909
502
502
1959
1963
901
901
2963
901
902
902
3474
1074
1074
882
3448
3001
75
18
131
18
65
422
1962
161
37
138
0
139
140
144
141
143
160
147
146
162
891
3591
105
2953
154
3007
43
1963
1963
148
163
385
160
1800
1
1963
110
8
385
385
385
3684
3684
4738
191
262
2217
4817
2208
1442
5352
1600
4721
2363
1434
532
184
185
336
180
4723
4726
188
191
1437
193
194
194
196
4806
5445
5353
5351
2378
1430
1593
4747
306
275
318
2195
2209
210
4715
212
339
2209
257
257
2194
256
219
220
221
222
223
4712
288
4716
290
1432
231
203
4720
4746
294
4729
4746
4731
4732
4733
5212
249
330
243
187
234
1444
234
247
248
226
224
228
230
230
235
257
191
4740
1437
262
191
193
262
193
1473
194
266
1475
267
273
194
273
196
273
4751
4749
5353
4751
5445
5351
5352
5351
5351
1619
1619
2373
2377
5254
201
1430
5258
2362
2363
2362
4746
4747
6020
4800
4800
301
205
244
237
238
201
286
217
2196
309
218
311
331
315
2221
1471
2223
173
260
174
528
2208
176
2555
323
213
325
2372
199
321
338
206
331
258
256
527
334
211
338
2209
2209
562
562
342
343
344
1785
2704
347
1791
1085
2877
501
885
2937
20
2941
1127
357
358
3038
360
361
2909
363
364
365
366
1824
25
4402
517
384
375
2844
1840
2796
1840
3580
517
1849
1831
381
382
1857
3784
893
26
387
388
389
390
391
392
393
394
395
396
397
398
399
400
401
402
403
404
405
406
407
408
409
410
411
412
413
414
415
416
417
418
419
420
2909
1959
423
424
425
426
427
3758
429
430
431
432
433
434
435
436
437
438
439
1855
4402
1855
1840
3090
2018
2742
447
448
449
450
451
452
453
454
455
456
457
458
459
460
461
462
463
464
465
466
467
468
469
470
471
472
473
474
475
476
477
478
479
480
481
482
483
484
485
486
487
488
489
490
491
492
493
494
495
2835
2129
2134
3767
2811
871
2911
503
2137
2138
506
507
4393
509
2147
2158
512
2159
514
515
1843
2174
4496
519
520
2181
522
4515
2186
5271
1412
5351
5353
1437
191
4739
1437
5470
2199
4836
2205
537
2203
1442
4777
541
542
194
5514
196
2578
2578
5542
4598
4642
4599
4598
5341
4599
2578
2246
1398
558
5334
5542
5542
5445
563
564
565
566
567
568
569
570
571
572
573
574
575
576
577
578
579
580
581
582
583
584
585
586
587
588
589
590
591
592
593
594
595
596
597
598
599
600
601
1451
603
604
605
5512
4844
608
4479
610
2405
612
613
614
615
616
617
4643
5542
2239
4599
2429
4882
4549
625
626
627
628
629
630
631
632
633
634
635
636
637
638
639
640
641
642
643
644
645
646
647
648
649
650
651
652
653
654
655
656
657
658
659
660
661
662
663
664
665
666
667
668
669
670
671
672
673
674
4632
2541
677
5524
4610
1423
4706
682
4705
684
685
686
687
688
2563
690
4621
692
693
2576
2578
696
697
698
4809
700
701
702
703
704
705
706
707
708
709
710
711
712
713
714
715
716
717
718
719
720
721
722
723
724
725
726
727
728
2638
730
731
732
733
734
735
736
737
738
739
740
741
742
743
744
745
746
747
748
2673
750
751
752
753
754
2682
2684
3686
758
759
760
761
3028
763
2714
764
2701
2715
3667
765
770
771
3658
3651
2717
775
776
777
778
779
780
781
782
783
784
785
786
787
788
3674
2744
791
792
793
794
795
2754
3393
798
799
2762
801
2767
2768
4395
3801
2773
2775
808
809
810
811
2782
2787
814
815
2789
817
818
819
820
821
822
3388
3387
825
826
827
828
829
3639
831
3816
938
3052
2828
836
837
838
3169
3119
3740
842
381
375
845
846
2853
3749
2858
2876
2875
3461
853
854
855
856
2140
874
3451
3450
860
2878
863
3403
3402
866
3628
2889
869
3586
870
2896
2905
875
2959
3559
3593
2962
3474
3474
2963
3466
3466
885
912
1982
886
910
889
890
2910
2909
3614
882
2963
1963
2909
2909
2909
3481
1960
2962
903
3678
905
906
907
2995
909
910
1069
3443
913
2953
3680
51
51
918
2991
2156
22
24
23
1959
925
926
927
349
929
930
931
932
933
3784
940
935
3419
1063
3060
3075
3077
942
3057
1852
3415
946
1840
3048
948
3965
3097
951
3129
970
3136
4898
953
4920
3784
3414
3415
4900
957
963
4911
3065
4926
3136
4906
946
972
952
3152
3152
3175
3177
1842
3111
6290
3415
3179
3164
3790
2175
3193
3182
987
6208
3194
3198
3190
6183
993
994
995
996
997
998
999
1000
1001
1002
1003
1004
1005
1006
1007
1008
1009
1010
1011
1012
1013
1014
1015
1016
1017
1018
1019
1020
1021
1022
1023
1024
1025
1026
1027
1028
1029
1030
1031
1032
1033
1034
1035
1036
1037
1038
1039
1040
1041
1042
1043
1044
1045
1046
3377
1049
3382
1050
3395
1052
1053
350
1055
1056
3408
3753
3761
3414
3410
3414
3421
3426
1065
3463
2879
882
1069
1070
1071
1072
3473
3483
1075
3483
2962
3474
2964
1080
1959
1959
2963
3562
3503
1086
1087
1088
1089
1090
1091
1092
1093
1094
1095
1096
1097
1098
1099
1100
3569
1102
3660
3802
3575
1106
1107
1108
1109
1110
1111
1112
2895
1114
1115
1116
3813
3814
1119
1120
1121
1122
3734
1124
1125
769
1126
1128
1129
3702
3708
3766
3737
1134
1135
3793
1137
1138
1139
1140
1141
1142
1143
1144
1145
1146
3844
1148
1149
1150
1151
1152
1153
1154
1155
1156
1157
1158
1159
1160
1161
1162
1163
3957
933
3972
1167
3975
1169
1170
1171
1172
1173
1174
1175
1176
1177
1178
1179
1180
1181
1182
1183
1184
1185
1186
1187
1188
1189
1190
1191
1192
1193
1194
1195
1196
1197
1198
1199
1200
1201
1202
1203
1204
1205
1206
1207
1208
1209
1210
1211
1212
1213
1214
1215
1216
1217
1218
1219
1220
1221
1222
1223
1224
1225
1226
1227
1228
1229
1230
1231
1232
1233
1234
1235
1236
1237
1238
1239
1240
1241
1242
1243
1244
1245
1246
1247
1248
1249
1250
1251
1252
1253
1254
1255
1256
1257
1258
1259
1260
1261
1262
1263
1264
1265
1266
1267
1268
1269
1270
1271
1272
1273
1274
1275
1276
1277
1278
1279
1280
1281
1282
5638
1284
5605
5640
1287
1288
1289
4431
4433
5487
1293
1294
1295
1296
1297
1298
1299
1300
1301
1302
1303
1304
1305
1306
1307
1308
1309
1310
1311
1312
1313
1314
1315
1316
1317
1318
1319
1320
1321
1322
1323
4493
1325
1326
1327
1328
1329
1330
4522
4521
4508
4510
5427
4513
1337
1338
1339
1340
4527
1342
1343
1344
1345
1346
1347
1348
1349
5433
5435
4547
1353
5305
5304
4553
5168
1358
5478
1360
1361
5344
4574
4573
1365
4577
4579
1368
4582
4584
4592
4590
1373
1374
1375
1376
1377
5712
6129
5414
1381
5163
4607
1384
4612
4647
1387
5401
4629
4852
1391
1392
4932
1394
5500
4936
5333
4598
1399
6124
2547
4673
4657
1404
1405
5224
1407
1408
4671
1410
1411
4677
4679
1414
1415
5175
5174
1418
1419
4689
5390
4692
4694
5347
5245
4760
4701
5264
5354
1452
5238
1593
1593
1588
5206
1462
5207
2391
1441
4803
4802
680
5377
4747
1430
2370
5353
5351
5351
1450
1451
1452
1453
4768
4784
1457
4795
4796
1459
1460
2393
1589
1588
1464
1465
5445
198
4789
4785
194
210
4806
193
194
194
2378
2190
1478
1479
4797
1481
1482
1483
5542
1489
1485
4854
4872
4874
6117
4864
2255
1493
5184
4599
2398
4844
4881
1500
1503
4894
4924
1511
4896
5542
1520
6120
4938
4862
4953
1493
4957
4888
4942
4942
1516
4964
695
4949
1520
4968
6291
5546
6185
4969
4979
2571
4973
4978
6192
4981
4984
6182
1534
1535
1536
1537
1538
1539
1540
1541
1542
1543
1544
1545
1546
1547
1548
1549
1550
1551
1552
1553
1554
1555
1556
1557
1558
1559
1560
1561
1562
1563
1564
1565
1566
1567
1568
1569
1570
1571
1572
1573
1574
1575
1576
1577
5197
1579
5158
1581
2192
5510
1584
1586
1413
4747
1588
1589
1590
1591
1596
5230
1594
1452
1593
1593
1598
1599
1451
2378
1430
1603
5269
1605
1606
1607
1608
1609
1610
1611
1612
1613
1614
5328
1616
1617
1618
4709
1620
5332
1622
1623
1624
1625
1626
5343
1628
1629
1630
1631
1632
1422
1634
1635
1636
1637
1638
1639
1640
1641
1642
5493
1644
1645
5437
1646
1648
5593
5461
1651
5522
1653
1654
1655
1461
1657
1658
5556
1660
1661
1662
1663
5588
1665
1666
1667
1627
5610
5612
1671
1672
5625
5646
5645
1676
1677
1678
1679
1680
1681
1682
1683
1684
621
1483
4846
1688
5730
1690
1691
1692
1693
1694
1695
1696
1697
1698
1699
1700
1701
1702
1703
1704
1705
1706
1707
1708
1709
1710
1711
1712
1713
1714
1715
1716
1717
1718
1719
1720
1721
1722
1723
1724
1725
1726
1727
1728
1729
1730
1731
1732
1733
1734
1735
1736
1737
1738
1739
1740
1741
1742
1743
1744
1745
1746
1747
1748
1749
1750
1751
1752
1753
1754
1755
1756
1757
1758
1759
1760
1761
1762
1763
1764
1765
1766
1767
1768
1769
1770
1771
1772
1773
1774
1775
1776
1777
1778
1779
1780
1781
1782
1783
3738
1787
2704
3729
1787
346
1786
2703
3506
3505
2880
1793
3507
1799
354
1799
2941
2936
358
1803
1804
1805
1806
1807
1808
1809
1810
3592
3592
2953
3617
2909
1816
1817
1818
1819
1821
1821
93
1820
366
517
517
517
4402
375
375
375
375
2841
1840
1840
1840
2799
1840
377
2799
517
517
517
517
1845
1846
1856
2017
445
1851
1851
1852
1850
381
2843
3082
3082
1857
1859
1860
1861
1862
1863
1864
1865
1866
1867
1868
1869
1870
1871
1872
1873
1874
1875
1876
1877
1878
1879
1880
1881
1882
1883
1884
1885
1886
1887
1888
1889
1890
1891
1892
1893
1894
1895
1896
1897
1898
1899
1900
1901
1902
1903
1904
1905
1906
1907
1908
1909
1910
1911
1912
1913
1914
1915
1916
1917
1918
1919
1920
1921
1922
1923
1924
1925
1926
1927
1928
1929
1930
1931
1932
1933
1934
1935
1936
1937
1938
1939
1940
1941
1942
1943
1944
1945
2965
902
2962
2965
3483
1951
1952
2019
502
502
1959
502
2909
2908
877
1960
502
2907
1964
1965
1966
1967
1969
3743
26
141
1972
3755
427
3756
3755
1823
367
89
1980
1980
1982
1983
1984
359
1987
3758
1990
3966
3072
1991
1992
1993
1994
1995
1996
1997
1998
1999
2000
2001
2002
2003
2004
2005
2006
2007
2008
2009
3082
3082
3082
1855
3080
3082
2017
371
444
2019
2020
3668
2022
2023
2024
2025
2026
2027
2028
2029
2030
2031
2032
2033
2034
2035
2036
2037
2038
2039
2040
2041
2042
2043
2044
2045
2046
2047
2048
2049
2050
2051
2052
2053
2054
2055
2056
2057
2058
2059
2060
2061
2062
2063
2064
2065
2066
2067
2068
2069
2070
2071
2072
2073
2074
2075
2076
2077
2078
2079
2080
2081
2082
2083
2084
2085
2086
2087
2088
2089
2090
2091
2092
2093
2094
2095
2096
2097
2098
2099
2100
2101
2102
2103
2104
2105
2106
2107
2108
2109
2110
2111
2112
2113
2114
2115
2116
2117
2118
2119
2120
2121
2122
2123
2124
2125
2126
2127
4401
496
2131
2133
2135
2135
500
2823
2137
505
851
2139
504
2141
2142
2143
2141
2145
2146
2147
2145
2909
2909
2909
2909
2153
2154
97
366
2159
512
2820
2157
2161
2162
2163
2164
2165
2166
2167
2168
2170
2170
2171
2172
2173
2174
983
2173
2178
5497
2179
2180
2183
2182
5488
4515
523
4514
2185
5270
5267
525
2191
5204
4740
4740
191
4740
1437
2200
535
4836
536
2202
537
2202
2205
2206
4749
4751
198
4749
5353
2215
2213
2214
4833
266
266
194
266
193
2221
4816
2223
197
5502
2578
2578
2578
2578
4598
4598
552
4642
4598
4599
4599
4599
4599
4599
4599
4599
2578
2578
2576
2578
561
2421
2429
561
4643
2252
6125
5333
2252
558
552
5542
552
552
2260
2261
2262
2263
2264
2265
2266
2267
2268
2269
2270
2271
2272
2273
2274
2275
2276
2277
2278
2279
2280
2281
2282
2283
2284
2285
2286
2287
2288
2289
2290
2291
2292
2293
2294
2295
2296
2297
2298
2299
2300
2301
2302
2303
2304
2305
2306
2307
2308
2309
2310
2311
2312
2313
2314
2315
2316
2317
2318
2319
2320
2321
2322
2323
2324
2325
2326
2327
2328
2329
2330
2331
2332
2333
2334
2335
2336
2337
2338
2339
2340
2341
2342
2343
2344
2345
2346
2347
2348
2349
2350
2351
2352
2353
2354
2355
2356
2357
2358
2359
2360
5240
5240
1593
5240
1452
2367
2432
2368
2377
2377
5351
2377
1451
681
2375
2376
4709
2374
2379
2380
2381
2382
1461
5513
1461
5514
262
5531
262
2394
1441
2390
1440
4801
2396
5516
2396
4869
2399
1397
1658
2403
5275
2402
609
2406
2407
2408
2409
2410
2411
2412
2413
2414
2415
2416
2417
2418
2419
552
552
552
552
2239
4599
2239
2239
2239
561
5720
2233
2432
5429
624
2435
2436
2437
2438
2439
2440
2441
2442
2443
2444
2445
2446
2447
2448
2449
2450
2451
2452
2453
2454
2455
2456
2457
2458
2459
2460
2461
2462
2463
2464
2465
2466
2467
2468
2469
2470
2471
2472
2473
2474
2475
2476
2477
2478
2479
2480
2481
2482
2483
2484
2485
2486
2487
2488
2489
2490
2491
2492
2493
2494
2495
2496
2497
2498
2499
2500
2501
2502
2503
2504
2505
2506
2507
2508
2509
2510
2511
2512
2513
2514
2515
2516
2517
2518
2519
2520
2521
2522
2523
2524
2525
2526
2527
2528
2529
2530
2531
2532
2533
2534
2536
2542
676
675
2540
4624
5394
2540
2546
1425
2545
2546
4703
2548
2549
2550
2551
2552
2553
2554
5351
5351
5351
5353
194
194
194
194
2565
690
4623
2565
2567
2568
2569
2570
2574
2574
2574
4985
1523
2575
1523
1523
2579
2580
2581
2582
2583
2584
2585
2586
2587
2587
2589
2590
2591
2592
2593
2594
2595
2596
2597
2598
2599
2600
2601
2602
2603
2604
2605
2606
2607
2608
2609
2610
2611
2612
2613
2614
2615
2616
2617
2618
2619
2620
2621
2622
2623
2624
2625
2626
2627
2628
2629
2630
2631
2632
2633
2634
2635
2636
2637
2638
2639
2640
2641
2642
2643
2644
2645
2646
2647
2648
2649
2650
2651
2652
2653
2654
2655
2656
2657
2658
2659
2660
2661
2662
2663
2664
2665
2666
2667
2668
2669
2670
2671
2672
2673
2674
2675
2676
2677
2678
2679
2680
2685
749
2681
757
3685
2686
2687
2688
2689
2690
2691
2692
2693
2694
3722
2696
2697
2702
764
2702
767
2712
3665
768
2707
2699
3665
2708
2709
2710
2711
2713
3698
773
772
2716
2717
2718
2719
2720
2721
2722
2723
2724
2725
2726
2727
2728
2729
2730
2731
2732
2733
2734
2735
2736
2737
2738
2739
2740
2745
789
2741
2744
2745
2746
2747
2748
2749
2750
2752
3984
2751
729
2755
3770
2757
2758
2759
498
2130
801
3633
377
1840
377
3581
2768
2768
2144
2770
2776
805
2772
2776
4393
2777
2778
2779
2780
2781
807
2784
3769
2774
2788
814
2788
815
2786
2791
2792
2793
2794
2795
821
2797
2797
3583
2800
3386
2802
2803
2804
2805
2806
774
830
2809
2809
2808
2808
2813
2814
2815
2816
2817
2818
2819
2820
2821
2822
832
3640
3768
2827
3051
834
2826
833
2832
3778
2833
2831
2783
2837
3168
2838
2839
839
2844
2844
2796
2798
2845
2846
2847
2851
2849
2850
3172
2854
848
3748
3118
2859
2856
850
2873
2860
2861
3471
2863
2864
2865
2866
2867
2868
2900
2872
2902
2903
2874
2874
2875
2876
860
3449
860
860
2878
2885
2883
3771
3401
865
2887
2888
867
2890
2891
2893
1790
870
2892
348
2899
2898
3723
873
2904
2959
3482
2906
2906
2857
2894
3593
871
2894
3585
901
1959
1961
2963
901
902
902
3474
3476
902
3474
2963
1074
1074
2949
3475
1074
3466
1074
3001
2999
885
3448
2938
2939
887
2944
2944
886
2945
2943
1981
2946
3443
4385
1074
3466
3466
501
2910
2910
501
2909
2909
2909
2909
2961
900
2961
3465
1084
1961
3501
2962
2967
3679
904
2969
3711
2971
2972
2973
2974
2975
2976
2977
2978
2979
2981
3678
915
2983
2984
2985
2986
919
2989
2989
2990
2991
2992
2993
2994
2995
2996
2997
2998
3441
3441
3000
3002
3003
3004
38
51
38
3010
920
3019
3011
914
2953
3013
3592
3592
3017
101
3019
502
502
1963
3026
3024
3025
3772
928
3028
3029
3030
3032
3032
3033
3034
3035
3036
3037
3038
3039
3039
3041
3042
3043
3044
3968
1137
3784
3048
517
517
3417
3058
3417
3419
3418
3059
3059
3075
3074
941
3061
3062
3063
3064
3056
3056
3057
3066
3069
943
3057
843
3073
3076
945
4405
946
3078
3079
1840
1840
1840
375
3966
3968
3969
3966
1833
1833
950
3092
4403
951
3091
3132
3098
3133
3134
968
3125
3125
3099
3128
4918
517
517
1843
3784
6290
3413
3111
6290
6290
3103
4897
3101
3102
3120
3148
3116
965
935
3052
935
3130
4926
3135
3135
3136
3110
4926
3166
970
3166
3413
3415
3414
3139
3079
3139
3143
3141
3170
3171
4375
3147
4374
3117
3114
4909
3151
3152
3151
1840
1840
1840
1840
4402
1838
3082
1855
3162
4405
974
3162
4405
3152
3145
971
3094
3093
3142
3173
3153
973
3174
933
3181
980
3178
4405
975
3180
3183
3176
516
3187
3107
3112
978
3189
6271
3180
981
3194
3165
3196
982
3199
3200
3201
3202
3203
3204
3205
3206
3207
3208
3209
3210
3211
3212
3213
3214
3215
3216
3217
3218
3219
3220
3221
3222
3223
3224
3225
3226
3227
3228
3229
3230
3231
3232
3233
3234
3235
3236
3237
3238
3239
3240
3241
3242
3243
3244
3245
3246
3247
3248
3249
3250
3251
3252
3253
3254
3255
3256
3257
3258
3259
3260
3261
3262
3263
3264
3265
3266
3267
3268
3269
3270
3271
3272
3273
3274
3275
3276
3277
3278
3279
3280
3281
3282
3283
3284
3285
3286
3287
3288
3289
3290
3291
3292
3293
3294
3295
3296
3297
3298
3299
3300
3301
3302
3303
3304
3305
3306
3307
3308
3309
3310
3311
3312
3313
3314
3315
3316
3317
3318
3319
3320
3321
3322
3323
3324
3325
3326
3327
3328
3329
3330
3330
3332
3333
3334
3335
3336
3337
3338
3339
3340
3341
3342
3343
3344
3345
3346
3347
3348
3349
3350
3351
3352
3353
3354
3355
3356
3357
3358
3359
3360
3361
3362
3363
3364
3365
3366
3367
3368
3369
3459
3371
3372
3373
3374
3375
3380
813
3380
1049
3381
3383
1050
3383
2780
810
2829
835
836
3389
3390
3391
3378
1047
3392
1048
3396
3397
1795
3435
3400
3401
3402
3405
3404
3407
1058
3760
1059
3412
1060
3409
3413
3413
3414
3415
3413
3420
3420
3421
3416
1062
3055
938
3411
3424
1061
3427
3428
3429
3430
3437
1067
3464
1066
3440
861
3462
2879
2878
860
3442
3442
3443
1069
3448
882
3001
2999
3449
3450
3451
3452
3453
3454
3455
3456
3457
3458
3464
3463
2871
2958
2960
3462
3465
3467
3467
3468
3469
3470
2870
3472
2965
2965
3483
2962
3475
1074
3474
3482
1079
3500
2965
3484
3485
3486
3487
3488
1961
1959
1961
1961
1961
1960
1961
901
1959
2963
901
876
3561
3504
908
3508
3504
3502
3503
3508
3509
3510
3511
3512
3513
3514
3515
3516
3517
3518
3519
3520
3521
3522
3523
3524
3525
3526
3527
3528
3529
3530
3531
3532
3533
3534
3535
3536
3537
3538
3539
3540
790
3542
3543
3544
3545
3546
3547
3548
3549
3550
3551
3552
3553
3554
3555
502
502
502
2856
3585
3559
3560
3563
3564
3565
3566
3567
3568
3124
3122
2828
3572
3573
3574
3575
3571
3570
3578
3579
3580
3582
3582
3583
3587
3584
771
3588
3588
3589
871
2910
871
3585
3594
3595
3596
3597
3598
3599
3600
3601
3602
3603
3604
3605
3606
3607
3608
3609
3610
3611
3612
3613
2892
2895
2896
2895
3614
3619
3620
3621
3622
3623
3624
3625
3626
3629
766
3645
3630
3631
3632
3634
3634
3635
1117
3637
3638
3639
3815
3643
3642
3656
3641
3644
3646
3660
3648
3649
3650
3651
3652
3653
3654
3655
3656
3657
3658
3659
835
3661
3662
3663
3664
3666
4384
1123
3669
3963
753
3671
3672
3673
3674
2703
3675
2706
3616
3616
1113
3676
3677
3676
3617
2736
787
3687
3688
3689
3690
3691
3692
3693
3694
3699
2700
3696
3689
2698
2676
3700
752
3703
3704
3705
3695
3697
868
3681
3682
3707
1131
3713
3714
3715
3719
3717
1132
3817
3720
3721
2891
3723
3724
1790
3726
3727
3728
3730
3736
3731
3732
3733
3734
3735
3733
3737
3738
3701
755
1130
3742
3744
3744
3745
3746
3747
2683
756
3750
3751
3752
3753
3751
2997
910
3757
931
3759
3025
926
3762
3763
2790
3764
816
804
2771
4395
3765
428
3773
3775
1981
3776
3777
2993
3779
3791
3780
3781
3782
3784
3788
3784
2844
2844
3788
3789
3790
3792
3792
3793
3794
3795
3796
3797
3798
3185
3800
3801
3071
3803
3804
3805
3806
3807
3808
3809
3810
2148
3811
510
3814
2769
803
3818
3819
3812
3820
3821
3822
3823
3824
3825
3826
3827
3828
3829
3830
3831
3832
3833
3834
3835
3836
3837
3838
3839
3840
3841
3842
3843
1106
3845
1106
3846
3848
3849
3848
3851
3852
3853
3854
3855
3856
3857
3858
3859
3860
3861
3862
3863
3864
3865
3866
3867
3868
3869
3870
3871
3872
3873
3874
3875
3876
3877
3878
3879
3880
3881
3882
3883
3884
3885
3886
3887
3888
3889
3890
3891
3892
3893
3894
3895
3896
3897
3898
3899
3900
3901
3902
3903
3904
3905
3906
3907
3908
3909
3910
3911
3912
3913
3914
3915
3916
3917
3918
3919
3920
3921
3922
3923
3924
3925
3926
3927
3928
3929
3930
3931
3932
3933
3934
3935
3936
3937
3938
3939
3940
3941
3942
3943
3944
3945
3946
3947
3948
3949
3950
3951
3952
1147
2743
3847
3955
802
2765
3156
3959
3961
3962
3963
3085
3086
3968
3784
3785
3048
3785
934
3972
3973
3973
1166
3976
3977
3978
3979
3980
3981
3982
3983
3984
3985
3986
3987
3988
3989
3151
3151
3991
3992
3993
3994
3996
3997
3998
3999
4000
4001
4002
4003
4004
4005
4006
4007
4008
4009
4010
4011
4012
4013
4014
4015
4016
4017
4018
4019
4020
4021
4022
4023
4024
4025
4026
4027
4028
4029
4030
4031
4032
4033
4034
4035
4036
4037
4038
4039
4040
4041
4042
4043
4044
4045
4046
4047
4048
4049
4050
4051
4052
4053
4054
4055
4056
4057
4058
4059
4060
4061
4062
4063
4064
4065
4066
4067
4068
4069
4070
4071
4072
4073
4074
4075
4076
4077
4078
4079
4080
4081
4082
4083
4084
4085
4086
4087
4088
4089
4090
4091
4092
4093
4094
4095
4096
4097
4098
4099
4100
4101
4102
4103
4104
4105
4106
4107
4108
4109
4110
4111
4112
4113
4114
4115
4116
4117
4118
4119
4120
4121
4122
4123
4124
4125
4126
4127
4128
902
902
4131
4132
4133
4134
4135
4136
4137
4138
4139
4140
4141
4142
4143
4144
4145
4146
4147
4148
4149
4150
4151
4152
4153
4154
4155
4156
4157
4158
4159
4160
4161
4162
4163
4164
4165
4166
4167
4168
4169
4170
4171
4172
4173
4174
4175
4176
4177
4178
4179
4180
4181
4182
4183
4184
4185
4186
4187
4188
4189
4190
4191
4192
4193
4194
4195
4196
4197
4198
4199
4200
4201
4202
4203
4204
4205
4206
4207
4208
4209
4210
4211
4212
4213
4214
4215
4216
4217
4218
4219
4220
4221
4222
4223
4224
4225
4226
4227
4228
4229
4230
4231
4232
4233
4234
4235
4236
4237
4238
4239
4240
4241
4242
4243
4244
4245
4246
4247
4248
4249
4250
4251
4252
4253
4254
4255
4256
4257
4258
4259
4260
4261
4262
4263
4264
4265
4266
3467
4268
4269
4270
4271
4272
4273
4274
4275
4276
4277
4278
4279
4280
4281
4282
4283
4284
4285
4286
4287
4288
4289
4290
4291
4292
4293
4294
4295
4296
4297
4298
4299
4300
4301
4302
4303
4304
4305
4306
4307
4308
4309
4310
4311
4312
4313
4314
4315
4316
4317
4318
4319
4320
4321
4322
4323
4324
4325
4326
4327
4328
4329
4330
4331
4332
4333
4334
4335
4336
4337
4338
4339
4340
4341
4342
4343
4344
4345
4346
4347
4348
4349
4350
4351
4352
4353
4354
4355
4356
4357
4358
4359
4360
4361
4362
4363
4364
4365
4366
4367
4368
4369
4370
4371
4372
3095
3096
4373
4376
4377
4378
4379
4380
2834
4382
4383
3650
4385
4386
4387
4388
4389
4390
4391
2910
4393
502
508
4396
4397
4398
4399
4400
499
1840
3140
3082
4405
4406
4407
4408
4409
4410
4411
4412
4413
4414
4415
4416
4417
4418
4419
4424
4421
4422
1285
6115
4425
4426
5667
4428
4429
4434
1289
4430
1292
5629
4435
4436
4437
4438
4439
4440
4441
4442
4443
4444
4445
4446
4447
4448
4449
4450
4451
4452
4453
4454
4455
4456
4457
4458
4459
4460
4461
4462
4463
4464
4465
4466
4467
4468
4469
4470
4471
4472
4473
4474
4475
4476
4478
4478
1317
4477
4481
4482
4483
4484
4485
4486
4487
4488
4489
4491
5446
4490
1318
4494
4495
4496
4497
4498
4499
4500
4501
4502
4503
5482
4505
4507
4520
1332
4506
1331
4512
5426
1334
4511
1335
4516
4517
4518
4519
4523
1339
1340
5458
4524
4524
4526
775
4528
4529
4530
4531
4532
4533
4534
4535
4536
4537
4538
4539
4540
4541
4542
4543
4544
4546
5432
1351
4545
1350
4552
1354
5302
1355
4550
4555
796
4557
4558
4559
4560
4561
5527
4564
1360
4565
4566
5341
5341
4599
4599
4571
4571
4573
4574
4576
4576
698
4575
1365
4580
4580
4582
4583
1366
4578
5525
4586
4591
4588
1373
4591
1374
4593
4594
4595
5714
5709
1379
5342
4601
5415
4602
4603
4604
5162
4525
1341
4608
1384
5395
4609
4613
4647
4615
5161
1369
4617
4618
4619
4620
4623
1386
4647
4626
5526
5400
4630
4628
1390
4849
4631
4587
4633
4634
4585
4636
1393
4638
1395
4955
4600
5333
4598
4600
4647
1399
4647
4649
4960
6123
4651
4654
4652
5507
4658
4656
1402
5321
4659
4660
4661
5235
4663
4664
4665
4666
4667
4670
4668
4699
1427
4672
4673
4674
4675
4680
1411
4680
1414
4680
4681
1416
5173
2397
4685
4686
4687
4688
1421
4690
4695
524
4691
1424
5484
4697
5483
4696
4700
5244
1426
4702
1425
4705
5245
1423
4694
1423
1423
4707
5258
1595
5256
5318
5259
2364
5239
5240
2362
5240
1452
1593
6020
5231
4748
1463
5231
5231
1588
4799
5205
4798
4744
4743
1439
4745
4745
5207
2391
6131
2392
2392
6131
1589
6131
5231
1588
5231
680
680
5377
5378
5351
5353
5351
5351
4758
4758
4757
1450
4761
4762
4763
1598
4769
4766
4767
5470
5471
4770
4771
4772
4839
4778
4778
4774
1480
4795
4779
4780
329
5441
4775
4775
4789
4789
4784
1457
4796
5513
4791
4792
4793
4794
4797
2393
4797
5208
5208
5205
4801
4802
4803
329
329
210
1458
1468
1458
543
337
339
2208
4749
4751
270
273
5513
2377
2377
5352
4822
4823
5529
4825
4826
4827
1419
4829
4830
4831
4832
4833
5515
538
4836
4838
4838
4776
4840
4841
4842
1658
4844
5542
1658
2578
5545
5185
5186
5185
4856
4855
1488
4871
4874
4855
4858
4859
4860
4861
4853
4857
1487
4865
4866
1491
4868
2253
559
4873
1493
6151
1494
4875
4876
4599
4598
4599
4599
1658
550
607
1658
2233
4882
2233
6149
4891
4895
4929
4924
4923
4953
4925
4894
4893
1502
4892
1501
695
695
5542
695
6235
5182
6290
4950
4899
6119
1504
1508
1507
4935
4862
1485
4863
1510
4927
4927
4927
4953
4953
6151
4954
5182
5184
4876
4930
4876
2430
2248
4957
623
1499
4958
6121
4890
4910
4940
4940
4942
4599
4599
4599
2239
552
5542
4949
4966
6291
4952
6151
4942
4933
4931
4886
4888
556
2247
4941
4962
4961
1514
4966
4966
4965
1520
4963
4970
4972
1517
2244
2242
2572
1519
4976
1519
4967
4979
1521
4951
4982
1522
2576
4986
2204
4987
4989
4990
4991
4992
4993
4994
4995
4996
4997
4998
4999
5000
5001
5002
5003
5004
5005
5006
5007
5008
5009
5010
5011
5012
5013
5014
5015
5016
5017
5018
5019
5020
5021
5022
5023
5024
5025
5026
5027
5028
5029
5030
5031
5032
5033
5034
5035
5036
5037
5038
5039
5040
5041
5042
5043
5044
5045
5046
5047
5048
5049
5050
5051
5052
5053
5053
5055
5056
5057
5058
5059
5060
5061
5062
5063
5064
5065
5066
5067
5068
5069
5070
5071
5072
5073
5074
5075
5076
5077
5078
5079
5080
5081
5082
5083
5084
5085
5086
5087
5088
5089
5090
5091
5092
5093
5094
5095
5096
5097
5098
5099
5100
5101
5102
5103
5104
5105
5106
5107
5108
5109
5110
5111
5112
5113
5114
5115
5116
5117
5118
5119
5120
5121
5122
5123
5124
5125
5126
5127
5128
5129
5130
5131
5132
5133
5134
5135
5136
5137
5138
5139
5140
5141
5142
5143
5144
5145
5146
5147
5148
5149
5150
5223
5152
5153
5154
5156
5159
5156
1371
5160
5160
4582
4628
1389
5164
5165
5157
5166
1580
5169
5170
1582
5172
5173
5176
1056
5177
5518
1583
5180
5182
5179
5182
5182
5184
5187
5187
5183
4850
5181
5189
5191
5192
5193
5194
5199
5195
5201
5200
5202
4678
5203
4676
4679
4677
5208
1588
1589
5208
4800
4800
4747
5205
5213
5214
5215
5216
5217
5218
5219
5220
5221
5222
5228
1409
5227
4757
4759
5226
5229
5230
5229
5232
5233
5234
4669
1410
5240
1452
1593
5247
4746
2363
6020
5246
1598
5246
5247
5248
5249
5250
5251
5252
5256
4762
1451
4762
1451
4762
4762
5259
5258
1430
2370
1598
4764
5268
5266
5268
1460
5266
1604
5272
5273
5274
5275
5276
5277
5278
5279
5280
5281
5282
5283
5284
5285
5286
5287
5288
5289
5290
5291
5292
5293
5294
5295
5296
5297
5298
5299
5300
5301
5303
5597
1615
1352
5306
5307
5308
5309
5310
5311
5312
5313
5314
5315
5316
5317
2374
2377
2377
5321
5322
5354
5324
5325
5329
5326
1620
5486
4917
5330
1509
1380
5334
5416
5336
5337
5338
5339
5340
1626
6129
1626
5343
5346
5349
1337
5345
5349
5350
4708
680
4708
1424
5355
5356
5357
5358
5359
5360
5361
5362
5363
5364
5365
5366
5367
5368
5369
5370
5371
5372
5373
5374
4693
1422
4693
5375
5375
5380
5381
5382
5383
5384
5385
5386
5387
5388
5389
1333
5391
5392
5393
5395
5395
5396
5397
5398
5399
5400
5401
5402
5402
5404
5405
5406
5407
5408
5421
5410
5411
5412
5413
5414
5415
1392
5417
5418
5419
5420
5331
5422
5423
5424
5425
5428
1643
6130
5431
1323
5719
5432
5433
5434
5435
4514
1336
5436
1633
5443
5379
5438
5442
1646
5379
5446
5447
5448
5449
5450
5451
5452
1649
5454
5457
5455
5459
5458
4509
4482
5461
5460
5463
5464
5465
5456
1420
5466
5443
5444
5468
5472
5473
5474
5475
5477
5573
1652
5479
4988
5480
5482
3724
5484
5485
5486
1315
5490
5489
5495
5491
5492
5493
5494
5494
5496
5497
5462
1650
1324
5501
5502
5503
5504
5505
5506
4492
5508
5508
1478
5511
5517
2393
2393
5515
1481
5517
4825
5519
5520
4589
1372
5521
1364
6141
4572
5523
606
5530
5532
2390
5533
5533
5534
5537
5536
5548
5538
5539
5545
5542
5545
4600
5333
5545
5546
5547
5550
5549
5550
5551
5552
1658
5554
5555
5556
5557
5558
5559
5560
5561
5562
5563
5564
5565
5566
5567
5568
5569
5570
4574
1363
5574
5575
5569
5576
5577
5578
5579
5580
5581
5582
5583
5584
5585
5586
5587
1356
5589
1664
5591
5592
1648
5594
5595
5595
5596
5601
5598
1627
6126
5343
5344
5607
1669
5604
5608
5609
5611
1670
5327
1291
5613
5614
5615
5616
5617
5618
5619
5606
5621
5622
5623
4432
1290
5624
5627
5628
4474
5630
5631
5632
5633
5634
5635
5636
5639
1674
5643
1675
5637
5642
5644
6114
611
1673
5647
5648
5649
5650
5651
5652
5653
5654
5655
5656
5657
5658
5659
5660
5626
5661
5663
5664
5665
5666
5668
5670
5669
2404
5671
5672
5673
5674
5675
5676
5677
5678
5679
5680
5681
5682
5683
5684
5685
5686
5687
5688
5689
5690
5691
5692
5693
5694
5695
5696
5697
5698
5699
5700
5701
5702
5711
5704
5705
5706
5707
5708
5599
5602
4548
4568
2240
4569
2239
4879
5717
5718
5719
550
2398
1658
4844
1658
5542
1658
5541
5553
1518
5727
5729
5732
5733
5734
5735
5736
5737
5738
5739
5740
5741
5742
5743
5744
5745
4940
4940
4941
5748
5749
5750
5752
5753
5754
5755
5756
5757
5758
5759
5760
5761
5762
5763
5764
5765
5766
5767
5768
5769
5770
5771
5772
5773
5774
5775
5776
5777
5778
5779
5780
5781
5782
5783
5784
5785
5786
5787
5788
5789
5790
5791
5792
5793
5794
5795
5796
5797
5798
5799
5800
5801
5802
5803
5804
5805
5806
5807
5808
5809
5810
5811
5812
5813
5814
5815
5816
5817
5818
5819
5820
5821
5822
5823
5824
5825
5826
5827
5828
5829
5830
5831
5832
5833
5834
5835
5836
5837
5838
5839
5840
5841
5842
5843
5844
5845
5846
5847
5848
5849
5850
5851
5852
5853
5854
5855
5856
5857
5858
5859
5860
5861
5862
5863
5864
5865
5866
5867
5868
5869
5870
5871
5872
5873
5874
5875
5876
5877
5878
5879
2362
2362
5882
5883
5884
5885
5886
5887
5888
5889
5890
5891
5892
5893
5894
5895
5896
5897
5898
5899
5900
5901
5902
5903
5904
5905
5906
5907
5908
5909
5910
5911
5912
5913
5914
5915
5916
5917
5918
5919
5920
5921
5922
5923
5924
5925
5926
5927
5928
5929
5930
5931
5932
5933
5934
5935
5936
5937
5938
5939
5940
5941
5942
5943
5944
5945
5946
5947
5948
5949
5950
5951
5952
5953
5954
5955
5956
5957
5958
5959
5960
5961
5962
5963
5964
5965
5966
5967
5968
5969
5970
5971
5972
5973
5974
5975
5976
5977
5978
5979
5980
5981
5982
5983
5984
5985
5986
5987
5988
5989
5990
5991
5992
5993
5994
5995
5996
5997
5998
5999
6000
6001
6002
6003
6004
6005
6006
6007
6008
6009
6010
6011
6012
6013
6014
6015
6016
6017
6018
6019
5231
6021
6022
6023
6024
6025
6026
6027
6028
6029
6030
6031
6032
6033
6034
6035
6036
6037
6038
6039
6040
6041
6042
6043
6044
6045
6046
6047
6048
6049
6050
6051
6052
6053
6054
6055
6056
6057
6058
6059
6060
6061
6062
6063
6064
6065
6066
6067
6068
6069
6070
6071
6072
6073
6074
6075
6076
6077
6078
6079
6080
6081
6082
6083
6084
6085
6086
6087
6088
6089
6090
6091
6092
6093
6094
6095
6096
6097
6098
6099
6100
6101
6102
6103
6104
6105
6106
6107
6108
6109
6110
6111
6112
6113
4480
5662
6116
1492
2254
4892
1500
4890
1685
5716
557
6125
6126
6127
6128
6129
5413
5273
6132
6133
6134
6135
6136
6137
680
6139
2377
2588
6142
6143
6144
6145
6146
2542
4599
4930
695
6151
6152
6153
6154
6155
6156
6157
6158
6159
4402
552
6162
6163
6164
6165
6166
6167
6168
6169
6170
6171
6172
6173
6174
6175
6176
6177
6178
6179
6180
6181
6182
6183
2175
6185
6186
6187
6188
6189
6190
6191
6192
6193
6194
6195
6196
6204
6198
6199
6200
6201
6202
6203
1064
6205
4973
6207
6208
6209
6210
6211
6212
6213
6214
6215
6216
6217
6218
6219
6220
6221
6222
6223
6224
6225
6226
6227
6228
6229
6230
6231
6232
6233
6234
6274
6273
3195
1064
6239
6240
6241
6242
6243
6244
6245
6246
6247
6248
6249
6250
6251
6252
6253
6254
6255
6256
6229
6258
6259
6260
6261
6219
6230
6264
6265
6266
6220
6268
6257
6232
6260
6262
6262
6260
6243
6276
6277
6243
6279
6280
6281
6282
6283
6284
6285
6248
6248
6288
6262
6260
6257
