0
1
2
3
4
27
3020
3020
155
54
3479
11
12
51
14
72
80
17
18
19
354
21
921
1822
94
25
903
2981
4392
4392
112
116
1078
33
34
150
36
37
168
39
164
154
2980
43
47
45
46
84
52
41
48
51
152
56
895
53
165
55
4129
59
16
61
62
63
64
65
66
67
68
14
69
76
49
73
74
75
50
77
70
78
15
79
81
82
84
85
86
87
88
1979
88
91
90
921
92
2
96
94
96
99
100
100
102
105
27
3684
2149
105
892
4392
2152
897
111
108
115
111
8
114
119
134
4129
4130
122
123
124
125
126
127
128
129
130
131
132
134
2914
135
136
137
138
139
140
1969
142
26
3743
145
146
147
104
107
38
170
153
153
2980
1081
2913
159
157
166
160
161
162
149
35
158
42
2980
43
170
2981
239
255
333
316
268
5441
2555
2371
1601
287
291
235
244
222
223
330
224
228
233
249
530
298
262
193
265
196
197
5441
5352
5352
286
290
293
296
301
319
308
217
341
221
327
337
339
1454
217
258
171
215
212
212
219
223
329
304
211
227
305
180
226
231
289
181
230
232
292
234
189
236
182
186
328
241
186
253
253
253
185
242
336
336
187
187
229
229
192
257
2194
297
256
172
259
191
259
317
261
2220
264
318
2222
263
2222
175
2222
4752
277
2558
4752
5441
6138
527
2371
5352
4753
4820
286
1619
201
285
290
201
202
293
202
203
294
203
295
204
247
184
190
190
302
4711
284
303
183
205
306
300
310
313
311
197
312
309
218
5502
277
198
278
277
4767
339
4767
280
280
209
338
206
311
238
218
177
322
335
214
1454
214
1454
1454
342
343
344
1788
2704
347
1790
1793
3437
2151
21
1798
354
1800
3710
3202
1809
3038
3002
3757
2152
3042
1816
3029
1824
367
25
1858
384
3966
1830
371
383
1832
1831
372
1858
4403
3087
3072
3062
3966
3966
2981
903
387
388
389
390
391
392
393
394
395
396
397
398
399
400
401
402
403
404
405
406
407
408
409
410
411
412
413
414
415
416
417
418
419
420
421
901
423
424
425
918
1973
3758
3151
3078
431
432
433
434
435
436
437
438
439
948
3085
3966
3161
3138
4403
446
447
448
449
450
451
452
453
454
455
456
457
458
459
460
461
462
463
464
465
466
467
468
469
470
471
472
473
474
475
476
477
478
479
480
481
482
483
484
485
486
487
488
489
490
491
492
493
494
495
496
497
498
2783
2135
2910
502
3712
2136
2138
2142
507
2776
509
2147
511
512
2160
514
515
380
1826
518
519
520
2182
522
4515
2185
2192
1585
5352
4749
298
530
531
4732
1647
534
4837
536
4794
4834
2558
4841
4826
2214
4807
544
196
2257
2257
4881
2232
548
560
2234
4643
4878
2257
4888
4887
4858
4869
4881
4881
5441
563
564
565
566
567
568
569
570
571
572
573
574
575
576
577
578
579
580
581
582
583
584
585
586
587
588
589
590
591
592
593
594
595
596
597
598
599
600
601
1451
603
604
605
5508
4930
607
609
610
611
612
613
614
615
616
617
4882
4881
2257
4948
6149
4929
624
625
626
627
628
629
630
631
632
633
634
635
636
637
638
639
640
641
642
643
644
645
646
647
648
649
650
651
652
653
654
655
656
657
658
659
660
661
662
663
664
665
666
667
668
669
670
671
672
673
674
4632
676
2538
4586
4624
5375
681
1651
683
2545
4620
2550
2551
5566
689
2564
5396
692
693
2250
4848
2581
2819
6139
6136
700
701
702
703
704
705
706
707
708
709
710
711
712
713
714
715
716
717
718
719
720
721
722
723
724
725
726
727
728
2635
730
731
2637
733
734
735
736
737
738
739
740
741
742
743
744
745
746
747
748
749
750
751
752
753
754
3740
3749
757
758
759
2694
3623
3031
2696
2714
3665
2701
2715
3736
2705
770
771
772
773
2717
775
776
777
778
779
780
781
2753
2752
784
785
786
787
788
789
790
791
3831
3830
794
795
3564
797
798
799
2761
2763
3960
804
807
805
806
2774
3375
3374
2779
2781
812
3377
2787
2789
3766
2795
4376
3172
3742
2798
381
823
824
2817
3385
2807
830
2822
3639
2814
3768
938
3051
2826
2830
3781
838
4375
3101
3120
3168
1990
1830
513
3170
956
965
849
850
2875
852
2863
854
855
856
853
3471
3440
2958
2871
1067
863
864
3402
3624
3628
2889
2891
3586
2894
2896
2904
2870
2872
2906
3560
902
32
32
902
33
33
2999
3000
886
887
2943
1980
4385
891
1958
3618
11
878
1082
2152
4392
4392
3480
1961
2965
3712
2967
2973
2985
2990
2881
2993
3774
3465
3442
3508
169
170
2969
39
905
919
3008
921
94
1822
112
3511
3024
927
1795
929
2977
3503
3044
3151
3966
3420
3417
3419
3421
3075
3420
945
3063
3058
3061
3416
3076
1831
3151
3139
3138
3098
3095
3128
3076
3416
3126
3127
3131
3966
3414
3413
4898
3125
3103
3104
935
5183
3416
1062
3076
3096
3095
4405
4405
4405
3151
3968
6235
6235
3413
3412
6236
3789
2174
989
3183
3973
3975
3425
961
3110
988
993
994
995
996
997
998
999
1000
1001
1002
1003
1004
1005
1006
1007
1008
1009
1010
1011
1012
1013
1014
1015
1016
1017
1018
1019
1020
1021
1022
1023
1024
1025
1026
1027
1028
1029
1030
1031
1032
1033
1034
1035
1036
1037
1038
1039
1040
1041
1042
1043
3370
3390
3391
3393
3395
3379
3382
1051
1052
3397
3431
1055
1056
3408
3753
3761
3414
1060
1062
3421
1064
1065
3459
3460
33
3465
3449
1071
1072
879
3481
1075
3483
2965
1078
3500
1080
3494
901
116
3501
3439
1086
1087
1088
1089
1090
1091
1092
1093
3985
3949
1096
1097
1098
1099
1100
2828
944
3647
966
3575
1106
1107
1108
1109
1110
1111
1112
3616
1114
1115
3804
1117
3815
1119
1120
1121
1122
3733
1124
1125
3677
1127
1128
3693
2839
3708
3718
1133
1134
3775
3794
3047
3185
1139
1140
1141
1142
1143
3834
1145
1146
818
1148
1149
1150
1151
1152
1153
1154
1155
1156
1157
1158
1159
1160
1161
3942
1163
1848
3990
3990
1167
982
1169
1170
1171
1172
1173
1174
1175
1176
1177
1178
1179
1180
1181
1182
1183
1184
1185
1186
1187
1188
1189
1190
1191
1192
1193
1194
1195
1196
1197
1198
1199
1200
1201
1202
1203
1204
1205
1206
1207
1208
1209
1210
1211
1212
1213
1214
1215
1216
1217
1218
1219
1220
1221
1222
1223
1224
1225
1226
1227
1228
1229
1230
1231
1232
1233
1234
1235
1236
1237
1238
1239
1240
1241
1242
1243
1244
1245
1246
1247
1248
1249
1250
1251
1252
1253
1254
1255
1256
1257
1258
1259
1260
1261
1262
1263
1264
1265
1266
1267
1268
1269
1270
1271
1272
1273
1274
1275
1276
1277
1278
1279
1280
1281
1282
1283
1284
1285
1286
1287
1288
1289
1290
1291
1292
1293
1294
1295
1296
1297
1298
1299
1300
4449
4447
1303
1304
1305
1306
1307
1308
1309
1310
1311
1312
1313
1314
5487
4475
1317
1318
1319
1320
1321
1322
1323
5500
1325
1326
1327
1328
4828
5384
1340
4521
1332
1331
5495
1334
4518
1338
5417
1640
4527
4526
1343
1344
4660
4531
4557
4540
5425
1350
1351
1352
1353
1354
1355
1356
5167
4560
4562
4564
2537
618
4571
4577
5557
4579
1367
5153
4581
5535
5158
5523
1372
4592
4597
4595
1400
6123
4600
559
4615
1382
4607
4622
5397
691
4618
5526
1390
1485
1380
5335
4938
4956
1508
4910
2398
2230
690
4934
1401
1402
1403
1404
4661
4659
1407
1408
4662
1405
5203
5201
5227
4759
1415
5175
5174
1361
4687
4689
1333
4692
4694
5347
4702
4670
5235
1428
1429
1452
1452
5240
5247
4746
4728
4800
4800
4740
1439
2393
2391
5353
1633
4724
5253
286
5352
5352
2371
4700
2375
4763
1651
5470
4842
1482
4775
4785
5269
1412
2392
4799
5229
5272
219
198
198
1455
4770
4807
221
197
262
265
193
286
2191
4824
4827
4778
5271
1479
4930
4884
4874
4856
4872
1493
1494
2399
4854
4860
1493
1494
2232
4930
4930
4928
4894
4923
1502
1494
1493
4893
4884
5184
1501
4899
4857
1494
1493
6119
4896
4942
4942
1483
1514
5722
6235
5184
1520
6255
5546
2578
4972
4980
5729
6123
4906
960
1531
4949
4974
1534
1535
1536
1537
1538
1539
1540
1541
1542
1543
1544
1545
1546
1547
1548
1549
1550
1551
1552
1553
1554
1555
1556
1557
1558
1559
1560
1561
1562
1563
1564
1565
1566
1567
1568
1569
1570
1571
1572
1573
1574
1575
1576
5297
5149
5165
5166
5196
5195
5518
1584
5151
5224
296
4758
5213
1590
1591
4720
5247
1594
4763
5247
293
5245
1599
1447
1451
290
1603
526
1605
1606
1607
1608
1609
1610
1611
1612
5742
5706
1615
1616
1617
1618
2377
1620
4917
2252
5331
5559
4868
4599
553
1628
1629
1630
1631
1632
5376
1634
1635
5562
5570
1638
6129
5424
6126
1642
5493
1644
1645
5437
1646
5601
5599
5499
1420
5527
5496
5492
5529
5531
5552
4846
4971
1660
1661
1662
1663
1664
1665
1666
1667
5713
1669
1670
1671
1672
1673
1674
1675
1676
1677
1678
1679
1680
1681
1682
1683
1684
2246
4930
5746
1688
5749
1690
1691
1692
1693
1694
1695
1696
1697
1698
1699
1700
1701
1702
1703
1704
1705
1706
1707
1708
1709
1710
1711
1712
1713
1714
1715
1716
1717
1718
1719
1720
1721
1722
1723
1724
1725
1726
1727
1728
1729
1730
1731
1732
1733
1734
1735
1736
1737
1738
1739
1740
1741
1742
1743
1744
1745
1746
1747
1748
1749
1750
1751
1752
1753
1754
1755
1756
1757
1758
1759
1760
1761
1762
1763
1764
1765
1766
1767
1768
1769
1770
1771
1772
1773
1774
1775
1776
1777
1778
1779
1780
1781
1782
1783
1784
1787
1785
3729
1788
1786
345
1789
1794
3435
3432
1054
1792
1797
1798
86
1800
1797
358
1810
1809
1803
2992
3003
2992
909
1807
105
105
169
3684
2152
1819
1819
365
3043
1823
1820
921
1823
367
1858
1858
1858
1858
1830
3085
1830
1829
3047
383
383
383
372
1831
372
1832
1858
384
441
383
3140
3140
948
3138
4403
3064
3064
3061
430
1990
3085
3085
3085
3966
1859
1860
1861
1862
1863
1864
1865
1866
1867
1868
1869
1870
1871
1872
1873
1874
1875
1876
1877
1878
1879
1880
1881
1882
1883
1884
1885
1886
1887
1888
1889
1890
1891
1892
1893
1894
1895
1896
1897
1898
1899
1900
1901
1902
1903
1904
1905
1906
1907
1908
1909
1910
1911
1912
1913
1914
1915
1916
1917
1918
1919
1920
1921
1922
1923
1924
1925
1926
1927
1928
1929
1930
1931
1932
1933
1934
1935
1936
1937
1938
1939
1940
1941
1942
1943
1944
1945
2965
121
902
2965
32
1951
1952
1951
1962
1962
901
3556
421
1959
3562
1084
1959
1963
1964
1965
1966
1967
3744
4390
26
142
426
1975
1824
2943
1975
1977
1978
1979
1982
1982
886
890
1981
1802
357
3040
3048
3969
3048
3079
1992
1993
1994
1995
1996
1997
1998
1999
2000
2001
2002
2003
2004
2005
2006
2007
2008
2009
3085
3085
3085
948
3084
3084
3138
3139
3140
1953
2020
2021
2022
2023
2024
2025
2026
2027
2028
2029
2030
2031
2032
2033
2034
2035
2036
2037
2038
2039
2040
2041
2042
2043
2044
2045
2046
2047
2048
2049
2050
2051
2052
2053
2054
2055
2056
2057
2058
2059
2060
2061
2062
2063
2064
2065
2066
2067
2068
2069
2070
2071
2072
2073
2074
2075
2076
2077
2078
2079
2080
2081
2082
2083
2084
2085
2086
2087
2088
2089
2090
2091
2092
2093
2094
2095
2096
2097
2098
2099
2100
2101
2102
2103
2104
2105
2106
2107
2108
2109
2110
2111
2112
2113
2114
2115
2116
2117
2118
2119
2120
2121
2122
2123
2124
2125
2126
2127
2128
2129
2130
2131
2133
2133
498
499
4391
2139
851
4391
3472
2143
507
2143
508
2145
2582
2147
2148
892
892
2952
1958
1820
3009
94
3010
2157
2158
2157
2160
2161
2162
2163
2164
2165
2166
2167
2168
818
3953
988
3956
3784
1137
3790
1842
2177
2178
2179
2180
2183
522
5488
2183
2184
523
521
5198
5199
2192
1582
5197
2193
2194
2195
2193
297
2198
2199
4836
2201
2206
4803
2202
5534
4792
277
5441
198
277
4752
541
4830
541
2213
2220
2220
4810
544
2387
311
268
312
220
311
2257
2257
2257
560
4845
2232
2232
548
4845
2232
560
2232
2232
2234
4878
2232
560
560
2259
2257
1498
4886
4891
5721
5720
608
608
2398
2399
4860
4882
4881
2257
4882
2260
2261
2262
2263
2264
2265
2266
2267
2268
2269
2270
2271
2272
2273
2274
2275
2276
2277
2278
2279
2280
2281
2282
2283
2284
2285
2286
2287
2288
2289
2290
2291
2292
2293
2294
2295
2296
2297
2298
2299
2300
2301
2302
2303
2304
2305
2306
2307
2308
2309
2310
2311
2312
2313
2314
2315
2316
2317
2318
2319
2320
2321
2322
2323
2324
2325
2326
2327
2328
2329
2330
2331
2332
2333
2334
2335
2336
2337
2338
2339
2340
2341
2342
2343
2344
2345
2346
2347
2348
2349
2350
2351
2352
2353
2354
2355
2356
2357
2358
2359
2360
4763
4763
5247
4763
4763
2366
2367
2368
2378
2378
2377
2378
1451
2376
1603
2376
681
2374
2379
2380
2381
2382
2386
4783
1656
4742
2387
2388
191
2392
1439
2392
1461
2390
535
5516
2396
4843
607
2401
1497
2402
2403
2404
2405
2406
2407
2408
2409
2410
2411
2412
2413
2414
2415
2416
2417
2418
2419
4882
4882
4882
4882
560
4948
560
2257
560
1496
6149
1496
2432
2433
2434
2435
2436
2437
2438
2439
2440
2441
2442
2443
2444
2445
2446
2447
2448
2449
2450
2451
2452
2453
2454
2455
2456
2457
2458
2459
2460
2461
2462
2463
2464
2465
2466
2467
2468
2469
2470
2471
2472
2473
2474
2475
2476
2477
2478
2479
2480
2481
2482
2483
2484
2485
2486
2487
2488
2489
2490
2491
2492
2493
2494
2495
2496
2497
2498
2499
2500
2501
2502
2503
2504
2505
2506
2507
2508
2509
2510
2511
2512
2513
2514
2515
2516
2517
2518
2519
2520
2521
2522
2523
2524
2525
2526
2527
2528
2529
2530
2531
2532
2533
2534
2536
6147
2536
675
678
4625
2540
678
2546
2543
5236
6137
1401
2551
685
2548
4619
2554
688
5519
6138
6138
2371
5352
4810
263
4810
4807
689
689
2566
689
2567
2568
2569
2570
1685
5716
5714
5715
5542
2245
5546
5542
2553
5567
2579
2583
2583
697
2586
2818
2589
2589
6139
2590
2591
2592
2593
2594
2595
2596
2597
2598
2599
2600
2601
2602
2603
2604
2605
2606
2607
2608
2609
2610
2611
2612
2613
2614
2615
2616
2617
2618
2619
2620
2621
2622
2623
2624
2625
2626
2627
2628
2629
2630
2631
2632
2633
2634
2635
2636
2637
2634
2639
2640
2641
2642
2643
2644
2645
2646
2647
2648
2649
2650
2651
2652
2653
2654
2655
2656
2657
2658
2659
2660
2661
2662
2663
2664
2665
2666
2667
2668
2669
2670
2671
2672
2673
2674
2675
2676
2677
2678
2679
2680
2681
2682
3748
2684
2685
2686
2687
2688
2689
2690
2691
2692
2695
3625
3722
762
2693
2702
764
2698
767
2712
768
3730
2704
2707
3667
2708
2709
2710
2711
2712
2713
2714
2715
2716
2717
2718
2719
2720
2721
2722
2723
2724
2725
2726
2751
2728
2729
2730
2731
2732
2733
2734
2735
2736
2737
2738
2739
2740
2741
2742
2743
2744
2745
2746
3829
2748
2749
792
2754
729
796
3563
2755
2756
2757
2758
2759
2130
497
2760
2760
2012
1831
2013
1836
4395
2771
2775
3769
2772
2773
2774
2772
2776
2778
3372
809
2777
808
2782
2783
2782
2785
2790
813
2786
816
3764
819
2793
3173
2848
2794
3786
1854
373
3786
2803
2801
825
3384
826
2720
2806
774
2824
2822
2822
2823
2811
2816
2817
2813
2818
811
2819
2819
512
2159
3638
2825
832
499
3423
938
3422
2830
937
2831
2832
3781
2834
2835
3148
957
3116
964
3145
1833
371
1829
1833
2159
2821
513
3144
3169
3141
972
962
962
965
956
2859
2856
2858
2859
2860
2861
2860
2863
2864
2865
2865
2867
2868
857
2862
3471
2140
2873
2874
855
2876
3463
3462
874
3464
1067
2882
3720
357
2885
2886
2888
3627
867
2887
866
2893
3725
870
2892
348
2899
2898
3723
2140
2137
2869
504
2137
2904
505
871
877
2909
871
3593
3493
422
2963
1948
3491
1946
1949
879
1947
121
32
902
62
123
3446
62
124
33
124
882
2949
1800
883
1797
2945
2937
2939
3443
2940
2999
2940
886
3443
3442
1070
3467
3467
3466
891
3617
3591
893
892
2152
4392
2152
875
2900
874
2959
2964
2962
3500
2964
2970
356
2970
3712
3711
3747
2974
932
3747
2979
906
907
2975
3041
2966
904
41
503
2985
2973
905
2984
2985
2988
1973
919
908
3504
913
3504
3756
888
910
1069
1069
911
3004
1983
3509
41
39
41
2987
3008
3010
2986
154
170
2980
105
3684
96
100
919
1954
1955
4394
3023
925
3025
3026
3510
929
3029
3028
869
3032
3030
3033
2978
3035
930
3039
3777
3039
932
932
3044
3044
3969
3969
3966
3151
3085
3966
3419
3417
3419
3419
3421
3075
3075
3420
945
945
3074
3074
3077
3078
3058
940
3058
3056
3056
3057
3058
429
1991
945
3416
945
3076
946
946
1831
1831
1831
1830
3969
3969
3139
3969
3139
3139
3138
954
3133
3098
954
3129
3129
3132
945
3416
967
3126
3127
3131
967
384
3085
440
3966
6235
3414
6235
6235
6235
3126
3126
3126
3125
3104
3100
958
3104
935
3055
3055
3131
3131
1062
1062
3416
1062
1062
945
3076
945
1062
3416
1062
946
946
3133
951
951
3097
3096
953
953
3099
3103
958
958
3152
3076
3152
1831
3161
1831
383
383
383
3085
3966
3415
3415
6236
6236
945
3076
3102
4373
3097
3095
3093
3091
3152
4405
3152
3151
3415
3413
980
3415
3178
3179
3193
3175
1846
3973
3972
969
3130
960
969
3179
3409
989
968
961
3134
1844
1843
361
364
3203
3204
3205
3206
3207
3208
3209
3210
3211
3212
3213
3214
3215
3216
3217
3218
3219
3220
3221
3222
3223
3224
3225
3226
3227
3228
3229
3230
3231
3232
3233
3234
3235
3236
3237
3238
3239
3240
3241
3242
3243
3244
3245
3246
3247
3248
3249
3250
3251
3252
3253
3254
3255
3256
3257
3258
3259
3260
3261
3262
3263
3264
3265
3266
3267
3268
3269
3270
3271
3272
3273
3274
3275
3276
3277
3278
3279
3280
3281
3282
3283
3284
3285
3286
3287
3288
3289
3290
3291
3292
3293
3294
3295
3296
3297
3298
3299
3300
3301
3302
3303
3304
3305
3306
3307
3308
3309
3310
3311
3312
3313
3314
3315
3316
3317
3318
3319
3320
3321
3322
3323
3324
3325
3326
3327
3328
3329
3330
3331
3332
3333
3334
3335
3336
3337
3338
3339
3340
3341
3342
3343
3344
3345
3346
3347
3348
3349
3350
3351
3352
3353
3354
3355
3356
3357
3358
3359
3360
3361
3362
3363
3364
3365
3366
3367
3368
3369
3370
3369
3373
3389
1046
1045
3378
1047
3392
1048
3376
3380
1049
3381
2780
810
3386
2829
3388
3383
814
1050
3394
797
3394
1051
3396
1052
3396
3431
3400
3401
3402
3405
3404
3407
1058
3760
1059
3414
3414
1060
3414
1062
1062
3416
1062
3421
3421
3421
1062
1062
938
938
3410
3425
3410
3427
3428
3429
3430
3433
3433
3370
1044
1066
3460
3459
3464
3437
2871
3450
3450
3442
3465
126
11
127
2949
860
2961
2879
3452
3453
3454
3455
3456
3457
3458
852
3461
852
2871
858
3461
900
900
3481
3468
3469
3470
2862
853
2965
3483
3483
2965
62
124
3479
2901
873
2905
1079
3484
3485
3486
3487
3488
2963
901
2963
2962
2962
1961
2963
8
115
119
114
2905
876
3438
862
2880
3436
3436
350
859
3451
3398
1053
3512
3513
3514
3515
3516
3517
3518
3519
3520
3521
3522
3523
3524
3525
3526
3527
3528
3529
3530
3531
3532
3533
3534
3535
3537
4367
1095
3539
3540
3541
3542
3543
3544
3545
3546
3547
3548
3549
3550
3551
3552
3553
3554
3555
1962
106
108
2857
849
3559
3561
3563
3564
3565
3566
3567
3568
834
3124
2828
373
1853
3064
1101
3660
3123
3577
1103
3580
3581
3582
3583
3584
3585
3586
3587
3588
3589
3590
3591
501
3585
3594
3595
3596
3597
3598
3599
3600
3601
3602
3603
3604
3605
3606
3607
3608
3609
3610
3611
3612
3613
2895
3614
872
3615
1113
3619
3620
3621
3622
2762
800
3624
2762
3629
766
3645
801
3632
3633
2134
500
3635
3636
3814
1118
3640
3816
3641
3642
3643
3644
3644
2802
824
3646
3649
3650
3651
3652
3574
3574
822
3656
3657
3658
3659
3387
3661
3662
3663
3664
1123
1123
3736
3668
3669
3670
3671
3672
3673
3674
1791
3675
769
3679
3679
3678
3676
1126
3681
3680
3685
3686
3687
3688
3689
3690
3694
3691
817
3694
3696
3699
3695
3698
2700
3700
3739
3702
3703
3704
3741
3697
3706
868
3683
3710
3707
1131
3713
3714
3715
3719
3717
798
3719
3034
3721
2891
3723
3724
2711
3726
3727
3728
3729
3736
3731
3732
3732
3734
3735
3737
1134
3738
2838
2855
2836
2840
2972
2972
2890
3746
3746
847
2853
1135
3759
3773
927
3751
1975
3774
1984
931
3776
3025
926
3763
3809
3765
3770
1132
2784
3767
807
2756
357
349
3507
886
3506
3505
3502
3778
3779
3782
4379
3795
3966
3049
3966
1829
1988
3785
3177
3798
3791
3792
3793
1104
3068
3045
3048
3174
3184
3648
831
3067
3066
2809
845
3806
3807
3808
2788
815
3811
3819
3813
803
2771
3768
3817
3817
3818
3820
3821
3822
3823
3824
3825
3826
3827
3828
3832
1143
1144
3833
3833
3834
3835
3836
3837
1129
3839
3840
3841
3845
3843
3953
818
3955
1164
3848
3848
3850
3851
3852
3853
3854
3855
3856
3857
3858
3859
3860
3861
3862
3863
3864
3865
3866
3867
3868
3869
3870
3871
3872
3873
3874
3875
3876
3877
3878
3879
3880
3881
3882
3883
3884
3885
3886
3887
3888
3889
3890
3891
3892
3893
3894
3895
3896
3897
3898
3899
3900
3901
3902
3903
3904
3905
3906
3907
3908
3909
3910
3911
3912
3913
3914
3915
3916
3917
3918
3919
3920
3921
3922
3923
3924
3925
3926
3927
3928
3929
3930
3931
3932
3933
3934
3935
3936
3937
3938
3939
3940
3941
3942
3943
3941
3946
3948
3947
3944
1162
3950
3951
2792
818
3954
3956
4378
3960
440
3087
3088
3961
3962
3963
3139
3138
3969
3966
3969
3151
3969
1165
3990
3991
3993
974
3976
3976
3978
3979
3980
3981
3982
3983
2638
732
3984
3987
3988
3989
3152
3152
6236
6236
3167
3162
3996
3997
3998
3999
4000
4001
4002
4003
4004
4005
4006
4007
4008
4009
4010
4011
4012
4013
4014
4015
4016
4017
4018
4019
4020
4021
4022
4023
4024
4025
4026
4027
4028
4029
4030
4031
4032
4033
4034
4035
4036
4037
4038
4039
4040
4041
4042
4043
4044
4045
4046
4047
4048
4049
4050
4051
4052
4053
4054
4055
4056
4057
4058
4059
4060
4061
4062
4063
4064
4065
4066
4067
4068
4069
4070
4071
4072
4073
4074
4075
4076
4077
4078
4079
4080
4081
4082
4083
4084
4085
4086
4087
4088
4089
4090
4091
4092
4093
4094
4095
4096
4097
4098
4099
4100
4101
4102
4103
4104
4105
4106
4107
4108
4109
4110
4111
4112
4113
4114
4115
4116
4117
4118
4119
4120
4121
4122
4123
4124
4125
4126
4127
4128
4129
4130
4131
4132
4133
4134
4135
4136
4137
4138
4139
4140
4141
4142
4143
4144
4145
4146
4147
4148
4149
4150
4151
4152
4153
4154
4155
4156
4157
4158
4159
4160
4161
4162
4163
4164
4165
4166
4167
4168
4169
4170
4171
4172
4173
4174
4175
4176
4177
4178
4179
4180
4181
4182
4183
4184
4185
4186
4187
4188
4189
4190
4191
4192
4193
4194
4195
4196
4197
4198
4199
4200
4201
4202
4203
4204
4205
4206
4207
4208
4209
4210
4211
4212
4213
4214
4215
4216
4217
4218
4219
4220
4221
4222
4223
4224
4225
4226
4227
4228
4229
4230
4231
4232
4233
4234
4235
4236
4237
4238
4239
4240
4241
4242
4243
4244
4245
4246
4247
4248
4249
4250
4251
4252
4253
4254
4255
4256
4257
4258
4259
4260
4261
4262
4263
4264
4265
4266
3467
4268
4269
4270
4271
4272
4273
4274
4275
4276
4277
4278
4279
4280
4281
4282
4283
4284
4285
4286
4287
4288
4289
4290
4291
4292
4293
4294
4295
4296
4297
4298
4299
4300
4301
4302
4303
4304
4305
4306
4307
4308
4309
4310
4311
4312
4313
4314
4315
4316
4317
4318
4319
4320
4321
4322
4323
4324
4325
4326
4327
4328
4329
4330
4331
4332
4333
4334
4335
4336
4337
4338
4339
4340
4341
4342
4343
4344
4345
4346
4347
4348
4349
4350
4351
4352
4353
4354
4355
4356
4357
4358
4359
4360
4361
4362
4363
4364
4365
4366
3977
4368
4369
3059
3063
430
955
955
3099
1849
2018
950
3062
4380
4381
4382
4383
3734
1070
4386
4387
4388
4389
2971
2866
3591
2815
3556
2775
4396
4397
4398
4399
4400
4401
1831
3133
3085
945
4406
4407
4408
4409
4410
4411
4412
4413
4414
4415
4416
4417
4418
4419
4420
4421
4422
4423
4424
4425
4426
4427
4428
4429
4430
4431
4432
4433
4434
4435
4436
4437
4438
4439
4440
4441
4442
4443
4444
4445
4445
4447
4448
4449
4450
4451
4452
4453
4454
4455
4456
4457
4458
4459
4460
4461
4462
4463
4464
4465
4466
4467
4468
4469
4470
4471
4472
4474
5629
1315
4473
4477
4478
4479
4480
4481
4482
4483
4484
4485
4486
4487
4488
4489
4490
4491
5507
4493
4494
4495
4496
4497
4498
4499
4500
4504
4502
1329
5482
1330
4520
4523
1332
4507
4522
5426
5428
4510
4512
1335
4516
4516
4518
4519
4523
1339
5412
5458
4524
4524
4526
4527
4528
4529
4530
1345
4528
4533
4534
4535
4555
4539
4537
5486
1349
4541
4542
4543
4544
4545
4546
4547
4548
1350
4550
4551
4552
4553
4554
4556
5325
1301
4559
5563
1342
4558
1357
2537
2541
4563
2535
2231
4947
619
2231
4573
1364
6141
4571
4579
5558
1365
4579
4579
4583
1368
4580
5152
1367
5537
4578
4584
4589
5158
1372
4588
1371
4596
4593
1689
4960
6122
4642
4641
550
5333
4602
5161
4604
4605
4525
1341
4606
5400
5400
5401
5397
691
4616
1369
4619
4614
4615
4620
5519
2566
5396
2563
1388
5524
5401
4851
4627
1486
4850
5538
1370
1392
5335
5536
4935
4935
4955
4937
6121
548
2233
2230
548
2563
2564
2565
4933
1513
4931
4959
4911
4900
4913
4655
4656
4657
4658
4660
4660
4661
4659
1345
4664
4665
4666
4667
5235
4662
4668
4662
4672
4673
4674
4675
5228
1586
5228
5227
5226
4683
1416
5173
4684
4685
4690
1418
4686
1421
5389
4695
524
4691
1424
5484
4697
5483
4696
4670
4699
4669
684
2544
683
4703
1423
4694
4693
4708
4710
5256
2365
4762
5257
5258
1430
2362
2361
4721
2361
1452
5247
1433
2363
4722
4727
1593
5230
4746
1435
1434
1444
4731
2196
531
1437
1437
4800
4739
1437
4741
4739
4744
4798
4743
5230
5231
5230
1442
1442
5377
5379
6138
2558
5352
2371
4701
1426
4671
4699
4764
4761
1598
5264
5468
1651
5471
5470
5468
5505
5506
5505
4842
4840
4839
4840
540
4774
5471
5472
337
533
4773
1482
4773
1455
4772
4784
1456
4783
5268
5266
5268
1464
4796
5514
4795
4747
1588
4747
4802
6131
1440
337
337
219
4787
4771
4787
1469
339
339
198
277
4752
699
2222
4786
200
2378
200
4823
5274
1477
4822
4828
1419
5482
4828
4826
4829
4831
540
1480
4833
5533
5533
1604
4842
4841
4830
4827
1497
4930
4881
1497
2257
2257
5186
5187
5185
1489
4871
4872
4873
4874
4871
4875
607
4876
4875
4855
4853
1488
4854
4858
4853
4854
2401
2398
4873
1493
4873
1494
4876
4940
2232
2230
2232
2232
1497
1497
4930
1497
4883
4929
4883
1503
1503
4894
4925
4922
1494
4873
4923
4922
4919
4920
1502
4919
2257
2257
4884
561
6235
5182
6235
5184
4918
4893
4898
4897
4897
1504
4853
4856
1485
5183
5183
5183
5183
1494
4873
4873
1493
5183
1494
4876
1511
4940
1500
4890
4896
1500
4896
6119
1501
4893
4898
4940
4940
1493
2232
2232
560
2257
4882
4881
6255
6151
6255
6255
4873
1493
6121
6120
4895
4892
4958
4889
4940
4844
4941
4942
6151
6151
4966
5184
4964
4961
4980
4967
2247
2246
5729
4926
4906
1510
4965
1531
4968
4927
1506
4953
2242
4985
2204
4988
4989
4990
4991
4992
4993
4994
4995
4996
4997
4998
4999
5000
5001
5002
5003
5004
5005
5006
5007
5008
5009
5010
5011
5012
5013
5014
5015
5016
5017
5018
5019
5020
5021
5022
5023
5024
5025
5026
5027
5028
5029
5030
5031
5032
5033
5034
5035
5036
5037
5038
5039
5040
5041
5042
5043
5044
5045
5046
5047
5048
5049
5050
5051
5052
5053
5054
5055
5056
5057
5058
5059
5060
5061
5062
5063
5064
5065
5066
5067
5068
5069
5070
5071
5072
5073
5074
5075
5076
5077
5078
5079
5080
5081
5082
5083
5084
5085
5086
5087
5088
5089
5090
5091
5092
5093
5094
5095
5096
5097
5098
5099
5100
5101
5102
5103
5104
5105
5106
5107
5108
5109
5110
5111
5112
5113
5114
5115
5116
5117
5118
5119
5120
5121
5122
5123
5124
5125
5126
5127
5128
5129
5130
5131
5132
5133
5134
5135
5136
5137
5138
5139
5140
5141
5142
5143
5144
5145
5146
5147
5148
1345
5149
4663
5154
1579
5164
5157
5155
5166
5157
5156
5159
4582
5162
4629
5160
1374
5167
5167
5167
1581
1581
5196
5171
3404
5176
1056
1059
3761
5177
5182
5182
5180
5183
5183
1494
5187
5183
5183
5185
5179
5190
5191
5192
5193
5194
1578
5150
5151
1578
5197
5223
5151
5225
1409
1585
5215
5229
5208
5215
295
204
294
1434
4679
4676
4757
5216
5217
5218
5219
5220
5221
5222
4663
4662
1406
1409
5224
1406
4760
5246
1450
5232
5233
5234
4662
1405
4763
4763
5247
5247
203
293
203
4700
1425
5244
5246
5248
5249
5250
5251
5252
4762
4762
1447
4761
2375
4761
4762
201
201
290
286
4705
5265
5200
5200
5202
5204
5199
526
4676
5214
5172
5275
5276
5277
5278
5279
5280
5281
5282
5283
5284
5285
5286
5287
5288
5289
5290
5291
5292
5293
5294
5296
5150
1346
5298
5299
5300
6113
5302
5303
5304
5305
5306
5307
5308
5309
5310
5311
5312
5313
5314
5315
5316
5317
2378
200
1619
5321
5322
5323
5324
5325
5326
5327
5328
5329
1486
1390
4862
4869
4870
2254
5332
5332
5559
1509
5330
552
4600
5341
2239
5345
5346
1337
5348
5349
5350
4709
5351
680
1424
5355
5356
5357
5358
5359
5360
5361
5362
5363
5364
5365
5366
5367
5368
5369
5370
5371
5372
5373
5374
4693
1422
5375
5375
5376
5380
5381
5382
5383
4565
4565
5387
4563
5406
677
4508
1360
5395
5393
679
4609
5399
5398
5570
5399
1637
5571
1639
5405
5418
6128
5403
4604
5409
1382
5411
5422
1640
5411
5333
5333
5334
1626
5342
5420
5343
4629
5423
5423
1642
5425
6130
1643
5413
5429
5430
5431
5432
5433
5434
5435
4514
1336
5436
5469
5469
5440
5438
5442
1646
5439
5446
1648
5601
5448
1648
5453
1375
4597
1649
5457
5455
4509
5449
4506
5460
5461
5498
5463
5501
1376
5456
1420
5456
5443
5444
5466
5467
4608
1383
1358
5478
5573
5527
1359
5480
5481
5386
5483
4517
5485
5486
5487
5490
1653
5495
4538
1316
1348
5491
5494
1654
5497
4636
4637
4639
4651
311
4772
4688
4688
5504
4652
1478
5510
4825
4824
5511
5514
5531
4797
5532
525
4825
5520
5565
1580
5523
5168
1366
4575
5525
1357
5178
1477
2188
5531
2189
5270
5267
1657
1622
5537
5334
6125
4884
4884
1484
548
2401
1658
5556
5553
5548
5560
5339
5560
558
5723
4846
4962
1526
1623
5408
4864
4861
1386
4646
5563
4561
4591
1373
5569
5568
5575
4574
1363
4572
5573
5574
5574
5576
5577
5578
5579
5580
5581
5582
5583
5584
5585
5586
5587
5588
5589
5590
5591
5593
5598
5594
5595
5596
5597
5602
5712
4568
5344
4569
557
5604
5605
5606
5607
5608
5609
5610
5611
5612
5613
5614
5615
5616
5617
5618
5619
5620
5623
5622
5631
5624
5625
5626
5627
5628
5629
5630
4476
5632
5633
5634
5635
5636
5637
5638
5639
5640
5641
5642
5643
5644
5645
5646
5647
5648
5649
5650
5651
5652
5653
5654
5655
5656
5657
5658
5659
5660
5661
5662
5663
5664
5665
5666
5667
5668
5669
5670
5671
5672
5673
5674
5675
5676
5677
5678
5679
5680
5681
5682
5683
5684
5685
5686
5687
5688
5689
5690
5691
5692
5693
5694
5695
5696
5697
5698
5699
5700
5701
5702
5703
5704
5705
1683
5707
5708
1378
1685
5711
5716
618
6124
619
2429
4594
5718
5719
4883
4928
1497
4930
1497
4881
5723
5723
5746
5728
5747
1687
5732
5733
5732
5735
5736
5737
5738
5739
4446
5740
1302
5743
5744
5745
4940
4940
6255
4954
1515
4952
5752
5753
5754
5755
5756
5757
5758
5759
5760
5761
5762
5763
5764
5765
5766
5767
5768
5769
5770
5771
5772
5773
5774
5775
5776
5777
5778
5779
5780
5781
5782
5783
5784
5785
5786
5787
5788
5789
5790
5791
5792
5793
5794
5795
5796
5797
5798
5799
5800
5801
5802
5803
5804
5805
5806
5807
5808
5809
5810
5811
5812
5813
5814
5815
5816
5817
5818
5819
5820
5821
5822
5823
5824
5825
5826
5827
5828
5829
5830
5831
5832
5833
5834
5835
5836
5837
5838
5839
5840
5841
5842
5843
5844
5845
5846
5847
5848
5849
5850
5851
5852
5853
5854
5855
5856
5857
5858
5859
5860
5861
5862
5863
5864
5865
5866
5867
5868
5869
5870
5871
5872
5873
5874
5875
5876
5877
5878
5879
202
202
5882
5883
5884
5885
5886
5887
5888
5889
5890
5891
5892
5893
5894
5895
5896
5897
5898
5899
5900
5901
5902
5903
5904
5905
5906
5907
5908
5909
5910
5911
5912
5913
5914
5915
5916
5917
5918
5919
5920
5921
5922
5923
5924
5925
5926
5927
5928
5929
5930
5931
5932
5933
5934
5935
5936
5937
5938
5939
5940
5941
5942
5943
5944
5945
5946
5947
5948
5949
5950
5951
5952
5953
5954
5955
5956
5957
5958
5959
5960
5961
5962
5963
5964
5965
5966
5967
5968
5969
5970
5971
5972
5973
5974
5975
5976
5977
5978
5979
5980
5981
5982
5983
5984
5985
5986
5987
5988
5989
5990
5991
5992
5993
5994
5995
5996
5997
5998
5999
6000
6001
6002
6003
6004
6005
6006
6007
6008
6009
6010
6011
6012
6013
6014
6015
6016
6017
6018
6019
5230
6021
6022
6023
6024
6025
6026
6027
6028
6029
6030
6031
6032
6033
6034
6035
6036
6037
6038
6039
6040
6041
6042
6043
6044
6045
6046
6047
6048
6049
6050
6051
6052
6053
6054
6055
6056
6057
6058
6059
6060
6061
6062
6063
6064
6065
6066
6067
6068
6069
6070
6071
6072
6073
6074
6075
6076
6077
6078
6079
6080
6081
6082
6083
6084
6085
6086
6087
6088
6089
6090
6091
6092
6093
6094
6095
6096
6097
6098
6099
6100
6101
6102
6103
6104
6105
6106
6107
6108
6109
6110
6111
6112
5734
6114
6115
4860
4875
607
1502
1502
4893
556
622
623
1490
5343
4634
1380
4601
5410
5207
6132
6133
6134
6135
5506
4667
5351
1387
2378
4576
6142
6143
6144
6145
6146
6147
2232
4925
2257
4873
6152
6153
6154
6155
6156
6157
6158
6159
3084
5720
6162
6163
6164
6165
6166
6167
6168
6169
6170
6171
6172
6173
6174
6175
6176
6177
6178
6179
6180
6181
4974
988
2174
2578
6186
6187
6188
6189
6190
6191
960
6193
6183
6195
6196
6197
6198
6199
6248
6201
6202
6203
6238
6205
6123
6207
3975
6209
6210
6240
6240
6213
6214
6215
6216
6217
6218
6219
6220
6221
6222
6223
6224
6225
6226
6227
6228
6229
6230
6231
6232
6233
6234
6235
6236
6237
6238
6239
6240
6241
6242
6243
6244
6245
6246
6247
6248
6249
6250
6251
6252
6253
6254
6255
6256
6257
6258
6259
6260
6261
6262
6263
6264
6265
6266
6267
6268
6291
6270
6290
6272
6273
6274
6275
6276
6277
6278
6279
6280
6281
6282
6283
6284
6285
6286
6287
6288
6289
6290
6291
