0
1
2
3
4
151
107
115
8
9
122
3446
12
13
14
80
55
59
63
82
20
21
93
1822
24
25
39
151
6
111
924
1083
1078
1068
34
35
36
37
159
39
40
49
154
166
44
45
46
47
50
49
76
51
48
53
54
55
53
58
120
10
57
2927
124
894
61
66
3445
67
63
70
78
70
15
18
73
64
71
77
79
81
16
60
17
64
84
85
86
87
88
89
90
91
92
921
94
95
96
97
98
99
100
101
102
3016
151
3016
6
148
6
6
6
897
115
3557
8
155
116
3499
118
119
121
4130
1078
3478
3478
1068
3447
3447
129
131
130
74
132
133
134
135
136
137
138
139
140
144
141
39
144
145
146
147
148
148
150
38
52
152
41
8
156
157
158
159
160
161
162
163
164
56
159
42
159
38
168
171
172
264
174
175
176
177
178
179
289
5242
295
183
299
240
250
228
230
234
253
191
192
263
270
4817
196
210
198
199
199
201
1602
1597
1587
303
335
207
208
209
210
304
223
337
338
215
216
217
218
222
219
184
247
185
180
224
231
180
231
230
1592
5880
294
232
182
296
239
236
238
297
249
186
243
251
189
189
244
242
190
252
187
229
188
188
233
255
256
257
258
173
173
263
259
265
174
267
270
269
268
269
195
271
272
271
274
275
276
277
176
276
280
281
199
283
284
285
286
290
287
202
5261
5881
1597
5881
5243
204
5243
298
5210
301
205
302
246
303
288
179
306
307
308
309
310
311
313
331
210
312
316
317
318
319
320
321
322
220
212
323
326
326
330
328
336
331
332
317
334
211
225
329
209
337
340
340
342
343
344
345
346
347
348
349
350
103
21
353
20
2933
356
357
358
359
360
361
107
363
364
1818
366
367
25
3967
959
1989
1833
3072
1829
2841
844
1840
959
2851
1846
1850
3070
1989
1989
151
39
387
388
389
390
391
392
393
394
395
396
397
398
399
400
401
402
403
404
405
406
407
408
409
410
411
412
413
414
415
416
417
418
419
420
2152
1082
423
424
425
426
1974
3771
3079
3138
431
432
433
434
435
436
437
438
439
1845
442
2017
3160
3141
3172
446
447
448
449
450
451
452
453
454
455
456
457
458
459
460
461
462
463
464
465
466
467
468
469
470
471
472
473
474
475
476
477
478
479
480
481
482
483
484
485
486
487
488
489
490
491
492
493
494
495
496
497
2133
499
2135
3617
1963
2969
504
2906
2144
2815
508
509
510
511
512
513
514
515
3107
3784
4498
519
520
521
522
523
524
5532
5270
2557
4754
192
191
2195
2197
4768
534
2200
2204
4803
5515
177
540
541
542
2559
2220
196
4946
547
548
549
550
551
552
553
554
555
1400
557
5560
559
2421
619
198
563
564
565
566
567
568
569
570
571
572
573
574
575
576
577
578
579
580
581
582
583
584
585
586
587
588
589
590
591
592
593
594
595
596
597
598
599
600
601
602
603
604
605
2396
607
608
609
610
611
612
613
614
615
616
617
2250
618
620
621
4960
556
624
625
626
627
628
629
630
631
632
633
634
635
636
637
638
639
640
641
642
643
644
645
646
647
648
649
650
651
652
653
654
655
656
657
658
659
660
661
662
663
664
665
666
667
668
669
670
671
672
673
674
675
2542
677
678
4611
680
681
4766
683
4702
4616
2587
4617
2554
689
4646
691
692
693
694
695
696
2585
698
2222
700
701
702
703
704
705
706
707
708
709
710
711
3851
713
714
715
716
717
718
2621
720
721
722
723
724
725
726
727
728
729
730
731
732
733
734
735
736
737
738
739
740
741
742
743
744
745
746
747
748
749
2689
2688
752
753
754
755
2684
757
758
759
760
761
2696
763
764
765
766
767
768
769
770
771
772
773
774
775
2719
777
3429
2722
2724
3458
782
783
784
785
786
2737
788
3674
2744
3672
792
2748
3542
3541
796
797
798
799
2760
3633
3959
803
3769
805
806
807
2819
2777
2803
825
812
813
814
815
816
817
818
2794
820
2797
3573
3388
3387
3646
2800
827
828
829
830
3648
832
2830
2826
835
836
3780
2833
2839
2854
3740
3741
4372
2842
845
2848
3749
3749
3560
850
851
2861
2863
3485
855
856
3472
858
859
860
861
862
863
2885
865
3623
867
868
3031
870
2910
872
873
874
875
3501
2908
2923
1950
2922
881
2949
882
2941
885
886
887
888
889
890
2950
2955
893
2926
118
8
897
111
6
900
3494
902
2983
2981
905
2988
2990
908
909
3756
3444
912
913
150
3013
917
51
3011
3010
920
93
24
1822
924
3024
3761
3753
928
3028
930
931
3043
3993
3045
3053
2827
833
937
3057
3129
3059
3062
3122
3069
3420
3076
1832
3079
3094
3143
3147
3145
3116
4373
3101
4913
3120
4911
3045
3414
3413
4912
3118
2855
4652
3569
4900
3416
1062
3076
2837
3146
4405
4405
3180
3174
3971
3189
4976
3413
3179
3196
3790
2175
3195
3184
3187
6208
3425
2836
2852
992
993
994
995
996
997
998
999
1000
1001
1002
1003
1004
1005
1006
1007
1008
1009
1010
1011
1012
1013
1014
1015
1016
1017
1018
1019
1020
1021
1022
1023
1024
1025
1026
1027
1028
1029
1030
1031
1032
1033
1034
1035
1036
1037
1038
1039
1040
1041
1042
3368
1044
1045
3373
3377
3378
3380
3383
3394
1052
1053
1054
1055
1056
3404
3406
3408
3414
6235
3421
3419
1064
1065
1066
1067
1068
1069
1070
1071
1072
2919
1074
3469
3475
1948
1078
1079
1080
2913
1081
1083
1084
1085
1086
1087
1088
1089
1090
1091
1092
1093
1094
1095
3567
1097
1098
1099
1100
3571
3795
1103
3577
1105
3581
3583
1108
1109
1110
1111
1112
1113
1114
1115
1116
1117
1118
1119
1120
1121
1122
1123
1124
1125
1126
1127
1128
1129
1130
3712
1132
1133
1134
3751
1136
3797
3799
1139
1140
1141
1142
3830
1144
1145
1146
3847
3853
3856
1150
1151
1152
1153
1154
1155
1156
1157
1158
1159
1160
1161
1162
1163
4377
3993
3994
1167
1168
1169
1170
1171
1172
1173
1174
1175
1176
1177
1178
1179
1180
1181
1182
1183
1184
1185
1186
1187
1188
1189
1190
1191
1192
1193
1194
1195
1196
1197
1198
1199
1200
1201
1202
1203
1204
1205
1206
1207
1208
1209
1210
1211
1212
1213
1214
1215
1216
1217
1218
1219
1220
1221
1222
1223
1224
1225
1226
1227
1228
1229
1230
1231
1232
1233
1234
1235
1236
1237
1238
1239
1240
1241
1242
1243
1244
1245
1246
1247
1248
1249
1250
1251
1252
1253
1254
1255
1256
1257
1258
1259
1260
1261
1262
1263
1264
1265
1266
1267
1268
1269
1270
1271
1272
1273
1274
1275
1276
1277
1278
1279
1280
1281
1282
1283
1284
1285
1286
1287
1288
1289
1290
4433
5487
1293
1294
1295
1296
1297
1298
1299
1300
1301
1302
1303
1304
1305
1306
1307
1308
1309
1310
1311
1312
1313
1314
1315
1316
1317
4491
1319
4494
4541
1322
1323
1324
4542
1326
1327
1328
1329
1330
1331
1332
1333
1334
1335
1336
1337
1338
1339
1340
1341
4526
1343
1344
1345
5297
1347
1348
1349
5433
5435
4547
1353
1354
5304
1356
5167
1358
1359
5394
4563
1362
1363
1364
1365
1366
1367
4582
4603
1370
5156
1372
1373
5160
1375
1376
4595
1378
1379
1380
4602
1382
1383
4613
4622
4621
5408
1388
1389
4629
1391
1392
1394
5499
5500
1395
1397
1398
1399
4650
1401
1402
1403
1404
1405
1406
1407
1408
1409
2545
5214
5266
4676
5215
1415
1416
4683
1418
1419
1420
1421
1422
1423
1424
5245
4760
4701
1428
1429
2365
4721
4722
2363
1434
1435
529
4738
1438
4739
1461
2391
1442
1443
5211
4712
1446
199
199
1449
5230
1451
1452
1472
4782
4787
4785
4789
2562
2206
4793
1656
4744
4747
4802
2224
4813
321
1470
699
2561
221
210
263
4817
270
201
5529
5508
1479
4778
4838
1482
4844
1484
4852
1390
4864
1488
1489
6117
4867
2255
1493
1494
1495
623
607
2248
4933
4958
1507
4899
4890
1508
4845
5184
4914
4639
5332
1494
1493
1393
4956
4942
4942
1516
1517
1518
4978
5184
1521
4984
1523
6185
1525
1526
1527
1528
4639
6213
1531
1532
1533
1534
1535
1536
1537
1538
1539
1540
1541
1542
1543
1544
1545
1546
1547
1548
1549
1550
1551
1552
1553
1554
1555
1556
1557
1558
1559
1560
1561
1562
1563
1564
1565
1566
1567
1568
1569
1570
1571
1572
1573
1574
1575
1576
1577
5196
5154
5157
1581
2188
5178
1584
5199
4678
1587
5206
5207
1590
1591
4717
1593
1594
1595
1596
1597
4763
1599
1600
5255
1602
1603
5269
1605
1606
1607
1608
1609
1610
1611
1612
1613
1614
5328
1616
1617
1618
1619
5425
5340
1622
1623
1624
5338
1626
1627
1628
1629
1630
1631
1632
1633
1634
1635
1636
1637
1638
1639
1640
1641
5424
1643
1644
1645
1646
1647
1648
1649
1650
5472
1652
1653
1654
5517
2386
1657
1658
1659
1660
1661
1662
1663
1664
1665
1666
1667
1668
1669
1670
1671
1672
1673
1674
1675
1676
1677
1678
1679
1680
1681
1682
1683
1684
1685
4844
5730
1688
1689
1690
1691
1692
1693
1694
1695
1696
1697
1698
1699
1700
1701
1702
1703
1704
1705
1706
1707
1708
1709
1710
1711
1712
1713
1714
1715
1716
1717
1718
1719
1720
1721
1722
1723
1724
1725
1726
1727
1728
1729
1730
1731
1732
1733
1734
1735
1736
1737
1738
1739
1740
1741
1742
1743
1744
1745
1746
1747
1748
1749
1750
1751
1752
1753
1754
1755
1756
1757
1758
1759
1760
1761
1762
1763
1764
1765
1766
1767
1768
1769
1770
1771
1772
1773
1774
1775
1776
1777
1778
1779
1780
1781
1782
1783
1781
1785
1786
1787
1788
1789
1790
1791
1792
1793
1794
1795
1796
1797
1798
86
85
1801
1802
1803
1804
1805
1806
1807
1808
1809
1810
148
148
150
3015
107
1817
3035
1818
1819
1820
1820
921
1823
1824
959
959
3108
959
373
1833
1858
373
3964
1829
1832
1829
2843
1832
844
375
3050
959
1842
3108
3173
3173
1846
379
3172
944
1852
3069
4371
1853
1833
1833
371
1989
1859
1860
1861
1862
1863
1864
1865
1866
1867
1868
1869
1870
1871
1872
1873
1874
1875
1876
1877
1878
1879
1880
1881
1882
1883
1884
1885
1886
1887
1888
1889
1890
1891
1892
1893
1894
1895
1896
1897
1898
1899
1900
1901
1902
1903
1904
1905
1906
1907
1908
1909
1910
1911
1912
1913
1914
1915
1916
1917
1918
1919
1920
1921
1922
1923
1924
1925
1926
1927
1928
1929
1930
1931
1932
1933
1934
1935
1936
1937
1938
1939
1940
1941
1942
1943
1944
1945
1946
1947
878
1949
1076
1951
1952
1953
3020
4394
3490
115
2152
1962
1959
1961
1955
421
1964
1965
1966
1967
160
1968
39
141
1972
1973
1974
1975
1973
1977
1978
89
1980
1981
1982
1983
1984
1985
1986
1986
3965
429
949
3078
1992
1993
1994
1995
1996
1997
1998
1999
2000
2001
2002
2003
2004
2005
2006
2007
2008
2009
371
371
371
1848
371
440
379
379
3142
2019
2020
2021
2022
2023
2024
2025
2026
2027
2028
2029
2030
2031
2032
2033
2034
2035
2036
2037
2038
2039
2040
2041
2042
2043
2044
2045
2046
2047
2048
2049
2050
2051
2052
2053
2054
2055
2056
2057
2058
2059
2060
2061
2062
2063
2064
2065
2066
2067
2068
2069
2070
2071
2072
2073
2074
2075
2076
2077
2078
2079
2080
2081
2082
2083
2084
2085
2086
2087
2088
2089
2090
2091
2092
2093
2094
2095
2096
2097
2098
2099
2100
2101
2102
2103
2104
2105
2106
2107
2108
2109
2110
2111
2112
2113
2114
2115
2116
2117
2118
2119
2120
2121
2122
2123
2124
2125
2126
2127
496
2129
2128
4401
2135
4401
2132
2135
2136
2137
2138
2139
2140
2143
2141
4393
508
2145
2146
2147
2148
6
6
6
897
2153
2154
97
2156
2157
2158
2159
2160
2161
2162
2163
2164
2165
2166
2167
2168
2172
516
2171
3186
2174
3788
983
2174
2180
2177
2179
2180
2181
2182
2183
2184
2185
2186
2187
525
5271
5530
2190
2189
255
257
2195
2193
258
2201
2201
536
2201
537
5515
2203
2202
4794
275
4814
321
275
4754
2212
2213
2212
2215
1475
270
2560
2218
2217
331
2222
312
221
2221
2226
2227
2228
2229
2230
2231
2259
2233
2234
2236
4945
2237
2238
2239
2240
2241
2242
2243
2244
2245
6124
6124
4960
2247
2250
2252
2252
2253
2251
558
2232
619
2232
2420
2260
2261
2262
2263
2264
2265
2266
2267
2268
2269
2270
2271
2272
2273
2274
2275
2276
2277
2278
2279
2280
2281
2282
2283
2284
2285
2286
2287
2288
2289
2290
2291
2292
2293
2294
2295
2296
2297
2298
2299
2300
2301
2302
2303
2304
2305
2306
2307
2308
2309
2310
2311
2312
2313
2314
2315
2316
2317
2318
2319
2320
2321
2322
2323
2324
2325
2326
2327
2328
2329
2330
2331
2332
2333
2334
2335
2336
2337
2338
2339
2340
2341
2342
2343
2344
2345
2346
2347
2348
2349
2350
2351
2352
2353
2354
2355
2356
2357
2358
2359
2360
2364
2361
2363
2364
1595
2366
2367
2368
2369
2370
2371
6140
2373
2374
2375
2376
2377
2378
2379
2380
2381
2382
2219
2562
543
544
2387
2387
259
2392
1439
5531
5514
2390
2199
535
2199
2398
2399
2400
2401
2402
2403
2404
2405
2406
2407
2408
2409
2410
2411
2412
2413
2414
2415
2416
2417
2418
2419
6161
618
2423
6161
2426
2425
2426
2427
2428
2247
556
2246
2432
2433
2434
2435
2436
2437
2438
2439
2440
2441
2442
2443
2444
2445
2446
2447
2448
2449
2450
2451
2452
2453
2454
2455
2456
2457
2458
2459
2460
2461
2462
2463
2464
2465
2466
2467
2468
2469
2470
2471
2472
2473
2474
2475
2476
2477
2478
2479
2480
2481
2482
2483
2484
2485
2486
2487
2488
2489
2490
2491
2492
2493
2494
2495
2496
2497
2498
2499
2500
2501
2502
2503
2504
2505
2506
2507
2508
2509
2510
2511
2512
2513
2514
2515
2516
2517
2518
2519
2520
2521
2522
2523
2524
2525
2526
2527
2528
2529
2530
2531
2532
2533
2534
675
6147
2535
2538
2540
4624
679
6147
2544
4703
684
2546
683
687
687
2589
4614
2549
2549
4620
4756
4756
4756
2555
1474
195
1474
2561
2563
2564
2565
2563
2567
2568
2569
2570
2571
2572
2573
2574
2575
2576
2577
2578
2579
2580
2581
2584
2582
2142
2142
507
2589
698
6139
2590
2591
2592
2593
2594
2595
2596
2597
2598
2599
2600
2601
2602
2603
2604
2605
2606
2607
2608
2609
2610
2611
2612
2613
2614
2615
2616
2617
2618
2619
2620
718
2622
2623
2624
2625
2626
2627
2628
2629
2630
2631
2632
2633
2634
2635
2636
2637
2638
2639
2640
2641
2642
2643
2644
2645
2646
2647
2648
2649
2650
2651
2652
2653
2654
2655
2656
2657
2658
2659
2660
2661
2662
2663
2664
2665
2666
2667
2668
2669
2670
2671
2672
2673
2686
2675
2676
2677
2678
2679
2680
2681
2682
2681
2684
2685
2687
2687
342
758
2690
2691
2692
2693
2694
2693
2696
2697
2698
2699
2700
2701
2702
2703
2704
2705
2706
2707
2708
2709
2710
2711
2712
2713
2714
2715
2716
2717
2718
777
2720
2725
778
2721
781
3456
2726
2727
2728
2729
2730
2731
2732
2733
2734
2735
2735
2737
2738
2739
2740
2745
789
2741
791
3671
2749
2746
794
3540
795
2751
2752
2753
2754
2755
2756
2757
2758
2759
2130
2761
2763
2134
3080
3083
2015
376
2770
2769
4395
804
2772
2773
2774
2775
2776
3384
2777
3384
825
2817
2782
2783
2784
2785
2786
2787
2788
2789
2790
2791
2792
2793
2794
2795
2798
822
3572
2796
2801
3386
824
2802
823
2805
2806
2807
2808
2809
2810
2811
2808
831
3646
831
2815
2814
2813
697
2820
2821
2822
2823
2824
2825
2829
2826
835
2829
836
2831
2832
837
2834
2835
3740
841
3748
3739
3739
843
3787
2842
1854
2845
2846
2847
842
3742
2849
842
3748
3749
3748
848
2857
3559
849
2856
2864
780
2860
854
3484
2865
2866
2867
2868
2869
3471
2871
2872
2873
2874
2875
2876
2877
2878
2879
2880
2881
2882
2883
2884
2885
2886
2887
2888
2889
2890
3722
2892
2893
2894
2895
2896
2897
2898
2899
2900
2901
2902
2903
2904
2905
876
2909
502
3590
501
2907
3496
896
2914
2915
116
2917
2918
880
2920
2921
879
881
2925
2930
883
2924
2947
882
2947
2932
3448
2933
2931
2935
2936
2937
2938
2939
2940
885
2942
2943
2944
2945
2946
2948
4267
2949
2953
893
899
105
6
897
6
103
2958
2959
2960
2961
2962
3492
2964
2965
2968
2967
2980
903
2966
2972
4390
2973
2974
2975
2989
2977
2978
2979
3012
3013
3012
917
2987
2985
918
3008
919
2991
427
3019
2992
2993
2994
2995
2996
3755
2998
2999
3000
3001
3002
3003
3004
49
1970
49
3009
3009
920
426
41
38
154
148
3016
3017
101
2156
3022
3022
155
3025
926
3760
927
3027
3030
365
3033
762
3031
3033
3034
3035
3036
3037
3038
3039
3040
3041
3042
1819
3029
3048
1166
3045
3151
371
371
3422
3422
2827
3423
3053
935
3052
3055
940
3056
3060
939
3133
3061
936
3067
3124
3071
943
966
3123
3086
3064
3075
3418
3075
3074
3077
946
1832
1829
1832
3786
429
3048
3079
429
1849
445
3141
3144
972
3145
3144
957
963
4375
3102
3114
3150
965
3149
962
4939
3047
371
977
3971
979
3414
3112
3192
979
965
4913
3121
3120
848
2854
2853
4654
834
2828
2826
3115
4909
956
3104
3100
1062
4897
3102
4373
945
1062
3416
1062
3093
946
952
3169
839
3169
3168
3119
840
964
3118
3121
4653
3152
3076
982
1855
1829
1832
1829
3967
1829
371
1989
978
3415
3165
3190
945
3076
2838
2836
971
3146
2840
2848
982
3165
3175
3993
980
980
3179
3415
3183
3193
985
3182
3188
988
3973
1530
3191
2853
6192
3194
3424
989
991
2838
3197
1843
3199
3201
3202
3203
3204
3205
3206
3207
3208
3209
3210
3211
3212
3213
3214
3215
3216
3217
3218
3219
3220
3221
3222
3223
3224
3225
3226
3227
3228
3229
3230
3231
3232
3233
3234
3235
3236
3237
3238
3239
3240
3241
3242
3243
3244
3245
3246
3247
3248
3249
3250
3251
3252
3253
3254
3255
3256
3257
3258
3259
3260
3261
3262
3263
3264
3265
3266
3267
3268
3269
3270
3271
3272
3273
3274
3275
3276
3277
3278
3279
3280
3281
3282
3283
3284
3285
3286
3287
3288
3289
3290
3291
3292
3293
3294
3295
3296
3297
3298
3299
3300
3301
3302
3303
3304
3305
3306
3307
3308
3309
3310
3311
3312
3313
3314
3315
3316
3317
3318
3319
3320
3321
3322
3323
3324
3325
3326
3327
3328
3329
3330
3331
3332
3333
3334
3335
3336
3337
3338
3339
3340
3341
3342
3343
3344
3345
3346
3347
3348
3349
3350
3351
3352
3353
3354
3355
3356
3357
3358
3359
3360
3361
3362
3363
3364
3365
3366
3367
1039
2723
3369
779
3372
3373
3372
3762
3377
3377
1047
3376
3380
3381
3381
3383
2800
2800
3386
3387
3388
3389
3390
3389
3393
3393
797
3392
3396
3397
3398
3399
3400
3402
3402
3401
1056
3403
864
3405
1057
3412
1060
3409
3414
1062
1062
3416
3421
3055
3128
3054
3127
1063
2826
2830
3424
3425
3426
3427
3427
3429
3430
3431
3432
3433
3434
3435
3436
3437
3438
3439
3440
3441
3442
3443
3444
126
33
3447
3001
3449
3450
3451
3452
3453
3454
3455
3457
3457
1072
3370
3460
852
3462
3463
3464
3465
3466
3467
3455
3469
3468
2862
853
3473
3474
3475
1077
124
3478
32
3480
3481
3482
3483
3470
1075
3486
3487
3488
2914
1081
3489
3493
3495
422
3489
116
3497
118
3499
3500
3501
3502
3503
3504
3505
3506
3507
3508
3509
3510
3511
3512
3513
3514
3515
3516
3517
3518
3519
3520
3521
3522
3523
3524
3525
3526
3527
3528
3529
3530
3531
3532
3533
3535
3546
3536
3537
3538
3539
3543
790
1096
3841
3544
3545
3428
3547
3548
3549
3550
3551
3552
3553
3554
3555
1955
115
3557
3561
877
3562
1960
3563
3564
3566
3566
1100
3565
3571
3569
835
3574
1102
4379
3575
3576
1101
3578
3579
2799
377
3580
821
3584
3585
3586
3587
3588
3589
891
2151
2951
3593
3594
3595
3596
3597
3598
3599
3600
3601
3602
3603
3604
3605
3606
3607
3608
3609
3610
3611
3612
3613
3614
3615
3616
3618
3618
3619
3620
3621
3622
801
2762
761
3626
3627
3628
3629
3630
3631
3632
500
3634
3635
3636
3637
3638
3639
3640
3641
3642
3643
3644
3645
3647
3647
1103
3649
3650
3651
3652
3654
3781
3653
3656
3657
3658
3659
3660
3661
3662
3663
3664
3665
3666
3667
3668
3669
3670
3671
3672
3673
3674
3675
3676
3677
3678
3679
3680
3681
3682
3683
3684
2736
3686
3687
3688
3689
3690
3691
3692
3693
3694
3695
3696
3697
3698
3699
3700
3701
3702
3703
3704
3705
3706
3711
3708
3709
3710
2970
503
3713
3714
3715
3716
3717
3718
3719
3720
3721
2695
3723
3724
3725
3726
3727
3728
3729
3730
3731
3732
3733
3734
3735
3736
3737
1784
3701
755
1130
3705
1969
1969
3745
3746
2974
2683
756
1058
3754
3750
1058
3406
1976
888
3757
3758
3759
3407
1059
3762
3763
3764
3765
3766
3767
3767
807
3770
2884
3772
3773
3774
3775
3776
3777
3778
3779
3780
3782
3794
3785
1137
3796
3787
3073
3789
3798
1138
3791
3792
3793
3793
1104
933
976
3185
986
3800
3801
3570
3802
3804
3805
2759
3806
3808
3809
3810
3811
3812
3813
3814
3815
3768
3817
3818
3819
3820
3821
3822
3823
3824
3825
3826
3827
3828
2747
793
3831
3832
3833
3834
3835
3836
3837
3838
3839
3840
3840
3842
3843
3846
3845
2764
3957
3849
3852
3848
1148
3854
1149
3855
3568
719
3857
3858
3859
3860
3861
3862
3863
3864
3865
3866
3867
3868
3869
3870
3871
3872
3873
3874
3875
3876
3877
3878
3879
3880
3881
3882
3883
3884
3885
3886
3887
3888
3889
3890
3891
3892
3893
3894
3895
3896
3897
3898
3899
3900
3901
3902
3903
3904
3905
3905
3907
3908
3909
3910
3911
3912
3913
3914
3915
3916
3917
3918
3919
3920
3921
3922
3923
3924
3925
3926
3927
3928
3929
3930
3931
3932
3933
3934
3935
3936
3937
3938
3939
3940
3941
3942
3943
3944
3945
3946
3947
3948
3949
3950
3951
3952
3956
2743
1164
4376
3960
380
440
4378
3961
3962
3963
2018
3170
3048
3045
1166
3151
1166
3975
3993
1168
3974
3995
3976
3977
3978
3979
3980
3981
3982
3983
3984
3985
3986
3987
3988
3989
3152
982
982
3198
990
3995
3996
3997
3998
3999
4000
4001
4002
4003
4004
4005
4006
4007
4008
4009
4010
4011
4012
4013
4014
4015
4016
4017
4018
4019
4020
4021
4022
4023
4024
4025
4026
4027
4028
4029
4030
4031
4032
4033
4034
4035
4036
4037
4038
4039
4040
4041
4042
4043
4044
4045
4046
4047
4048
4049
4050
4051
4052
4053
4054
4055
4056
4057
4058
4059
4060
4061
4062
4063
4064
4065
4066
4067
4068
4069
4070
4071
4072
4073
4074
4075
4076
4077
4078
4079
4080
4081
4082
4083
4084
4085
4086
4087
4088
4089
4090
4091
4092
4093
4094
4095
4096
4097
4098
4099
4100
4101
4102
4103
4104
4105
4106
4107
4108
4109
4110
4111
4112
4113
4114
4115
4116
4117
4118
4119
4120
4121
4122
4123
4124
4125
4126
4127
4128
4129
4130
4131
4132
4133
4134
4135
4136
4137
4138
4139
4140
4141
4142
4143
4144
4145
4146
4147
4148
4149
4150
4151
4152
4153
4154
4155
4156
4157
4158
4159
4160
4161
4162
4163
4164
4165
4166
4167
4168
4169
4170
4171
4172
4173
4174
4175
4176
4177
4178
4179
4180
4181
4182
4183
4184
4185
4186
4187
4188
4189
4190
4191
4192
4193
4194
4195
4196
4197
4198
4199
4200
4201
4202
4203
4204
4205
4206
4207
4208
4209
4210
4211
4212
4213
4214
4215
4216
4217
4218
4219
4220
4221
4222
4223
4224
4225
4226
4227
4228
4229
4230
4231
4232
4233
4234
4235
4236
4237
4238
4239
4240
4241
4242
4243
4244
4245
4246
4247
4248
4249
4250
4251
4252
4253
4254
4255
4256
4257
4258
4259
4260
4261
4262
4263
4264
4265
4266
4267
4268
4269
4270
4271
4272
4273
4274
4275
4276
4277
4278
4279
4280
4281
4282
4283
4284
4285
4286
4287
4288
4289
4290
4291
4292
4293
4294
4295
4296
4297
4298
4299
4300
4301
4302
4303
4304
4305
4306
4307
4308
4309
4310
4311
4312
4313
4314
4315
4316
4317
4318
4319
4320
4321
4322
4323
4324
4325
4326
4327
4328
4329
4330
4331
4332
4333
4334
4335
4336
4337
4338
4339
4340
4341
4342
4343
4344
4345
4346
4347
4348
4349
4350
4351
4352
4353
4354
4355
4356
4357
4358
4359
4360
4361
4362
4363
4364
4365
4366
4367
4368
3906
3066
4370
942
3148
3148
964
819
2850
846
3803
4380
4381
838
3655
4384
4385
4386
4387
4388
4389
3744
4391
2956
3801
115
2775
4396
4397
4398
4399
4400
4401
1832
3171
371
945
4406
4407
4408
4409
4410
4411
4412
4413
4414
4415
4416
4417
4418
4419
4420
4421
4422
4423
4424
4425
4426
4427
4428
4429
4434
4431
4432
1292
5629
4435
4436
4437
4438
4439
4440
4441
4442
4443
4444
4445
4446
4447
4448
4449
4450
4451
4452
4453
4454
4455
4456
4457
4458
4459
4460
4461
4462
4463
4464
4465
4466
4467
4468
4469
4470
4471
4472
4473
4474
4475
4476
4477
4478
4479
4480
1321
4482
4483
4495
5446
4486
4487
4488
4489
4490
4491
4492
4493
1325
4542
4497
1325
4498
4499
4500
4501
4502
4503
4504
4505
4506
4507
4508
4509
4510
4511
4512
4513
4514
4515
4516
4517
4518
4519
4520
4521
4522
4523
4524
4525
776
4527
4528
4529
4530
1346
4532
4533
4534
4535
4536
4537
4538
4539
4540
788
4542
2737
4544
4546
5432
1351
4545
1350
4550
4551
4552
4553
4554
4555
4556
4557
4558
5563
4560
4561
4562
2537
2541
4564
4566
4567
4568
4569
4570
4571
4572
4573
4574
4575
4576
4577
4578
4579
3385
5161
826
2779
4584
4585
4586
4587
4592
1371
4590
1374
5159
4593
4594
4595
4596
4597
4598
4599
4600
4601
4605
2804
4605
4605
4606
4607
4608
1385
4609
4626
1386
1386
4618
4602
1381
1387
5407
4615
1369
4623
691
4645
4624
4625
4626
4628
4628
1389
4627
4631
4632
4633
4634
4635
5498
5499
5498
5500
4638
4641
4642
4643
4644
4645
4646
4647
4651
4651
1377
5501
5507
4654
5507
4655
4656
4657
4658
4659
4660
4661
4662
4663
4664
4665
4666
4667
4670
4669
4699
1427
4672
4673
4674
4675
1411
1411
4677
4680
5213
4681
4682
4683
4681
4685
4686
4687
4688
4689
4690
4691
4692
4693
4694
4695
4696
4697
4698
4700
5244
1426
1425
1428
4704
1428
4706
4707
4708
4709
4710
4713
1431
5253
4714
4711
4718
1432
4720
4716
2362
1430
1433
4724
4727
4723
4726
4728
4728
4729
5209
4731
5209
2197
2193
2195
4736
4737
4738
4739
4737
2387
4741
4740
1437
4743
4746
4747
4748
4749
2558
4751
4752
276
1449
199
280
4758
5229
4757
1450
4761
4762
4763
1603
4767
1453
4811
1454
4765
4771
6136
4772
4773
4775
4788
1456
4774
1457
4811
2224
223
4813
4786
4783
1468
4810
1469
1468
4818
1470
1464
4791
1464
4801
4796
2385
4795
4800
4798
5212
2390
1441
2393
223
223
221
4810
699
1470
4816
223
337
320
275
277
4817
271
2561
4819
4820
4821
1478
4822
5511
5510
4826
4827
4828
4829
4830
4831
4832
4777
1480
4833
2205
4836
1459
4839
4840
4841
4842
4843
4844
4845
4846
4847
4848
5188
4849
4630
4916
4857
4854
4855
1485
4862
4861
1490
4860
6116
4863
4917
1491
4868
4865
1509
5559
4869
4870
4871
1503
4873
4874
4929
4876
4877
4878
4879
4880
2401
4885
4886
2401
2246
2248
2249
4931
4932
1513
4934
6120
4910
6119
1499
4938
4939
4911
4937
4913
4901
4902
4903
4904
4907
5182
4976
1519
4913
1508
4912
4654
4652
1395
4917
1390
5330
4909
4900
4897
5183
1501
4896
4873
1500
5183
1494
4891
4888
4876
4649
4649
1393
4959
4955
4640
4914
4955
4653
4940
4940
4942
4943
4944
2428
620
2423
2421
4951
6151
4982
1522
4873
4942
4636
4637
4932
1512
4648
4650
4941
4962
4963
1514
4966
6151
4967
1520
4969
4970
4971
4972
4973
4974
4975
4977
4652
1529
4979
4980
4981
4983
4983
1532
4985
4986
4987
4988
4989
4990
4991
4992
4993
4994
4995
4996
4997
4998
4999
5000
5001
5002
5003
5004
5005
5006
5007
5008
5009
5010
5011
5012
5013
5014
5015
5016
5017
5018
5019
5020
5021
5022
5023
5024
5025
5026
5027
5028
5029
5030
5031
5032
5033
5034
5035
5036
5037
5038
5039
5040
5041
5042
5043
5044
5045
5046
5047
5048
5049
5050
5051
5052
5053
5054
5055
5056
5057
5058
5059
5060
5061
5062
5063
5064
5065
5066
5067
5068
5069
5070
5071
5072
5073
5074
5075
5076
5077
5078
5079
5080
5081
5082
5083
5084
5085
5086
5087
5088
5089
5090
5091
5092
5093
5094
5095
5096
5097
5098
5099
5100
5101
5102
5103
5104
5105
5106
5107
5108
5109
5110
5111
5112
5113
5114
5115
5116
5117
5118
5119
5120
5121
5122
5123
5124
5125
5126
5127
5128
5129
5130
5131
5132
5133
5134
5135
5136
5137
5138
5139
5140
5141
5142
5143
5144
5145
5146
5147
5148
5150
5296
1578
3374
4583
1046
1049
1049
3379
5155
3382
1050
2804
5162
5163
3391
5164
3395
1051
5166
5169
5170
1582
5172
5175
5173
5175
5174
5176
1417
5180
5182
5181
5183
5187
1494
4850
5185
5186
4627
5189
5190
5191
5192
5193
5194
5171
1581
5195
2192
526
5204
5200
1412
4678
5267
4799
1463
1462
5205
298
5210
204
5212
5208
1589
1588
5216
5217
5218
5219
5220
5221
5222
1585
5224
5201
4679
1413
1586
5229
5230
5231
5232
5233
5234
5235
5236
5237
5238
5239
5240
296
203
5243
5246
1598
5246
5247
5248
5249
5250
5251
5252
5254
5259
1600
5256
5257
5258
5259
290
5261
202
5263
5265
1603
5268
5266
5272
1460
1604
1604
5273
6131
5274
5275
5276
5277
5278
5279
5280
5281
5282
5283
5284
5285
5286
5287
5288
5289
5290
5291
5292
5293
5294
5295
5295
1577
5298
5299
5300
5301
5303
5597
1615
5305
5306
5307
5308
5309
5310
5311
5312
5313
5314
5315
5316
5317
5318
5319
286
5321
5322
5323
5324
5325
5329
5326
1620
5486
5331
5331
1621
5333
5334
5335
5336
5337
5338
5336
5340
5341
5342
5343
5344
5345
5346
5347
5348
5349
5350
5351
6138
5353
5354
5355
5356
5357
5358
5359
5360
5361
5362
5363
5364
5365
5366
5367
5368
5369
5370
5371
5372
5373
5374
5375
5376
5377
5378
5379
5380
5381
5382
5383
1360
1360
5385
4565
5388
5389
5390
5391
5392
5393
4610
1384
5396
5397
5398
5399
5400
5401
5402
5403
5404
5405
5406
1382
5408
5409
5410
5411
5412
5413
5414
5415
5416
5417
5418
5419
5420
5421
5411
5422
5424
1349
5426
5427
5428
5429
5430
5431
5434
1644
5451
1645
5436
5437
5438
5439
5440
5445
5442
5443
5444
4815
5446
5447
5448
5449
5447
5451
5452
5453
5454
5455
5456
5457
5458
5459
5460
5461
5462
5463
5464
5465
5466
5467
5471
5469
533
4769
682
5473
5474
5475
5476
5477
5478
5479
5480
5481
5482
5483
5484
5485
4539
1315
5488
5489
5490
5491
5492
5493
5494
5495
5496
2178
5462
1650
1324
5501
2221
2225
5504
5505
5506
4492
5509
5528
1583
5508
5516
2384
2386
4797
4837
1481
5177
1368
5153
5158
5522
1580
5524
5525
5526
5168
4684
5511
5532
4742
5533
5534
4792
5535
5536
5537
5538
5539
5540
5541
5542
5543
5544
5545
5546
5547
5548
5549
5550
5551
5552
5553
5554
5555
5556
5557
5558
5339
1625
5561
5562
3807
5564
5165
5566
5567
5568
5569
5570
5571
5572
5573
5574
5575
5576
5577
5578
5579
5580
5581
5582
5583
5584
5585
5586
5587
5588
5589
5590
5591
5450
5593
1642
5594
5595
5596
5598
5599
5600
5601
5602
5603
5607
5605
5606
5607
5608
5611
5610
5327
1291
5613
5614
5615
5616
5617
5618
5619
5620
5621
5622
5623
5624
5625
5626
5627
5628
4474
5630
5631
5632
5633
5634
5635
5636
5637
5638
5639
5640
5641
5642
5643
5644
5645
5646
5647
5648
5649
5650
5651
5652
5653
5654
5655
5656
5657
5658
5659
5660
5661
5662
5663
5664
5665
5666
5667
5668
5669
5670
5671
5672
5673
5674
5675
5676
5677
5678
5679
5680
5681
5682
5683
5684
5685
5686
5687
5688
5689
5690
5691
5692
5693
5694
5695
5696
5697
5698
5699
5700
5701
5702
5703
5704
5705
5706
5707
5708
5709
5710
5711
5712
5713
5714
5715
5716
5717
5718
5719
2431
622
4843
4844
4843
4845
5727
5727
1687
5729
1689
5731
5732
5733
5734
5735
5736
5737
5738
5739
5740
5741
5742
5743
5744
5745
4940
4940
5749
5750
5751
5751
5752
5753
5754
5755
5756
5757
5758
5759
5760
5761
5762
5763
5764
5765
5766
5767
5768
5769
5770
5771
5772
5773
5774
5775
5776
5777
5778
5779
5780
5781
5782
5783
5784
5785
5786
5787
5788
5789
5790
5791
5792
5793
5794
5795
5796
5797
5798
5799
5800
5801
5802
5803
5804
5805
5806
5807
5808
5809
5810
5811
5812
5813
5814
5815
5816
5817
5818
5819
5820
5821
5822
5823
5824
5825
5826
5827
5828
5829
5830
5831
5832
5833
5834
5835
5836
5837
5838
5839
5840
5841
5842
5843
5844
5845
5846
5847
5848
5849
5850
5851
5852
5853
5854
5855
5856
5857
5858
5859
5860
5861
5862
5863
5864
5865
5866
5867
5868
5869
5870
5871
5872
5873
5874
5875
5876
5877
5878
5879
293
5881
5882
5883
5884
5885
5886
5887
5888
5889
5890
5891
5892
5893
5894
5895
5896
5897
5898
5899
5900
5901
5902
5903
5904
5905
5906
5907
5908
5909
5910
5911
5912
5913
5914
5915
5916
5917
5918
5919
5920
5921
5922
5923
5924
5925
5926
5927
5928
5929
5930
5931
5932
5933
5934
5935
5936
5937
5938
5939
5940
5941
5942
5943
5944
5945
5946
5947
5948
5949
5950
5951
5952
5953
5954
5955
5956
5957
5958
5959
5960
5961
5962
5963
5964
5965
5966
5967
5968
5969
5970
5971
5972
5973
5974
5975
5976
5977
5978
5979
5980
5981
5982
5983
5984
5985
5986
5987
5988
5989
5990
5991
5992
5993
5994
5995
5996
5997
5998
5999
6000
6001
6002
6003
6004
6005
6006
6007
6008
6009
6010
6011
6012
6013
6014
6015
6016
6017
6018
6019
6020
6021
6022
6023
6024
6025
6026
6027
6028
6029
6030
6031
6032
6033
6034
6035
6036
6037
6038
6039
6040
6041
6042
6043
6044
6045
6046
6047
6048
6049
6050
6051
6052
6053
6054
6055
6056
6057
6058
6059
6060
6061
6062
6063
6064
6065
6066
6067
6068
6069
6070
6071
6072
6073
6074
6075
6076
6077
6078
6079
6080
6081
6082
6083
6084
6085
6086
6087
6088
6089
6090
6091
6092
6093
6094
6095
6096
6097
6098
6099
6100
6101
6102
6103
6104
6105
6106
6107
6108
6109
6110
6111
6112
6113
6114
6115
4866
1492
2254
4938
4935
4936
6122
6122
6123
6125
6126
6127
6128
6129
6130
4745
6132
6133
6134
6135
2225
6137
6138
5558
6140
6141
6142
6143
6144
6145
6146
6147
6148
4957
4847
4873
6152
6153
6154
6155
6156
6157
6158
6159
2013
6161
6162
6163
6164
6165
6166
6167
6168
6169
6170
6171
6172
6173
6174
6175
6176
6177
6178
6179
6180
6181
1533
992
2175
6185
6186
6187
6188
6189
6190
6191
6213
6193
6194
6195
6196
6238
6198
6199
6200
6201
6202
6203
1064
6205
1528
6207
6208
6209
6210
6240
6212
6213
6214
6215
6216
6217
6218
6219
6220
6221
6222
6223
6224
6225
6226
6227
6228
6229
6230
6231
6232
6233
6234
4976
6215
6237
1064
6239
6240
6241
6242
6243
6244
6245
6246
6247
6248
6249
6250
6251
6252
6253
6254
6234
6256
6257
6258
6259
6260
6261
6262
6263
6264
6265
6266
6267
6268
6269
6270
6271
6272
6273
6274
6275
6276
6277
6278
6279
6280
6281
6282
6283
6284
6285
6286
6287
6288
6272
6271
6269
