1800
87
90
94
100
1812
3557
3557
133
57
1078
3446
161
130
50
70
81
64
65
131
354
352
921
923
922
368
1970
169
1958
1958
116
120
123
1068
137
158
146
45
159
917
56
52
3012
42
45
162
44
1797
51
48
13
917
143
16
895
2920
16
17
59
61
17
3477
11
894
18
0
3445
0
67
77
19
77
71
12
12
68
128
130
19
19
78
83
75
73
1799
352
1799
20
1979
1979
22
88
93
1822
23
92
97
2155
3018
98
3018
3018
100
362
1812
362
897
148
2955
1958
1957
3557
8
8
119
1081
9
118
58
9
10
122
62
3478
125
1068
3447
3447
34
34
139
132
135
53
3496
136
145
36
37
140
160
1968
1971
1970
1968
95
99
2
35
164
157
38
26
26
153
3497
896
72
15
41
1968
46
91
896
165
80
154
154
154
166
167
258
256
259
263
271
320
5319
5319
288
231
235
295
238
300
247
243
229
233
4725
246
191
192
2389
1473
194
545
2224
320
178
178
287
293
296
204
303
336
309
218
329
1471
224
4804
4811
213
216
255
2197
172
221
221
1471
184
185
228
187
4716
4712
230
188
1432
181
4724
4725
182
4727
5211
236
4732
297
242
240
248
190
237
237
183
248
299
251
251
253
254
254
189
257
191
257
192
530
259
2389
530
193
261
266
1473
270
174
195
2217
273
271
4817
2207
2210
1449
2207
320
284
5319
284
178
179
305
288
285
289
180
291
289
292
294
203
295
204
204
298
298
301
205
302
303
303
180
227
307
332
308
208
308
311
315
2221
2224
315
317
333
316
206
1467
328
1446
220
4805
325
5263
5263
241
223
186
331
217
260
1446
225
187
212
329
324
1467
1467
2688
1783
3670
345
346
347
348
349
350
2152
352
353
354
2933
356
357
358
359
360
361
3020
363
364
365
366
367
368
3158
1827
384
1831
373
3155
375
2765
377
1825
445
380
381
382
384
384
169
1970
387
388
389
390
391
392
393
394
395
396
397
398
399
400
401
402
403
404
405
406
407
408
409
410
411
412
413
414
415
416
417
418
419
2020
1962
901
423
424
425
426
427
428
3048
430
431
432
433
434
435
436
437
438
439
1847
441
2013
443
950
444
2742
447
448
449
450
451
452
453
454
455
456
457
458
459
460
461
462
463
464
465
466
467
468
469
470
471
472
473
474
475
476
477
478
479
480
481
482
483
484
485
486
487
488
489
490
491
492
493
494
495
496
497
498
499
500
501
502
503
504
505
506
507
508
509
510
3636
3635
2160
514
515
516
517
4494
519
520
521
522
4515
524
525
526
284
1449
192
191
4734
4731
5470
534
2396
2200
4794
2203
4819
4777
2213
4835
2220
2387
545
2420
6150
548
2232
550
2422
4643
2240
2237
6150
622
2250
558
559
548
548
320
563
564
565
566
567
568
569
570
571
572
573
574
575
576
577
578
579
580
581
582
583
584
585
586
587
588
589
590
591
592
593
594
595
596
597
598
599
600
601
1451
603
604
605
5509
607
608
609
610
611
612
613
614
615
616
617
4885
548
2420
2424
4888
4891
624
625
626
627
628
629
630
631
632
633
634
635
636
637
638
639
640
641
642
643
644
645
646
647
648
649
650
651
652
653
654
655
656
657
658
659
660
661
662
663
664
665
666
667
668
669
670
671
672
673
674
675
676
677
678
679
680
681
682
683
684
2554
686
687
688
689
690
691
692
693
4904
2245
696
697
698
699
700
701
702
703
704
705
706
707
708
709
710
711
712
713
714
715
716
717
718
719
720
721
722
723
724
725
726
727
728
729
730
731
732
733
734
735
736
737
738
739
740
741
742
743
744
745
746
747
748
2682
2673
2675
3702
2679
3704
3740
3749
2684
2686
2690
760
761
762
763
2714
2699
766
767
768
769
770
771
772
773
774
775
3807
777
778
779
780
781
782
783
2740
785
786
3685
2735
3674
790
791
792
793
794
795
796
3393
3718
799
800
801
802
803
804
805
806
807
3375
3374
810
811
812
3380
3381
815
816
817
818
2850
2794
2797
822
823
824
825
826
827
828
2809
830
831
832
3054
936
835
836
837
838
971
964
2838
839
843
3083
2847
3173
6192
2853
849
850
851
852
853
854
855
856
857
858
859
860
861
862
863
864
865
866
867
868
869
870
871
872
873
874
875
876
877
3476
1950
879
1077
2949
882
2941
2945
886
2940
3756
889
890
3591
421
105
2926
881
133
3021
1958
1958
900
901
902
903
904
905
906
907
908
909
910
3444
912
913
38
38
916
3006
918
919
920
921
922
923
116
925
926
927
928
929
930
931
932
933
3967
3058
3052
938
3419
3060
3075
941
942
3066
944
945
946
3081
948
3086
3965
3097
951
955
3133
3129
3126
953
967
3967
1060
3136
3104
3102
3117
956
3071
3131
968
3414
3152
3171
3093
973
973
975
976
977
3111
6235
3136
981
3164
983
2175
985
986
3187
3974
989
3198
3190
2171
993
994
995
996
997
998
999
1000
1001
1002
1003
1004
1005
1006
1007
1008
1009
1010
1011
1012
1013
1014
1015
1016
1017
1018
1019
1020
1021
1022
1023
1024
1025
1026
1027
1028
1029
1030
1031
1032
1033
1034
1035
1036
1037
1038
1039
1040
1041
1042
1043
1044
3389
3391
3376
3379
1049
3382
3395
1052
1053
1054
1055
1056
3403
1058
3407
1060
1061
1062
3421
1064
1065
1066
1067
1068
1069
1070
1071
1072
880
1074
1075
3475
902
123
1079
1080
422
3494
120
1084
1085
1086
1087
1088
1089
1090
1091
1092
1093
1094
1095
1096
1097
1098
1099
1100
1101
1102
1103
1104
1105
1106
1107
1108
1109
1110
1111
1112
1113
1114
1115
1116
1117
1118
1119
1120
1121
1122
1123
1124
1125
1126
1127
1128
1129
3741
1131
3766
1133
1134
1135
1136
1137
1138
1139
1140
1141
1142
1143
1144
1145
1146
1147
1148
1149
1150
1151
1152
1153
1154
1155
1156
1157
1158
1159
1160
1161
1162
1163
1164
1165
3972
1167
3975
1169
1170
1171
1172
1173
1174
1175
1176
1177
1178
1179
1180
1181
1182
1183
1184
1185
1186
1187
1188
1189
1190
1191
1192
1193
1194
1195
1196
1197
1198
1199
1200
1201
1202
1203
1204
1205
1206
1207
1208
1209
1210
1211
1212
1213
1214
1215
1216
1217
1218
1219
1220
1221
1222
1223
1224
1225
1226
1227
1228
1229
1230
1231
1232
1233
1234
1235
1236
1237
1238
1239
1240
1241
1242
1243
1244
1245
1246
1247
1248
1249
1250
1251
1252
1253
1254
1255
1256
1257
1258
1259
1260
1261
1262
1263
1264
1265
1266
1267
1268
1269
1270
1271
1272
1273
1274
1275
1276
1277
1278
1279
1280
1281
1282
1283
1284
1285
1286
1287
1288
1289
1290
1291
1292
1293
1294
1295
1296
1297
1298
1299
1300
1301
1302
1303
1304
1305
1306
1307
1308
1309
1310
1311
1312
1313
1314
1315
1316
1317
4493
5460
4481
5446
1322
1323
5500
4541
4500
1327
1328
1329
1330
4522
4521
4508
4510
5427
4513
1337
1338
1339
5412
4527
1342
1343
1344
1345
1346
4536
1348
1349
1350
1351
1352
1353
1354
1355
1356
5168
1358
5478
1360
1361
5715
1363
1364
1365
1366
1367
5153
1369
1370
1371
1372
1373
4592
1375
4595
4650
1378
4601
1380
1381
1382
1383
1384
4609
4613
1387
1388
1389
1486
4634
1392
1512
4637
4639
1508
1397
2234
1399
4960
1401
1402
1403
1404
1405
1406
1407
1408
1409
1410
1411
1412
1413
1414
1415
5175
5174
1418
1419
1420
5390
1422
1423
1424
1425
1426
1427
1428
1429
1452
5238
2363
5239
1463
4747
4798
4799
4740
4743
2394
4802
6138
277
1435
1430
288
178
178
4820
1450
1451
4763
1453
1454
1455
4785
5513
2383
4838
1460
2392
5207
1588
1464
1465
209
321
4809
4808
2220
4806
2224
2389
194
1473
287
1477
1478
1479
4797
1481
1482
1483
4845
4856
4852
1487
1488
4874
1490
1491
1492
1493
1494
2231
607
4844
6149
1500
4895
4893
4922
1493
1501
4845
4927
4899
4910
4867
1510
1493
4958
1499
4954
4954
1516
1517
1518
4908
4927
1521
6255
5546
2577
1525
1526
1528
5731
4978
3192
1531
4984
1527
1534
1535
1536
1537
1538
1539
1540
1541
1542
1543
1544
1545
1546
1547
1548
1549
1550
1551
1552
1553
1554
1555
1556
1557
1558
1559
1560
1561
1562
1563
1564
1565
1566
1567
1568
1569
1570
1571
1572
1573
1574
1575
1576
1577
1578
5165
5158
1581
1582
5177
1584
1585
1586
204
1588
1589
1590
1591
4722
5230
1594
1452
1593
296
1598
1599
5257
602
293
1603
1604
1605
1606
1607
1608
1609
1610
1611
1612
1613
1614
1615
1616
1617
1618
2378
1620
1621
1622
1623
1624
1625
5342
5344
1628
1629
1630
1631
1632
1633
1634
1635
1636
1637
1638
1639
1640
1641
1642
5493
1644
1645
5437
5444
1648
1649
5499
1651
5522
1653
1654
1655
5531
1657
5722
1659
1660
1661
1662
1663
1664
1665
1666
1667
1668
1669
1670
1671
1672
1673
1674
1675
1676
1677
1678
1679
1680
1681
1682
1683
1684
6124
1483
5728
1688
5751
1690
1691
1692
1693
1694
1695
1696
1697
1698
1699
1700
1701
1702
1703
1704
1705
1706
1707
1708
1709
1710
1711
1712
1713
1714
1715
1716
1717
1718
1719
1720
1721
1722
1723
1724
1725
1726
1727
1728
1729
1730
1731
1732
1733
1734
1735
1736
1737
1738
1739
1740
1741
1742
1743
1744
1745
1746
1747
1748
1749
1750
1751
1752
1753
1754
1755
1756
1757
1758
1759
1760
1761
1762
1763
1764
1765
1766
1767
1768
1769
1770
1771
1772
1773
1774
1775
1776
1777
1778
1779
1780
1784
1784
344
3738
1785
1786
1787
1788
1789
1790
1791
1792
1793
1794
1795
1796
1797
1798
1799
1800
2935
1802
1803
1804
1805
1806
1807
1808
1809
1810
148
148
38
148
897
1816
1817
1818
1819
1820
1821
1822
1823
1824
1825
1825
1827
1825
1830
1857
369
1832
1832
3157
3157
3157
376
3156
1839
1840
1841
1827
1843
1841
1848
1845
1847
2016
2018
1853
1851
1852
4372
1854
1857
2012
1828
384
1859
1860
1861
1862
1863
1864
1865
1866
1867
1868
1869
1870
1871
1872
1873
1874
1875
1876
1877
1878
1879
1880
1881
1882
1883
1884
1885
1886
1887
1888
1889
1890
1891
1892
1893
1894
1895
1896
1897
1898
1899
1900
1901
1902
1903
1904
1905
1906
1907
1908
1909
1910
1911
1912
1913
1914
1915
1916
1917
1918
1919
1920
1921
1922
1923
1924
1925
1926
1927
1928
1929
1930
1931
1932
1933
1934
1935
1936
1937
1938
1939
1940
1941
1942
1943
1944
1945
3473
1949
902
3474
1076
1953
1953
2021
3556
3556
3494
3556
115
1959
1960
1961
1962
1963
1964
1965
1966
1967
1968
1969
917
1971
1972
1976
1974
1975
1976
1977
1978
1979
1980
1981
1982
1983
1984
1985
1986
1987
1989
3085
1990
1991
1992
1993
1994
1995
1996
1997
1998
1999
2000
2001
2002
2003
2004
2005
2006
2007
2008
2009
2014
2015
2011
440
2015
2015
2017
3088
3090
2021
446
3668
2022
2023
2024
2025
2026
2027
2028
2029
2030
2031
2032
2033
2034
2035
2036
2037
2038
2039
2040
2041
2042
2043
2044
2045
2046
2047
2048
2049
2050
2051
2052
2053
2054
2055
2056
2057
2058
2059
2060
2061
2062
2063
2064
2065
2066
2067
2068
2069
2070
2071
2072
2073
2074
2075
2076
2077
2078
2079
2080
2081
2082
2083
2084
2085
2086
2087
2088
2089
2090
2091
2092
2093
2094
2095
2096
2097
2098
2099
2100
2101
2102
2103
2104
2105
2106
2107
2108
2109
2110
2111
2112
2113
2114
2115
2116
2117
2118
2119
2120
2121
2122
2123
2124
2125
2126
2127
2131
2129
2130
2131
2132
2132
2134
2135
2136
2137
2138
2139
2140
2141
2142
2143
2144
2145
2146
2147
2148
2152
3021
1958
1957
2153
2154
2155
2156
2158
3635
2158
511
2161
2162
2163
2164
2165
2166
2167
2168
2169
2170
6183
2172
2173
2174
983
2176
2178
5497
2177
518
2183
2182
5488
2184
2184
523
2187
2188
2189
2190
2191
2192
257
257
2194
1436
192
2199
2395
535
2198
2206
537
2202
4836
2206
319
319
209
319
322
2215
540
2212
4833
1473
1473
1473
2220
2387
2221
2222
315
1471
2225
6150
6150
6150
6150
2230
2232
4948
2233
5543
4947
2422
2259
4879
2241
621
4878
555
555
2243
6150
623
623
4889
4886
2431
2254
2252
2253
2254
2255
619
548
619
619
2260
2261
2262
2263
2264
2265
2266
2267
2268
2269
2270
2271
2272
2273
2274
2275
2276
2277
2278
2279
2280
2281
2282
2283
2284
2285
2286
2287
2288
2289
2290
2291
2292
2293
2294
2295
2296
2297
2298
2299
2300
2301
2302
2303
2304
2305
2306
2307
2308
2309
2310
2311
2312
2313
2314
2315
2316
2317
2318
2319
2320
2321
2322
2323
2324
2325
2326
2327
2328
2329
2330
2331
2332
2333
2334
2335
2336
2337
2338
2339
2340
2341
2342
2343
2344
2345
2346
2347
2348
2349
2350
2351
2352
2353
2354
2355
2356
2357
2358
2359
2360
5240
5240
1593
5240
1452
2366
2367
2368
5318
5318
284
5318
5257
2374
2375
2376
2377
2378
2379
2380
2381
2382
2386
2219
1656
4742
2195
4735
530
1441
2391
2391
2390
4802
2397
606
5528
2398
2399
2400
2401
2402
2403
2404
2405
2406
2407
2408
2409
2410
2411
2412
2413
2414
2415
2416
2417
2418
2419
2421
4887
2421
618
6161
2427
557
2250
2423
1498
4891
1498
2432
2433
2434
2435
2436
2437
2438
2439
2440
2441
2442
2443
2444
2445
2446
2447
2448
2449
2450
2451
2452
2453
2454
2455
2456
2457
2458
2459
2460
2461
2462
2463
2464
2465
2466
2467
2468
2469
2470
2471
2472
2473
2474
2475
2476
2477
2478
2479
2480
2481
2482
2483
2484
2485
2486
2487
2488
2489
2490
2491
2492
2493
2494
2495
2496
2497
2498
2499
2500
2501
2502
2503
2504
2505
2506
2507
2508
2509
2510
2511
2512
2513
2514
2515
2516
2517
2518
2519
2520
2521
2522
2523
2524
2525
2526
2527
2528
2529
2530
2531
2532
2533
2534
2536
2536
2537
2538
2539
2540
2541
2539
2543
2544
2545
2546
2547
2548
2549
2550
2551
2552
2553
2554
1449
4820
2372
2557
2217
2217
194
2220
2566
689
2565
2566
2567
2568
2569
2570
2572
4973
4975
2572
2578
695
1523
5545
2579
2580
2581
2582
3762
2584
2585
2586
2588
2588
2589
2590
2591
2592
2593
2594
2595
2596
2597
2598
2599
2600
2601
2602
2603
2604
2605
2606
2607
2608
2609
2610
2611
2612
2613
2614
2615
2616
2617
2618
2619
2620
2621
2622
2623
2624
2625
2626
2627
2628
2629
2630
2631
2632
2633
2634
2635
2636
2637
2638
2639
2640
2641
2642
2643
2644
2645
2646
2647
2648
2649
2650
2651
2652
2653
2654
2655
2656
2657
2658
2659
2660
2661
2662
2663
2664
2665
2666
2667
2668
2669
2670
2671
2676
749
2672
752
3700
2680
2677
754
3703
2683
755
3748
756
2681
2674
2686
751
750
342
2687
1782
2693
2694
2695
2696
2697
2702
764
2698
2701
2712
2703
2704
2705
2706
3665
2708
2709
2710
2711
2713
2713
773
2715
2716
2717
2718
2719
2720
2721
2722
2723
2724
2725
2726
2727
2728
2691
2730
2731
2732
2733
2734
750
3685
2736
2689
758
2738
2745
789
2741
2744
2745
2746
2747
2748
2749
2750
2751
2752
2753
2754
2756
3770
798
2758
797
2760
2761
2762
2763
2764
2765
2766
2767
2768
2769
2770
2771
2772
2773
2774
2775
2776
2778
3372
809
2780
2781
2782
2783
2784
2785
2787
3381
2787
2789
813
2791
2792
2793
819
2795
2796
822
2798
2799
2800
2801
2802
2803
2804
2805
2806
2807
2808
2809
2810
2811
2812
2813
2814
2815
2816
2817
2818
808
2820
2820
2822
2823
2824
2825
2827
3053
834
2829
3423
2831
2832
2833
2834
2835
2837
3146
840
2837
3169
2841
2842
844
2844
2821
2846
513
2851
2848
846
3142
2855
6192
2852
6192
2856
2857
2858
2859
2860
2861
2862
2863
2864
2865
2866
2867
2868
2869
2870
2871
2872
2873
2874
2875
2876
2877
2878
2879
2880
2881
2882
2883
2884
2885
2886
2887
2888
2889
2890
2891
2892
2893
2894
2895
2896
2897
2898
2899
2900
2901
2902
2903
2904
2905
2906
2907
2908
2909
2910
2911
3495
119
3493
878
3489
1947
1946
2922
2918
1949
1950
3476
2925
2930
883
2925
2930
882
2947
2932
3448
884
2931
2935
2938
2937
2939
2939
886
885
2942
3774
2944
2945
2946
2948
4267
2949
4392
899
6
103
2955
1957
1958
897
2958
2959
2960
2961
2962
2963
2964
2965
2966
2967
2968
2969
2970
2971
2972
2973
2974
2975
2976
2977
2978
2979
2980
168
52
2983
2984
2985
2986
2987
2988
2989
2990
2991
2992
2993
2994
2995
2996
2997
2998
2999
3000
3001
3002
3003
3004
48
3006
52
3008
3009
3010
3011
152
38
3012
148
362
3017
3018
3019
8
8
134
3023
3024
3025
3026
3027
3028
3029
3030
3031
3032
3033
3034
3035
3036
3037
3038
3039
3040
3041
3042
3043
3044
3966
3968
3967
3969
1828
1828
3055
935
3055
3419
3417
3059
3056
940
3059
3060
3061
3062
3063
3064
3057
939
3065
3068
3069
3070
943
3072
3072
3074
3075
3076
3077
3078
3079
374
3155
1835
372
3084
3085
3086
3087
3089
3964
950
4403
4403
3097
3092
3098
3095
954
3132
955
3125
3125
3099
3127
3126
378
1828
3107
3106
3409
3135
961
3109
3410
3103
958
3100
953
3114
963
3101
6192
3067
3122
3052
3127
967
3128
3130
968
3130
969
3076
946
3076
3135
3136
3414
3079
3151
3138
3094
3143
3091
952
4374
4375
4373
957
3100
3104
3151
3152
3153
3154
443
3154
3159
441
3159
2011
442
3178
3166
3175
3162
4405
3152
3145
3144
3091
3093
3141
379
3174
3175
3176
3177
3178
3179
3180
3166
3182
3183
3184
3185
3186
988
3188
3112
978
3189
979
3193
3194
3195
3165
3196
982
3199
3200
3201
3202
3203
3204
3205
3206
3207
3208
3209
3210
3211
3212
3213
3214
3215
3216
3217
3218
3219
3220
3221
3222
3223
3224
3225
3226
3227
3228
3229
3230
3231
3232
3233
3234
3235
3236
3237
3238
3239
3240
3241
3242
3243
3244
3245
3246
3247
3248
3249
3250
3251
3252
3253
3254
3255
3256
3257
3258
3259
3260
3261
3264
3263
3264
3265
3266
3267
3268
3269
3270
3271
3272
3273
3274
3275
3276
3277
3278
3279
3280
3281
3282
3283
3284
3285
3286
3287
3288
3289
3290
3291
3292
3293
3294
3295
3296
3297
3298
3299
3300
3301
3302
3303
3304
3305
3306
3307
3308
3309
3310
3311
3312
3313
3314
3315
3316
3317
3318
3319
3320
3321
3322
3323
3324
3325
3326
3327
3328
3329
3330
3331
3332
3333
3334
3335
3336
3337
3338
3339
3340
3341
3342
3343
3344
3345
3346
3347
3348
3349
3350
3351
3352
3353
3354
3355
3356
3357
3358
3359
3360
3361
3362
3363
3364
3365
3366
3367
3368
3369
3370
3371
1046
3391
1046
3373
3376
3376
3376
1049
1049
3382
3382
3382
3384
3385
3386
3387
3388
1050
3383
1050
3378
3378
3392
1048
3396
3397
3398
3399
3400
3401
3402
3403
3401
1058
3406
1058
3405
3409
3410
3411
3412
3135
3414
3136
3416
3418
3420
1063
3420
3421
3051
3054
3424
3425
3426
3427
3428
3429
3430
3431
3432
3433
3434
3435
3436
3437
3438
3439
3440
3441
3442
3443
3444
3445
1068
3447
3001
3449
3450
3451
3452
3453
3454
3455
3456
3457
3458
3459
3460
3461
3462
3463
3464
3465
3466
3467
3468
3469
3470
3471
3472
3474
3474
1074
902
3478
125
1078
3480
3481
3482
3483
3484
3485
3486
3487
3488
3493
116
3492
2963
2963
901
3492
9
119
58
118
3500
3501
3502
3503
3504
3505
3506
3507
3508
3509
3510
3511
3512
3513
3514
3515
3516
3517
3518
3519
3520
3521
3522
3523
3524
3525
3526
3527
3528
3529
3530
3531
3532
3533
3534
3535
3536
3537
3538
3539
3540
3541
3542
3543
3544
3545
3546
3547
3548
3549
3550
3551
3552
3553
3554
3555
901
8
8
3559
3560
3561
3562
3563
3564
3565
3566
3567
3568
3123
3570
3571
3572
3573
3574
3575
3576
3577
3578
3579
3580
3581
3582
821
3584
3585
3586
3587
3588
3589
109
111
3590
3593
3594
3595
3596
3597
3598
3599
3600
3601
3602
3603
3604
3605
3606
3607
3608
3609
3610
3611
3612
3613
3614
3615
3616
3617
3618
3619
3620
3621
3622
3623
3624
3625
3626
3627
3628
3629
3630
3631
3632
3633
3634
3635
3636
3637
3638
3639
3640
3641
3642
3643
3644
3645
3646
3647
3648
3649
3650
3651
3652
3654
3654
3653
3656
3657
3658
3659
3660
3661
3662
3663
3664
3666
4384
3667
3669
3963
753
3671
3672
3673
3674
3675
3676
3677
3678
3679
27
3681
3682
3683
5
2685
2685
3687
3688
3689
3690
3691
3692
3693
3694
3695
3696
3697
3698
3699
3701
3739
1130
3705
820
3742
3706
3707
3708
3709
3710
3711
3712
3713
3714
3715
3719
3716
1132
3817
3720
3721
3722
3723
3724
3725
3726
3727
3728
3729
3730
3731
3732
3733
3734
3735
3736
3737
2678
2839
841
842
2849
3743
3744
3745
3746
3747
2854
848
3750
3751
3752
3753
3754
3755
910
3757
3758
3759
3760
3760
1045
3390
3377
3377
816
3767
3768
3769
1047
3771
3772
3773
1981
3775
3776
3777
3778
3779
3780
3781
3782
3783
3784
3785
3786
3787
3788
3789
3790
3791
3792
3793
3794
3795
3796
3797
3798
3799
3800
3801
3802
3803
3804
3805
3394
1051
3808
814
3810
3811
3812
3813
3814
3815
3816
3818
3819
3819
3820
3821
3822
3823
3824
3825
3826
3827
3828
3829
3830
3831
3832
3833
3834
3835
3836
3837
3838
3839
3840
3841
3842
3843
3844
3845
3846
3847
3848
3849
3850
3851
3852
3853
3854
3855
3856
3857
3858
3859
3860
3861
3862
3863
3864
3865
3866
3867
3868
3869
3870
3871
3872
3873
3874
3875
3876
3877
3878
3879
3880
3881
3882
3883
3884
3885
3886
3887
3888
3889
3890
3891
3892
3893
3894
3895
3896
3897
3898
3899
3900
3901
3902
3903
3904
3905
3906
3907
3908
3909
3910
3911
3912
3913
3914
3915
3916
3917
3918
3919
3920
3921
3922
3923
3924
3925
3926
3927
3928
3929
3930
3931
3932
3933
3934
3935
3936
3937
3938
3939
3940
3941
3942
3943
3944
3945
3946
3947
3948
3949
3950
3951
3952
3953
3954
3955
3956
3957
3958
3959
3960
3961
3961
3962
3964
949
3966
3967
3968
3969
3970
3971
3972
3973
3974
1166
3976
3977
3978
3979
3980
3981
3982
3983
3984
3985
3986
3987
3988
3989
3151
3153
3174
3992
3993
3994
3996
3997
3998
3999
4000
4001
4002
4003
4004
4005
4006
4007
4008
4009
4010
4011
4012
4013
4014
4015
4016
4017
4018
4019
4020
4021
4022
4023
4024
4025
4026
4027
4028
4029
4030
4031
4032
4033
4034
4035
4036
4037
4038
4039
4040
4041
4042
4043
4044
4045
4046
4047
4048
4049
4050
4051
4052
4053
4054
4055
4056
4057
4058
4059
4060
4061
4062
4063
4064
4065
4066
4067
4068
4069
4070
4071
4072
4073
4074
4075
4076
4077
4078
4079
4080
4081
4082
4083
4084
4085
4086
4087
4088
4089
4090
4091
4092
4093
4094
4095
4096
4097
4098
4099
4100
4101
4102
4103
4104
4105
4106
4107
4108
4109
4110
4111
4112
4113
4114
4115
4116
4117
4118
4119
4120
4121
4122
4123
4124
4125
4126
4127
4128
10
122
4131
4132
4133
4134
4135
4136
4137
4138
4139
4140
4141
4142
4143
4144
4145
4146
4147
4148
4149
4150
4151
4152
4153
4154
4155
4156
4157
4158
4159
4160
4161
4162
4163
4164
4165
4166
4167
4168
4169
4170
4171
4172
4173
4174
4175
4176
4177
4178
4179
4180
4181
4182
4183
4184
4185
4186
4187
4188
4189
4190
4191
4192
4193
4194
4195
4196
4197
4198
4199
4200
4201
4202
4203
4204
4205
4206
4207
4208
4209
4210
4211
4212
4213
4214
4215
4216
4217
4218
4219
4220
4221
4222
4223
4224
4225
4226
4227
4228
4229
4230
4231
4232
4233
4234
4235
4236
4237
4238
4239
4240
4241
4242
4243
4244
4245
4246
4247
4248
4249
4250
4251
4252
4253
4254
4255
4256
4257
4258
4259
4260
4261
4262
4263
4264
4265
4266
3466
4268
4269
4270
4271
4272
4273
4274
4275
4276
4277
4278
4279
4280
4281
4282
4283
4284
4285
4286
4287
4288
4289
4290
4291
4292
4293
4294
4295
4296
4297
4298
4299
4300
4301
4302
4303
4304
4305
4306
4307
4308
4309
4310
4311
4312
4313
4314
4315
4316
4317
4318
4319
4320
4321
4322
4323
4324
4325
4326
4327
4328
4329
4330
4331
4332
4333
4334
4335
4336
4337
4338
4339
4340
4341
4342
4343
4344
4345
4346
4347
4348
4349
4350
4351
4352
4353
4354
4355
4356
4357
4358
4359
4360
4361
4362
4363
4364
4365
4366
4367
4368
4369
4370
942
3073
3095
3096
4373
4377
4378
1846
4379
4380
4381
4382
4383
3650
4385
4386
4387
4388
4389
4390
4391
421
4393
8
4395
4396
4397
4398
4399
4400
2133
947
3140
1828
4405
4406
4407
4408
4409
4410
4411
4412
4413
4414
4415
4416
4417
4418
4419
4420
4421
4422
4423
4424
4425
4426
4427
4428
4429
4430
4431
4432
4433
4434
4435
4436
4437
4438
4439
4440
4441
4442
4443
4444
4445
4446
4447
4448
4449
4450
4451
4452
4453
4454
4455
4456
4457
4458
4459
4460
4461
4462
4463
4464
4465
4466
4467
4468
4469
4470
4471
4472
4473
4474
4475
4476
4477
4478
4479
4480
1318
4493
4482
4485
4491
4487
5463
1322
4483
4492
2684
5507
1324
1321
4543
4484
4495
4497
4499
1325
4501
4502
4503
4504
4505
4507
4520
1332
4506
1331
4512
5426
1334
4511
1335
4516
4517
4518
4519
4523
1339
1340
5458
4524
4524
4526
4527
4528
4529
4530
4531
4532
4533
4544
4535
4536
4537
4538
4539
4540
787
2737
3686
788
4545
4546
4547
4548
4549
4550
4551
4552
4553
4554
4555
4556
4555
4562
1357
4560
1359
5527
4563
4564
4565
4566
621
4569
2426
2428
4571
4572
4573
4574
4575
4576
4577
4578
4579
4580
4581
4582
5152
4584
4585
4586
4587
4592
1371
4590
4591
4592
4593
4594
1377
6206
4597
4600
4598
4642
1380
4602
4603
5407
4605
4525
4607
4608
4610
4610
4611
4612
1384
4614
4615
4616
4617
4618
4619
5519
4621
4622
4623
4624
4625
4626
4630
4628
1390
4851
4631
4632
4633
4634
4635
4640
1393
4636
1396
4955
5544
4642
2234
4641
4645
4646
4647
4649
4959
1400
4648
4653
6192
4652
4655
4656
4657
4658
4659
4660
4661
4662
4663
4664
4665
4666
4667
4668
4669
4670
4671
4672
4673
4674
4675
4676
4677
4678
4679
4680
4681
4682
5173
4684
4685
4686
4687
4688
4689
4690
4691
4692
4693
4694
4695
4696
5483
4698
4699
4700
4701
4702
4703
4704
4705
4706
4707
4708
4709
4710
5259
2365
5258
288
5254
2361
1433
2364
2362
5237
1452
1596
4728
4746
4727
4729
4748
4748
4747
4747
1463
4729
4800
4738
4736
4744
4744
4799
4743
4740
1438
1439
4743
1462
6131
6020
5206
5231
177
2371
4753
274
284
1449
178
284
4757
4758
4759
4760
4761
4762
4763
4764
4765
4766
4767
4768
5471
4770
4771
4772
4773
1457
4789
4775
1480
4796
4779
4780
4781
4782
4786
4783
1468
4807
4787
2384
2383
2219
4791
4792
4793
1464
2393
1461
1440
4799
5205
4798
4794
1464
4801
223
223
4806
4810
4808
1470
4810
4805
4811
209
319
2207
195
4817
2219
179
285
179
4822
4823
4824
4825
4826
4827
4828
4829
4830
4831
4832
4834
5515
538
4837
5516
1481
4839
4839
4841
4842
4843
1483
4845
4843
5725
5725
4850
5185
4850
1485
4855
4854
4855
1489
4853
4858
4859
4860
4861
4857
4862
4864
4865
4866
1491
4868
4869
4870
4871
4872
4873
4874
4875
4876
2231
2230
549
2231
2401
2401
4844
2401
5721
6149
2401
6149
4891
4895
6149
4894
1502
4923
1503
4892
4918
4919
4893
4918
4902
4847
4845
1518
5179
5180
4905
4968
4898
1501
4897
4909
4900
1507
4863
4852
4915
4919
4920
5183
5183
4922
4873
4873
1493
5182
4927
4876
4876
4940
4957
4934
1499
4888
6120
6121
1504
6120
4897
4940
4941
4942
4946
2231
2420
2420
2421
548
4950
4953
4949
1515
4924
4942
4935
4933
4888
4890
4931
556
4961
4962
4963
4964
4965
4953
4967
4968
4969
4970
4971
4972
4974
5729
1528
4907
4976
1519
4979
4980
4981
4951
4982
1522
4985
4985
2204
4988
4989
4990
4991
4992
4993
4994
4995
4996
4997
4998
4999
5000
5001
5002
5003
5004
5005
5006
5007
5008
5009
5010
5011
5012
5013
5014
5015
5016
5017
5018
5019
5020
5021
5022
5023
5024
5025
5026
5027
5028
5029
5030
5031
5032
5033
5034
5035
5036
5037
5038
5039
5040
5041
5042
5043
5044
5045
5046
5047
5048
5049
5050
5051
5052
5053
5054
5055
5056
5057
5058
5059
5060
5061
5062
5063
5064
5065
5066
5067
5068
5069
5070
5071
5072
5073
5074
5075
5076
5077
5078
5079
5080
5081
5082
5083
5084
5085
5086
5087
5088
5089
5090
5091
5092
5093
5094
5095
5096
5097
5098
5099
5100
5101
5102
5103
5104
5105
5106
5107
5108
5109
5110
5111
5112
5113
5114
5115
5116
5117
5118
5119
5120
5121
5122
5123
5124
5125
5126
5127
5128
5129
5130
5131
5132
5133
5134
5135
5136
5137
5138
5139
5140
5141
5142
5143
5144
5145
5146
5147
5148
5149
5150
5151
5154
1579
5164
5155
5156
5155
5158
5159
5159
5161
5162
5163
5160
1374
5157
5166
1580
5169
5170
5171
5172
3404
1057
1056
3408
1059
5176
5181
5180
5181
5182
5183
4927
5186
5187
5187
4849
5189
5190
5191
5192
5193
5194
5195
5196
5197
5198
5199
5200
5201
5202
5203
5204
5208
1588
1589
5208
4729
298
295
4800
5213
5214
5215
5216
5217
5218
5219
5220
5221
5222
5223
5224
5225
5226
5227
5228
5229
5230
5231
5232
5233
5234
5235
5236
5240
1452
1593
5247
4727
1433
204
5244
5245
5246
5247
5248
5249
5250
5251
5252
5256
5256
602
4762
1451
4762
4762
289
289
291
287
5264
5265
5266
5267
5268
5269
5270
5271
5272
5273
5274
5275
5276
5277
5278
5279
5280
5281
5282
5283
5284
5285
5286
5287
5288
5289
5290
5291
5292
5293
5294
5295
5296
5297
5298
5299
5300
5301
5302
5303
5304
5305
5306
5307
5308
5309
5310
5311
5312
5313
5314
5315
5316
5317
1451
179
285
5321
5322
5323
5324
5325
5326
5327
5328
5329
4917
5331
5332
5333
5334
5335
5336
5337
5338
5339
5340
4599
1379
5341
553
5345
5346
5347
5348
5349
5350
200
280
4755
5354
5355
5356
5357
5358
5359
5360
5361
5362
5363
5364
5365
5366
5367
5368
5369
5370
5371
5372
5373
5374
5375
5376
5377
1447
5379
5380
5381
5382
5383
5384
5385
5386
5387
5388
5406
1333
5391
5392
5393
5394
5395
5396
5397
5398
5399
5400
5401
5402
5403
5404
5405
5406
5407
5408
5409
5410
5411
5412
5410
5416
5414
5416
5417
5418
5419
5420
5421
5422
5423
5424
5425
5428
1643
6130
5429
1323
5431
5432
5433
5434
5435
4514
1336
5436
5439
5440
5441
5438
5443
1646
176
757
5447
5448
5449
5450
5451
5452
5453
5454
5457
5456
5459
5458
4509
5462
1650
5498
5464
5501
5465
5466
5467
5468
5469
1647
5468
5472
5473
5474
5475
5477
5573
1652
5476
5480
5481
5482
5483
5484
5485
5486
5487
5490
5489
5495
5491
5492
1348
5491
5494
5496
1320
4638
1394
1395
4651
5502
5503
5504
5505
5506
4654
5510
1583
5518
5511
5508
1656
2392
4803
5512
5517
3761
5520
5565
5521
1372
5521
5524
5525
5526
5523
5178
5529
5530
1439
5532
5533
5534
5535
5536
5537
5538
5539
1484
5724
5541
4644
5544
5545
5546
5547
5548
5549
5550
5551
5552
5553
5554
5555
5556
5557
5558
5559
5560
5561
5562
5167
5564
1374
5566
5567
5568
5569
5570
5571
5572
5574
5574
5575
5576
5577
5578
5579
5580
5581
5582
5583
5584
5585
5586
5587
5588
5589
5590
5591
5592
5593
5594
5595
5596
5597
5598
5599
5600
5601
1362
5713
5604
5605
5606
5607
5608
5609
5610
5611
5612
5613
5614
5615
5616
5617
5618
5619
5620
5621
5622
5623
5624
5625
5626
5627
5628
5629
5630
5631
5632
5633
5634
5635
5636
5637
5638
5639
5640
5641
5642
5643
5644
5645
5646
5647
5648
5649
5650
5651
5652
5653
5654
5655
5656
5657
5658
5659
5660
5661
5662
5663
5664
5665
5666
5667
5668
5669
5670
5671
5672
5673
5674
5675
5676
5677
5678
5679
5680
5681
5682
5683
5684
5685
5686
5687
5688
5689
5690
5691
5692
5693
5694
5695
5696
5697
5698
5699
5700
5701
5702
5703
5704
5705
5706
5707
5708
5709
5710
5711
1685
5716
6123
557
2247
5717
5718
5719
2401
607
4843
1483
4843
4845
4846
5727
1483
5730
5730
1689
5732
5733
5734
5735
5736
5737
5738
5739
4557
5741
5742
5743
5744
5745
4940
4941
4961
5748
5749
5750
5752
5753
5754
5755
5756
5757
5758
5759
5760
5761
5762
5763
5764
5765
5766
5767
5768
5769
5770
5771
5772
5773
5774
5775
5776
5777
5778
5779
5780
5781
5782
5783
5784
5785
5786
5787
5788
5789
5790
5791
5792
5793
5794
5795
5796
5797
5798
5799
5800
5801
5802
5803
5804
5805
5806
5807
5808
5809
5810
5811
5812
5813
5814
5815
5816
5817
5818
5819
5820
5821
5822
5823
5824
5825
5826
5827
5828
5829
5830
5831
5832
5833
5834
5835
5836
5837
5838
5839
5840
5841
5842
5843
5844
5845
5846
5847
5848
5849
5850
5851
5852
5853
5854
5855
5856
5857
5858
5859
5860
5861
5862
5863
5864
5865
5866
5867
5868
5869
5870
5871
5872
5873
5874
5875
5876
5877
5878
5879
2362
203
5882
5883
5884
5885
5886
5887
5888
5889
5890
5891
5892
5893
5894
5895
5896
5897
5898
5899
5900
5901
5902
5903
5904
5905
5906
5907
5908
5909
5910
5911
5912
5913
5914
5915
5916
5917
5918
5919
5920
5921
5922
5923
5924
5925
5926
5927
5928
5929
5930
5931
5932
5933
5934
5935
5936
5937
5938
5939
5940
5941
5942
5943
5944
5945
5946
5947
5948
5949
5950
5951
5952
5953
5954
5955
5956
5957
5958
5959
5960
5961
5962
5963
5964
5965
5966
5967
5968
5969
5970
5971
5972
5973
5974
5975
5976
5977
5978
5979
5980
5981
5982
5983
5984
5985
5986
5987
5988
5989
5990
5991
5992
5993
5994
5995
5996
5997
5998
5999
6000
6001
6002
6003
6004
6005
6006
6007
6008
6009
6010
6011
6012
6013
6014
6015
6016
6017
6018
6019
5231
6021
6022
6023
6024
6025
6026
6027
6028
6029
6030
6031
6032
6033
6034
6035
6036
6037
6038
6039
6040
6041
6042
6043
6044
6045
6046
6047
6048
6049
6050
6051
6052
6053
6054
6055
6056
6057
6058
6059
6060
6061
6062
6063
6064
6065
6066
6067
6068
6069
6070
6071
6072
6073
6074
6075
6076
6077
6078
6079
6080
6081
6082
6083
6084
6085
6086
6087
6088
6089
6090
6091
6092
6093
6094
6095
6096
6097
6098
6099
6100
6101
6102
6103
6104
6105
6106
6107
6108
6109
6110
6111
6112
6113
6114
6115
6116
6117
6118
4892
4896
6119
6123
6124
2248
6125
6126
6127
6128
6129
5413
5273
6132
6133
6134
6135
6136
6137
1619
6139
285
6141
6142
6143
6144
6145
6146
2542
549
4929
2232
4924
6152
6153
6154
6155
6156
6157
6158
6159
3959
618
6162
6163
6164
6165
6166
6167
6168
6169
6170
6171
6172
6173
6174
6175
6176
6177
6178
6179
6180
6181
1527
2171
2175
2577
6186
6187
6188
6189
6190
6191
3192
6193
6194
6195
6196
6238
6198
6199
6200
6201
6202
6203
6238
6205
5731
6207
3974
6209
6210
6211
6212
6213
6214
6215
6216
6217
6218
6219
6220
6221
6222
6223
6224
6225
6226
6227
6228
6229
6230
6231
6232
6233
6234
6216
6215
6237
6238
6218
6240
6241
6242
6243
6244
6245
6246
6247
6248
6249
6250
6251
6252
6232
6254
6234
6256
6257
6258
6259
6260
6261
6262
6263
6264
6265
6266
6267
6268
6269
6270
6271
6272
6273
6274
6275
6276
6277
6278
6279
6280
6281
6282
6283
6284
6285
6286
6287
6288
6289
6274
6270
