0
1
2
3
4
5
6
7
8
9
10
11
12
13
14
15
16
17
2926
19
20
21
22
921
24
25
26
27
29
2956
30
31
32
33
34
35
36
37
38
39
40
41
42
43
44
45
46
47
48
49
50
51
52
53
54
55
56
57
58
59
60
61
62
63
64
65
66
67
68
69
70
71
72
73
74
75
76
77
78
79
80
81
82
83
84
85
86
87
88
89
90
91
92
93
94
95
96
97
98
99
100
101
102
103
104
105
2150
107
2954
29
110
111
112
113
114
115
116
117
118
119
120
121
122
123
123
125
126
127
128
129
130
131
132
133
134
135
136
137
138
139
140
144
141
143
144
145
146
147
148
149
150
151
152
153
154
155
156
157
158
159
160
161
162
163
164
165
166
167
168
169
170
171
172
173
174
175
176
177
178
179
180
230
234
183
184
185
186
187
188
189
190
191
192
193
194
195
196
197
198
200
200
201
202
292
295
205
206
207
208
209
210
211
212
213
214
215
216
217
218
219
220
221
222
4804
224
225
226
227
228
229
230
231
4725
233
234
232
236
237
238
239
240
241
242
243
244
245
246
247
248
249
250
251
252
253
254
255
256
257
258
259
260
261
262
263
264
265
266
267
268
271
270
273
272
273
274
275
276
277
278
4756
280
281
200
283
284
285
286
287
288
289
290
291
181
293
235
182
294
239
297
299
300
301
302
303
304
305
306
307
308
309
310
311
313
313
2224
312
316
317
318
319
320
321
322
323
324
325
326
327
328
329
330
331
332
333
334
335
336
337
338
339
340
341
342
343
344
345
2704
347
348
3506
3435
2953
21
2938
20
2999
3710
357
358
359
2994
361
1815
363
364
3029
1823
1978
25
2843
844
1830
375
1833
2843
375
1840
377
1831
3092
1858
4372
3062
1830
3049
27
26
387
388
389
390
391
392
393
394
395
396
397
398
399
400
401
402
403
404
405
406
407
408
409
410
411
412
413
414
415
416
417
418
419
420
421
901
423
424
425
426
1824
428
3045
429
431
432
433
434
435
436
437
438
439
1830
3083
1830
1837
3138
4403
446
447
448
449
450
451
452
453
454
455
456
457
458
459
460
461
462
463
464
465
466
467
468
469
470
471
472
473
474
475
476
477
478
479
480
481
482
483
484
485
486
487
488
489
490
491
492
493
494
495
496
497
498
499
2823
501
2908
3712
2139
2138
506
2585
508
509
510
511
2158
513
514
515
441
3784
518
519
520
2181
522
4515
2186
5267
5200
2371
2211
192
191
4737
5212
5470
534
535
536
537
538
177
540
541
542
544
4741
196
2230
2230
2233
4644
2253
4643
4642
2239
552
2230
4888
4882
558
2252
2233
548
198
563
564
565
566
567
568
569
570
571
572
573
574
575
576
577
578
579
580
581
582
583
584
585
586
587
588
589
590
591
592
593
594
595
596
597
598
599
600
2434
1451
603
604
605
606
607
4859
609
610
611
612
613
614
615
616
617
4881
2233
2230
4643
6149
4929
4549
625
626
627
628
629
630
631
632
633
634
635
636
637
638
639
640
641
642
643
644
645
646
647
648
649
650
651
652
653
654
655
656
657
658
659
660
661
662
663
664
665
666
667
668
669
670
671
672
673
674
675
676
677
678
679
680
681
1651
2547
2545
2554
686
2548
688
2564
690
691
692
693
2422
5540
696
2583
2588
699
700
701
702
703
704
705
706
707
708
709
710
711
712
713
714
715
716
717
3728
2621
720
721
722
723
724
725
726
727
728
2638
730
731
732
733
734
735
736
737
738
739
740
741
742
743
744
745
746
747
748
2672
2686
2688
2675
753
754
2682
2684
3686
758
759
760
761
762
763
764
2699
2701
767
768
2706
770
771
772
773
774
775
776
777
778
779
780
781
782
783
784
785
786
2735
788
789
790
791
792
793
3542
795
2754
797
798
799
800
801
2766
2769
804
805
806
807
3762
809
2779
2819
812
3377
814
2789
3766
2792
4377
3172
2794
3583
2797
2804
2802
811
810
827
2809
2820
3639
507
3816
938
3051
2827
833
2833
4382
3171
3117
841
2840
843
375
845
3094
956
3150
849
850
2875
2861
2863
854
855
856
4391
3471
2880
3462
3463
3438
863
864
865
3624
3628
2889
869
870
871
872
2137
2870
2869
505
3560
2965
32
32
902
33
33
21
3449
886
2944
3774
1980
1982
891
1958
893
11
3498
896
897
2956
29
2900
1961
1079
2969
2967
905
2984
3019
3502
2993
1981
2961
3449
3508
151
904
903
39
3011
3009
3009
22
24
921
30
925
926
3752
1796
929
2977
3777
932
3045
3049
3420
3417
3419
1063
3075
3416
3076
3078
3058
3061
3413
4405
1840
3045
1989
1989
6236
3095
6235
4405
3413
4918
3099
6235
3049
6235
3412
4898
953
3102
3104
3052
6235
3413
6235
4405
4373
3096
3181
6236
3178
933
3967
6216
6235
3412
3409
6236
3790
2174
3193
3182
3188
3975
3194
3163
3135
3186
993
994
995
996
997
998
999
1000
1001
1002
1003
1004
1005
1006
1007
1008
1009
1010
1011
1012
1013
1014
1015
1016
1017
1018
1019
1020
1021
1022
1023
1024
1025
1026
1027
1028
1029
1030
1031
1032
1033
1034
1035
1036
1037
1038
1039
1040
1041
1042
1043
1044
1045
1046
3393
3395
3379
3382
1051
5170
5169
3399
1055
1056
1057
1058
1059
6235
3410
3414
1062
3426
1065
3433
3460
33
2958
2878
1071
1072
10
900
1075
3467
2965
32
873
1080
422
422
31
876
3505
1086
1087
1088
1089
1090
1091
1092
1093
1094
1095
3567
1097
1098
1099
1100
2828
4379
3647
3802
3578
3581
1107
1108
1109
1110
1111
1112
1113
1114
1115
1116
1117
3814
1119
1120
1121
1122
1123
1124
1125
3677
3682
3842
1129
1130
3708
3718
1133
1134
3759
1136
934
3798
1139
1140
1141
1142
1143
1144
1145
1146
3955
3853
3856
1150
1151
3870
1153
3888
1155
1156
1157
1158
1159
1160
1161
1162
1163
440
3045
3046
1167
3992
1169
1170
1171
1172
1173
1174
1175
1176
1177
1178
1179
1180
1181
1182
1183
1184
1185
1186
1187
1188
1189
1190
1191
1192
1193
1194
1195
1196
1197
1198
1199
1200
1201
1202
1203
1204
1205
1206
1207
1208
1209
1210
1211
1212
1213
1214
1215
1216
1217
1218
1219
1220
1221
1222
1223
1224
1225
1226
1227
1228
1229
1230
1231
1232
1233
1234
1235
1236
1237
1238
1239
1240
1241
1242
1243
1244
1245
1246
1247
1248
1249
1250
1251
1252
1253
1254
1255
1256
1257
1258
1259
1260
1261
1262
1263
1264
1265
1266
1267
1268
1269
1270
1271
1272
1273
1274
1275
1276
1277
1278
1279
1280
1281
1282
1283
1284
1285
1286
1287
1288
1289
1290
4433
5487
1293
1294
1295
1296
1297
1298
1299
1300
4556
1302
1303
1304
1305
1306
1307
1308
1309
1310
1311
1312
1313
1314
1315
1316
1317
4485
4483
1320
4495
1322
1323
4493
1325
1326
1327
1328
1329
1330
1331
1332
4508
4510
5427
4513
1337
1338
1339
1340
1341
1342
1343
1344
4530
4532
1347
1348
1349
5433
5435
4547
1353
5305
5304
4553
1357
1358
1359
1360
1361
2425
1363
1364
1365
1366
4578
5519
4581
1370
5158
5522
4590
1374
4597
1376
1400
6123
1379
1380
1369
1382
1383
1384
1385
1386
687
1388
4629
1486
5415
5416
4933
4637
1395
1507
559
4641
1399
4932
1401
1402
1403
1404
4661
4663
1407
1408
1406
5236
4680
4678
5227
4759
1415
1416
1417
1418
1419
4689
5390
4692
1423
1424
4702
4701
1409
1428
1429
1452
1452
1596
203
204
295
192
192
4743
2391
1440
1441
5352
1443
182
1595
285
200
200
4819
4760
2375
4763
682
4768
1482
4839
4775
1468
1459
5272
1461
5205
5231
1464
4766
4782
2209
4786
4773
4810
221
197
193
195
194
201
2190
5511
4827
1480
4838
4842
4844
548
1489
1485
4853
4871
1494
6117
4857
2255
4942
5184
552
607
4844
607
1500
1493
6235
5184
1493
4893
548
1520
1501
4899
4915
5184
4942
1499
4890
1514
1514
4962
4964
4884
6235
1520
4968
6234
5546
2578
4969
4972
4974
5729
1506
3137
4981
4949
4973
1534
1535
1536
1537
1538
1539
1540
1541
1542
1543
1544
1545
1546
1547
1548
1549
1550
1551
1552
1553
1554
1555
1556
1557
1558
1559
1560
1561
1562
1563
1564
1565
1566
1567
1568
1569
1570
1571
1572
1573
1574
1575
1576
5297
5149
1579
5168
5296
5195
1583
1584
5151
5225
295
5229
5208
1590
1591
1433
5230
1594
4763
1593
292
5245
1599
1451
5257
202
5265
5268
1605
1606
1607
1608
1609
1610
1611
1612
1613
1614
5328
1616
1617
1618
1619
5425
5330
1622
5421
1624
1625
1626
5344
1628
1629
1630
1631
1632
1633
1634
1635
1636
1637
1638
1639
1640
1641
1642
1643
5452
5454
5437
5444
1648
5599
5461
5467
5478
1653
1654
5533
5531
1657
5553
5555
1660
1661
1662
1663
1664
1665
1666
1667
5713
5610
5612
1671
1672
5625
5646
1675
1676
1677
1678
1679
1680
1681
1682
1683
1684
2246
4844
2401
1688
5749
1690
1691
1692
1693
1694
1695
1696
1697
1698
1699
1700
1701
1702
1703
1704
1705
1706
1707
1708
1709
1710
1711
1712
1713
1714
1715
1716
1717
1718
1719
1720
1721
1722
1723
1724
1725
1726
1727
1728
1729
1730
1731
1732
1733
1734
1735
1736
1737
1738
1739
1740
1741
1742
1743
1744
1745
1746
1747
1748
1749
1750
1751
1752
1753
1754
1755
1756
1757
1758
1759
1760
1761
1762
1763
1764
1765
1766
1767
1768
1769
1770
1771
1772
1773
1774
1775
1776
1777
1778
1779
1780
1781
1782
1783
1784
1787
1786
3729
1788
1786
1790
1791
1794
350
3432
1054
349
47
87
86
85
885
1802
1803
1804
1805
1808
3003
2992
1809
1810
1814
1814
2981
3684
351
1819
1817
365
3043
1823
1823
93
1977
1823
844
844
1831
844
1832
2843
2843
2842
3786
2843
2843
2843
1840
1840
377
1840
3082
1826
3154
1834
3086
3086
1830
3086
4403
3064
942
3061
3073
1854
3083
3083
3083
1830
1859
1860
1861
1862
1863
1864
1865
1866
1867
1868
1869
1870
1871
1872
1873
1874
1875
1876
1877
1878
1879
1880
1881
1882
1883
1884
1885
1886
1887
1888
1889
1890
1891
1892
1893
1894
1895
1896
1897
1898
1899
1900
1901
1902
1903
1904
1905
1906
1907
1908
1909
1910
1911
1912
1913
1914
1915
1916
1917
1918
1919
1920
1921
1922
1923
1924
1925
1926
1927
1928
1929
1930
1931
1932
1933
1934
1935
1936
1937
1938
1939
1940
1941
1942
1943
1944
1945
3483
3483
2965
3483
3467
1951
1952
1953
1955
3556
3494
1955
421
1960
3561
1084
1959
502
1964
1965
1966
1967
1968
1969
1970
141
1972
367
367
2943
1975
1977
887
89
890
1982
1982
3004
1981
1985
1986
1987
3045
3047
1989
429
1992
1993
1994
1995
1996
1997
1998
1999
2000
2001
2002
2003
2004
2005
2006
2007
2008
2009
372
372
3083
1830
372
372
3086
3047
3140
2019
2020
2021
2022
2023
2024
2025
2026
2027
2028
2029
2030
2031
2032
2033
2034
2035
2036
2037
2038
2039
2040
2041
2042
2043
2044
2045
2046
2047
2048
2049
2050
2051
2052
2053
2054
2055
2056
2057
2058
2059
2060
2061
2062
2063
2064
2065
2066
2067
2068
2069
2070
2071
2072
2073
2074
2075
2076
2077
2078
2079
2080
2081
2082
2083
2084
2085
2086
2087
2088
2089
2090
2091
2092
2093
2094
2095
2096
2097
2098
2099
2100
2101
2102
2103
2104
2105
2106
2107
2108
2109
2110
2111
2112
2113
2114
2115
2116
2117
2118
2119
2120
2121
2122
2123
2124
2125
2126
2127
2128
2129
2130
2131
2132
2133
2134
2135
2139
2136
851
4391
4391
2141
2584
2141
2144
2145
2146
2147
2148
2149
2152
892
2152
97
24
97
1823
2157
2158
2157
2160
2161
2162
2163
2164
2165
2166
2167
2168
3188
3107
3188
977
3788
3788
3788
3784
2177
2178
2179
2180
2183
2182
5488
2183
2184
523
521
5199
5204
5270
2192
5199
2193
257
2195
4738
171
2198
2199
2200
2201
2202
2203
2204
2205
2206
2207
2208
1466
2207
539
2212
541
2214
2215
2220
266
194
544
2387
2221
2222
312
210
2225
2230
2230
2230
549
4641
2234
2234
550
4641
4643
4643
4643
552
552
552
552
549
549
2237
2232
5721
1498
4891
1496
4882
2252
2252
559
2252
558
2234
548
2234
2234
2260
2261
2262
2263
2264
2265
2266
2267
2268
2269
2270
2271
2272
2273
2274
2275
2276
2277
2278
2279
2280
2281
2282
2283
2284
2285
2286
2287
2288
2289
2290
2291
2292
2293
2294
2295
2296
2297
2298
2299
2300
2301
2302
2303
2304
2305
2306
2307
2308
2309
2310
2311
2312
2313
2314
2315
2316
2317
2318
2319
2320
2321
2322
2323
2324
2325
2326
2327
2328
2329
2330
2331
2332
2333
2334
2335
2336
2337
2338
2339
2340
2341
2342
2343
2344
2345
2346
2347
2348
2349
2350
2351
2352
2353
2354
2355
2356
2357
2358
2359
2360
5240
5240
1596
5240
1452
2366
2367
2368
5318
5318
1619
5318
1451
2374
1603
2376
2377
2378
2379
2380
2381
2382
2386
4809
1656
4742
259
1438
262
2390
1441
2390
1461
2394
2395
2396
2397
2400
607
4869
2401
2402
2403
2404
2405
2406
2407
2408
2409
2410
2411
2412
2413
2414
2415
2416
2417
2418
2419
2234
2233
2234
2234
2230
4643
2230
2230
2230
1496
6149
1496
2433
5429
624
2435
2436
2437
2438
2439
2440
2441
2442
2443
2444
2445
2446
2447
2448
2449
2450
2451
2452
2453
2454
2455
2456
2457
2458
2459
2460
2461
2462
2463
2464
2465
2466
2467
2468
2469
2470
2471
2472
2473
2474
2475
2476
2477
2478
2479
2480
2481
2482
2483
2484
2485
2486
2487
2488
2489
2490
2491
2492
2493
2494
2495
2496
2497
2498
2499
2500
2501
2502
2503
2504
2505
2506
2507
2508
2509
2510
2511
2512
2513
2514
2515
2516
2517
2518
2519
2520
2521
2522
2523
2524
2525
2526
2527
2528
2529
2530
2531
2532
2533
2534
2535
2536
2537
2538
2539
2540
2541
2542
2546
2543
1410
6137
1401
2549
2552
2549
685
2553
2553
688
2557
1449
4820
527
270
270
195
1470
2563
2564
2565
2563
2567
2568
2569
2570
4974
557
4974
5715
5545
5542
5545
5545
2580
2580
2581
2146
509
2582
2584
697
686
2588
2587
2590
2591
2592
2593
2594
2595
2596
2597
2598
2599
2600
2601
2602
2603
2604
2605
2606
2607
2608
2609
2610
2611
2612
2613
2614
2615
2616
2617
2618
2620
3873
718
2619
2623
2624
2625
2626
2627
2628
2629
2630
2631
2632
2633
2634
2635
2636
2637
2638
2639
2640
2641
2642
2643
2644
2645
2646
2647
2648
2649
2650
2651
2652
2653
2654
2655
2656
2657
2658
2659
2660
2661
2662
2663
2664
2665
2666
2667
2668
2669
2670
2671
2674
2674
2686
751
2675
2678
2678
2679
2680
2673
2672
2681
3685
2673
2687
2687
342
758
2690
2691
2692
2693
2694
3722
2696
2697
2702
764
2698
767
2702
2707
768
2703
765
3665
2708
2709
2710
2711
2712
2713
2714
2715
2716
2717
2718
2719
2720
2721
2722
2723
2724
2725
2726
2727
2728
2729
2730
2731
2732
2733
2734
2738
2689
2737
2738
2739
2740
2741
2742
2743
2744
2745
2746
2747
794
3540
2750
2751
2752
2751
729
2755
2756
2757
2758
2759
2760
2761
2762
2763
377
1837
1837
2767
2768
2769
2770
2771
2772
2773
2774
2775
2776
808
3375
809
2781
2819
2782
2783
2784
2785
2790
813
2786
816
3764
2793
4376
3173
819
2791
2799
821
2796
2799
3384
2800
2817
811
3385
2805
2806
2807
830
829
2822
2824
2811
2586
2816
507
697
2818
697
2583
2159
2159
3638
832
3640
2825
3423
3054
3422
833
937
2834
2832
838
2834
2835
3145
4375
3148
2836
3144
2844
2844
375
2844
2821
2845
2847
3144
3169
3143
3171
3116
962
3120
3101
2859
2856
2858
2859
2860
2861
2860
2863
2864
2865
2865
2867
2868
857
3472
3471
857
2873
2874
855
2876
3440
3440
3463
1067
3438
2882
2883
2884
2885
2886
2888
3627
867
2887
866
2892
2893
2894
2895
2896
2897
2898
2899
2140
2136
2869
504
2137
2137
505
2911
877
2907
2910
3593
3495
1082
3493
3498
2916
4129
3474
10
4129
3483
32
2965
62
123
125
61
124
33
3465
126
3450
3000
66
2945
912
2939
1070
1070
2946
21
2940
886
2944
3449
3451
3465
3465
2961
2952
2951
4392
2953
2954
2955
29
106
874
2872
2871
2902
3500
2962
2905
873
2970
356
2966
503
3711
2974
2971
2973
3747
906
919
2990
2978
2985
2966
904
2968
2969
2987
2985
2986
3009
3008
3010
3019
920
2995
908
913
3504
3756
888
910
3450
860
3450
3004
1983
3509
41
916
41
3009
3009
3009
426
154
151
42
107
105
98
101
920
4394
1954
3022
3023
3024
3025
3772
3027
3028
3029
3028
3031
3032
3033
3034
3035
3036
3037
3038
3039
3040
3041
3042
3043
3044
3047
3047
3049
3045
3083
3050
3419
3418
3419
1063
1063
945
3075
3420
945
945
3077
3077
946
1991
3418
940
3417
3056
3060
3057
935
1989
1990
3415
3413
3415
4405
3152
3151
375
1840
375
375
3047
3047
3045
3047
3047
3047
3138
954
954
3095
3097
3415
3415
4405
3415
3413
6235
3125
3099
6235
6235
1831
1831
1857
3049
6235
6235
3412
6235
6235
3125
4898
3103
953
3100
3102
3100
3104
3055
3051
3055
6235
6235
6235
3414
3413
3414
6235
3415
4405
3415
3414
3412
6235
3151
3151
3151
951
3093
951
3096
4373
4373
3096
953
3103
958
3151
3181
6236
1840
2843
1840
2843
844
844
3083
1830
6236
980
6236
6236
980
3181
4374
4374
3097
3096
952
3091
3153
6236
3153
933
980
3412
3179
980
975
3180
3183
3174
3971
3973
3970
6216
3136
3135
6216
981
981
3193
3136
961
6215
1841
1843
3201
3202
3203
3204
3205
3206
3207
3208
3209
3210
3211
3212
3213
3214
3215
3216
3217
3218
3219
3220
3221
3222
3223
3224
3225
3226
3227
3228
3229
3230
3231
3232
3233
3234
3235
3236
3237
3238
3239
3240
3241
3242
3243
3244
3245
3246
3247
3248
3249
3250
3251
3252
3253
3254
3255
3256
3257
3258
3259
3260
3261
3262
3263
3264
3265
3266
3267
3268
3269
3270
3271
3272
3273
3274
3275
3276
3277
3278
3279
3280
3281
3282
3283
3284
3285
3286
3287
3288
3289
3290
3291
3292
3293
3294
3295
3296
3297
3298
3299
3300
3301
3302
3303
3304
3305
3306
3307
3308
3309
3310
3311
3312
3313
3314
3315
3316
3317
3318
3319
3320
3321
3322
3323
3324
3325
3326
3327
3328
3329
3330
3331
3332
3333
3334
3335
3336
3337
3338
3339
3340
3341
3342
3343
3344
3345
3346
3347
3348
3349
3350
3351
3352
3353
3354
3355
3356
3357
3358
3359
3360
3361
3362
3363
3364
3365
3366
3367
3368
3369
3370
3371
3372
3373
3374
3763
3378
1047
3392
1048
3376
3380
1049
3381
2781
810
2830
2826
2830
3389
3390
3391
3392
3393
3394
3395
3400
5170
3396
1055
3400
3401
3402
3403
3404
3405
3406
3407
3408
1060
1060
3409
1060
3414
6235
3412
3414
3421
1062
3421
1062
3414
938
3419
3411
3424
1061
3427
3428
3429
3430
3434
3431
1044
3434
1066
3437
3459
3437
3436
3464
860
2879
3449
2961
126
11
127
127
861
2960
2877
3452
3453
3454
3455
3456
3457
3458
3370
3459
2862
2871
858
3461
2902
2959
2900
3468
3469
3470
853
2866
3483
3481
3467
2965
62
123
10
504
2901
2901
3480
3484
3485
3486
3487
3488
3493
422
2963
2962
2963
901
2963
3496
3497
3498
117
2904
2906
862
3502
2881
862
3439
3505
859
3451
3398
5172
3512
3513
3514
3515
3516
3517
3518
3519
3520
3521
3522
3523
3524
3525
3526
3527
3528
3529
3530
3531
5294
3533
3534
3535
3536
3537
3538
3539
3543
3541
1096
3841
3544
3545
3546
3547
3548
3549
3550
3551
3552
3553
3554
3555
3556
3557
113
2857
849
3559
3561
3563
3564
3566
3727
1100
3565
3422
936
2827
3572
3574
1851
1101
835
3569
3577
3576
3580
3581
3582
3583
3584
3585
3586
3587
3588
3589
3590
3591
3592
3593
3594
3595
3596
3597
3598
3599
3600
3601
3602
3603
3604
3605
3606
3607
3608
3609
3610
3611
3612
3613
3614
3615
3616
3617
3618
3619
3620
3621
3622
3623
800
3625
3626
3629
766
3645
3630
3631
3632
2812
2812
3635
3636
3637
3637
1118
3815
3641
3642
3643
3644
3645
2813
3646
831
3649
3650
3651
3652
2797
822
4383
3656
4380
3658
3659
835
3661
3662
3663
3664
3665
3666
3667
3668
3669
3670
3671
3672
3673
3674
2705
3675
769
3679
3709
3678
3676
1126
3681
3680
750
2736
3687
3688
3689
3690
3691
3692
3952
817
3696
3699
3695
3698
2700
2676
3700
752
3703
3704
3705
3697
3706
868
3683
1127
3707
1131
3713
3714
3715
3716
3717
3718
3719
3720
3721
3625
3723
3724
3725
3726
3727
3728
3729
3730
3731
3732
3733
3734
3735
3736
3737
3738
3739
755
3741
2849
3743
3744
2890
3745
3746
2683
756
3750
3751
1135
3753
3754
888
3774
2998
3758
931
3760
3761
3763
3763
3765
3770
1132
3767
3768
3769
3770
3771
3773
3775
886
1085
3503
3503
3778
3779
3780
3573
1102
3050
1137
3785
2841
373
3789
3797
1138
3791
3792
3794
3795
3803
934
3046
976
3185
3801
4393
3067
3066
3804
3805
3806
3807
3808
3809
3810
3811
3812
3813
3814
803
803
3817
3818
3819
3820
3821
3822
3823
3824
3825
3826
3827
3828
3829
3830
3831
3832
3833
3834
3835
3836
3837
1129
3839
3840
3840
1147
1106
3846
3953
2767
3957
3849
3852
3850
1148
3854
1149
3855
3568
719
3857
3858
3859
3860
3861
3862
3863
3864
3865
3866
3867
2622
3868
720
3871
3872
3873
3874
3875
3876
3877
3878
3879
3880
3881
3882
3883
3884
3885
3886
3890
1152
3889
3890
3891
3892
3893
3894
3895
3896
3897
3898
3899
3900
3901
3902
3903
3904
3869
3905
3907
3908
3909
3910
3911
3912
3913
3914
3915
3916
3917
3918
3919
3920
3921
3922
3923
3924
3925
3926
3927
3928
3929
3930
3931
3932
3933
3934
3935
3936
3937
3938
3939
3940
3941
3942
3943
3944
3945
3946
3947
3948
3949
3950
3951
818
1164
3954
3960
1846
2014
2011
372
3087
3961
3962
3963
3047
1989
3047
3049
934
3045
934
934
3046
1165
3975
3991
3976
3977
3978
3979
3980
3981
3982
3983
3984
3985
3986
3987
3988
3989
3151
6236
6236
6236
3167
3164
3996
3997
3998
3999
4000
4001
4002
4003
4004
4005
4006
4007
4008
4009
4010
4011
4012
4013
4014
4015
4016
4017
4018
4019
4020
4021
4022
4023
4024
4025
4026
4027
4028
4029
4030
4031
4032
4033
4034
4035
4036
4037
4038
4039
4040
4041
4042
4043
4044
4045
4046
4047
4048
4049
4050
4051
4052
4053
4054
4055
4056
4057
4058
4059
4060
4061
4062
4063
4064
4065
4066
4067
4068
4069
4070
4071
4072
4073
4074
4075
4076
4077
4078
4079
4080
4081
4082
4083
4084
4085
4086
4087
4088
4089
4090
4091
4092
4093
4094
4095
4096
4097
4098
4099
4100
4101
4102
4103
4104
4105
4106
4107
4108
4109
4110
4111
4112
4113
4114
4115
4116
4117
4118
4119
4120
4121
4122
4123
4124
4125
4126
4127
4128
4129
121
4131
4132
4133
4134
4135
4136
4137
4138
4139
4140
4141
4142
4143
4144
4145
4146
4147
4148
4149
4150
4151
4152
4153
4154
4155
4156
4157
4158
4159
4160
4161
4162
4163
4164
4165
4166
4167
4168
4169
4170
4171
4172
4173
4174
4175
4176
4177
4178
4179
4180
4181
4182
4183
4184
4185
4186
4187
4188
4189
4190
4191
4192
4193
4194
4195
4196
4197
4198
4199
4200
4201
4202
4203
4204
4205
4206
4207
4208
4209
4210
4211
4212
4213
4214
4215
4216
4217
4218
4219
4220
4221
4222
4223
4224
4225
4226
4227
4228
4229
4230
4231
4232
4233
4234
4235
4236
4237
4238
4239
4240
4241
4242
4243
4244
4245
4246
4247
4248
4249
4250
4251
4252
4253
4254
4255
4256
4257
4258
4259
4260
4261
4262
4263
4264
4265
4266
3465
4268
4269
4270
4271
4272
4273
4274
4275
4276
4277
4278
4279
4280
4281
4282
4283
4284
4285
4286
4287
4288
4289
4290
4291
4292
4293
4294
4295
4296
4297
4298
4299
4300
4301
4302
4303
4304
4305
4306
4307
4308
4309
4310
4311
4312
4313
4314
4315
4316
4317
4318
4319
4320
4321
4322
4323
4324
4325
4326
4327
4328
4329
4330
4331
4332
4333
4334
4335
4336
4337
4338
4339
4340
4341
4342
4343
4344
4345
4346
4347
4348
4349
4350
4351
4352
4353
4354
4355
4356
4357
4358
4359
4360
4361
4362
4363
4364
4365
4366
4367
4368
3906
941
3063
3072
3095
3095
3096
1849
3090
3965
944
4380
4381
4382
3583
4384
3451
4386
4387
4388
4389
2972
2866
4392
2143
1955
4395
4396
4397
4398
4399
4400
4401
375
3151
3083
980
4406
4407
4408
4409
4410
4411
4412
4413
4414
4415
4416
4417
4418
4419
4420
4421
4422
4423
4424
4425
4426
4427
4428
4429
4430
4431
4432
1292
4434
4435
4436
4437
4438
4439
4440
4441
4442
4443
4444
4445
1301
4447
4448
4449
4450
4451
4452
4453
4454
4455
4456
4457
4458
4459
4460
4461
4462
4463
4464
4465
4466
4467
4468
4469
4470
4471
4472
4473
4474
4475
4476
4477
4478
4479
4480
4484
4481
1320
4494
1321
4486
4487
4488
4489
4491
5446
4490
1318
4494
4495
4496
4497
4498
4499
4500
4501
4502
4503
4504
4505
4506
4507
4508
4506
4510
4512
5426
1334
4511
1335
4516
4516
4518
4519
4520
4521
4522
4523
4524
4525
4526
4527
4528
4529
4530
4528
4532
4533
4534
4535
4536
4537
4538
4539
4540
4541
4542
4541
4544
4546
5432
1351
4545
1350
4552
1354
5302
1355
4554
2753
796
4555
4558
4559
4560
4561
4562
4563
4564
4565
4566
4643
2238
1398
4643
4571
4572
4573
4574
4577
698
4577
1366
4575
1368
4620
4581
5153
4584
4585
4586
4587
4589
5521
1372
4588
1371
4596
4593
1377
1400
6122
4598
4599
4600
4601
5161
4582
4615
4602
4606
4607
4608
4609
4609
4611
4612
1386
2551
4619
4619
2548
4616
4620
5519
4621
4622
4623
4624
4625
4626
5188
4627
1390
4849
4631
4632
4633
5414
4635
4936
4956
4636
1508
4938
4642
559
4641
4642
4645
4646
4647
4959
4931
4959
4648
4939
4909
4654
4655
4656
4657
4658
4660
5248
1404
4659
1345
4664
4665
4666
4667
4669
5235
4668
5224
4672
4673
4674
4675
1413
4676
5203
5226
4679
4681
4682
4683
4684
4685
4690
4687
4688
1421
5388
4691
524
4693
4694
4695
4696
4697
4698
4668
4699
1427
684
2544
683
4703
4706
4707
4708
4709
4710
5256
5238
4762
602
5259
2364
2363
2364
2364
5240
1452
203
235
294
232
4748
296
296
204
4747
298
1434
4800
1437
4740
4744
4744
192
4743
1462
4739
1439
4745
4799
4745
296
5231
5230
4749
4755
4751
4752
4756
276
200
281
4701
1426
1427
1426
4764
4761
1598
5264
5471
5472
4769
533
5468
5506
4772
5506
4842
4774
4776
4840
4777
4778
4765
4766
4767
1454
4773
4839
4784
1469
4773
4785
4788
1468
4791
4793
5273
4794
4796
5513
4797
5206
5206
298
4801
4802
4803
4779
212
1453
699
1469
4810
4810
324
213
320
275
277
269
273
4809
6140
5318
283
4824
1477
5529
4825
4826
4827
4828
4829
4826
4831
4832
4833
4834
4835
4836
4836
1459
4840
4841
4830
1479
2401
4844
548
4843
2230
2230
5185
5186
5185
4856
4874
4855
1494
4874
1489
4858
1490
1488
4861
4856
1485
4857
1491
4864
4862
4867
4870
2254
6151
1493
6151
5184
4876
4940
2234
4644
552
4643
2401
2401
607
2401
4883
4929
2401
2399
4929
4895
4876
6151
5184
6151
1493
6151
4893
6235
4893
1501
2230
2230
548
2257
6235
6235
6235
6235
1501
1501
1501
4897
4897
1504
1485
4852
1486
6235
6235
5182
5182
5184
6151
6151
4942
6235
1520
4876
4876
4940
4890
1499
4890
4890
6119
6120
4899
6119
4898
4940
4941
4942
4643
552
4643
2230
2234
2233
4966
4966
6234
6255
6151
4942
6120
4958
1500
1500
1513
4957
4941
1483
4961
1514
4966
4966
4965
1520
4963
1516
4969
1517
2250
5726
5729
6216
4906
4927
4967
4979
1521
4953
4950
6234
2242
2244
4987
4988
4989
4990
4991
4992
4993
4994
4995
4996
4997
4998
4999
5000
5001
5002
5003
5004
5005
5006
5007
5008
5009
5010
5011
5012
5013
5014
5015
5016
5017
5018
5019
5020
5021
5022
5023
5024
5025
5026
5027
5028
5029
5030
5031
5032
5033
5034
5035
5036
5037
5038
5039
5040
5041
5042
5043
5044
5045
5046
5047
5048
5049
5050
5051
5052
5053
5054
5055
5056
5057
5058
5059
5060
5061
5062
5063
5064
5065
5066
5067
5068
5069
5070
5071
5072
5073
5074
5075
5076
5077
5078
5079
5080
5081
5082
5083
5084
5085
5086
5087
5088
5089
5090
5091
5092
5093
5094
5095
5096
5097
5098
5099
5100
5101
5102
5103
5104
5105
5106
5107
5108
5109
5110
5111
5112
5113
5114
5115
5116
5117
5118
5119
5120
5121
5122
5123
5124
5125
5126
5127
5128
5129
5130
5131
5132
5133
5134
5135
5136
5137
5138
5139
5140
5141
5142
5143
5144
5145
5146
5308
1577
4531
4531
4663
5152
5520
5154
5157
5155
5166
1580
5156
5159
4581
4627
1389
5164
5165
5166
5167
5168
1581
5295
5196
5171
5173
5174
5175
5176
5177
5178
5180
5180
5179
6235
5182
1520
5187
5183
5182
4850
5181
5189
5191
5192
5193
5194
1578
5150
5151
5197
1585
5201
5223
1586
5228
5202
1588
5229
5205
5215
239
297
182
298
1414
5213
4758
5216
5217
5218
5219
5220
5221
5222
1406
1406
1406
4671
1409
5224
4758
1450
5230
5232
5233
5234
4662
1405
5247
4763
1593
5247
235
1433
294
4700
1425
5244
5246
5248
5249
5250
5251
5252
4762
4762
5257
4761
2375
4761
4762
287
290
289
285
4705
1428
1411
4677
5214
5268
1412
5266
5214
1589
1582
5275
5276
5277
5278
5279
5280
5281
5282
5283
5284
5285
5286
5287
5288
5289
5290
5291
5292
5293
5295
5296
1346
1346
5298
5299
5300
5301
5303
5597
1615
1352
5306
5307
4532
5309
5310
5311
5312
5313
5314
5315
5316
5317
2378
283
286
5321
5322
5323
5324
5325
5329
5326
1620
5486
4916
4629
4917
5333
5334
5335
1621
5340
5339
5332
5331
5341
5342
5343
553
5345
5346
5347
5348
5349
5350
5351
6138
5353
5354
5355
5356
5357
5358
5359
5360
5361
5362
5363
5364
5365
5366
5367
5368
5369
5370
5371
5372
5373
5374
5375
1422
5377
5378
5379
5380
5381
5382
5383
5384
5385
5386
5387
5389
5389
1333
5391
5392
5393
5394
5395
5396
5397
5398
5399
5400
5401
5402
5403
5404
5405
5406
4614
1387
5163
5410
5411
5412
5413
1380
4601
1380
5417
5418
5419
5420
1389
5422
5423
5424
5425
5426
5427
5428
5431
5430
5719
5434
1644
5451
1645
4514
1336
5436
5440
5469
5439
5438
5442
1646
5441
4543
5447
5448
5449
5450
5453
1375
5709
1649
5457
5455
5459
5458
4509
4482
1319
5460
5463
5464
5465
5456
1420
5466
5443
1647
5468
1651
5473
5474
5475
5476
5477
5478
5479
5480
5481
5482
5483
5484
5485
5486
5487
5490
5489
5495
5491
5492
5493
5494
5495
5496
5497
5462
5499
1324
4651
4771
4770
4688
5504
5505
4492
5508
5509
5510
1655
5516
5513
2392
5515
4837
5534
5518
5520
5520
5523
1652
5527
5524
5525
5526
5527
5528
5530
1604
2392
5269
1460
4792
5535
5538
5537
5335
5539
6253
6253
1658
4642
559
5547
5547
5554
5548
5549
5550
5551
5552
4843
5553
1516
4970
5558
6139
1509
5560
5561
5562
5563
5564
5565
5566
5567
5568
5569
5570
5571
5572
5477
5573
5574
5576
5577
5578
5579
5580
5581
5582
5583
5584
5585
5586
5587
1356
5589
5590
5591
5593
5598
5592
5594
5595
5596
5600
5712
4568
1627
553
2426
5607
1669
5606
5608
5609
5611
1670
5327
1291
5613
5614
5615
5616
5617
5618
5619
5620
5621
5622
5623
4432
5625
5624
5627
5628
5629
5630
5631
5632
5633
5634
5635
5636
5637
5638
5639
5640
5641
5642
5644
5644
5645
1673
5647
5648
5649
5650
5651
5652
5653
5654
5655
5656
5657
5658
5659
5660
5626
5661
5663
5664
5665
5666
5667
5668
5669
5670
5671
5672
5673
5674
5675
5676
5677
5678
5679
5680
5681
5682
5683
5684
5685
5686
5687
5688
5689
5690
5691
5692
5693
5694
5695
5696
5697
5698
5699
5700
5701
5702
5711
5704
5705
5706
5707
5708
5714
1685
4548
557
618
2247
4948
4887
5717
5718
5718
2401
607
2401
4844
4843
548
4843
1497
4844
1686
5747
1687
5732
5733
5734
5735
5736
5737
5738
5739
5740
5741
5742
5743
5744
5745
4940
6255
6255
6255
5747
4952
5752
5753
5754
5755
5756
5757
5758
5759
5760
5761
5762
5763
5764
5765
5766
5767
5768
5769
5770
5771
5772
5773
5774
5775
5776
5777
5778
5779
5780
5781
5782
5783
5784
5785
5786
5787
5788
5789
5790
5791
5792
5793
5794
5795
5796
5797
5798
5799
5800
5801
5802
5803
5804
5805
5806
5807
5808
5809
5810
5811
5812
5813
5814
5815
5816
5817
5818
5819
5820
5821
5822
5823
5824
5825
5826
5827
5828
5829
5830
5831
5832
5833
5834
5835
5836
5837
5838
5839
5840
5841
5842
5843
5844
5845
5846
5847
5848
5849
5850
5851
5852
5853
5854
5855
5856
5857
5858
5859
5860
5861
5862
5863
5864
5865
5866
5867
5868
5869
5870
5871
5872
5873
5874
5875
5876
5877
5878
5879
231
293
5882
5883
5884
5885
5886
5887
5888
5889
5890
5891
5892
5893
5894
5895
5896
5897
5898
5899
5900
5901
5902
5903
5904
5905
5906
5907
5908
5909
5910
5911
5912
5913
5914
5915
5916
5917
5918
5919
5920
5921
5922
5923
5924
5925
5926
5927
5928
5929
5930
5931
5932
5933
5934
5935
5936
5937
5938
5939
5940
5941
5942
5943
5944
5945
5946
5947
5948
5949
5950
5951
5952
5953
5954
5955
5956
5957
5958
5959
5960
5961
5962
5963
5964
5965
5966
5967
5968
5969
5970
5971
5972
5973
5974
5975
5976
5977
5978
5979
5980
5981
5982
5983
5984
5985
5986
5987
5988
5989
5990
5991
5992
5993
5994
5995
5996
5997
5998
5999
6000
6001
6002
6003
6004
6005
6006
6007
6008
6009
6010
6011
6012
6013
6014
6015
6016
6017
6018
6019
5230
6021
6022
6023
6024
6025
6026
6027
6028
6029
6030
6031
6032
6033
6034
6035
6036
6037
6038
6039
6040
6041
6042
6043
6044
6045
6046
6047
6048
6049
6050
6051
6052
6053
6054
6055
6056
6057
6058
6059
6060
6061
6062
6063
6064
6065
6066
6067
6068
6069
6070
6071
6072
6073
6074
6075
6076
6077
6078
6079
6080
6081
6082
6083
6084
6085
6086
6087
6088
6089
6090
6091
6092
6093
6094
6095
6096
6097
6098
6099
6100
6101
6102
6103
6104
6105
6106
6107
6108
6109
6110
6111
6112
6113
6114
5662
6116
2255
2251
4896
4896
4896
4960
2248
4886
6125
6126
6127
6129
1379
6130
6131
6132
6133
6134
6135
4770
4667
1448
2589
5318
6141
6142
6143
6144
6145
6146
6147
552
4876
2230
6151
6152
6153
5693
6155
6156
6157
6158
6159
3083
2230
6162
6163
6164
6165
6166
6167
6168
6169
6170
6171
6172
6173
6174
6175
6176
6177
6178
6179
6180
6181
4973
3186
2174
2578
6186
6187
6188
6189
6190
6191
3137
6193
6194
6195
6196
1064
6198
6252
6200
6201
6202
6203
1064
6205
5729
6207
3975
6209
6209
6211
6211
1530
991
6215
6216
6272
6218
6219
6220
6221
6222
6223
6224
6225
6226
6227
6228
6229
6230
6269
6232
1529
6234
6235
6236
6237
1064
6239
6240
6241
6242
6243
6244
6245
6246
6247
6248
6249
6250
555
6252
6232
6254
6234
1526
6257
6258
6259
6260
6261
6262
6263
6264
6265
6266
6267
6268
6270
6270
6274
6273
6273
6274
6278
6276
6277
6278
6279
6280
6281
6282
6283
6284
6285
6287
6287
6288
6273
6274
6270
