0
1
2
3
4
5
6
7
8
9
1073
894
12
13
14
15
16
17
18
19
20
352
921
97
922
25
26
27
28
28
924
1083
1078
1068
34
35
36
37
38
39
40
41
42
168
44
45
46
47
48
49
50
51
48
53
54
55
56
57
58
59
60
62
2927
63
64
65
66
67
68
69
70
71
72
73
74
75
76
77
79
81
80
81
82
83
84
85
1799
87
88
1979
90
91
92
1822
94
95
96
24
98
99
100
100
102
103
104
105
106
107
108
28
110
111
112
3558
114
115
116
3499
3498
119
4129
4130
3479
3477
3478
3446
3445
3447
128
129
130
131
132
133
134
135
136
137
138
139
140
141
142
143
144
145
146
147
148
149
150
151
52
152
41
155
156
157
158
159
160
161
162
163
164
165
159
166
168
169
169
2197
260
263
269
2222
176
177
178
179
180
1592
1444
307
221
222
240
252
233
237
301
530
529
1473
1475
1474
545
1472
562
199
199
201
1602
1597
1587
310
206
318
316
329
2224
211
4811
4812
339
218
172
215
333
219
220
210
184
219
224
225
226
227
228
188
230
231
4725
189
236
4725
238
183
332
4732
242
185
248
242
183
244
303
184
299
190
249
190
253
245
245
2194
259
2194
2197
2389
261
194
2389
270
267
195
2217
4816
2222
4817
2560
4817
2222
4817
274
275
276
277
278
279
280
281
199
283
284
285
286
287
288
289
290
5880
5242
5881
5241
5211
5243
5209
5210
300
310
205
303
306
304
305
207
208
207
318
311
313
2223
2221
1472
2223
174
264
268
319
340
328
322
323
4812
325
326
327
241
212
186
2221
217
173
334
335
250
324
337
213
338
340
1782
3539
1783
345
346
347
348
349
350
2957
352
353
20
355
356
357
358
1805
3003
3037
897
363
364
365
2156
367
25
371
934
3046
1832
3072
1829
2842
2843
375
3047
3141
3089
1851
3070
3046
3046
27
26
387
1861
389
390
391
1910
393
394
395
396
397
398
399
400
401
402
403
404
405
1913
3258
408
1922
1919
411
412
413
414
415
416
417
418
419
3538
421
422
423
424
425
426
1974
3771
3990
3078
431
432
433
434
435
436
437
438
439
3964
371
3084
3083
3094
3170
2020
447
448
449
450
451
452
453
454
455
456
457
458
459
2046
461
462
463
464
465
466
467
468
469
470
471
472
473
474
3281
476
477
478
479
4250
481
482
483
484
485
486
487
488
489
490
491
492
3252
494
495
2835
2129
2134
3767
2811
501
502
503
2137
2138
2584
2586
2143
509
510
511
2158
2160
514
515
2015
3784
4498
2179
5299
521
522
523
524
525
526
1448
528
529
530
531
532
533
534
2199
2201
537
538
4754
540
541
542
543
544
545
548
4845
4843
2234
4869
2230
4644
552
4643
4845
4932
618
4865
2251
4881
4884
562
5048
2262
2492
566
567
568
569
2322
571
572
573
574
575
576
577
578
579
580
581
582
583
584
585
2324
5047
588
2327
2331
6016
592
593
594
595
596
597
598
599
600
5300
2373
2380
4409
2381
2397
4940
4875
4480
610
5644
612
613
614
615
616
617
4887
4881
548
2230
4934
4889
2434
625
626
627
628
629
630
631
632
633
634
635
636
637
2459
639
640
641
642
643
644
645
646
647
648
649
650
5114
5126
2272
654
655
656
5072
658
659
660
661
662
663
664
665
666
667
668
669
670
5043
672
673
674
4632
2541
2538
5524
4626
680
681
682
2547
2545
4620
2549
2551
688
689
2564
2566
692
693
2427
5542
2579
697
6139
699
700
701
2665
703
704
705
706
707
708
709
710
711
712
713
714
715
716
717
718
719
720
721
722
723
724
725
726
727
728
2638
2636
731
3977
733
734
735
736
737
738
739
740
741
742
743
744
745
2734
747
748
2736
2689
342
751
344
753
2682
2684
787
2691
2728
760
761
762
763
2712
765
766
767
768
769
770
771
3643
2713
774
775
776
777
778
779
780
781
2751
3984
2730
785
786
788
2740
2742
3541
2744
792
793
794
2750
2754
797
798
799
2762
801
6160
2769
2770
3801
2773
2775
808
809
2779
2781
2782
3377
814
815
3766
817
4376
819
3704
2797
3573
823
824
825
3385
827
829
2821
2822
2814
3815
833
2826
835
836
3780
2833
2837
2852
3740
3741
4372
3786
845
2851
2853
3749
849
850
2875
852
853
854
855
856
857
858
859
860
861
862
863
2885
865
866
867
868
869
870
871
872
2905
874
875
2906
3560
878
2922
880
881
2929
883
884
2941
2940
887
1975
1984
1982
891
892
893
125
895
896
897
28
28
900
901
902
2983
2981
905
906
2990
908
909
888
911
912
913
151
3013
917
1970
918
919
920
921
922
97
924
925
3761
3753
928
929
2977
3039
932
3991
3046
3051
3422
3423
3054
3057
3417
3059
3062
3122
3069
3416
3134
1832
3990
3138
4403
3096
4374
3103
3132
3127
956
3101
4898
3966
1060
3110
962
3116
3120
965
3123
4919
3416
1062
3134
3146
3147
3163
3163
3180
3176
3970
3112
4905
3412
3411
3165
3790
2175
3195
3184
3187
988
3425
3197
3191
2171
993
994
995
996
997
998
999
1000
1001
1002
1003
1004
1005
1006
1007
1008
1009
1010
1011
1012
1013
1014
1015
1016
3608
3607
1019
2042
1021
1022
1023
1024
1025
4237
1027
1028
1029
1030
1031
1032
1033
1034
1035
1036
1037
1038
1039
1040
1041
1042
1043
1044
1045
1046
3393
3395
3379
1050
1051
1052
1053
1054
1055
1056
3404
3406
5176
1060
1061
1062
3419
1064
1065
1066
1067
1068
1069
1070
1071
1072
122
1074
1075
1076
1077
1078
2964
1080
1081
1082
1083
3562
1085
1086
1087
1088
1089
1090
1091
1092
1093
1094
1095
1096
1097
1098
1099
1100
3571
3795
3647
3577
3579
3581
3583
1108
1109
1110
1111
1112
1113
1114
1115
1116
1117
3814
4382
1120
3657
1122
1123
1124
3674
1126
1127
1128
1129
3702
1131
3718
1133
3733
3751
3793
3797
3799
1139
1140
1141
1142
1143
1144
1145
1146
802
1148
1149
1150
1151
1152
1153
1154
1155
1156
1157
1158
1159
1160
1161
1162
1163
4378
3991
3993
1167
3995
1169
1170
1171
1172
1173
1174
1175
1176
1177
1178
1179
1180
1181
1182
1183
1184
1185
1186
1187
1188
1189
1190
1191
1192
1193
1194
1195
1196
1197
1198
1199
1200
1201
1202
1203
1204
1205
1206
1207
1208
1209
1210
1211
1212
1213
1214
1215
1216
1217
1218
1219
1220
1221
1222
1223
1224
1225
1226
1227
1228
1229
1230
1231
1232
1233
1234
1235
1236
1237
1238
1239
1240
1241
1242
1243
1244
1245
1246
1247
1248
1249
1250
1251
1252
1253
1254
1255
1256
1257
1258
1259
1260
1261
1262
1263
1264
1265
4245
1267
1268
1269
1270
1271
1272
1273
4476
4407
4474
1277
1278
1279
1280
1281
1282
1283
1284
5606
1286
1287
1288
4434
4432
1291
5487
1293
1294
1295
1296
1297
1298
1299
1300
1301
1302
1303
1304
1305
1306
1307
1308
1309
1310
1311
1312
1313
1314
4539
4538
4478
1321
1320
518
1325
5430
519
4493
4500
4535
1327
1328
1329
1330
4507
5403
1333
4509
4512
5457
1337
1338
5404
4523
1341
1342
5194
4529
4531
5297
4555
5413
5411
624
1351
5305
1353
1354
1355
4554
1357
1358
1359
5395
4565
2424
4571
4573
5558
4575
4579
1368
4581
4585
5158
1372
1373
1374
1375
5465
1377
4596
4601
5335
4615
1382
1383
1386
5397
2565
4618
5571
1389
4629
4634
5536
1393
5499
5500
4639
6118
5543
1399
4649
4674
1402
1403
1404
1405
5151
1407
1408
1409
1410
1411
1412
5203
1414
1415
1416
4683
5386
1419
1420
1421
1422
1423
1424
4702
4701
4671
4704
1429
4721
1431
1432
1433
4729
1435
1436
1437
1438
1439
1440
1441
1442
1443
1444
289
1446
199
199
1449
1450
1451
1452
1453
1454
1455
1456
1457
1458
2205
1460
1461
1462
1463
1464
1465
2209
1467
1468
1469
1470
1471
1472
1473
1474
1475
201
1477
5510
1479
1480
4837
1482
5747
5722
4852
4916
4857
4855
1489
4861
4915
6116
1511
1494
2234
4929
4930
4891
1499
1500
1501
1502
1503
1504
5722
4927
1507
1508
4917
1510
1511
1512
1513
4954
4954
4963
4967
5727
1519
1520
1521
4952
5546
2577
4971
4980
4975
1528
1529
6192
1531
1532
2573
1534
1535
1536
1537
1538
1539
1540
1541
1542
1543
1544
1545
1546
1547
1548
1549
1550
5026
1552
1553
5369
5370
2455
2457
1558
1559
1560
1561
1562
1563
5991
1565
1566
1567
1568
1569
1570
1571
1572
1573
1574
1575
1576
5148
5196
1579
5168
1581
1582
5178
1584
1585
5201
1587
1588
1589
1590
1591
1592
1593
1594
1595
1596
1597
1598
1599
5255
4714
1602
5265
1604
5277
1606
1607
1608
1609
1610
1611
1612
1613
1614
1615
1616
1617
1618
1619
1620
5331
5552
5409
5337
5339
5342
553
1628
5382
1630
1631
1632
1633
1634
5623
1636
5570
1638
6128
5449
5420
1642
5428
5433
1645
1646
1647
5601
1649
5461
1651
1652
5490
5494
5512
1656
5549
5554
5556
1660
1661
1662
1663
5586
1665
1666
1667
5713
5607
5609
1671
1672
5626
5662
5639
1676
5675
1678
1679
1680
1681
1682
1683
1684
6124
5747
5749
1688
1689
1690
1691
1692
1693
1694
1695
1696
1697
1698
1699
1700
1701
1702
1703
1704
1705
1706
1707
1708
1709
1710
1711
1712
1713
1714
1715
1716
1717
1718
1719
1720
1721
1722
1723
1724
1725
1726
1727
1728
1729
1730
1731
1732
1733
1734
1735
1736
1737
1738
1739
1740
1741
1742
1743
1744
1745
1746
1747
1748
1749
1750
1751
1752
1753
1754
1755
1756
1757
1758
1759
1760
1761
1762
1763
1764
1765
1766
1767
1768
1769
1770
1771
1772
1773
1774
1775
1776
1777
1778
1779
1780
343
2692
343
1781
1785
1786
1787
1788
1789
1790
1791
1792
1793
1794
1795
1796
1797
1798
1799
1800
1801
1803
1803
1802
357
1806
3757
1808
1809
1810
3015
107
3013
3015
2150
1816
1817
1818
1819
1820
1821
1822
1823
1824
3047
3047
3047
3047
1833
371
371
373
1989
1829
1829
1829
2843
1832
2843
375
3050
3783
1842
1830
2018
445
3089
444
3143
944
382
3069
4371
1853
371
371
371
3046
1860
1860
387
1862
1863
1864
1865
1866
1867
1870
392
3237
1871
1872
1873
1874
1875
1876
1877
1878
1879
1880
1881
1882
1883
1884
1885
1886
1887
1888
1889
1890
1891
1892
1893
1894
1895
1896
1897
1898
1899
1900
1901
1902
1903
1904
1905
1906
1907
1908
1912
405
1909
1912
1915
1914
3255
1917
1921
1917
408
1921
3304
407
1923
1924
1925
1926
1927
1928
1929
1930
1931
1932
1933
1934
1935
1936
1937
1938
1939
1940
1941
1942
1943
1944
1945
1946
1947
1948
1949
1950
1952
3536
1952
1954
1955
1956
1957
1958
1959
3562
1961
1962
1963
1964
1965
1966
1967
1968
1969
39
142
1972
1824
3019
367
1973
1977
1978
1979
3774
2943
886
1980
3756
1805
2884
1985
3048
3969
429
3151
1992
1993
1994
1995
1996
1997
1998
1999
2000
2001
2002
2003
2004
2005
2006
2007
2008
2009
371
371
371
3087
371
371
3090
950
3094
1952
420
1953
2022
2023
2024
2025
2026
2027
2028
2029
2030
2031
2032
2033
2034
2035
2036
2037
2038
2039
2041
3338
460
2040
2044
1911
406
2045
2048
2049
2050
2051
2052
2053
2054
2055
2056
2057
2058
2059
2060
2061
2062
2063
2064
2065
2066
2067
2068
2069
2070
2071
2072
2073
2074
2075
2076
2077
2078
2079
2080
2081
2082
2083
2084
2085
2086
2087
2088
2089
2090
2091
2092
2093
2094
2095
453
2097
2098
2099
2100
2101
2102
2103
2104
2105
2106
2107
2108
2109
2110
2111
2112
2113
2114
2115
2116
2117
2118
2119
2120
3251
2122
2123
2124
2125
2126
2127
2131
496
498
2133
2823
2135
500
832
2139
505
851
4391
2140
2142
2585
507
2141
2146
2582
2145
2148
2954
2955
899
2955
2153
2154
24
2156
2160
511
2157
2160
2161
2162
2163
2164
2165
2166
2167
2168
2172
516
987
3186
2174
3788
983
2174
520
2180
520
4499
2184
2182
2183
2185
2186
5436
2187
2188
2189
2190
2191
2192
2193
2194
2195
2196
2197
534
534
2198
2201
2204
2203
4987
536
2202
4814
4814
1467
4814
4754
2212
2213
2214
2212
2216
2217
2218
2219
2220
2221
2222
2223
2224
2225
2230
548
548
4845
2233
2234
548
2401
550
2230
2230
2234
4643
552
4643
2234
2232
2256
547
4845
622
2248
4931
623
4885
1492
2255
2254
6117
4866
548
4884
548
548
2263
2263
565
5946
2264
2265
2266
6019
2268
5028
2271
5029
570
2273
2274
2275
2276
2277
2278
2279
2280
2281
2282
2283
2284
2285
2286
2287
2288
2289
2290
2291
2292
2293
2294
2295
2296
2297
2298
2299
2300
2301
2302
2303
2304
2305
2306
2307
2308
2309
2310
2311
2312
2313
2314
2315
2316
2317
2318
2320
2324
2320
563
5046
5046
2325
2329
588
2329
2332
2332
587
5092
2333
2334
6015
2336
2337
2338
2339
2340
6018
2342
2343
2344
2345
2346
2347
2348
2349
2350
2351
2352
2353
2354
2355
2356
2357
2358
2359
2360
2361
2362
2363
2364
2365
2368
2368
5298
2372
2370
2371
6140
1600
2374
2375
5324
2377
2378
604
604
604
2379
2383
2384
2385
2386
2387
2388
2389
2390
2391
2392
2393
2394
2199
2395
4684
607
4876
607
1497
2405
2405
611
6114
2406
2407
2408
2409
2410
2411
2412
2413
2414
2415
2416
2417
2418
2419
548
4882
548
548
548
2230
619
548
2230
623
4957
4886
2368
2367
601
2435
2436
2437
2438
2439
2440
2441
2442
2443
2444
2445
2446
2447
2448
2449
2450
2451
2452
2454
5123
590
2453
638
2321
586
2458
2461
2462
2463
2464
2465
2466
2467
2468
2469
2470
2471
2472
2473
2474
2475
2476
2477
2478
2479
2480
2481
2482
2483
2484
2485
2486
2488
2488
2489
647
2492
5947
2491
2494
2495
2496
2497
2498
2499
2500
2501
2502
2503
2504
2505
2506
2507
2508
2509
2510
2511
2512
2513
2514
2515
2516
2517
2518
2519
2520
2521
2522
2523
2524
2528
2526
670
5042
2529
2530
2531
2532
2533
2534
2536
2542
676
675
4624
1388
679
2540
2546
2543
1410
6137
1401
2551
685
2548
4619
2554
2552
2554
4753
4756
4756
1447
2559
2560
2561
2562
689
2564
2563
5399
2567
2568
2569
2570
4973
4973
1527
694
2578
2578
1523
5545
2553
2580
2579
2582
2583
2582
2584
697
2550
2587
687
2590
2591
2592
2593
2594
2595
2596
2597
2598
2599
2600
2601
2602
2603
2604
2605
2606
2607
2608
2609
2610
2611
2612
2613
2614
2615
2616
2617
2618
2619
2620
2621
2622
2623
2624
2625
2626
2627
2628
2629
2630
2631
2632
2633
2637
2634
2636
3976
732
2639
2640
2641
2642
2643
2644
2645
2646
2647
2648
2649
2650
2651
2652
2653
2654
2655
2656
2657
2658
2659
2660
2661
730
2663
2664
746
2666
2667
2668
2669
2670
2671
2686
2735
2687
2688
2674
3738
1784
3670
2678
2685
749
2681
757
787
2687
2690
342
758
2692
759
3989
2693
2694
2695
2696
2697
767
2702
2700
2701
2715
2703
2704
2705
2706
2707
2708
2709
2710
2711
2715
772
2713
2715
2716
2717
2718
2719
2720
2721
2722
779
2724
2725
2727
2752
783
2726
782
2731
2732
2733
785
2738
2738
788
2739
2729
784
2743
446
3954
790
2741
2746
2747
2748
2749
2750
2752
3984
2751
729
2755
2756
2757
2758
2759
498
2760
801
3633
3083
844
372
1838
2147
510
2144
2768
2776
805
2772
2776
4393
2777
2778
2779
2777
808
807
2784
3769
806
2790
813
2788
2789
3764
2791
2792
2793
2794
2795
2798
822
3572
2796
2800
2801
2802
3384
2804
2805
2806
2807
2810
2820
2820
830
2810
2816
825
2813
2818
811
2819
2819
2159
2159
512
3640
1118
3816
2826
2826
2826
2829
2830
2832
3778
837
2831
2783
841
840
2854
3739
2836
843
3787
2842
1854
513
2845
2847
2840
3742
2848
839
2854
848
3748
2853
2856
2856
2858
2859
2860
2861
2862
2863
2864
2865
2866
2867
2868
2869
2870
2871
2872
2873
2874
2875
2876
2877
2878
2879
2880
2881
2882
2883
2882
865
2886
2887
2888
2889
2890
2891
2892
2893
2894
2895
2896
2897
2898
2899
2900
2904
2902
873
505
2906
505
2907
877
2909
2910
2911
2912
2913
2914
2915
2916
2917
2918
122
120
2921
880
2923
123
2925
2926
123
2925
883
2928
2931
2932
2933
2934
2935
2936
2937
2938
2938
887
2941
1978
2942
2939
2945
2944
2947
2948
882
2950
2951
4392
2953
2955
2955
28
106
2958
2959
2960
2961
2962
2963
3501
2965
2968
2967
2980
2969
2970
2971
2972
2973
2974
2975
2976
907
2978
2979
2982
3013
3007
916
2984
2985
2986
2987
2988
2989
2991
2991
2992
2993
3002
2995
2997
3755
2996
2999
3000
3448
1983
889
890
3012
917
49
3008
3009
3010
3011
41
151
42
107
105
3017
100
3019
3020
3021
3022
3023
926
3760
927
3027
3028
3029
3030
3031
3032
3033
3034
3035
3036
930
1804
909
359
3041
3042
3043
3044
3969
1165
3966
3990
371
3785
3053
3053
3422
937
3051
3058
3052
3055
940
3056
3060
939
3077
3063
936
3065
3124
3071
943
966
3123
1991
3064
3075
3420
945
3074
946
970
1832
1829
1832
3786
948
3969
3139
948
3965
949
3092
3093
951
4373
952
3099
953
3095
3129
3125
3104
956
3100
958
3104
384
934
3108
3968
960
3137
3109
979
4906
3115
3115
962
3114
3121
3118
965
3121
834
834
2827
3126
4918
967
3131
3128
3416
1062
3129
3134
968
3413
3413
3414
970
3167
3133
3144
971
972
3145
3148
964
963
3149
3150
3150
3167
3166
974
844
1829
2843
1829
371
1829
371
3084
3111
961
3162
978
3136
3166
3119
3168
3171
4375
3169
3172
3175
3178
975
3174
3179
3409
981
961
3183
3193
985
3182
3188
988
3973
3192
3189
1530
4976
3194
3424
989
3190
991
3196
1843
3199
3201
3202
3203
3204
3205
3206
3207
3208
3209
3210
3211
3212
3213
3214
3215
3216
3217
3218
3219
3220
3221
3222
3223
3224
3225
3226
3227
3228
3229
3230
3231
3232
3233
3234
3235
3236
3238
3238
1862
3240
3241
3242
3243
3244
3245
3246
3249
3248
4251
3250
3251
459
3253
3254
3256
3606
1018
1017
2043
1020
1019
3262
3263
3264
3265
3266
3267
3268
3269
3270
3271
3272
3273
3274
3275
3276
3277
3278
2037
3280
3281
1026
3283
4236
3285
3286
3287
3288
3289
3290
3291
2098
3293
3294
3295
3296
3297
3298
3299
3300
3301
3302
3303
3306
435
3921
3307
3308
3309
3310
3311
3312
3313
3314
3315
3316
3317
3318
3319
3320
3321
3322
3323
3324
3325
3326
3327
3328
3329
3331
3332
3332
3333
3334
3336
3336
407
3337
2047
3340
3341
1918
3343
3344
3345
3346
3347
3348
3349
3350
3351
3352
3353
3354
3355
3356
3357
3358
3359
3360
3361
3362
3363
3364
3365
3366
3367
3368
3371
1044
3534
3372
3373
3374
3375
3378
1047
3392
1048
3376
3380
1049
3383
2780
810
3386
3387
3388
3389
3390
3391
3392
3393
3394
3395
3396
3397
3398
3399
3400
3402
3402
3401
1056
3403
864
3405
5174
3409
3410
3411
3412
3413
3414
3413
3416
3055
3418
938
3420
3421
2827
833
3424
3425
3426
3427
3428
3429
3430
3431
3432
3433
3434
3435
3436
3437
3438
3439
3440
3441
3442
3443
911
126
894
3447
2932
3449
3450
3451
3452
3453
3454
3455
3456
3457
3458
3459
3460
3461
3462
3463
3464
3465
3466
3467
3468
3469
3470
3471
3472
3473
3474
3475
3476
2927
3478
1073
3482
3481
3500
3483
3484
3485
3486
3487
3488
3489
3490
3491
3492
3493
3494
3495
3496
3497
3498
3499
876
876
3502
3503
3504
3505
3506
3507
3508
3509
3510
3511
3512
3513
3514
3515
3516
3517
3518
3519
3520
3521
3522
3523
3524
3525
3526
3527
3528
3529
3530
3531
3532
3533
3534
3535
3537
3537
3538
1094
3540
795
3542
3543
3544
3545
3546
3547
3548
3549
3550
3551
3552
3553
3554
3555
3556
3557
3558
2857
3560
3559
3561
2635
3563
3565
3566
3567
3568
2828
3569
835
3574
1102
4379
3576
3660
1101
3575
1103
2796
1840
3580
821
3584
3585
3586
3587
3588
3589
3590
3591
3592
3593
3594
3595
3596
3597
3598
3599
3600
3601
3602
3603
3604
3605
3609
1109
1110
3609
3610
3611
3612
3613
3614
3615
3616
3617
3618
3619
3620
3621
3622
3626
3623
3625
3626
3627
3628
3629
3630
3631
3632
3634
3804
1117
3636
3813
3635
3638
3814
3641
4381
1119
3644
3645
2802
824
3646
3649
773
3651
3652
3654
3781
3653
3659
1107
3656
4383
3387
3661
3662
3663
3664
764
2714
3667
2019
2021
344
2745
3672
3673
789
3675
3676
3677
3678
3679
3680
3681
3682
3683
3016
2737
2737
3687
3688
3689
4380
3691
3692
3693
1125
3695
3696
3697
3698
3699
2676
3700
752
2680
754
3703
3706
3707
3708
3709
3710
3711
3712
3713
3714
3715
3716
3717
3718
3719
3720
3721
3722
3723
3724
3725
3726
3727
3728
3729
3730
3731
3734
1123
4384
3732
3736
3737
1781
3701
755
1130
3705
1969
3743
3745
3746
3747
2683
756
3754
428
3750
1058
3406
1973
888
2998
1987
3758
3407
1059
3762
3763
3765
3770
1132
804
2771
4395
3770
2884
3772
3773
2943
3775
3776
3777
3779
3791
1136
3782
3794
3785
1137
3796
373
3073
3789
3798
1138
3792
3800
1105
3578
1104
3177
976
3185
986
3648
831
3570
3802
3804
3805
3806
3807
3808
3809
3810
3811
3812
3813
3813
2769
2769
3817
3818
3819
3820
3821
3822
3823
3824
3825
3826
3827
3828
3829
3830
3831
3832
3833
3834
3835
3836
3837
3838
3839
3840
3841
3844
1106
2767
1147
1837
2766
3848
3849
3850
3851
3852
3853
3854
3855
3856
3857
3858
3859
3860
3861
3862
3863
3864
3865
3866
3867
3868
3869
3870
3871
3872
3873
3874
3735
3875
3877
3878
3879
3880
3881
3882
3883
3884
3885
3886
3887
3888
3889
3890
3891
3892
3893
3894
3895
3896
3897
3898
3899
3900
3901
3902
3903
3904
3905
3906
3907
3908
3909
3910
3911
3912
3913
3914
3915
3916
3917
3880
3918
704
3921
3922
3923
3924
3925
3926
3927
3928
3929
3930
3931
3932
3933
3934
3935
3936
3937
3938
3939
3940
3941
3942
3943
3944
3945
3946
3945
3948
3949
3950
3951
3952
3956
3947
3960
4377
380
2013
3047
1848
3962
3963
3668
3086
3140
3969
3966
1165
3990
3972
1166
3992
3975
1168
3994
3976
3977
3978
3979
3980
3981
3982
3983
3985
732
1094
3987
3988
3986
3167
974
3164
982
3198
990
3996
3997
3998
3999
4000
4001
4002
4003
4004
4005
4006
4007
4008
4009
4010
4011
4012
4013
4014
4015
4016
4017
4018
4019
4020
4021
4022
4023
4024
4025
4026
4027
4028
4029
4030
4031
4032
4033
4034
4035
4036
4037
4038
4039
4040
4041
4042
4043
4044
4045
4046
4047
4048
4049
4050
4051
4052
4053
4054
4055
4056
4057
4058
4059
4060
4061
4062
4063
4064
4065
4066
4067
4068
4069
4070
4071
4072
4073
4074
4075
4076
4077
4078
4079
4080
4081
4082
4083
4084
4085
4086
4087
4088
4089
4090
4091
4092
4093
4094
4095
4096
4097
4098
4099
4100
4101
4102
4103
4104
4105
4106
4107
4108
4109
4110
4111
4112
4113
4114
4115
4116
4117
4118
4119
4120
4121
4122
4123
4124
4125
4126
4127
4128
2920
4130
4131
4132
4133
4134
4135
4136
4137
4138
4139
4140
4141
4142
4143
4144
4145
4146
4147
4148
4149
4150
4151
4152
4153
4154
4155
4156
4157
4158
4159
4160
4161
4162
4163
4164
4165
4166
4167
4168
4169
4170
4171
4172
4173
4174
4175
4176
4177
4178
4179
4180
4181
4182
4183
4184
4185
4186
4187
4188
4189
4190
4191
4192
4193
4194
4195
3919
4197
3919
4199
4200
4201
4202
4203
4204
4205
4206
4207
4208
4209
4210
4211
4212
4213
4214
4215
4216
4217
4218
4219
4220
4221
4222
4223
4224
4225
4226
4227
4228
4229
4230
4231
4232
4233
4234
4235
4203
1255
4238
4239
4240
4241
4242
4243
4244
4245
4244
4247
4248
4249
1266
4246
4252
4253
4254
4255
4256
4257
4258
4259
4260
4261
3341
487
4264
3343
4266
2948
4268
4269
4270
4271
4272
4273
4274
4275
4276
4277
4278
4279
4280
4281
4282
4283
4284
4285
4286
4287
4288
4289
4290
4291
4292
4293
4294
4295
4296
4297
4298
4299
4300
4301
4302
4303
4304
4305
4306
4307
4308
4309
4310
4311
4312
4313
4314
4315
4316
4317
4318
4319
4320
4321
4322
4323
4324
4325
4326
4327
4328
4329
4330
4331
4332
4333
4334
4335
4336
4337
4338
4339
4340
4341
4342
4343
4344
4345
4346
4347
4348
4349
4350
4351
4352
4353
4354
4355
4356
4357
4358
4359
4360
4361
4362
4363
4364
4365
4366
4367
4368
4369
3066
4370
942
3102
957
3117
846
3173
379
3803
3582
2834
838
3655
2714
2946
4386
4387
4388
4389
4390
4391
4392
2815
4394
2144
4396
4397
4398
4399
4400
499
1832
3097
371
3136
4410
1274
4406
1276
4473
4411
4412
4413
4414
4415
4416
4417
4418
4419
4420
4421
4422
4423
1285
4425
4426
4427
4428
4429
4433
4430
1291
4433
1292
4435
4436
4437
4438
4439
4440
4441
4442
4443
4444
4445
4446
4447
4448
4449
4450
4451
4452
4453
4454
4455
4456
4457
4458
4459
4460
4461
4462
4463
4464
4465
4466
4467
4468
4469
4470
4471
4472
4475
1315
4537
1316
4431
1289
4477
1290
4494
4484
4496
4497
4495
5497
4489
5430
2178
4491
4543
4490
1318
4497
1325
518
4498
4499
5745
1326
4501
4502
4503
4504
4505
4508
1332
4508
1333
4506
4513
1334
5459
1336
4511
4516
4517
4518
4519
4521
5402
4520
1339
4524
4525
4526
4527
4532
1343
4528
1346
5308
4536
4533
4536
2753
4540
1348
1349
5410
4542
4544
4542
4534
4548
4545
1352
5711
2434
4550
4551
4552
4553
4554
796
796
4556
4558
4559
4560
4561
4562
676
5394
1360
4563
4878
2241
549
1398
2581
4571
2588
2581
1365
5558
4576
4575
1365
4583
1368
4580
4583
4578
1367
5525
4586
4588
5521
4590
4591
1371
4593
5717
1376
4596
4597
4600
4598
5333
1380
4602
5161
4604
4605
4606
4607
4608
4622
4612
5400
691
4623
4615
1369
4619
4614
1381
4620
4620
2563
5396
2563
1388
5526
1637
4627
4628
4629
4627
4635
4587
4631
1392
5535
4638
1394
5498
1395
4640
1397
2253
4644
5544
690
4646
4645
4651
4649
4650
5501
4654
4652
5507
4655
4656
4657
4655
4663
1345
4661
4662
5149
4664
4665
4666
4667
4669
4669
4668
4671
4672
4673
4674
4675
4676
4677
4678
1413
4680
4681
4682
1416
4681
4685
4686
4687
4688
4689
4690
4691
4692
4693
4694
4695
4696
4697
4698
4670
4699
1427
684
2544
683
4703
4706
4707
4708
4709
4710
287
289
4711
1446
287
291
4717
4718
231
4720
1431
4722
4723
4724
4725
4726
4727
4727
4729
4730
4731
4732
4733
4734
4735
4736
4737
4738
4739
4740
4741
4742
4743
4744
4745
4746
4747
4748
4749
4750
4751
4752
276
4754
199
4756
4759
4758
5226
1426
4761
4762
4763
5264
4765
4766
4767
4768
4769
4770
4771
4772
4773
4774
4775
4776
4777
4778
4779
4780
4804
4782
4783
4784
4785
4786
4787
4788
4789
4788
4791
4792
4793
4794
4795
4796
4797
4798
4799
4800
4801
4802
4803
4805
4805
1471
4807
4808
4809
4810
4811
4812
4813
4814
277
4816
4817
4790
4821
4819
4821
4822
4823
4824
5518
4826
4827
4828
4829
4830
4831
4832
2215
4834
4835
2200
535
4836
4839
4840
4841
4842
5723
5746
4884
1686
548
5541
4851
4849
5188
4851
1485
4853
1489
1485
4852
4854
4860
4872
1487
1486
4916
4862
4867
1491
4915
1509
2399
4859
4873
4871
4873
1494
1493
4942
2234
5543
2234
2234
1497
1497
4930
5723
1498
4889
1496
4888
4888
4890
4891
4892
4893
4894
4895
4896
4897
4898
4899
4900
561
548
5724
2250
4906
5180
4907
1506
4909
4910
4911
4912
4913
4914
1390
1390
1390
4918
4919
4920
5183
4922
4923
4924
4925
5182
5184
4928
4929
4928
4931
4932
4933
4934
4935
4936
4937
4938
4939
1514
4964
1511
2230
2234
2230
548
548
4881
4950
4953
4949
1515
4953
1511
4955
4956
4957
4958
4959
4959
4964
4961
1517
4965
4965
4953
1521
4968
4972
4969
1526
4979
4974
5729
1528
4976
4977
4978
4981
1531
4981
4982
4983
4984
2244
4985
4987
4988
4989
4990
4991
4992
4993
4994
4995
4996
4997
4998
4999
5000
5001
5002
5003
5004
5005
5006
5007
5008
5009
5010
5011
5012
5013
5014
5015
5016
5017
5018
5019
5020
5021
5022
1551
5025
5025
651
5026
5029
5029
2261
5031
5032
5033
5034
5035
5036
5037
5038
5039
5040
5041
5042
637
589
5045
5049
1554
1555
5367
2456
1556
1557
5053
5054
5055
5056
5057
5058
5059
5060
5061
5062
5063
5064
5065
5066
5067
5068
5069
5070
5071
5072
1564
5990
5075
5076
5077
5078
5079
5080
5081
5082
5083
5084
5085
5086
5087
5088
5089
5090
5091
5093
5677
613
5095
5096
5097
5098
5099
5100
5101
5102
5103
5104
5105
5106
5107
5108
5109
5110
5111
5112
5113
2497
5116
2493
1551
5118
5119
5121
5121
587
5122
2460
5124
5126
2328
5128
5129
5130
5131
5132
5133
5134
5135
5136
5137
5138
5139
5140
5141
5142
5143
5144
5145
5146
5147
5148
5150
5296
1578
5152
5153
5154
5157
5155
5166
1580
5156
5160
4582
5162
5163
5164
5165
5166
5167
5168
5169
5170
5171
5172
5175
5173
5175
5174
5176
1417
5179
5180
5181
5182
5183
5184
4850
5186
5187
4630
5189
5190
5191
5192
5193
1576
5195
1581
5197
5198
5199
5200
5201
5202
1586
5204
5205
5206
5207
5208
5209
5210
5211
5212
5213
5214
5215
5216
5217
5218
5219
5220
5221
5222
5223
5224
5225
5227
5228
5228
5229
5230
5231
5232
5233
5234
5235
5236
5237
5238
5239
5240
5241
1592
5243
4700
1425
5246
5247
5248
5249
5250
5251
5252
4713
5253
1601
5258
602
5259
5254
287
290
289
285
4705
1428
5266
5267
5268
5269
5270
5271
5272
5273
5274
5275
5276
1317
5278
5279
5280
5281
5282
5283
5284
5285
5286
5287
5288
5289
5290
5291
5292
5293
5294
5294
5295
1577
5298
1613
5300
5301
5302
5303
5304
5305
5306
5307
5147
5309
5310
5311
5312
5313
5314
5315
5316
5317
5318
5319
286
4658
5321
5323
5322
5325
5326
5327
5328
5329
4629
1389
5330
5334
6125
1622
5340
1623
5336
1621
5421
4598
1379
4599
2239
5345
5346
5347
5348
5349
5350
5351
5352
5353
5354
5355
5356
5357
5358
5359
5360
5361
5362
5363
5673
5365
5366
5368
5380
1630
1629
5371
5372
5373
5374
5375
5376
5377
5378
5379
5383
5381
1635
5621
5385
5391
1330
5384
5388
5389
5390
5391
5392
5393
5395
5561
1638
5398
5568
5399
5398
5570
5405
5403
1639
6127
5406
4604
5407
1382
5412
1640
5458
1340
5416
5414
5538
5418
6129
5417
1626
5163
5422
5423
5447
5425
4510
5426
1331
2367
2179
2433
4546
4549
5434
5435
5436
5437
5438
5439
5440
5441
5442
5443
5444
5445
4541
5448
6126
1641
5450
5451
1644
5453
5454
5455
5456
5457
5419
5459
4483
1319
5460
4486
5463
4488
5466
5467
5468
5469
5470
5471
5472
5473
5474
5475
5476
5477
5478
5479
5480
5481
5482
5483
5484
5485
5486
5487
5488
5489
1335
5493
5491
6130
1643
5427
5495
2177
5462
1650
1324
5464
5502
5503
5504
5505
5506
4492
5509
5528
1583
5508
606
5513
5514
5515
2396
5516
5177
5519
5520
5523
5522
5527
1364
6141
4572
5527
4684
5529
5530
5531
5532
5533
5534
5537
1657
5548
5539
5551
5541
5553
1658
550
4870
5547
1659
5555
5550
1624
5557
5338
1625
1686
1516
4970
1525
5408
1387
5332
5559
5561
5562
5563
5564
5565
5566
5567
5567
5569
696
4574
4574
5573
5574
5575
5576
5577
5578
5579
5580
5581
5582
5583
5584
5585
5586
5587
5585
5589
5590
5591
5592
5598
5594
5595
5596
5597
5600
1668
4568
1627
2238
5715
5588
5604
1664
1356
4553
5609
5608
5611
5611
5613
5614
5615
5616
5617
5618
5619
5620
5496
5622
1654
5612
5624
1670
5627
5628
5487
5629
5492
5631
5633
5634
5632
5635
5638
6115
1674
5637
5641
5642
5646
1673
5643
5661
5647
5648
5649
5650
5651
5652
5653
5654
5630
5655
5657
5658
5659
5660
5610
1669
5663
5664
5665
5666
5667
5668
5669
5645
5671
5672
5656
5636
1275
5674
5677
5678
5679
5680
5681
5682
5683
5684
5685
5686
5687
5688
5689
5690
5691
5692
5693
5694
5695
5696
5697
5698
5699
5700
5701
5702
5703
5704
5705
5706
5707
5708
4597
5714
5703
1685
557
6123
618
2247
5719
5431
5429
1496
6149
5723
5746
1686
4884
5728
1687
5748
5730
5730
5731
5732
5733
5734
5735
5736
5737
5738
5739
1301
4557
5742
5743
5744
5741
1514
5746
5747
5748
5750
5751
5752
5753
5754
5755
5756
5757
5758
5759
5760
5761
5762
5763
5764
5765
5766
5767
5768
5769
5770
5771
5772
5773
5774
5775
5776
5777
5778
5779
5780
5781
5782
5783
5784
5785
5786
5787
5788
5789
5790
5791
5792
5793
5794
5795
5796
5797
5798
5799
5800
5801
5802
5803
5804
5805
5806
5807
5808
5809
5810
5811
5812
5813
5814
5815
5816
5817
5818
5819
5820
5821
5822
5823
5824
5825
5826
5827
5828
5829
5830
5831
5832
5833
5834
5835
5836
5837
5838
5839
5840
5841
5842
5843
5844
5845
5846
5847
5848
5849
5850
5851
5852
5853
5854
5855
5856
5857
5858
5859
5860
5861
5862
5863
5864
5865
5866
5867
5868
5869
5870
5871
5872
5873
5874
5875
5876
5877
5878
5879
4719
5881
5882
5883
5884
5885
5886
5887
5888
5889
5890
5891
5892
5893
5894
5895
5896
5897
5898
5899
5900
5901
5902
5903
5904
5905
5906
5907
5908
5909
5910
5911
5912
5913
5914
5915
5916
5917
5918
5919
5920
5921
5922
5923
5924
5925
5926
5927
5928
5929
5930
5931
5932
5933
5934
5935
5936
5937
5938
5939
5940
5941
5942
5943
5944
5945
1677
6135
5676
5676
5950
5951
5952
5953
5954
5955
5956
5957
5958
5959
5960
5961
5962
5963
5964
5965
5966
5967
5968
5984
5970
5971
5972
5973
5974
5975
5976
5977
5978
5979
5980
5981
5982
5983
569
2270
5986
5987
5988
631
5953
5991
5992
5993
5994
5995
5996
5997
5998
5999
6000
6001
6002
6003
6004
6005
6006
6007
6008
6009
6010
6011
6012
6013
6014
5125
652
6017
5128
5987
4748
6021
6022
6023
6024
6025
6026
6027
6028
6029
6030
6031
6032
6033
6034
6035
6036
6037
6038
6039
6040
6041
6042
6043
6044
6045
6046
6047
6048
6049
6050
6051
6052
6053
6054
6055
6056
6057
6058
6059
6060
6061
6062
6063
6064
6065
6066
6067
6068
6069
6070
6071
6072
6073
6074
6075
6076
6077
6078
6079
6080
6081
6082
6083
6084
6085
6086
6087
6088
6089
6090
6091
6092
6093
6094
6095
6096
6097
6098
6099
6100
6101
6102
6103
6104
6105
6106
6107
6108
6109
6110
6111
6112
6113
5625
5605
4864
6116
1490
6119
6120
6121
6123
1400
556
5560
5343
4633
1391
5415
4522
6131
6132
6133
6134
4408
6136
6137
6138
4617
4820
2588
6142
6143
6144
6145
6146
678
2234
6149
548
4953
6152
6153
6154
6155
3338
5122
6158
6159
371
548
6162
6163
6164
6165
6166
6167
6168
6169
6170
6171
6172
6173
6174
6175
6176
6177
6178
6179
6180
6181
2573
2171
2175
2577
6186
6187
6188
6189
6190
6191
6192
2368
6194
6195
6196
6197
6198
6199
6200
6201
6202
6203
6238
6205
1528
6207
988
6209
6210
6211
6237
6213
6214
6215
6216
6217
6218
6219
6220
6221
6222
6223
6224
6225
6226
6227
6228
6229
6230
6231
6232
6233
6234
6235
6236
6237
6197
6239
6211
6241
6242
6243
6244
6245
6246
6247
6248
6249
6250
6251
6252
6253
6209
6255
6256
6257
6258
6259
6260
6261
6262
6263
6264
6265
6266
6267
6268
6269
6270
6271
6272
6273
6274
6275
6276
6277
6278
6279
6280
6281
6282
6283
6284
6285
6286
6287
6288
6289
6290
6291
