161
162
95
99
102
5
6
7
8
53
59
63
132
13
14
15
80
82
75
19
354
85
23
2155
3017
368
26
104
108
108
114
118
10
125
34
35
36
136
38
39
40
41
42
43
37
147
138
44
48
49
50
51
52
56
54
16
165
60
57
17
81
64
64
18
83
68
65
12
73
71
69
76
3007
74
131
74
76
77
70
78
15
79
19
75
44
0
84
91
2
90
94
2
96
97
98
3
100
922
100
4
25
3018
102
103
5
103
111
107
110
108
110
7
115
112
8
115
119
116
9
133
58
120
10
61
62
63
66
126
128
128
130
129
34
133
134
137
36
137
135
139
140
141
142
143
144
146
146
145
148
149
150
151
152
153
154
155
156
157
158
159
160
138
147
163
164
165
166
167
168
169
170
238
333
174
2222
312
176
177
178
179
180
230
189
302
184
185
186
250
252
245
190
530
171
2217
1474
4816
545
1472
278
279
1448
201
289
292
182
300
206
311
309
209
197
211
212
213
214
208
217
307
208
220
323
2224
222
4811
225
336
224
227
226
187
229
228
188
253
189
233
237
246
183
237
240
241
242
240
246
190
301
247
247
243
186
249
251
251
253
215
333
2194
238
2389
317
4816
2389
4816
2222
4816
2560
4817
2222
4817
4816
545
315
545
274
275
280
274
176
281
178
281
1448
283
284
285
283
288
304
289
290
231
181
291
232
234
235
236
239
248
184
299
301
205
304
305
308
306
310
207
210
311
2223
2223
1472
2223
331
318
331
319
320
321
322
323
324
325
326
327
328
329
330
2221
303
316
334
335
336
337
338
339
340
341
342
343
344
1788
346
347
348
3775
3436
351
85
353
354
0
3710
357
358
359
360
361
6
363
364
365
920
367
368
442
442
383
3161
3787
3958
3786
3958
802
2013
3091
440
1850
3069
3161
383
104
26
2081
387
389
390
1868
405
393
394
395
396
1876
398
399
400
401
402
403
404
4198
1915
3258
408
1922
1919
411
412
413
414
415
416
417
418
419
420
1958
3497
3917
1964
3899
426
3010
428
429
3078
1993
432
433
434
435
436
437
438
439
3087
2013
3084
3958
3140
3092
446
447
448
449
450
451
452
453
454
455
456
457
458
459
2046
461
462
2075
4217
465
466
4232
2077
469
2082
471
472
473
474
3281
476
477
478
479
4250
481
482
483
484
485
486
3340
3259
3260
490
491
492
493
4263
495
496
497
498
2783
2823
501
2908
3712
2136
505
506
507
508
509
2147
511
3635
2160
514
515
3960
3959
518
519
520
521
522
523
524
5532
1412
527
528
171
530
317
238
5470
534
2200
536
2203
4835
177
2213
4829
4832
4810
267
545
5715
5715
2421
2426
550
5715
2234
5602
5715
5715
2430
5716
2255
559
618
618
278
563
564
565
566
567
568
569
570
571
572
573
574
575
576
577
578
579
580
581
582
583
584
585
2323
587
588
589
590
591
592
593
594
595
596
597
598
599
600
601
5257
603
5656
605
2396
607
608
2405
610
611
612
613
614
615
616
617
2250
618
5716
5713
623
1498
624
625
626
627
628
629
630
631
632
633
634
635
636
637
638
639
640
641
642
643
644
645
646
647
648
649
650
651
652
653
654
655
656
657
658
659
660
661
662
663
664
665
666
667
668
669
670
671
672
673
674
4633
2536
677
1370
4624
680
681
5472
4704
684
685
686
687
688
689
2564
5396
692
693
5713
4569
2581
697
4576
699
3236
701
2664
3873
2595
705
706
707
708
709
710
711
712
713
714
715
716
2619
3565
3855
3868
721
722
723
724
725
726
727
728
2752
730
731
3985
733
734
735
736
737
738
739
740
741
742
743
744
745
2731
3727
2668
2673
750
751
2675
753
754
749
757
3686
758
759
760
3626
762
763
2699
765
766
767
768
769
770
771
2715
2714
774
775
776
777
778
779
780
781
782
783
784
3650
3661
2737
788
2742
3541
2741
792
793
2749
795
2753
797
798
799
800
3634
3957
2769
3769
805
806
2774
808
809
3385
811
812
3377
814
815
816
817
4377
3173
2794
2799
2797
3388
3386
825
826
827
829
512
3638
831
3816
937
3422
2826
2830
837
838
3171
3117
840
3169
3072
3161
2847
1849
3104
847
849
850
851
2862
2866
854
855
856
2139
3471
2877
2879
3463
3438
863
864
865
3624
3628
2889
2891
870
871
872
873
2869
2872
2906
3560
3498
3479
10
3498
2929
3446
1800
884
2940
887
888
1984
890
2951
2150
893
63
9
8
7
108
108
2959
3494
1077
2969
2967
905
2985
2988
908
909
3756
882
2941
913
151
151
2983
39
918
2987
3009
23
3017
2155
114
925
926
927
928
929
2978
931
3044
3048
383
3418
3055
938
1063
3059
3420
3074
3063
3057
3062
3416
4405
3958
429
429
429
3076
3097
3129
3076
3416
967
955
967
3161
3414
3413
3126
3099
3102
958
3122
1062
3413
1062
4405
3093
951
4405
4405
3178
3153
3084
6235
6235
3413
3179
6236
3788
2176
3183
3182
988
3974
3194
974
961
6208
993
994
995
996
997
998
999
1000
1001
1002
1003
1004
1005
1006
1007
1008
1009
1010
3233
3235
2085
1014
1015
1016
3608
3607
2040
460
1021
1022
1023
1024
1025
4237
1027
1028
1029
1030
1031
1032
1033
1034
1035
1036
1037
1038
1039
1040
1041
1042
1043
1044
1045
1046
3393
3395
3379
3382
1051
1052
1053
1054
1055
5175
5174
1058
5177
3414
3410
1062
3421
3426
1065
1066
3464
125
3444
3443
1071
1072
59
1076
1075
3479
895
10
1079
1080
3497
3497
118
3501
3503
1086
1087
1088
1089
1090
1091
1092
1093
1094
1095
3543
1097
1098
1099
3840
2828
1102
3647
1104
1105
1147
3582
1108
3879
1110
1111
1112
1113
1114
3866
1116
1117
3814
1119
3687
3690
3837
3667
3673
1125
1126
1127
3838
3693
3702
3708
1132
1133
3733
3759
1136
3046
3798
1139
1140
1141
1142
1143
1144
1145
1146
3953
1148
3854
1150
1151
3869
1153
1154
1155
3920
1157
1158
1159
1160
1161
3949
1163
1846
3048
948
1167
3994
1169
1170
1171
1172
1173
1174
1175
1176
1177
1178
1179
1180
1181
1182
1183
1184
1185
1186
1187
1188
1189
1190
1191
1192
1193
1194
1195
1196
1197
1198
1199
1200
1201
1202
1203
1204
1205
1206
1207
1208
1209
1210
1211
1212
1213
1214
1215
1216
1217
1218
1219
1220
1221
1222
1223
1224
1225
1226
1227
1228
1229
1230
1231
1232
1233
1234
1235
1236
1237
1238
1239
1240
1241
1242
1243
1244
1245
1246
1247
1248
1249
1250
1251
1252
1253
1254
1255
1256
1257
1258
1259
1260
1261
1262
1263
1264
1265
4245
1267
1268
1269
1270
1271
1272
1273
4410
1275
5630
1277
1278
1279
1280
1281
1282
1283
1284
1285
1286
1287
1288
4431
5625
5612
4433
1293
1294
1295
1296
1297
1298
1299
1300
5740
5742
1303
1304
1305
1306
1307
1308
1309
1310
1311
1312
1313
1314
5487
4475
4479
4485
4483
4496
4495
1322
1323
4493
1325
1326
1327
1328
4504
5385
4510
1332
1333
1334
1335
1336
1337
1338
1339
4522
1341
1342
1343
1344
1345
1346
1347
1348
5425
1350
4547
1352
1353
1354
1355
1356
1357
1358
1359
5394
4566
5712
4572
1366
1365
1367
5537
1368
4615
4635
5158
1372
1373
1374
1375
1376
4650
1378
4599
1379
1381
5163
1383
4622
1637
691
1387
5526
4627
4851
6129
5414
4933
4637
1396
1507
2253
2426
4646
556
1401
1402
1403
1404
1405
1406
1407
1408
5224
1410
5213
1411
1413
1414
1415
1416
4684
5387
4687
4689
5390
4692
1423
1424
1425
1426
1427
5265
1429
2365
5262
1592
1432
5211
5211
2197
258
1438
1439
2393
2391
1442
1443
189
1445
1446
279
1448
178
1450
1451
1452
4766
4768
4773
4784
1456
1468
2206
4793
5514
1437
4729
4802
1453
320
320
196
4787
271
2224
1472
2217
4816
1474
201
5529
1478
4827
4777
4838
4842
2398
618
5186
4850
4853
4871
5187
4859
4857
6117
1493
5182
5715
607
2398
1496
4895
1493
1502
5183
1493
1502
618
5182
1501
4899
4915
5182
1493
1499
4890
4942
4942
1483
1514
5716
6235
5182
4968
6255
2578
2576
4970
4972
1528
5731
4908
3113
4981
4952
6206
1534
1535
1536
1537
1538
1539
1540
1541
1542
1543
1544
1545
1546
1547
1548
1549
1550
1551
1552
1553
1554
1555
1556
1557
1558
1559
1560
1561
1562
1563
1564
1565
1566
1567
1568
1569
1570
1571
1572
1573
1574
1575
1576
1577
1578
1579
5168
1581
2192
5509
1584
1585
1586
182
4747
1462
1590
1591
228
1596
1594
5238
1432
292
1598
1599
1600
5263
289
1603
5534
1605
1606
1607
1608
1609
1610
1611
1612
1613
1614
1615
1616
1617
1618
1619
1620
5330
5335
5421
1624
1625
5343
5600
1628
1629
1630
1631
1632
1633
1634
1635
5562
5570
1638
1639
5424
5448
5594
1643
1644
1645
1646
5444
5593
5453
5461
5467
1652
1653
1654
5517
2386
5539
2257
5555
1660
1661
1662
1663
5606
5586
1666
1667
5710
1669
1670
1671
1672
1673
1674
1675
1676
1677
1678
1679
1680
1681
1682
5699
1684
1685
2398
1497
1688
5750
1690
1691
1692
1693
1694
1695
1696
1697
1698
1699
1700
1701
1702
1703
1704
1705
1706
1707
1708
1709
1710
1711
1712
1713
1714
1715
1716
1717
1718
1719
1720
1721
1722
1723
1724
1725
1726
1727
1728
1729
1730
1731
1732
1733
1734
1735
1736
1737
1738
1739
1740
1741
1742
1743
1744
1745
1746
1747
1748
1749
1750
1751
1752
1753
1754
1755
1756
1757
1758
1759
1760
1761
1762
1763
1764
1765
1766
1767
1768
1769
1770
1771
1772
1773
1774
1775
1776
1777
1778
1779
1780
1781
1782
1783
1784
1785
1786
1787
1788
1786
345
1791
1793
3506
350
1792
3773
44
162
84
0
44
1802
1803
1804
1805
1806
1807
1808
1809
1810
107
107
151
107
3016
1818
1816
1818
1819
2153
2154
97
23
920
442
442
380
442
383
3161
442
371
371
3958
3958
3958
3958
3958
3957
802
3958
442
3958
380
3965
2016
3087
3088
3092
942
944
3062
3064
3073
442
442
442
3161
4195
4195
2081
1860
1866
1864
494
4235
1867
3238
3237
3238
1013
1872
1872
1874
3259
1876
1877
1878
1879
1880
1881
1882
1883
1884
1885
1886
1923
1888
1889
1890
1891
1892
1893
1894
1895
1896
1897
1898
1899
1900
1901
1902
1903
1904
1905
1906
1907
1908
405
405
1909
3257
3255
1915
3255
1920
1921
1920
408
1921
3304
407
1924
4262
1925
3350
1927
1928
1929
1931
1931
1930
1933
1934
1935
1936
1937
1938
1939
1940
1941
1942
1943
1944
1945
4129
4129
3498
4129
3479
1951
1952
1953
3557
3557
3497
3557
2955
1959
3562
1961
1955
1963
425
1967
425
3900
144
1969
143
142
1972
1824
920
367
1973
90
1978
90
1981
3774
886
1983
910
1985
1986
1987
429
1989
1988
3079
432
3890
1994
1992
1996
1997
1998
1999
2000
2001
2002
2003
2004
2005
2006
2007
2008
2009
2013
2013
442
3084
440
440
949
3964
4403
2019
2020
2021
2022
2023
2024
2025
2026
2027
2028
2029
2030
2031
2032
2033
2034
2035
2036
2037
2038
2039
6156
3338
2046
2042
2041
1911
406
2045
2048
2049
2050
2051
2052
2053
2054
2055
2056
2057
2058
2059
2060
2061
2062
2063
2064
2065
2066
2067
2068
2069
4215
2071
2072
463
467
467
2074
467
2079
3928
2078
424
2082
2083
2082
2085
2086
2087
2088
2089
2090
2091
2092
2093
2094
2095
453
2097
2097
2099
2100
2101
2102
2103
2104
2105
2106
2107
2108
2109
2110
2111
2112
2113
2114
2115
2116
2117
2118
2121
2120
3251
490
2123
2124
2125
2126
2127
2128
2129
2128
2131
2135
4401
500
2825
2137
2137
2138
2136
2136
2143
2142
2143
2144
2145
2146
2147
2148
2957
111
2953
2957
2154
3017
922
3009
511
3636
2158
511
2161
2162
2163
2164
2165
2166
2167
2168
3188
3186
6208
3188
1841
947
2174
1841
2177
2178
2179
2180
2183
2182
2183
2184
2184
2186
2187
5271
1604
5530
2188
526
215
2194
333
217
238
2198
2198
2200
2201
2202
538
4987
2205
2202
275
5445
4813
275
4754
2214
541
4831
2214
2561
2560
2561
1470
265
2221
2222
2223
1472
2221
5715
5715
5715
5715
2421
2426
557
2233
2230
5715
5715
5715
1362
4568
1362
5715
5715
5715
5713
5715
2429
2247
623
2429
5716
2251
2252
2253
2254
1492
557
618
557
557
2263
2260
565
5946
2264
2265
2266
2267
2268
2271
2270
5029
2272
2273
2274
2275
2276
2277
2278
2279
2280
2281
2282
2283
2284
2285
2286
2287
2288
2289
2290
2291
2292
2293
2294
2295
2296
2297
2298
2299
2300
2301
2302
2303
2304
2305
2306
2307
2308
2309
2310
2311
2312
2313
2314
2315
2316
2317
2318
2319
2320
2319
2322
2324
2324
2325
2329
2327
2328
2330
2330
2331
2332
2333
2334
2335
2336
2337
2338
2339
2340
2341
2342
2343
2344
2345
2346
2347
2348
2349
2350
2351
2352
2353
2354
2355
2356
2357
2358
2359
2360
4720
4720
1432
2364
1595
2366
2367
2368
2372
2370
527
6140
2373
2374
2375
2376
2377
2378
2380
2380
2379
2382
195
273
4818
265
264
264
2389
2392
1439
5531
1461
2390
2199
535
2395
2398
607
2400
4882
2404
2402
2404
611
2406
2407
2408
2409
2410
2411
2412
2413
2414
2415
2416
2417
2418
2419
5716
618
557
5716
5716
5715
5716
5716
5715
2429
4886
2429
2432
2433
2434
2435
2436
2437
2438
2439
2440
2441
2442
2443
2444
2445
2446
2447
2448
2449
2450
2451
2452
2453
6157
2455
2456
2457
2458
2459
2460
2461
2462
2463
2464
2465
2466
2467
2468
2469
2470
2471
2472
2473
2474
2475
2476
2477
2478
2479
2480
2481
2482
2483
2484
2485
2486
2487
2488
2489
2490
2494
2492
2493
2494
2495
2496
2497
2498
2499
2500
2501
2502
2503
2504
2505
2506
2507
2508
2509
2510
2511
2512
2513
2514
2515
2516
2517
2518
2519
2520
2521
2522
2523
2524
2525
2526
2527
2528
2529
2530
2531
2532
2533
2534
2538
675
2535
6127
678
4625
2540
6147
2544
4703
2545
2546
683
2548
2548
2550
2551
2552
2553
2554
4753
280
4756
1447
4816
4816
4816
271
689
689
2566
5399
2567
2568
2569
2570
4975
4974
6206
2572
2244
2244
2578
2245
2579
2580
2581
2582
2583
2584
2585
2586
2589
698
6139
2590
3327
2592
2593
3236
703
2667
3874
2597
2596
2600
2601
2602
2603
2604
2605
2606
2607
2608
2609
2610
2611
2612
2613
2614
2615
2616
2617
2618
719
2621
3568
3856
2622
2624
2625
2626
2627
2628
2629
2630
2631
2632
2633
2638
2635
2636
732
3984
2639
2640
2641
2642
2643
2644
2645
2646
2647
2648
2649
2650
2651
2652
2653
2654
2655
2656
2657
2658
2659
2660
2661
2662
2663
747
2666
2733
3728
720
3870
2669
2623
2674
750
2674
751
2672
2677
2678
2679
2677
3685
2673
2685
3686
3685
2686
2687
2688
2689
2690
2691
2692
2693
2694
761
2696
2697
2698
2699
2700
2701
2698
2703
2704
2705
2706
2707
2708
2709
2710
2708
2702
2712
764
767
2716
2717
2718
2719
2720
2721
2722
2723
2724
2725
2726
2727
2728
2729
2730
786
3652
3662
785
2735
2735
2737
2738
2739
2740
2743
446
3954
790
2741
2746
2747
2748
2749
2750
2751
2752
2753
2751
2755
2756
2757
2758
2759
2130
2761
2762
2134
3957
3958
3957
3957
2770
2768
4395
804
2773
2773
806
2772
2776
2780
2778
810
3384
2781
2785
812
2782
2785
2790
813
2788
2789
3764
2793
2793
4376
819
2795
2799
2796
2844
377
2800
3386
2802
2803
823
2805
2806
2807
3639
512
3638
2824
830
2813
2814
2815
2816
2817
2818
2819
2158
2157
3635
832
3640
3767
2827
3422
2827
2826
833
2831
2832
2833
2834
2835
3145
4375
3148
3168
3144
3787
373
2010
843
2157
2845
2160
3141
3172
379
3170
3149
965
2855
3101
2856
2857
2858
2859
2860
2861
853
2863
2864
2865
2866
2867
2868
2140
857
2870
2140
2873
2874
2875
2876
3440
861
3462
3440
2880
2882
2883
2884
2885
2886
2888
3627
867
2887
866
2893
2893
2894
2895
2896
2897
2898
2899
504
2901
2872
504
2904
2905
2906
2911
877
2909
2910
3593
119
8
2916
9
133
58
58
59
57
4129
3479
3498
61
62
63
64
3478
1068
3478
3445
3445
0
65
1801
2935
353
2936
2936
887
352
2942
2943
2938
2941
2939
2928
2930
2929
2950
2951
2950
2953
110
111
108
6
2960
875
874
2958
2962
3492
3500
2965
2970
356
2966
503
3711
2974
2971
2973
3747
2979
2984
2976
363
3041
2968
2967
2968
903
918
2986
2986
3011
2984
2987
919
2987
2992
2993
2994
2995
2977
1976
930
3448
3448
2932
3002
3003
3004
41
916
41
426
426
3009
3011
41
151
42
107
103
1972
3018
920
3022
3022
115
3023
3024
3025
3026
3027
762
3028
3030
2695
3031
3033
3034
3035
3036
3037
3038
3039
3040
3041
3042
3043
3044
1989
3045
383
3048
442
3161
3417
3417
3055
3419
3417
940
940
3418
3075
3059
941
941
3077
3078
3058
3056
935
3066
939
3071
3065
1988
3072
945
3416
3415
3076
946
3152
3958
3958
3959
3161
1989
1989
429
1989
3964
3087
429
3079
3079
954
4403
945
945
3076
3415
3416
3127
3127
955
3128
967
1847
442
3960
3161
3412
3414
3412
6235
1060
3125
3126
3125
3099
3100
3102
3103
3104
3052
3124
3051
1062
1062
1062
1062
3416
1062
1062
3415
4405
3415
3414
3413
3414
3152
3152
3079
3091
3091
3092
3093
3096
4373
3096
953
3103
958
3152
4405
3151
3958
3958
3958
3958
442
2013
442
3161
980
980
3181
6236
3415
4405
4374
952
4403
3097
3094
2018
973
3181
973
3048
980
3412
3179
980
3175
3180
3183
3174
3973
3974
1848
3135
3136
3110
3137
3180
981
3193
3166
3163
3167
3107
2172
3201
3202
3203
3204
3205
3206
3207
3208
3209
3210
3211
3212
3213
3214
3215
3216
3217
3218
3219
3220
3221
3222
3223
3224
3225
3226
3227
3228
3229
3230
3231
3232
3235
3235
471
3329
3238
1862
1860
3240
3241
3242
3243
3244
3245
3246
3249
3248
4251
3250
3251
3252
3253
3254
3256
3606
1018
1017
2043
2042
2043
3262
3263
3264
3265
3266
3267
3268
3269
3270
3271
3272
3273
3274
3275
3276
3277
3278
3279
3280
3281
1026
3283
4236
3285
3286
3287
3288
3289
3290
3291
2098
3293
3294
3295
3296
3297
3297
3299
3300
3301
3302
3303
3306
3305
3306
3307
3308
3309
3310
3311
3312
3313
3314
3315
3316
3317
3318
3319
3320
3321
3322
3323
3324
3325
3326
700
3328
469
2080
2080
2078
3333
3334
3335
3336
1914
1914
2047
391
3339
1918
1019
3344
3345
3346
3347
3348
3349
488
3261
3352
3353
3354
3355
3356
3357
3358
3359
3360
3361
3362
3363
3364
3365
3366
3367
3368
3369
3370
3371
3372
3373
3374
3375
3378
1047
3392
1048
3376
3380
1049
3381
3384
3385
2829
2829
836
3389
3390
3391
3392
3393
3394
3395
3396
3397
3398
3399
3400
3401
3402
3403
5173
3405
3406
3407
5176
3412
1060
3409
3414
3414
3414
3413
1062
3418
3420
1063
3416
1062
3053
3054
3411
3424
1061
3427
3428
3429
3430
3431
3432
3433
3434
3435
1067
3437
1067
3438
3463
2999
3441
2945
2949
66
63
126
3447
3449
860
3451
3452
3453
3454
3455
3456
3457
3458
3459
3460
3471
874
2871
858
2961
4267
3467
3468
3469
3470
3472
4391
2920
1949
879
895
61
62
59
2903
3480
873
3483
3484
3485
3486
3487
3488
3496
3497
3496
3495
2916
1956
3496
119
114
9
116
2905
876
3502
3503
3504
3505
3505
1085
3508
4385
3510
3511
1995
2670
3514
3515
3516
3517
3518
3519
3520
3521
3522
3523
3524
3525
3526
3527
3528
3529
3530
3531
3532
3533
3534
3535
3536
3537
3538
3539
3541
3541
3540
3541
3544
3545
3546
3547
3548
3549
3550
3551
3552
3553
3554
3555
1955
115
112
3559
3560
3559
3561
3563
3564
1096
3567
3841
1096
834
3123
2828
381
3573
1851
1101
3571
1101
3578
3579
3581
3847
1106
3580
3584
3585
3586
3587
3588
3589
3590
2952
3592
3593
3594
3595
3596
3597
3598
3599
3600
3601
3513
3603
3604
3605
3609
1109
3608
3609
3610
3611
3612
3613
2895
3615
872
3617
3618
3619
3620
3876
3622
3623
3624
3626
3626
3627
3628
3629
3632
3631
3804
2812
828
1117
3636
3813
3637
1118
3815
3641
3642
3643
3644
3645
3646
3387
3648
3651
773
3698
3663
2797
3653
821
3656
4380
3658
3659
835
3664
1100
1122
3839
3665
3665
3667
3668
3669
3670
2745
2745
3673
3674
3675
3676
3677
3679
3709
3678
3681
3682
3683
3680
2736
787
3688
3836
3690
1128
3694
3691
817
3694
3696
3696
3697
2713
3699
2676
3700
752
3703
3704
3705
3706
3707
868
3683
1127
3707
1131
3713
3714
3715
3716
3717
3718
3719
3720
3721
3625
3723
3724
3725
3726
1100
3566
3729
3730
3731
3734
1123
1123
3732
3736
3737
3738
2839
3740
2840
2848
3744
3744
2890
3745
3746
3748
3749
3750
3751
3752
3753
3754
1973
888
3757
3758
931
3760
3761
3762
3763
3765
3765
3766
2784
804
807
3770
3771
3752
3775
3774
3776
3777
3777
3778
3779
3780
3781
3782
1858
384
3085
1833
1990
3050
3796
3789
3791
3792
3793
3794
3795
3045
933
3177
3185
3800
3801
966
3070
2846
845
3806
3807
3808
3809
3810
3811
3812
3813
3813
2769
2771
3817
3818
3819
3820
3821
3822
3823
3824
3825
3826
3827
3828
3829
3848
3831
3832
3833
3834
3835
3692
1124
1129
791
2744
790
3845
3845
1147
3952
3955
3955
3848
3849
3850
3851
3852
3853
794
3542
3855
3857
3858
3859
3860
3861
3862
3863
3864
3865
1134
3867
3856
3869
3868
3871
3872
718
2620
3735
2665
3877
3878
702
2599
3881
3882
3883
3884
3885
3886
3887
3888
3889
1152
3891
3892
3893
3894
3895
3896
3897
3898
717
2671
3901
3902
3903
3904
3905
3906
3907
3908
3909
3910
3911
3912
3913
3914
3915
3916
748
3880
3918
704
3921
3922
3923
3924
3925
3926
3927
3928
3929
3930
3931
3932
3933
3934
3935
3936
3937
3938
3939
3940
3941
3942
3943
3944
3945
3946
3947
3948
3949
3950
3951
818
3956
3954
1164
4377
1164
3960
380
3088
3961
3962
3963
1989
429
1989
383
3045
3048
3085
3966
3048
3086
3975
948
3977
4367
3978
3979
3980
3981
3982
3983
3984
3985
3986
3987
3988
3989
3152
3151
3151
3151
3990
4403
3996
3997
3998
3999
4000
4001
4002
4003
4004
4005
4006
4007
4008
4009
4010
4011
4012
4013
4014
4015
4016
4017
4018
4019
4020
4021
4022
4023
4024
4025
4026
4027
4028
4029
4030
4031
4032
4033
4034
4035
4036
4037
4038
4039
4040
4041
4042
4043
4044
4045
4046
4047
4048
4049
4050
4051
4052
4053
4054
4055
4056
4057
4058
4059
4060
4061
4062
4063
4064
4065
4066
4067
4068
4069
4070
4071
4072
4073
4074
4075
4076
4077
4078
4079
4080
4081
4082
4083
4084
4085
4086
4087
4088
4089
4090
4091
4092
4093
4094
4095
4096
4097
4098
4099
4100
4101
4102
4103
4104
4105
4106
4107
4108
4109
4110
4111
4112
4113
4114
4115
4116
4117
4118
4119
4120
4121
4122
4123
4124
4125
4126
4127
4128
58
120
4131
4132
4133
4134
4135
4136
4137
4138
4139
4140
4141
4142
4143
4144
4145
4146
4147
4148
4149
4150
4151
4152
4153
4154
4155
4156
4157
4158
4159
4160
4161
4162
4163
4164
4165
4166
4167
4168
4169
4170
4171
4172
4173
4174
4175
4176
4177
4178
4179
4180
4181
4182
4183
4184
4185
4186
4187
4188
4189
4190
4191
4192
4193
4194
4197
1156
4389
3919
4199
4200
4201
4202
4203
4204
4205
4206
4207
4208
4209
4210
4211
4212
4213
4214
470
2084
2083
4218
4219
4220
4221
4222
4223
4224
4225
4226
4227
4228
4229
2076
471
1013
1871
4233
4234
4203
1255
4238
4239
4240
4241
4242
4243
4209
4245
4244
4247
4247
4248
1266
4246
4252
4253
4254
4255
4256
4257
4258
4259
4260
4261
3339
487
4264
1019
4235
2947
4268
4269
4270
4271
4272
4273
4274
4275
4276
4277
4278
4279
4280
4281
4282
4283
4284
4285
4286
4287
4288
4289
4290
4291
4292
4293
4294
4295
4296
4297
4298
4299
4300
4301
4302
4303
4304
4305
4306
4307
4308
4309
4310
4311
4312
4313
4314
4315
4316
4317
4318
4319
4320
4321
4322
4323
4324
4325
4326
4327
4328
4329
4330
4331
4332
4333
4334
4335
4336
4337
4338
4339
4340
4341
4342
4343
4344
4345
4346
4347
4348
4349
4350
4351
4352
4353
4354
4355
4356
4357
4358
4359
4360
4361
4362
4363
4364
4365
4366
4367
4368
4369
3060
3061
4372
3098
3098
3095
4378
1846
1845
382
3843
4381
4382
3583
3666
2946
4386
4387
4388
2598
2972
2139
2151
4393
3557
4395
4396
4397
4398
4399
4400
4401
3958
3079
442
3415
4409
4406
4408
5655
1276
4411
4412
4413
4414
4415
4416
4417
4418
4419
4420
4421
4422
4423
4424
4425
4426
4427
4428
4429
4432
1290
5624
1291
4430
4435
4436
4437
4438
4439
4440
4441
4442
4443
4444
1302
5742
1302
4448
4446
4450
4451
4452
4453
4454
4455
4456
4457
4458
4459
4460
4461
4462
4463
4464
4465
4466
4467
4468
4469
4470
4471
4472
4474
5629
1315
4473
4480
4477
609
6114
4484
4481
1320
4494
1321
4486
4486
4488
4489
5446
5446
4491
4485
4494
4495
4496
4497
4498
4499
4500
4505
4502
4503
1330
5391
4506
4507
4508
4509
4510
4511
4512
4513
4514
4515
4516
4517
4518
4519
4507
4521
1331
4523
4524
4525
4526
4527
4528
4529
4530
4531
4532
4533
4534
4535
4536
4539
4537
5486
1349
4541
4542
4541
4544
4548
4545
1352
4548
4549
4550
4551
4552
4553
4554
4555
4557
4557
4558
4559
4560
4561
4562
2537
676
4563
4566
5713
5603
5713
5713
4573
1364
6141
4571
4579
1365
4575
1367
5548
4582
1369
5161
4583
4585
5535
4585
1370
4589
5521
4590
4591
1371
4593
4594
4595
4596
4597
2239
5344
4642
4598
4605
4603
1382
5162
4606
4607
4608
5400
4626
5401
5397
691
4614
4615
4616
4617
4618
4619
4620
5396
5396
2566
4625
5524
5401
4630
4627
4630
4851
4634
4631
1391
5415
1392
4955
4956
4640
1508
4938
550
550
2234
4641
2563
2564
2565
4959
4932
4960
4648
4913
4909
4653
4655
4656
4657
4658
4659
4660
4661
4662
4663
4664
4665
4666
4667
4668
5235
4670
1409
4672
4673
4674
4675
4680
4680
4676
4679
5215
4681
4682
4681
4684
4685
4690
1418
4686
1421
5388
4691
4692
4693
4694
4695
4696
4697
4698
4699
4700
4701
4702
4705
1428
5264
4706
4707
4708
4709
4710
5260
1445
5260
5263
4715
4719
1592
4718
4719
4720
1430
5242
232
5241
233
234
5241
5241
5211
236
5209
236
171
215
333
2193
4737
2197
4739
4737
2388
4741
4740
1437
4743
4724
1435
4724
4749
4750
4751
4752
281
280
1448
178
4757
4758
4759
4760
4761
4762
4763
4764
4769
682
4765
533
5471
4772
4770
5506
1482
4776
4784
4839
540
4774
4765
4766
4767
1454
4787
4773
196
196
1455
4783
4785
273
2206
4791
1464
4801
4778
4789
1480
5212
4800
297
2394
1441
5515
212
4811
4780
196
1469
271
272
324
213
320
275
274
2222
545
273
4821
5319
284
4822
4823
4824
4825
4828
1419
5482
1329
4826
4503
4832
2212
4833
542
4836
4836
1459
4840
4841
4830
1479
4882
2398
618
4881
557
557
5185
5186
4850
5185
4874
4871
1494
5187
1489
1488
4859
4872
4854
4856
1485
4853
4864
1487
4862
1491
2400
4870
1494
4873
5184
5183
4876
4876
5715
2426
5715
5715
4882
5720
607
4882
4885
5721
4885
6149
6149
1503
4929
1494
5183
5184
1493
4894
4919
1502
1502
4919
5716
557
2250
5716
5180
3414
6235
5180
4918
4893
4918
4897
4898
4899
4852
4849
1486
1062
1062
1062
1062
5182
5184
5184
1493
3414
5182
4876
4876
4876
4889
4957
1499
4888
6119
6119
1501
4896
4898
4940
4940
4942
5715
5715
5715
5715
557
618
4966
5184
6255
1514
5184
4942
6120
4958
4888
1500
4934
2248
4940
4844
4941
1514
4966
5184
4965
1520
4963
1516
4969
1517
4974
5729
5731
4926
4905
4927
4967
4979
1521
4953
4949
4954
2571
2574
4988
4988
4989
4990
4991
4992
4993
4994
4995
4996
4997
4998
4999
5000
5001
5002
5003
5004
5005
5006
5007
5008
5009
5010
5011
5012
5013
5014
5015
5016
5017
5018
5019
5020
5021
5022
5023
5024
5025
5026
5027
5029
5029
5030
5031
5032
5033
5034
5035
5036
5037
5038
5039
5040
5041
5042
5043
5044
5045
5046
5047
5048
5049
5050
5051
5052
5053
5054
5055
5056
5057
5058
5059
5060
5061
5062
5063
5064
5065
5066
5067
5068
5069
5070
5071
5072
5073
5074
5075
5076
5077
5078
5079
5080
5081
5082
5083
5084
5085
5086
5087
5088
5089
5090
5091
5092
5093
5094
5095
5096
5097
5098
5099
5100
5101
5102
5103
5104
5105
5106
5107
5108
5109
5110
5111
5112
5113
5114
5114
5116
5117
5118
5119
5120
5121
2325
2325
5124
5125
5126
5127
5128
5129
5130
5131
5132
5133
5134
5135
5136
5137
5138
5139
5140
5141
5142
5143
5144
5145
5146
5147
5148
5149
5150
5151
5152
5153
5154
5157
5155
5166
1580
5156
5159
5161
4628
4628
5164
5165
5166
5167
5168
5169
5170
5171
5172
4683
1417
1416
5178
1583
5528
5180
5180
5179
3414
5182
5182
5187
5187
5183
4851
5181
5189
5191
5192
5193
5194
5195
5196
5197
5198
5199
5202
5201
4678
5203
4677
4798
1434
4744
4798
236
239
234
297
1588
5208
1588
5216
5217
5218
5219
5220
5221
5222
5223
5224
5225
5226
5227
5228
5229
5230
4748
5232
5233
5234
5235
5236
5237
1452
1596
5240
232
230
235
5244
5245
5246
5247
5248
5249
5250
5251
5252
5260
5259
5263
4762
1451
5256
5258
287
290
289
285
5264
5265
1460
5268
5272
4792
5269
5533
5273
4745
5274
2403
5276
5277
5278
5279
5280
5281
5282
5283
5284
5285
5286
5287
5288
5289
5290
5291
5292
5293
5294
5295
5296
5297
5298
5299
5300
5301
5302
5303
5304
5305
5306
5307
5308
5309
5310
5311
5312
5313
5314
5315
5316
5317
5318
283
283
5321
5322
5323
5324
5325
5327
5611
5328
5326
1390
4629
4917
5333
5334
1380
1621
5340
5338
5332
5331
5343
5341
1627
5600
5345
5346
5347
5348
5349
5350
5351
5352
5353
5354
5355
5356
5357
5358
5359
5360
5361
5362
5363
5364
5365
5366
5367
5368
5369
5370
5371
5372
5373
5374
4693
1422
5377
5378
5379
5380
5381
5382
5383
4565
1360
5384
1361
5389
5389
5390
5392
5561
1636
679
4609
1638
5398
5568
5399
1637
5571
5402
5403
5404
5405
5406
5407
5408
5163
5411
5422
5412
5413
1379
5342
4601
5420
1626
5419
6126
1389
5423
5595
1642
1620
5426
5427
5426
5429
5430
5431
4546
5433
5434
5435
5436
5437
5438
5440
5469
5439
5442
5442
5444
5441
4543
5450
1648
5447
5592
5451
5452
5453
5451
5457
5456
5457
5458
5459
4482
1319
5460
4487
5464
5465
5466
1420
5466
5443
1647
5468
1651
5473
5474
5475
5476
5477
5478
5479
5480
5481
5386
4697
5484
5485
5329
1292
5488
5489
5490
5491
5492
5493
5494
5495
5496
5497
5462
5499
1324
5501
2225
4771
4688
5504
5505
5507
5512
606
5508
1655
5516
4790
1656
4834
4837
1481
5518
5519
5520
5523
5522
5527
4584
4578
1364
5527
2397
5511
5533
4742
5534
4792
4792
5536
5538
1657
5335
1622
2421
4948
2420
5543
5544
4848
5547
1658
5549
5549
5550
5552
5552
4881
4843
5554
5555
5557
5558
1509
5560
4647
1399
5563
5564
5565
5566
5567
696
5569
4574
1363
4572
5573
5574
5575
5576
5577
5578
5579
5580
5581
5582
5583
5584
5588
1664
5585
5604
5589
5590
5591
5454
1649
1645
5595
5596
5597
5599
5709
1668
5598
1668
5712
5605
5605
1285
5607
5608
5609
5610
5611
5612
5613
5614
5615
5616
5617
5618
5619
5620
5621
5622
5623
5624
5625
5626
5627
5628
4434
1289
5631
1274
5633
5634
4407
5636
5637
5638
5639
5640
5641
5642
5643
5644
5645
5646
5647
5648
5649
5650
5651
5652
5653
5654
4478
1317
5657
5658
5659
5660
5661
5662
5663
5664
5665
5666
5667
5668
5669
5670
5671
5672
5673
5674
5675
5676
5677
5678
5679
5680
5681
5682
5683
5684
5685
5686
5687
5688
5689
5690
5691
5692
5693
5694
5695
5696
5697
5698
1665
5700
1683
5702
5703
5704
5587
5705
5707
5708
4597
1378
5711
5714
1685
5714
1685
1685
5717
5718
5719
4887
607
4882
2398
4882
618
4882
5720
1497
2247
4883
5730
5734
5733
6113
5735
5736
5737
5738
5739
5740
5741
5742
5743
5744
5745
4940
4940
4844
5723
5746
5749
5752
5753
5754
5755
5756
5757
5758
5759
5760
5761
5762
5763
5764
5765
5766
5767
5768
5769
5770
5771
5772
5773
5774
5775
5776
5777
5778
5779
5780
5781
5782
5783
5784
5785
5786
5787
5788
5789
5790
5791
5792
5793
5794
5795
5796
5797
5798
5799
5800
5801
5802
5803
5804
5805
5806
5807
5808
5809
5810
5811
5812
5813
5814
5815
5816
5817
5818
5819
5820
5821
5822
5823
5824
5825
5826
5827
5828
5829
5830
5831
5832
5833
5834
5835
5836
5837
5838
5839
5840
5841
5842
5843
5844
5845
5846
5847
5848
5849
5850
5851
5852
5853
5854
5855
5856
5857
5858
5859
5860
5861
5862
5863
5864
5865
5866
5867
5868
5869
5870
5871
5872
5873
5874
5875
5876
5877
5878
5879
231
291
5882
5883
5884
5885
5886
5887
5888
5889
5890
5891
5892
5893
5894
5895
5896
5897
5898
5899
5900
5901
5902
5903
5904
5905
5906
5907
5908
5909
5910
5911
5912
5913
5914
5915
5916
5917
5918
5919
5920
5921
5922
5923
5924
5925
5926
5927
5928
5929
5930
5931
5932
5933
5934
5935
5936
5937
5938
5939
5940
5941
5942
5943
5944
5945
5946
5947
5948
5676
5950
5951
5952
5953
5954
5955
5956
5957
5958
5959
5960
5961
5962
5963
5964
5965
5966
5967
5968
5969
5970
5971
5972
5973
5974
5975
5976
5977
5978
5979
5980
5981
5982
5983
5984
5985
5986
5987
5988
5989
5990
5991
5992
5993
5994
5995
5996
5997
5998
5999
6000
6001
6002
6003
6004
6005
6006
6007
6008
6009
6010
6011
6012
6013
6014
6015
6016
6017
6018
6019
4728
6021
6022
6023
6024
6025
6026
6027
6028
6029
6030
6031
6032
6033
6034
6035
6036
6037
6038
6039
6040
6041
6042
6043
6044
6045
6046
6047
6048
6049
6050
6051
6052
6053
6054
6055
6056
6057
6058
6059
6060
6061
6062
6063
6064
6065
6066
6067
6068
6069
6070
6071
6072
6073
6074
6075
6076
6077
6078
6079
6080
6081
6082
6083
6084
6085
6086
6087
6088
6089
6090
6091
6092
6093
6094
6095
6096
6097
6098
6099
6100
6101
6102
6103
6104
6105
6106
6107
6108
6109
6110
6111
6112
6113
6114
6115
4861
1490
6118
4894
4892
4896
6123
6124
6124
6125
5601
6127
1639
5418
5428
4745
6132
6133
6134
6135
4770
6137
6138
6139
5319
4575
6142
6143
6144
6145
6146
4632
5715
4876
557
5184
6152
6153
6154
6155
1914
6157
6158
6159
2013
5716
6162
6163
6164
6165
6166
6167
6168
6169
6170
6171
6172
6173
6174
6175
6176
6177
6178
6179
6180
6181
6206
6208
2173
2576
6186
6187
6188
6189
6190
6191
3113
6193
6194
6195
6196
6197
6198
6199
6200
6201
6202
6203
6238
6205
5731
6207
3974
6209
6210
6211
6212
6192
3197
6236
6235
6217
6218
6219
6220
6221
6222
6261
6224
6225
6226
6227
6228
6229
6230
6231
6232
4983
6255
6235
6236
6237
6238
6239
6240
6241
6242
6243
6244
6245
6246
6247
6248
6249
6250
6251
6252
6253
6254
6255
6256
6257
6258
6259
6260
6261
6262
6263
6264
6265
6266
6267
6268
6270
6270
6274
6273
6273
6274
6275
6276
6276
6278
6279
6280
6281
6282
6283
6284
6285
6287
6287
6288
6273
6274
6270
