0
1
95
99
102
385
3016
108
115
118
122
11
12
48
49
157
56
17
18
71
20
21
93
923
922
368
386
385
899
898
924
1083
32
33
130
148
36
37
170
26
134
3012
3014
3014
44
45
46
47
52
3007
48
917
152
54
133
53
164
55
120
59
16
61
62
63
64
65
66
67
68
72
72
14
157
73
74
75
50
50
15
78
158
79
81
82
84
85
86
87
88
89
92
91
94
23
96
3
100
2155
100
4
3018
3018
102
3016
385
3016
28
105
2956
2956
109
28
110
2955
112
110
117
3499
31
8
121
4130
32
123
124
125
126
127
13
128
51
129
34
134
155
137
136
139
138
39
140
1971
1971
386
1968
145
146
145
385
103
151
27
153
153
3012
7
7
38
150
3012
144
161
147
6
148
35
3014
3014
170
27
27
171
333
174
175
272
562
4754
200
283
288
231
234
303
219
223
328
225
229
254
242
259
258
270
195
4817
545
1472
562
4750
4750
5320
4713
5881
295
300
319
331
309
341
2224
334
4811
4812
341
215
215
217
317
220
323
1471
219
4805
211
335
227
305
226
187
228
1445
230
188
189
230
237
244
183
236
241
328
185
241
246
190
301
185
222
186
330
250
249
251
252
216
260
257
171
261
173
265
261
267
174
271
270
271
272
196
273
545
272
545
4815
4815
1447
4815
562
4755
1447
1448
4750
4756
281
286
200
285
179
5260
1476
5262
5880
1602
5242
182
294
239
297
184
221
248
299
205
179
326
308
306
310
207
210
311
2223
2223
1472
2223
318
316
318
277
198
320
177
325
4812
325
178
178
209
338
321
313
307
317
177
322
206
4812
341
4812
198
198
342
343
344
345
346
347
348
349
3439
2953
21
353
20
355
356
357
358
359
360
361
3016
363
364
365
2156
367
368
1843
1843
1827
2764
2843
2767
377
2767
1106
1843
4378
516
3572
4379
1841
1841
385
386
387
388
389
390
391
392
393
394
395
396
397
398
399
400
401
402
403
404
405
406
407
408
409
410
411
412
413
414
415
416
417
418
419
420
1958
1956
423
424
425
426
427
3754
1988
3073
431
432
433
434
435
436
437
438
439
3958
1843
1844
3846
1848
1846
446
447
448
449
450
451
452
453
454
455
456
457
458
459
460
461
462
463
464
465
466
467
468
469
470
471
472
473
474
475
476
477
478
479
480
481
482
483
484
485
486
487
488
489
490
491
492
493
494
495
496
497
498
499
500
501
502
503
2140
505
506
2143
508
509
510
2160
2820
2847
514
515
2170
3199
4496
5430
2179
521
522
523
524
525
526
6138
4749
258
259
2195
171
533
2201
2200
2202
1440
4834
528
4776
4841
2215
2561
2220
545
2244
2244
551
4568
4643
5602
553
1627
5602
2244
6124
1362
558
5333
2242
2242
562
563
564
565
566
567
568
569
570
571
572
573
574
575
576
577
578
579
580
581
582
583
584
585
586
587
588
589
590
591
592
593
594
595
596
597
598
599
600
2434
5318
603
604
605
2396
4881
608
609
610
611
612
613
614
615
616
617
4569
4569
2244
5602
2247
2246
4549
625
626
627
628
629
630
631
632
633
634
635
636
637
638
639
640
641
642
643
644
645
646
647
648
649
650
651
652
653
654
655
656
657
658
659
660
661
662
663
664
665
666
667
668
669
670
671
672
673
674
675
4564
677
678
4610
4708
681
682
683
684
4616
2587
4617
2554
689
690
691
692
693
2574
4985
696
2585
698
699
700
701
702
703
704
705
706
707
708
709
710
711
712
713
714
715
716
717
718
719
720
721
722
723
724
725
726
727
728
2752
730
731
3985
733
734
735
736
737
738
739
740
741
742
743
744
745
746
747
748
749
750
751
752
753
754
755
756
757
758
759
760
761
762
763
764
765
766
767
768
769
770
771
772
773
774
4527
776
777
778
779
780
781
782
783
784
785
786
787
788
789
790
791
792
793
794
795
2753
797
798
799
800
801
3844
803
3769
805
806
807
2819
2777
2803
2813
812
813
814
815
816
817
3952
819
820
3583
2797
3386
3660
3646
2800
827
828
2809
830
3801
832
833
3123
3571
2829
2833
4382
2851
840
841
842
2844
1839
845
4376
847
848
849
850
851
852
853
854
855
856
857
858
859
860
2879
2881
863
3401
3402
866
867
868
869
870
871
872
2901
874
875
2905
877
2923
2922
880
881
2929
883
2933
2941
2940
2937
1975
1984
1982
2951
2151
893
894
895
112
28
898
899
900
901
902
903
904
905
906
907
908
909
3756
2949
2945
3004
27
2981
2983
3006
918
919
920
93
922
923
924
925
4825
3025
928
929
930
931
932
3968
1841
3057
3067
937
938
3062
3059
3063
1853
3068
1851
3166
3139
2767
3084
3964
3088
3092
3094
953
3140
3098
956
957
958
1841
3412
4405
962
3148
964
3121
3070
3127
3166
3416
3139
3142
3143
3991
3991
3176
3797
516
3165
3112
3163
3180
3993
6184
984
3184
3799
2171
3187
3195
3995
991
992
993
994
995
996
997
998
999
1000
1001
1002
1003
1004
1005
1006
1007
1008
1009
1010
1011
1012
1013
1014
1015
1016
1017
1018
1019
1020
1021
1022
1023
1024
1025
1026
1027
1028
1029
1030
1031
1032
1033
1034
1035
1036
1037
1038
1039
1040
1041
1042
1043
1044
1045
1046
1047
1048
1049
1050
1051
1052
1053
1054
1055
5175
5174
3405
5177
3412
1061
3416
1063
3425
1065
1066
3438
33
1069
1070
1071
1072
1073
1074
1075
1076
1077
32
1079
1080
1081
3490
1083
2964
1085
1086
1087
1088
1089
1090
1091
1092
1093
1094
1095
1096
1097
1098
1099
1100
3577
3573
3579
3795
1105
3843
3657
1108
1109
1110
1111
1112
1113
1114
1115
1116
1117
1118
1119
1120
1121
1122
1123
1124
1125
1126
1127
1128
1129
1130
1131
1132
1133
1134
1135
3780
3784
3790
1139
1140
1141
1142
1143
1144
1145
1146
3845
1148
1149
1150
1151
1152
1153
1154
1155
1156
1157
1158
1159
1160
1161
1162
1163
3955
3968
3971
1167
3974
1169
1170
1171
1172
1173
1174
1175
1176
1177
1178
1179
1180
1181
1182
1183
1184
1185
1186
1187
1188
1189
1190
1191
1192
1193
1194
1195
1196
1197
1198
1199
1200
1201
1202
1203
1204
1205
1206
1207
1208
1209
1210
1211
1212
1213
1214
1215
1216
1217
1218
1219
1220
1221
1222
1223
1224
1225
1226
1227
1228
1229
1230
1231
1232
1233
1234
1235
1236
1237
1238
1239
1240
1241
1242
1243
1244
1245
1246
1247
1248
1249
1250
1251
1252
1253
1254
1255
1256
1257
1258
1259
1260
1261
1262
1263
1264
1265
1266
1267
1268
1269
1270
1271
1272
1273
1274
1275
1276
1277
1278
1279
1280
1281
1282
1283
1284
1285
1286
1287
1288
1289
1290
1291
1292
1293
1294
1295
1296
1297
1298
1299
1300
4557
5742
1303
1304
1305
1306
1307
1308
1309
1310
1311
1312
1313
1314
1315
1316
1317
1318
1319
1320
1321
1322
4488
1324
4494
1326
1327
1328
4826
1330
1331
1332
1333
1334
1335
1336
1337
1338
1339
1340
1341
1342
1343
1344
1345
1346
1347
1348
1349
5433
1351
1352
1353
1354
1355
1356
1357
1358
1359
1360
1361
5600
1363
1364
1365
1366
1367
4580
4603
1370
1371
1372
1373
1374
1375
1376
1377
5709
5342
4601
4602
5162
1383
1384
1385
1386
5407
1388
1389
1390
6128
4634
1393
1394
1395
1396
4642
553
1399
4650
1401
1402
1403
1404
1405
1406
1407
1408
1409
1410
1411
4677
4679
1414
1415
1416
1417
1418
1419
1420
1421
1422
1423
1424
1425
1426
1427
1428
1429
5259
5253
4718
2362
1587
5211
2197
529
2195
1438
1461
1439
5353
1443
234
4711
4819
4750
4750
4755
1450
1451
1452
1453
1454
1455
4785
4790
2562
4791
1460
2383
1437
1435
1441
1465
1466
4813
4810
1469
4816
1471
1472
270
4817
195
5320
1477
1478
4842
4778
4838
4773
5724
2242
1485
1486
1487
1488
1489
1490
1491
1492
1493
1494
5602
5720
4881
2429
1499
1500
1501
1502
1503
1504
2244
4908
4937
4914
1509
5183
1493
4956
4933
1514
1514
5554
1517
694
1519
4908
1521
1522
6185
1524
1525
1526
2573
1527
1529
1530
1531
1532
1533
1534
1535
1536
1537
1538
1539
1540
1541
1542
1543
1544
1545
1546
1547
1548
1549
1550
1551
1552
1553
1554
1555
1556
1557
1558
1559
1560
1561
1562
1563
1564
1565
1566
1567
1568
1569
1570
1571
1572
1573
1574
1575
1576
1577
1578
1579
1580
1581
1582
5509
1584
1585
5202
295
5206
5207
1590
1591
4719
5239
1594
5258
2364
5881
1598
1599
2370
2370
4713
1603
1604
1605
1606
1607
1608
1609
1610
1611
1612
1613
1614
1615
1616
1617
1618
5352
1620
1621
1622
1623
1624
1625
5420
5601
1628
1629
1630
1631
1632
1633
1634
1635
1636
1637
1638
1639
1640
5449
1642
1643
1644
1645
1646
1647
5450
1649
1650
1651
1652
1653
1654
1655
2220
1657
5542
5546
1660
1661
1662
1663
1664
1665
1666
1667
5599
1669
1670
1671
1672
1673
1674
1675
1676
1677
1678
1679
1680
1681
1682
5706
1684
5710
5724
5727
1688
5731
1690
1691
1692
1693
1694
1695
1696
1697
1698
1699
1700
1701
1702
1703
1704
1705
1706
1707
1708
1709
1710
1711
1712
1713
1714
1715
1716
1717
1718
1719
1720
1721
1722
1723
1724
1725
1726
1727
1728
1729
1730
1731
1732
1733
1734
1735
1736
1737
1738
1739
1740
1741
1742
1743
1744
1745
1746
1747
1748
1749
1750
1751
1752
1753
1754
1755
1756
1757
1758
1759
1760
1761
1762
1763
1764
1765
1766
1767
1768
1769
1770
1771
1772
1773
1774
1775
1776
1777
1778
1779
1780
1781
1782
1783
1784
1785
1786
1787
1788
1789
1790
1791
1792
1793
1794
1795
1796
1797
1798
86
85
1801
1805
1803
1804
1805
1806
1807
1808
1809
1810
1814
1814
915
3684
351
1816
1817
1818
1819
1821
2153
23
1823
366
1843
1843
1843
1843
3154
1843
2764
376
3080
2767
2767
2767
3581
2767
3846
3581
3199
1843
3199
1843
3960
1164
3958
3960
1846
381
3574
1851
381
2844
1843
1843
1843
1841
1859
1860
1861
1862
1863
1864
1865
1866
1867
1868
1869
1870
1871
1872
1873
1874
1875
1876
1877
1878
1879
1880
1881
1882
1883
1884
1885
1886
1887
1888
1889
1890
1891
1892
1893
1894
1895
1896
1897
1898
1899
1900
1901
1902
1903
1904
1905
1906
1907
1908
1909
1910
1911
1912
1913
1914
1915
1916
1917
1918
1919
1920
1921
1922
1923
1924
1925
1926
1927
1928
1929
1930
1931
1932
1933
1934
1935
1936
1937
1938
1939
1940
1941
1942
1943
1944
1945
1946
2921
878
1949
879
1951
1952
1953
1957
1954
1082
2152
2151
1959
1960
1961
1962
1963
1964
1965
1966
1967
1968
1969
1970
1971
1972
1974
3019
367
1973
1977
1978
89
1981
3774
886
1980
910
1986
3771
1987
1833
371
1833
1990
1992
1993
1994
1995
1996
1997
1998
1999
2000
2001
2002
2003
2004
2005
2006
2007
2008
2009
1843
1843
1843
1844
1843
1843
3960
380
1845
2019
2020
2021
2022
2023
2024
2025
2026
2027
2028
2029
2030
2031
2032
2033
2034
2035
2036
2037
2038
2039
2040
2041
2042
2043
2044
2045
2046
2047
2048
2049
2050
2051
2052
2053
2054
2055
2056
2057
2058
2059
2060
2061
2062
2063
2064
2065
2066
2067
2068
2069
2070
2071
2072
2073
2074
2075
2076
2077
2078
2079
2080
2081
2082
2083
2084
2085
2086
2087
2088
2089
2090
2091
2092
2093
2094
2095
2096
2097
2098
2099
2100
2101
2102
2103
2104
2105
2106
2107
2108
2109
2110
2111
2112
2113
2114
2115
2116
2117
2118
2119
2120
2121
2122
2123
2124
2125
2126
2127
2128
2129
2130
2131
2132
2133
2134
2135
2139
2136
2138
2139
2140
2144
2141
2143
508
2145
2146
2147
2148
899
2957
899
2954
2153
2154
2155
2156
2159
2159
2821
2160
2161
2162
2163
2164
2165
2166
2167
2168
6183
6183
992
2169
984
2176
6184
3200
2178
5497
519
518
2181
2182
2183
2184
2185
2186
2187
2188
2189
2190
2191
2192
215
257
333
215
171
536
2198
536
2204
537
5515
2203
2206
4794
2208
5445
1466
4814
2558
540
4840
2212
4777
195
270
2560
2559
270
2221
2222
2223
2224
2225
2244
2244
2244
4985
4570
4568
2244
4879
2240
4568
4568
4568
5344
5344
1627
5344
4985
4985
4985
4985
5716
1685
6124
5716
1362
559
5334
4642
559
2255
2244
2242
2244
2244
2260
2261
2262
2263
2264
2265
2266
2267
2268
2269
2270
2271
2272
2273
2274
2275
2276
2277
2278
2279
2280
2281
2282
2283
2284
2285
2286
2287
2288
2289
2290
2291
2292
2293
2294
2295
2296
2297
2298
2299
2300
2301
2302
2303
2304
2305
2306
2307
2308
2309
2310
2311
2312
2313
2314
2315
2316
2317
2318
2319
2320
2321
2322
2323
2324
2325
2326
2327
2328
2329
2330
2331
2332
2333
2334
2335
2336
2337
2338
2339
2340
2341
2342
2343
2344
2345
2346
2347
2348
2349
2350
2351
2352
2353
2354
2355
2356
2357
2358
2359
2360
1595
2365
2361
1595
5258
2367
2433
2366
1619
1619
6138
1619
5318
2374
2375
2376
2377
2378
2379
2380
2381
2382
2218
2559
543
2220
261
2387
261
5531
4739
4742
1656
2392
2199
535
2395
2233
2399
2233
2256
2402
2403
2404
2405
2406
2407
2408
2409
2410
2411
2412
2413
2414
2415
2416
2417
2418
2419
2244
4569
2244
2244
4568
5602
5602
2244
4568
5716
2246
557
2433
5429
624
2435
2436
2437
2438
2439
2440
2441
2442
2443
2444
2445
2446
2447
2448
2449
2450
2451
2452
2453
2454
2455
2456
2457
2458
2459
2460
2461
2462
2463
2464
2465
2466
2467
2468
2469
2470
2471
2472
2473
2474
2475
2476
2477
2478
2479
2480
2481
2482
2483
2484
2485
2486
2487
2488
2489
2490
2491
2492
2493
2494
2495
2496
2497
2498
2499
2500
2501
2502
2503
2504
2505
2506
2507
2508
2509
2510
2511
2512
2513
2514
2515
2516
2517
2518
2519
2520
2521
2522
2523
2524
2525
2526
2527
2528
2529
2530
2531
2532
2533
2534
2535
2536
2537
2538
2541
2540
5394
2539
2543
2544
2545
2546
2547
687
687
4617
4614
2551
2549
4620
2558
2558
2558
4750
1474
273
4816
2561
2563
2564
2565
2566
2567
2568
2569
2570
6182
6182
1533
6182
1524
4986
1524
2575
2579
2579
2581
2584
2582
2142
2142
507
2589
698
6139
2590
2591
2592
2593
2594
2595
2596
2597
2598
2599
2600
2601
2602
2603
2604
2605
2606
2607
2608
2609
2610
2611
2612
2613
2614
2615
2616
2617
2618
2619
2620
2621
2622
2623
2624
2625
2626
2627
2628
2629
2630
2631
2632
2633
2634
2635
2636
2637
3984
2639
2640
2641
2642
2643
2644
2645
2646
2647
2648
2649
2650
2651
2652
2653
2654
2655
2656
2657
2658
2659
2660
2661
2662
2663
2664
2665
2666
2667
2668
2669
2670
2671
2672
2673
2674
2675
2676
2677
2678
2679
2680
2681
2682
2683
2684
2685
2686
2687
2688
2689
2690
2691
2692
2693
2694
2695
2696
2697
2698
2699
2700
2701
2702
2703
2704
2705
2706
2707
2708
2709
2710
2711
2712
2713
2714
2715
2716
2717
2718
2719
2720
2721
2722
2723
2724
2725
2726
2727
2728
2729
2730
2731
2732
2733
2734
2735
2736
2737
2738
2739
2740
2741
2742
2743
2744
2745
2746
2747
2748
2749
2750
2751
2752
2753
2752
2755
2756
2757
2758
2759
2760
2761
2762
2763
3846
3846
3846
3844
2768
803
2770
2771
2772
2773
2774
2775
2776
811
2781
2780
825
2816
2782
2783
2784
2785
2786
2787
2788
2789
2790
2791
2792
818
2794
2795
3580
821
2796
3582
824
3387
3647
2802
2801
2805
2806
2807
2808
2809
2809
2811
2812
2815
831
4393
2815
2814
2586
697
2821
2845
2810
2823
2824
2825
2826
3124
3569
835
2830
2831
2832
838
2834
2835
2836
2837
2838
2839
2848
375
1838
1839
2796
2845
2846
2847
2850
2849
4376
846
2852
2853
2854
2855
2856
2857
2858
2859
2860
2861
2862
2863
2864
2865
2866
2867
2868
2869
2870
2871
2872
2873
2874
2875
2876
2878
2878
860
2877
859
2882
2883
2884
3401
2886
2887
2888
2889
2890
2891
2892
2893
2894
2895
2896
2897
2898
2899
2900
504
2902
2903
2137
873
2904
2907
2908
2909
2910
2911
2916
896
2914
895
114
2920
2918
1073
2920
2921
2922
2923
2927
2925
894
2927
2928
883
2928
2934
2931
355
2934
1801
2935
353
2936
2938
887
884
1978
2942
2939
885
2944
2930
2948
882
2950
2951
2950
2953
2954
28
2956
28
2958
2959
2960
2961
2962
2963
1079
2965
2966
2967
2968
2969
2970
2971
2972
2973
2974
2975
2976
2977
2978
2979
2968
904
2980
903
2984
2985
2986
2987
2988
2989
2990
2991
2992
2993
3002
2995
2996
3755
2998
3001
2999
2932
1983
889
890
2982
916
3005
3008
3009
3010
3011
3012
27
3014
1814
3016
3017
3018
3019
897
897
110
3023
3024
926
3026
3027
3028
3029
3030
3031
3032
3033
3034
3035
3036
3037
3038
3039
3040
3041
3042
3043
3044
3047
3047
1841
3966
1843
1843
935
3065
3052
3054
935
3060
939
3056
941
3061
942
4371
3064
3073
3066
4370
943
382
1852
3803
3070
373
2844
970
3134
970
3063
430
1991
2764
2767
2764
1839
2010
3047
3087
2013
380
1847
2016
3090
950
3091
444
3097
3096
4403
954
3099
3100
3101
3102
3103
3104
1843
1843
2170
1841
3111
980
3162
978
979
3114
3115
3116
3117
3118
3119
3120
3121
3071
966
3122
3125
3126
955
945
3132
945
3416
3133
3138
970
3415
3163
3413
3086
948
949
379
379
1849
3141
3146
3168
3145
964
3120
965
3969
3990
1165
2767
2767
2767
1843
1843
2767
1843
1844
3164
974
3992
982
3167
3990
3168
3172
2018
3170
3173
4377
3177
3174
976
3796
3175
3178
975
974
3185
3182
986
3798
2169
987
2172
3189
3190
3191
3192
3183
3193
985
3198
3197
3994
3200
3200
3201
3202
3203
3204
3205
3206
3207
3208
3209
3210
3211
3212
3213
3214
3215
3216
3217
3218
3219
3220
3221
3222
3223
3224
3225
3226
3227
3228
3229
3230
3231
3232
3233
3234
3235
3236
3237
3238
3239
3240
3241
3242
3243
3244
3245
3246
3247
3248
3249
3250
3251
3252
3253
3254
3255
3256
3257
3258
3259
3260
3261
3262
3263
3262
3265
3266
3267
3268
3269
3270
3271
3272
3273
3274
3275
3276
3277
3278
3279
3280
3281
3282
3283
3284
3285
3286
3287
3288
3289
3290
3291
3292
3293
3294
3295
3296
3297
3298
3299
3300
3301
3302
3303
3304
3305
3306
3307
3308
3309
3310
3311
3312
3313
3314
3315
3316
3317
3318
3319
3320
3321
3322
3323
3324
3325
3326
3327
3328
3329
3330
3331
3332
3333
3334
3335
3336
3337
3338
3339
3340
3341
3342
3343
3344
3345
3346
3347
3348
3349
3350
3351
3352
3353
3354
3355
3356
3357
3358
3359
3360
3361
3362
3363
3364
3365
3366
3367
3368
3369
3370
3371
3372
3373
3374
3375
3376
3377
3378
3379
3380
3381
3382
3383
825
2800
3387
3660
3386
3389
3390
3391
3392
3393
3394
3395
3396
3397
3398
3399
3400
3404
1056
1057
5173
1057
3403
1059
5176
3179
3409
981
980
3415
3413
3163
945
3058
940
3419
968
3130
936
3423
3194
989
3424
3427
3428
3429
3430
3431
3432
3433
3434
350
3439
3436
862
862
2880
3000
3442
3443
911
126
125
127
2932
3449
3450
3451
3452
3453
3454
3455
3456
3457
3458
3459
3460
3461
2960
3462
3464
3465
3466
3467
3468
3469
3470
3471
3472
3473
3474
3475
3476
123
124
3479
3480
3481
873
3483
3484
3485
3486
3487
3488
3489
1081
3489
3492
3493
422
3491
114
113
3498
3499
3482
3500
3502
3503
3504
3505
3506
3507
3508
3509
3510
3511
3512
3513
3514
3515
3516
3517
3518
3519
3520
3521
3522
3523
3524
3525
3526
3527
3528
3529
3530
3531
3532
3533
3534
3535
3536
3537
3538
3539
3540
3541
3542
3543
3544
3545
3546
3547
3548
3549
3550
3551
3552
3553
3554
3555
1955
110
2955
3559
3560
3561
3562
3563
3564
3565
3566
3567
3568
3570
3802
1101
2798
822
822
3578
3575
1104
3578
3579
3582
1106
4380
1107
3584
3585
3586
3587
3588
3589
3590
891
3592
3593
3594
3595
3596
3597
3598
3599
3600
3601
3602
3603
3604
3605
3606
3607
3608
3609
3610
3611
3612
3613
3614
3615
3616
3617
3618
3619
3620
3621
3622
3623
3624
3625
3626
3627
3628
3629
3630
3631
3632
3633
3634
512
3636
3637
2822
830
3640
3641
3642
3643
3644
3645
3648
1103
3800
3649
3650
3651
3652
3655
3653
4383
3656
3657
3658
3656
3576
3661
3662
3663
3664
3665
3666
3667
3668
3669
3670
3671
3672
3673
3674
3675
3676
3677
3678
3679
3680
3681
3682
3683
3680
3685
3686
3687
3688
3689
3690
3691
3692
3693
3694
3695
3696
3697
3698
3699
3700
3701
3702
3703
3704
3705
3706
3707
3708
3709
3710
3711
3712
3713
3714
3715
3716
3717
3718
3719
3720
3721
3722
3724
5483
3725
3726
3727
3728
3729
3730
3731
3732
3733
3734
3735
3736
3737
3738
3739
3740
3741
3742
3744
3744
3745
3746
3747
3748
3749
3753
3751
927
3760
1058
3755
888
3757
3758
3759
3761
5518
3762
3763
3764
3765
3766
3767
3768
3769
3770
864
3772
3773
2943
3775
3776
3777
3778
3779
837
3654
3781
1843
517
1842
1838
375
2174
3788
983
3791
3792
3793
3782
1102
934
1137
3789
1138
3800
3801
3803
4379
3804
3805
3806
3807
3808
3809
3810
3811
3812
3813
3814
3815
3816
3817
3818
3819
3820
3821
3822
3823
3824
3825
3826
3827
3828
3829
3830
3831
3832
3833
3834
3835
3836
3837
3838
3839
3840
3841
3838
1128
3842
1129
3844
3844
3848
3849
3850
3851
3852
3853
3854
3855
3856
3857
3858
3859
3860
3861
3862
3863
3864
3865
3866
3867
3868
3869
3870
3871
3872
3873
3874
3875
3876
3877
3878
3879
3880
3881
3882
3883
3884
3885
3886
3887
3888
3889
3890
3891
3892
3893
3894
3895
3896
3897
3898
3899
3900
3901
3902
3903
3904
3905
3906
3907
3908
3909
3910
3911
3912
3913
3914
3915
3916
3917
3918
3919
3920
3921
3922
3923
3924
3925
3926
3927
3928
3929
3930
3931
3932
3933
3934
3935
3936
3937
3938
3939
3940
3941
3942
3943
3944
3945
3946
3947
3948
3949
3950
3951
3693
3845
3954
1147
3953
3847
3847
802
3957
3961
3962
3963
2013
3089
3047
1841
3047
3966
3108
977
3970
3188
988
3973
3976
3977
3978
3979
3980
3981
3982
3983
3984
3985
3986
3987
3988
3989
3969
1165
3972
1166
3975
1168
3996
3997
3998
3999
4000
4001
4002
4003
4004
4005
4006
4007
4008
4009
4010
4011
4012
4013
4014
4015
4016
4017
4018
4019
4020
4021
4022
4023
4024
4025
4026
4027
4028
4029
4030
4031
4032
4033
4034
4035
4036
4037
4038
4039
4040
4041
4042
4043
4044
4045
4046
4047
4048
4049
4050
4051
4052
4053
4054
4055
4056
4057
4058
4059
4060
4061
4062
4063
4064
4065
4066
4067
4068
4069
4070
4071
4072
4073
4074
4075
4076
4077
4078
4079
4080
4081
4082
4083
4084
4085
4086
4087
4088
4089
4090
4091
4092
4093
4094
4095
4096
4097
4098
4099
4100
4101
4102
4103
4104
4105
4106
4107
4108
4109
4110
4111
4112
4113
4114
4115
4116
4117
4118
4119
4120
4121
4122
4123
4124
4125
4126
4127
4128
4129
4130
4131
4132
4133
4134
4135
4136
4137
4138
4139
4140
4141
4142
4143
4144
4145
4146
4147
4148
4149
4150
4151
4152
4153
4154
4155
4156
4157
4158
4159
4160
4161
4162
4163
4164
4165
4166
4167
4168
4169
4170
4171
4172
4173
4174
4175
4176
4177
4178
4179
4180
4181
4182
4183
4184
4185
4186
4187
4188
4189
4190
4191
4192
4193
4194
4195
4196
4197
4198
4199
4200
4201
4202
4203
4204
4205
4206
4207
4208
4209
4210
4211
4212
4213
4214
4215
4216
4217
4218
4219
4220
4221
4222
4223
4224
4225
4226
4227
4228
4229
4230
4231
4232
4233
4234
4235
4236
4237
4238
4239
4240
4241
4242
4243
4244
4245
4246
4247
4248
4249
4250
4251
4252
4253
4254
4255
4256
4257
4258
4259
4260
4261
4262
4263
4264
4265
4266
4267
4268
4269
4270
4271
4272
4273
4274
4275
4276
4277
4278
4279
4280
4281
4282
4283
4284
4285
4286
4287
4288
4289
4290
4291
4292
4293
4294
4295
4296
4297
4298
4299
4300
4301
4302
4303
4304
4305
4306
4307
4308
4309
4310
4311
4312
4313
4314
4315
4316
4317
4318
4319
4320
4321
4322
4323
4324
4325
4326
4327
4328
4329
4330
4331
4332
4333
4334
4335
4336
4337
4338
4339
4340
4341
4342
4343
4344
4345
4346
4347
4348
4349
4350
4351
4352
4353
4354
4355
4356
4357
4358
4359
4360
4361
4362
4363
4364
4365
4366
4367
4368
4369
944
1850
1854
4373
4374
4375
818
3956
1164
3574
3690
4381
1119
3659
4384
2946
4386
4387
4388
4389
4390
4391
2952
4393
897
4395
4396
4397
4398
4399
4400
4401
2767
3965
1843
3167
4406
4407
4408
4409
4410
4411
4412
4413
4414
4415
4416
4417
4418
4419
4420
4421
4422
4423
4424
4425
4426
4427
4428
4429
4430
4431
4432
4433
4434
4435
4436
4437
4438
4439
4440
4441
4442
4443
4444
4445
5740
4447
4448
4449
4450
4451
4452
4453
4454
4455
4456
4457
4458
4459
4460
4461
4462
4463
4464
4465
4466
4467
4468
4469
4470
4471
4472
4473
4474
4475
4476
4477
4478
4479
4480
4481
4482
4483
4484
4485
4487
4487
1322
4486
4490
4491
4492
4493
4494
4484
1320
4496
518
4499
4497
4501
4502
4503
4504
4505
4506
4507
4508
4509
4510
4511
4512
4513
4514
4515
4516
4517
4518
4519
4520
4521
4522
4523
4524
4525
4526
4527
4528
4529
4530
4531
4532
4533
4534
4535
4536
4537
4538
4539
4540
4541
4542
4543
4544
4545
4546
4547
4545
1350
4550
4551
4552
4553
4554
4555
4555
4555
4558
4559
4560
4561
4562
4563
4564
4565
4566
5600
5600
5600
5602
4573
1364
6141
4574
4575
4576
4577
4578
4579
810
5161
826
2779
4584
4585
4586
4587
4588
4589
4590
4591
4592
4593
4594
4595
4597
1375
5341
5343
4598
1379
823
2804
4605
3388
4606
4607
4608
4609
4610
4609
4613
4613
1381
4603
1381
1387
4604
4615
1369
4621
4622
4645
4624
4625
4626
4627
4628
4629
4630
4631
4632
4633
1391
4635
4636
4637
4638
4639
4640
552
4598
553
2239
4645
4646
4647
4648
4648
1377
4651
4652
4653
4654
4655
4656
4657
4658
4659
4660
4661
4662
4663
4664
4665
4666
4667
4668
4669
4670
4671
4672
4673
4674
4675
4680
4677
4676
4679
4680
4681
4682
4683
4684
4685
4686
4687
4688
4689
4690
4691
4692
4693
4694
4695
4696
4697
4698
4699
4700
4701
4702
4703
4704
4705
4706
4707
4708
4709
4710
4714
4711
5255
6140
4714
4712
4716
4721
4712
2365
5259
4720
1592
1432
1592
182
1432
4722
1587
239
5209
239
2197
2196
2195
2193
4736
529
1438
4736
2387
2387
4737
1436
4740
1433
1435
2363
1442
1442
5353
4751
1447
1447
4750
1448
4757
4758
4759
4760
4761
4762
4763
4764
4765
4766
4767
4768
4769
4770
4771
4772
4773
4775
4788
1456
4774
1457
4779
4780
4781
4782
4786
4783
4786
4807
4787
1468
4818
1470
1464
4791
4793
2394
5513
1458
4796
4731
5212
5210
2390
2391
2393
4804
4805
4806
4810
699
4810
4816
4811
4812
4813
4815
4815
4817
545
2561
2371
2371
2557
4822
4823
4824
1478
4830
1479
4828
4830
4841
2214
4832
4777
1480
4833
2205
4836
1459
4784
4839
4840
1482
6150
5722
2242
5540
2244
2244
4849
4850
4851
4852
4853
4854
4855
4856
4857
4858
4859
4860
4861
4862
4863
4864
4865
4866
4867
4868
550
1397
4924
4872
4873
1510
4875
4876
4568
4567
4568
5602
2420
2423
4882
2422
557
2429
557
4889
2430
4890
4886
4892
4893
4894
4895
4896
4897
4898
4899
4900
2244
2244
2244
2574
4907
1060
4907
1519
4909
4910
4939
4912
4912
4914
4915
4916
4917
4918
4919
1062
1062
5183
4873
4873
1493
3414
5184
4876
1496
4876
4932
4959
1512
2248
4936
4955
1508
4935
4913
4940
4941
4942
5602
5602
4568
2244
2244
2242
4951
4966
4951
1522
6151
4942
4640
1393
622
1513
4649
6123
4961
5553
4963
4964
4965
4966
4967
4968
4969
5555
4971
4972
2571
2572
1527
4976
4977
4978
4979
4980
4981
4982
4983
4984
4986
4986
538
4835
4989
4990
4991
4992
4993
4994
4995
4996
4997
4998
4999
5000
5001
5002
5003
5004
5005
5006
5007
5008
5009
5010
5011
5012
5013
5014
5015
5016
5017
5018
5019
5020
5021
5022
5023
5024
5025
5026
5027
5028
5029
5030
5031
5032
5033
5034
5035
5036
5037
5038
5039
5040
5041
5042
5043
5044
5045
5046
5047
5048
5049
5050
5051
5052
5053
5053
5055
5056
5057
5058
5059
5060
5061
5062
5063
5064
5065
5066
5067
5068
5069
5070
5071
5072
5073
5074
5075
5076
5077
5078
5079
5080
5081
5082
5083
5084
5085
5086
5087
5088
5089
5090
5091
5092
5093
5094
5095
5096
5097
5098
5099
5100
5101
5102
5103
5104
5105
5106
5107
5108
5109
5110
5111
5112
5113
5114
5115
5116
5117
5118
5119
5120
5121
5122
5123
5124
5125
5126
5127
5128
5129
5130
5131
5132
5133
5134
5135
5136
5137
5138
5139
5140
5141
5142
5143
5144
5145
5146
5147
5148
5149
5150
5151
3374
4583
5154
5155
5156
5157
5158
5159
5160
826
3388
5162
5164
5165
5166
5167
5168
5169
5170
5171
5172
4683
1417
1416
5178
1583
5178
5179
1060
5181
3414
1062
5184
5185
5186
4921
5188
5189
5190
5191
5192
5193
5194
5195
5196
5197
5198
5199
5200
5201
4678
1413
5204
4798
4747
4744
5205
239
297
182
5210
5213
5214
5215
5216
5217
5218
5219
5220
5221
5222
5223
5224
5225
5226
5227
5228
5229
5230
6020
5232
5233
5234
5235
5236
5238
5256
5237
5240
5242
5880
294
5244
5245
5246
5247
5248
5249
5250
5251
5252
2373
602
2370
4762
1451
5257
602
4714
1476
4711
286
5264
5265
5266
5267
5268
5269
5270
5271
5272
6131
5274
5275
5276
5277
5278
5279
5280
5281
5282
5283
5284
5285
5286
5287
5288
5289
5290
5291
5292
5293
5294
5295
5296
5297
5298
5299
5300
5301
5302
5303
5304
5305
5306
5307
5308
5309
5310
5311
5312
5313
5314
5315
5316
5317
2378
4756
200
5321
5322
5323
5324
5325
5326
5327
5328
5329
5330
1389
5332
4600
5334
1380
5336
5337
5338
5339
5340
5343
1626
6126
5601
5345
5346
5347
5348
5349
5350
4709
5351
680
5354
5355
5356
5357
5358
5359
5360
5361
5362
5363
5364
5365
5366
5367
5368
5369
5370
5371
5372
5373
5374
5375
5376
5377
5377
5379
5380
5381
5382
5383
5384
5385
5386
5387
5388
5389
5390
5391
5392
5393
5395
5395
5396
5397
5398
5399
5400
5401
5402
5403
5404
5405
5406
1382
5409
1382
5410
5411
5412
5413
5415
6129
5414
5419
5417
5419
1641
5163
5422
5423
5424
5425
5426
5427
5428
5431
1323
5719
5432
5433
5434
5435
5436
5437
5438
5439
5440
5441
5442
5443
5444
5445
5446
5447
5447
5449
5450
5451
5452
5453
5454
5455
5456
5457
5458
5459
5460
5461
5462
5463
5464
5465
5466
5467
5468
5469
5470
5471
5472
5473
5474
5475
5476
5477
5478
5479
5480
5481
5482
5483
5484
5485
5486
5487
5488
5489
5490
5491
5492
5493
5494
5495
5496
4489
5498
5499
5500
5501
2225
5503
5504
5505
5506
5507
5512
606
5508
5511
5516
2384
2386
4795
4837
1481
5510
1368
5520
5521
5522
5523
5524
5525
5526
5527
2397
5529
5530
4741
5532
5533
5534
5535
5536
5537
5416
5539
2244
2245
695
2238
552
2575
1523
5545
5548
5549
5550
5551
5552
5540
1658
5547
1659
5557
5558
5559
5560
5561
5562
5563
5564
5565
5566
5567
5568
5569
5570
5571
5572
5573
5574
5575
5576
5577
5578
5579
5580
5581
5582
5583
5584
5585
1664
5587
5588
5589
5590
5591
5592
5592
5594
5595
5596
5597
5593
1649
5598
1648
5598
5598
5604
5605
5606
5607
5608
5609
5610
5611
5612
5613
5614
5615
5616
5617
5618
5619
5620
5621
5622
5623
5624
5625
5626
5627
5628
5629
5630
5631
5632
5633
5634
5635
5636
5637
5638
5639
5640
5641
5642
5643
5644
5645
5646
5647
5648
5649
5650
5651
5652
5653
5654
5655
5656
5657
5658
5659
5660
5661
5662
5663
5664
5665
5666
5667
5668
5669
5670
5671
5672
5673
5674
5675
5676
5677
5678
5679
5680
5681
5682
5683
5684
5685
5686
5687
5688
5689
5690
5691
5692
5693
5694
5695
5696
5697
5698
5699
5700
5701
5702
5703
5704
5705
5706
5707
5708
5453
5599
5711
1668
1668
5710
5603
5712
5717
5718
5718
6161
4885
6150
5722
4848
2242
4901
4904
5726
4974
5729
1528
5732
5733
6113
5735
5736
5737
5738
5739
5740
5741
5742
5743
5744
5745
4940
4941
5728
1687
5730
5751
5752
5753
5754
5755
5756
5757
5758
5759
5760
5761
5762
5763
5764
5765
5766
5767
5768
5769
5770
5771
5772
5773
5774
5775
5776
5777
5778
5779
5780
5781
5782
5783
5784
5785
5786
5787
5788
5789
5790
5791
5792
5793
5794
5795
5796
5797
5798
5799
5800
5801
5802
5803
5804
5805
5806
5807
5808
5809
5810
5811
5812
5813
5814
5815
5816
5817
5818
5819
5820
5821
5822
5823
5824
5825
5826
5827
5828
5829
5830
5831
5832
5833
5834
5835
5836
5837
5838
5839
5840
5841
5842
5843
5844
5845
5846
5847
5848
5849
5850
5851
5852
5853
5854
5855
5856
5857
5858
5859
5860
5861
5862
5863
5864
5865
5866
5867
5868
5869
5870
5871
5872
5873
5874
5875
5876
5877
5878
5879
4712
1602
5882
5883
5884
5885
5886
5887
5888
5889
5890
5891
5892
5893
5894
5895
5896
5897
5898
5899
5900
5901
5902
5903
5904
5905
5906
5907
5908
5909
5910
5911
5912
5913
5914
5915
5916
5917
5918
5919
5920
5921
5922
5923
5924
5925
5926
5927
5928
5929
5930
5931
5932
5933
5934
5935
5936
5937
5938
5939
5940
5941
5942
5943
5944
5945
5946
5947
5948
5949
5950
5951
5952
5953
5954
5955
5956
5957
5958
5959
5960
5961
5962
5963
5964
5965
5966
5967
5968
5969
5970
5971
5972
5973
5974
5975
5976
5977
5978
5979
5980
5981
5982
5983
5984
5985
5986
5987
5988
5989
5990
5991
5992
5993
5994
5995
5996
5997
5998
5999
6000
6001
6002
6003
1779
5999
6006
6007
6008
6009
6010
6011
6012
6013
6014
6015
6016
6017
6018
6019
4748
6021
6022
6023
6024
6025
6026
6027
6028
6029
6030
6031
6032
6033
6034
6035
6036
6037
6038
6039
6040
6041
6042
6043
6044
6045
6046
6047
6048
6049
6050
6051
6052
6053
6054
6055
6056
6057
6058
6059
6060
6061
6062
6063
6064
6065
6066
6067
6068
6069
6070
6071
6072
6073
6074
6075
6076
6077
6078
6079
6080
6081
6082
6083
6084
6085
6086
6087
6088
6089
6090
6091
6092
6093
6094
6095
6096
6097
6098
6099
6100
6101
6102
6103
6104
6105
6106
6107
6108
6109
6110
6111
6112
6113
6114
6115
6116
6117
2253
6119
6120
6121
1378
5714
5714
6125
5448
6127
1639
5418
6130
4743
6132
6133
6134
6135
6136
6137
1442
6139
1619
698
6142
6143
6144
6145
6146
2542
5344
6149
2244
6151
6152
6153
6154
6155
6156
6157
6158
6159
802
2244
6162
6163
6164
6165
6166
6167
6168
6169
6170
6171
6172
6173
6174
6175
6176
6177
6178
6179
6180
6181
1533
992
984
1524
6186
6187
6188
6189
6190
6191
1530
6193
6194
6195
6196
6238
6198
6199
6200
6201
6202
6203
6238
6205
1527
6207
3187
6254
6210
6240
6240
6213
6214
6215
6216
6217
6218
6219
6220
6221
6222
6223
6224
6225
6226
6227
6228
6229
6230
6231
6232
6233
6234
6216
6215
6237
6238
6239
6240
6241
6242
6243
6244
6245
6246
6247
6248
6249
6250
4986
6252
6251
6254
6234
6256
6257
6258
6259
6260
6261
6262
6263
6264
6265
6266
6267
6268
6269
6270
6271
6272
6273
6274
6275
6276
6277
6278
6279
6280
6281
6282
6283
6284
6285
6286
6287
6288
6272
6271
6269
