46
91
92
96
100
170
107
897
134
53
60
68
132
51
14
15
80
81
73
129
89
47
1822
2155
3017
368
26
170
2150
2955
8
9
59
66
137
150
146
145
43
917
164
154
42
1813
45
162
37
45
152
41
48
39
153
56
56
16
165
16
55
60
81
83
64
68
75
67
67
138
12
71
69
76
72
74
131
74
13
128
70
78
15
79
79
75
1
46
1
88
90
22
93
90
23
2155
97
94
3017
922
1972
100
1972
3018
25
1811
170
1814
362
1811
2150
2150
897
362
156
3557
134
163
133
119
54
40
55
58
59
64
61
65
0
0
130
34
139
34
137
40
40
36
146
36
135
140
144
1968
1968
917
142
3
99
95
5
148
38
170
3005
3005
3005
163
149
157
158
42
1969
138
2
149
35
158
42
42
167
915
915
171
172
530
2389
545
322
2369
2370
4711
289
181
1435
183
184
242
243
252
233
237
190
256
192
2389
1473
196
545
314
275
2372
2369
602
1430
1433
204
205
335
207
2193
321
314
304
212
213
214
215
216
217
2194
219
323
221
222
223
226
187
228
180
230
188
233
1592
232
189
4726
4724
4732
237
238
239
242
240
242
190
244
244
246
248
299
251
251
253
253
245
245
255
172
255
258
530
530
2389
530
2389
2389
2389
1473
2217
272
196
2217
196
545
196
4819
178
2372
4819
322
2369
2369
2369
2369
1600
1600
4713
1600
5259
287
202
5254
4720
4722
2362
4727
295
296
297
298
301
205
302
302
303
287
4711
306
307
306
208
310
311
2223
315
314
2223
2195
2195
318
334
319
206
284
325
324
325
5255
1601
241
329
186
315
332
530
4714
211
250
329
209
339
321
320
1784
1783
3668
345
346
347
348
3775
862
105
47
1977
89
46
356
2883
1810
1802
3003
3037
103
3042
1818
3029
2156
367
368
2798
2798
2844
2798
3572
2798
2797
2796
821
2798
2018
2841
3574
3803
2844
2844
170
26
387
388
389
390
391
392
393
394
395
396
397
398
399
400
401
1897
1901
2066
405
406
407
408
409
410
411
1933
413
1938
1935
3244
417
418
419
420
111
2913
423
424
425
3011
2991
1986
430
942
431
432
433
434
435
436
437
438
439
2844
2798
2844
2796
3072
3090
446
447
448
449
450
451
2029
453
454
2031
456
457
458
459
460
461
462
463
464
465
466
467
468
469
470
471
472
473
2095
3283
3282
2107
478
479
480
2108
482
483
484
485
486
487
488
489
490
491
492
493
494
495
496
2129
498
499
500
3592
1959
503
2903
873
2147
506
2770
3811
3813
2160
2820
513
514
515
375
3788
1325
2180
4499
521
522
523
4691
2190
2188
2374
1619
192
256
172
1436
1454
534
535
536
4794
2203
2372
4774
2213
4835
267
263
545
2247
2247
623
2246
2401
2247
4948
4947
2250
2247
4959
6124
6116
6118
622
2429
275
563
564
565
566
567
568
569
2322
571
572
573
574
575
576
577
578
579
580
581
582
583
584
585
2323
587
588
589
2331
591
592
593
594
595
596
597
598
599
600
2368
1451
603
604
605
2396
4891
4876
4480
610
5644
612
613
614
615
616
617
556
2248
2247
6124
4933
4957
2432
625
626
627
628
629
630
631
632
633
634
635
636
637
638
639
640
641
642
643
644
645
646
647
648
649
650
651
652
653
654
655
656
657
658
659
660
6004
662
663
664
665
666
667
668
669
670
671
672
673
674
2538
4563
677
6147
4564
4706
1429
4766
4674
1410
4620
2551
4619
5519
5399
689
5397
692
693
1685
2427
2579
2146
2589
175
700
701
702
703
704
705
706
707
708
709
710
711
712
713
714
715
716
717
718
719
720
721
722
723
724
725
726
727
728
729
730
731
732
733
734
735
736
737
738
739
740
741
742
743
744
745
746
747
748
752
751
2678
2680
3963
3962
3701
755
749
342
2692
760
761
762
763
2714
2699
766
3641
3667
769
770
771
3643
773
774
4527
776
777
2725
2723
2864
3470
782
783
2729
785
786
750
758
789
790
791
792
793
794
795
2754
2756
798
799
800
801
2796
3815
3768
4395
2782
3767
2583
3375
2819
2582
2783
2790
2788
3819
3766
817
1847
2850
2794
3655
3654
3646
3648
2585
2816
827
828
2809
830
2141
2823
2827
834
3576
2829
2832
2833
972
4375
2837
3169
3574
2798
845
3173
3116
2855
849
2876
2136
2862
853
2868
855
856
857
874
3451
3442
3450
859
863
2885
865
866
867
868
869
870
2910
3616
3481
875
900
3482
1960
9
59
59
9
66
66
1799
1799
2940
1977
1975
910
1982
2952
6
2953
65
54
156
897
2955
2150
1074
1082
881
903
904
905
2985
2989
2995
1808
1976
3447
2936
890
169
169
39
39
918
2987
3008
1822
3017
2155
8
3024
3761
3753
3772
3032
2977
3038
932
976
2844
3052
3124
3423
3054
3066
3058
939
1852
3071
382
3074
3063
2798
430
430
430
3078
3078
3076
3063
3074
3125
3099
3125
2844
3415
4405
3103
953
4373
3100
3570
3416
3074
3416
3063
952
951
975
975
3182
3185
2841
3181
960
4405
3193
3153
3790
2175
985
986
3960
4377
3195
982
978
802
993
994
995
996
997
998
999
1000
1001
1002
1003
1004
1005
1006
1007
1008
1009
1010
1011
1012
1013
1014
3243
1016
1017
1018
1019
1020
1021
1022
1023
1024
1025
1026
1027
1028
3334
3301
1031
1032
1033
1034
1035
1036
1037
3361
3428
3430
3363
3367
3535
3459
3809
3373
3765
3378
3380
3383
1051
3400
1053
1794
3431
5175
3404
3406
3408
3412
3411
3416
3417
6204
3457
1067
2879
66
3448
2939
3453
3455
60
3477
3487
3479
3498
59
902
1080
3497
3497
9
2962
908
1086
1087
1088
1089
1090
1091
1092
1093
1094
1095
1096
1097
4269
3552
1100
3575
3782
3800
3578
2773
3583
4383
1108
1109
1110
1111
1112
3618
1114
1115
1116
3635
3639
4382
1120
3657
3688
3734
1124
1125
1126
1127
4380
3845
3705
1131
1132
1133
1134
3758
3779
3798
6212
1139
1140
1141
1142
3835
3834
1145
1146
1840
1148
1149
1150
1151
1152
1153
1154
1155
1156
1157
1158
1159
1160
1161
1162
1163
3161
976
3969
1167
1849
1169
1170
1171
1172
1173
1174
1175
1176
1177
1178
1179
1180
1181
1182
1183
1184
1185
1186
1187
1188
1189
1190
1191
1192
1193
1194
1195
1196
1197
1198
1199
1200
1201
1202
1203
1204
1205
1206
1207
1208
1209
1210
1211
1212
1213
1214
1215
1216
1217
1218
1219
1220
1221
1222
1223
1224
1225
1226
1227
1228
1229
1230
1231
1232
1233
1234
1235
1236
1237
1238
1239
1240
1241
1242
1243
1244
1245
1246
1247
1248
1249
1250
1251
1252
1253
1254
1255
1256
1257
1258
1259
1260
1261
1262
1263
2096
1265
1266
4271
1268
1269
1270
1271
1272
1273
4476
1275
4473
1277
1278
1279
1280
1281
1282
4424
5615
5606
5641
1287
1288
5629
4432
4433
5487
1293
1294
1295
1296
1297
1298
1299
1300
4556
4446
1303
1304
1305
1306
1307
1308
1309
1310
1311
1312
1313
1314
4475
5492
4478
757
4482
4495
2736
4487
5497
756
788
784
1327
1328
4826
5482
1331
1332
1333
1334
4515
5437
1337
1338
1339
1340
1341
1342
5194
4529
4531
5297
4536
5493
4540
5429
4546
4548
5704
5703
5304
4554
1357
1358
1359
5384
5388
6123
1363
1364
5558
4578
5537
2778
2777
4632
5156
1372
1373
1374
4594
5464
4651
4596
4642
559
2780
2800
1383
5395
4609
4612
4615
4624
3388
1390
5416
5538
4640
4638
4652
4911
4869
4948
4646
4648
1408
4673
4657
4660
4662
5151
1407
1408
5223
5236
5267
5270
5200
4678
1415
1416
4683
4686
4827
5467
1421
4708
5354
5345
2543
5226
5228
1401
1403
1595
1595
1596
5239
5206
1463
192
4744
4739
191
2394
1441
681
5352
1435
289
602
2372
2369
2370
4759
5324
5265
4780
2209
4783
4788
2385
195
1459
1460
2392
1589
1588
1464
210
321
321
2562
4807
2220
221
314
2389
196
1473
602
1477
1478
4842
4795
1481
4773
6149
2429
4850
1486
4857
4871
5186
4860
1491
4861
6151
1062
618
4888
4891
4889
6120
4896
4893
1062
4873
4898
2429
1060
4897
4900
4917
1062
6151
4935
6121
4966
4966
4930
4965
6124
1506
1060
5181
1511
5545
2575
4969
4980
5731
1689
3192
3189
1531
4982
4597
1534
1535
1536
1537
1538
1539
1540
1541
1542
1543
1544
1545
1546
1547
1548
1549
1550
1551
1552
1553
1554
1555
1556
1557
1558
1559
1560
1561
1562
1563
1564
1565
1566
1567
1568
1569
1570
1571
1572
1573
1574
5143
5145
5148
5196
5154
1580
5170
5172
5178
5192
5195
5199
204
5215
5214
5222
1591
181
1450
1594
5238
1593
1433
2544
1599
1451
1451
1430
5321
5271
1605
1606
1607
1608
1609
1610
1611
1612
1613
1614
5328
1616
6024
5314
2374
1620
1389
6125
4605
5336
5559
4599
694
1628
1629
1630
1631
1632
680
1634
1635
1636
5401
5568
1639
1640
1641
1642
5427
5718
5434
5444
5470
1648
5453
5462
5472
1652
1653
1654
1655
5531
5551
1497
5555
1660
1661
1662
1663
5586
5699
5583
1667
1378
5607
5609
1671
1672
5626
5662
5639
1676
1677
1678
1679
1680
1681
1682
1683
1684
1400
6149
5749
1688
1532
1690
1691
1692
1693
1694
1695
1696
1697
1698
1699
1700
1701
1702
1703
1704
1705
1706
1707
1708
1709
1710
1711
1712
1713
1714
1715
1716
1717
1718
1719
1720
1721
1722
1723
1724
1725
1726
1727
1728
1729
1730
1731
1732
1733
1734
1735
1736
1737
1738
1739
1740
1741
1742
1743
1744
1745
1746
1747
1748
1749
1750
1751
1752
1753
1754
1755
1756
1757
1758
1759
1760
1761
1762
1763
1764
1765
1766
1767
1768
1769
1770
1771
1772
1773
1774
1775
1776
1777
1778
6000
1780
344
1781
344
3670
1785
1786
1787
1788
1789
1790
1791
1793
3505
3439
1792
3773
45
88
1
46
45
1803
3201
1803
357
1807
3757
360
1806
361
5
5
169
104
103
1819
1816
365
3043
2153
2153
2155
1820
366
2798
2798
2798
2798
2798
2798
2798
2798
3572
2798
2798
2798
2798
2798
2796
2797
2796
2798
3788
2796
3088
3088
2841
3089
444
4379
4379
3803
4379
3574
2798
2798
2798
2844
1859
1860
1861
1862
1863
1864
1865
1866
1867
1868
1869
1870
1871
1872
1873
1874
1875
1876
1877
1878
1879
1880
1881
1882
1883
1884
1885
1886
1887
1888
1889
1890
1891
1892
1893
474
1896
1014
1894
1900
1898
2094
1900
1902
1903
1904
1905
1906
1907
1905
1909
1910
1911
1912
1913
1914
1915
1916
1917
1918
1919
1920
1921
1922
1923
1924
1925
1926
1927
1928
1929
414
1930
3352
414
1936
416
3242
1015
415
1939
1940
1941
1942
1943
1944
1945
4129
58
3498
4129
59
1953
1952
2019
3022
3020
3497
3022
6
1962
1961
3494
1955
421
1964
1965
1966
1967
1969
3743
143
1968
1972
1974
3019
367
1974
22
1823
22
3774
2943
886
1981
3756
357
357
1805
3073
1854
381
3064
1992
1993
1994
1995
1996
1997
1998
1999
2000
2001
2002
2003
2004
2005
2006
2007
2008
2009
2798
2798
2798
2844
2841
2798
3072
3072
3086
2019
2020
3668
2022
2023
2024
2025
2026
2027
2026
2029
2030
2031
2030
2033
2034
2035
2036
2037
2038
2039
2040
2041
2042
2043
2044
2045
2046
2047
2048
2049
2050
2051
2052
2053
2054
2055
2056
2057
2058
2059
2060
2061
2062
2063
2064
2065
2066
2067
2068
2069
2070
2071
2072
2073
2074
2075
2076
2077
2078
2079
2080
2081
2082
2083
2084
2085
2086
2087
2091
2089
2087
2091
2092
2093
2051
455
2096
2099
475
3281
2097
2101
2102
2103
477
2090
2106
472
1896
1895
2110
2111
2112
2113
2114
2115
2116
2117
3323
2119
2120
2121
2122
2123
2124
2125
2126
2127
2128
2129
2130
2131
2132
2133
2134
2135
504
2901
2136
504
2903
2147
2147
506
2147
2148
2148
510
3813
897
897
2150
897
2154
3009
922
920
2159
2159
2821
513
2161
2162
2163
2164
2165
2165
2167
2168
3155
1842
3958
369
983
3790
983
983
4498
4498
2180
4500
2181
2182
2183
2184
2187
2186
5484
2191
2188
1477
5274
1582
216
255
172
216
258
2198
2198
2200
2201
2206
537
2204
2205
4791
178
280
321
178
2372
2215
540
2212
4833
265
1473
1473
265
261
315
272
2223
314
331
2247
2247
2247
2247
2429
2246
2246
4886
2429
2247
2247
2247
2259
2259
5716
618
5716
6124
1685
2250
4932
4932
1512
4931
556
1490
6117
4870
4859
4861
2246
2429
2247
2247
2263
2261
2262
2263
2264
2265
2266
2267
2268
2271
2270
5028
2272
2273
2274
2275
2276
2277
2278
2279
2280
2281
2282
2283
2284
2285
2286
2287
2288
2289
2290
2291
2292
2293
2294
2295
2296
2297
2298
2299
2300
2301
2302
2303
2304
2305
2306
2307
2308
2309
2310
2311
2312
2313
2314
2315
2316
2317
2318
2319
2320
2319
2322
2324
2324
2325
2329
2327
2328
2330
2330
2331
2332
2333
2334
2335
2336
2337
2338
2339
2340
2341
2342
2343
2344
2345
2346
2347
2348
2349
2350
2351
2352
2353
2354
2355
2356
2357
2358
2359
2360
5240
5237
1593
5240
5238
520
520
520
2376
2376
2374
2374
1451
5322
5322
5321
4710
5324
2381
604
2381
2382
265
195
1656
261
260
260
530
1441
2391
2391
2390
4802
2199
2396
2395
4891
4940
4844
4886
2405
2403
611
6114
2406
2407
2408
2409
2410
2411
2412
2413
2414
2415
2416
2417
2418
2419
2247
2248
2247
2247
6124
6124
6124
6124
2247
4931
1513
4934
2366
2179
2367
2435
2436
2437
2438
2439
2440
2441
2442
2443
2444
2445
2446
2447
2448
2449
2450
2451
2452
2453
6157
2455
2456
2457
2458
2459
2460
2461
2462
2463
2464
2465
2466
2467
2468
2469
2470
2471
2472
2473
2474
2475
2476
2477
2478
2479
2480
2481
2482
2483
2484
2485
2486
2487
2488
2489
2490
2491
2492
2493
2494
2495
2496
2497
2498
2499
2500
2501
2502
2503
2504
2505
2506
2507
2508
2509
2510
2511
2512
2513
2514
2515
2516
2517
2518
2519
2520
2521
2522
2523
2524
2525
2526
2527
2528
2529
2530
2531
2532
2533
2534
4566
2537
4566
677
676
676
4564
4563
6137
6137
1410
6137
4674
4619
685
2551
4619
4620
2554
5519
2369
2369
2370
2377
1473
2217
2217
267
2566
689
2566
5396
2567
2568
2569
2570
4974
4974
4597
1378
2241
4570
2578
1398
2552
688
2549
2148
509
2145
2145
2146
687
2587
2589
2590
2591
2592
2593
2594
2595
2596
2597
2598
2599
2600
2601
2602
2603
2604
2605
2606
2607
2608
2609
2610
2611
2612
2613
2614
2615
2616
2617
2618
2619
2620
2621
2622
2623
2624
2625
2626
2627
2628
2629
2630
2631
2632
2633
2634
2635
2636
2637
2638
2639
2640
2641
2642
2643
2644
2645
2646
2647
2648
2649
2650
2651
2652
2653
2654
2655
2656
2657
2658
2659
2660
2661
2662
2663
2664
2665
2666
2667
2668
2669
2670
2671
2675
2675
751
2677
752
2679
2679
3963
754
3700
3700
3701
2682
2676
2688
342
3738
751
1781
2690
343
2693
2694
2695
2696
2697
2702
764
2698
767
2712
2703
2704
2705
2706
3665
2708
2709
2710
2711
2713
2713
773
2715
2716
2717
2718
2719
2720
2724
2721
780
3484
781
2728
2727
3989
759
2726
2731
2732
2733
2734
2686
2674
2689
2687
2690
2691
2741
789
2743
2744
2745
2746
2747
2748
2749
2750
2751
2752
2753
729
2755
2756
2757
2758
2759
2760
2761
2762
2763
2796
2796
2796
2796
2769
3814
2769
3816
3769
807
2784
804
4395
2583
3762
2819
697
2583
2784
2783
3767
2782
816
2786
2789
816
816
2791
818
4376
819
2795
2797
3653
822
2797
2815
831
2815
2586
2813
2805
2806
2807
2808
2809
2810
2811
2812
2584
2142
506
2584
2585
2582
509
829
2845
2810
2823
2824
2825
2828
2827
3571
835
2826
2831
2832
2831
2834
2835
3145
4375
3145
839
971
3572
3572
2798
822
2846
2846
2847
3172
2851
846
3141
3148
3120
840
3117
505
2905
2858
2859
2863
2860
3471
2863
854
2865
2866
2867
2868
2872
2869
2902
2900
2873
2874
2136
723
3449
3449
3450
2878
3451
2886
863
2882
865
2886
2887
2888
2889
2890
2891
2892
2893
2894
3614
2896
2897
2898
2899
2903
3480
2959
3481
2901
1079
3482
2909
1960
3590
501
2907
133
156
133
54
40
55
57
59
55
58
59
9
64
61
65
64
61
66
61
0
0
46
67
1798
1798
1977
1798
1798
1977
1799
1978
2942
887
1799
887
61
3446
3447
351
2950
2149
105
897
897
2150
362
3465
3467
3465
3444
3492
3489
2965
1948
2966
2967
2968
2969
2970
2971
2972
2973
3747
2979
906
907
2975
3041
2980
2981
154
2983
2986
905
2986
2987
2984
2988
2989
919
2994
2992
1983
913
3755
427
2996
352
352
352
1980
1984
1982
41
39
154
2987
3009
3008
918
154
170
42
1811
1814
3017
3018
3010
3022
3022
163
3025
926
3760
927
3023
3032
929
3028
3031
869
3030
3034
2978
3035
930
358
1809
1804
2973
932
3044
929
843
843
2844
976
2798
2798
3053
936
3422
937
3051
3057
3065
935
3057
3066
4370
3069
3062
4371
3067
943
3122
3802
3070
3802
966
381
1851
3056
940
3059
3060
3061
430
2798
2798
2798
2798
1854
1854
430
843
3072
843
430
430
430
3078
1991
3077
3077
3063
3077
3074
3125
3099
955
3127
3125
2842
2798
3786
2841
3179
980
3181
3181
980
953
3103
953
3099
957
4374
3102
3101
3123
3569
3124
945
945
945
945
3074
945
3416
3077
3063
3077
945
3076
3413
430
430
430
3094
3094
3091
3093
4373
4373
3096
3102
3102
3100
3176
3078
3176
2798
2798
2798
2798
2798
2798
2798
2844
3175
946
3176
973
3077
3078
4374
952
1991
3097
3170
1849
3176
975
3182
976
3180
3180
3183
3077
3182
3183
3184
3185
1829
3960
371
3110
961
3190
3110
3183
3193
985
3163
3165
974
2174
2174
3036
364
3203
3204
3205
3206
3207
3208
3209
3210
3211
3212
3213
3214
3215
3216
3217
3218
3219
3220
3221
3222
3223
3224
3225
3226
3227
3228
3229
3230
2032
3231
3233
3234
3235
3236
3237
3238
3239
3241
3241
1899
1901
402
412
3245
3247
3248
3249
3250
3251
3252
3253
3254
3255
3256
3257
3258
3259
3260
3261
3264
3263
3264
3265
3266
3267
3268
3269
3270
3271
3272
3273
3274
3275
3276
3277
3278
3279
3280
3283
3282
1264
3283
3285
3286
3287
3288
3289
3290
3291
1015
3283
3294
3295
3296
3297
3298
3299
3303
1029
3303
1908
3304
3305
3306
3307
3308
3309
3310
3311
3312
3313
3314
3315
3316
3317
3318
3319
3320
3321
3322
3323
3324
3325
3326
3328
3328
3329
3331
3331
3332
1908
481
3335
3336
3337
3338
3339
3340
3341
3342
3343
3344
3345
3346
3347
3348
3349
3350
3351
3353
4260
3354
3355
3356
3302
1030
3359
3362
1039
3427
1040
3360
3368
3365
1043
3546
2861
852
3369
3763
1045
1045
3763
3377
3764
1047
3378
813
2787
3381
814
2586
2818
3660
1103
3387
3390
3809
3389
3393
3770
797
3392
1054
3397
1795
1794
3399
3402
3402
3401
1056
3403
864
3405
1057
981
3409
981
3179
945
3413
3076
3075
3055
3417
3417
3075
3420
3422
3423
3194
989
3424
3429
778
3456
1065
3435
3436
3460
3433
3438
2877
861
2878
2881
860
352
2941
2938
3447
0
65
0
85
3443
3000
1070
2028
451
3452
452
3458
1072
3468
858
3463
2871
2961
2958
2960
882
3446
2928
3469
3486
1075
2869
3472
4129
2917
3479
2915
64
61
60
3483
3474
3481
1946
3485
3544
3486
3487
3488
3496
3497
3496
2912
3496
1081
3496
134
156
54
119
1079
2962
3504
908
3508
3504
3502
3776
3509
2946
3510
3511
3512
3513
3514
3515
3516
3517
3518
3519
3520
3521
3522
3523
3524
3525
3526
3527
3528
3529
3530
3533
3531
3534
3371
779
3536
3537
3538
3539
3540
3541
3542
3543
3544
3545
2722
3547
3548
3549
3551
4268
1098
3550
3554
3555
115
3022
3557
3500
3562
2964
1961
3563
3564
3565
3566
3567
3568
1101
3577
3576
3573
3781
1102
3575
3579
3577
3578
805
821
821
3583
4383
3587
3585
3586
3588
3589
3589
3591
892
891
3593
3594
3595
3596
3597
3598
3599
3600
3601
3602
3603
3604
3605
3606
3607
3608
3609
3610
3611
3612
3613
3615
3617
1113
2951
893
3619
3620
3621
3622
3623
3624
3625
3626
3627
3628
3629
3630
3631
3632
3633
3634
512
2158
3638
2822
830
2824
3642
4381
1119
3644
3645
4393
3801
4393
3649
3650
3651
3652
2833
837
838
1119
3659
3656
1119
3800
3661
3662
3687
3664
3666
4384
1123
3669
3963
3669
3671
3672
3673
3674
3675
3676
3677
3678
3679
3680
3681
3682
3683
3684
2672
2673
3690
1128
1121
3657
3691
1129
3952
3694
3695
3696
3697
3698
3699
3702
1130
3703
3704
3961
820
3706
3707
3708
3709
3710
3711
3712
3713
3714
3715
3716
3717
3718
3716
3720
3721
3722
3723
5483
3725
3726
3727
3728
3729
3730
3731
3732
3733
3734
3735
3736
3737
753
842
2839
3742
2849
3744
3744
3745
3745
3746
841
2854
3754
428
3750
1058
3771
427
1975
2998
359
3040
3407
1059
509
3810
3765
3770
1132
2825
832
3768
3770
2884
3752
3759
2943
931
3039
909
812
2785
3778
3780
1136
3789
3789
3789
3572
3572
3790
1138
1138
2774
2772
3791
3793
3794
3798
3798
3799
6212
2776
2144
3577
1104
3804
3805
2759
3806
3808
815
3812
3812
3819
3637
1118
3640
832
3719
3817
3818
3820
3821
3822
3823
3824
3825
3826
3827
3828
3829
3848
3831
3833
3833
3834
3835
3838
3836
3843
3839
3840
3841
3580
3582
2799
377
2796
2796
3851
3849
712
3851
3852
3853
3854
3855
3856
3857
3858
3859
3860
3861
3862
3863
3864
3865
3866
3867
3868
3869
3870
3871
3872
3873
3874
3875
3876
3877
3878
3879
3880
3881
3882
3883
3884
3885
3886
3887
3888
3889
3890
3891
3892
3893
3894
3895
3896
3897
3898
3899
3900
3901
3902
3903
3904
3905
3906
3907
3908
3909
3910
3911
3912
3913
3914
3915
3916
3917
3918
3919
3920
3921
3922
3923
3924
3925
3926
3927
3928
3929
3930
3931
3932
3933
3934
3935
3936
3937
3938
3939
3940
3941
3942
3943
3941
3945
3946
3947
3948
3949
3950
3951
818
380
3954
1855
440
375
2842
2798
1858
3961
3962
3963
3072
430
843
2844
843
976
3797
3796
976
3045
3173
3972
3976
3977
3978
3979
3980
3981
3982
3983
3984
3985
3986
3987
3988
3989
3176
3176
3176
3177
3991
3094
3996
3997
3998
3999
4000
4001
4002
4003
4004
4005
4006
4007
4008
4009
4010
4011
4012
4013
4014
4016
4273
4017
4015
4019
4020
4021
4022
4023
4024
4025
4026
4027
4028
4029
4030
4031
4032
4033
4034
4035
4036
4037
4038
4039
4040
4041
4042
4043
4044
4045
4046
4047
4048
4049
4050
4051
4052
4053
4054
4055
4056
4057
4058
4059
4060
4061
4062
4063
4064
4065
4066
4067
4068
4069
4070
4071
4072
4073
4074
4075
4076
4077
4078
4079
4080
4081
4082
4083
4084
4085
4086
4087
4088
4089
4090
4091
4092
4093
4094
4095
4096
4097
4098
4099
4100
4101
4102
4103
4104
4105
4106
4107
4108
4109
4110
4111
4112
4113
4114
4115
4116
4117
4118
4119
4120
4121
4122
4123
4124
4125
4126
4127
4128
55
58
4131
4132
4133
4134
4135
4136
4137
4138
4139
4140
4141
4142
4143
4144
4145
4146
4147
4148
4149
4150
4151
4152
4153
4154
4155
4156
4157
4158
4159
4160
4161
4162
4163
4164
4165
4166
4167
4168
4169
4170
4171
4172
4173
4174
4175
4176
4177
4178
4179
4180
4181
4182
4183
4184
4185
4186
4187
4188
4189
4190
4191
4192
4193
4194
4195
4196
4197
4198
4199
4200
4201
4202
4203
4204
4205
4206
4207
4208
4209
4210
4211
4212
4213
4214
4215
4216
4217
4218
4219
4220
4221
4222
4223
4224
4225
4226
4227
4228
4229
4230
4231
4232
4233
4234
4235
3283
4237
4238
4238
4240
4239
4242
4243
4244
4245
4246
4247
4248
4249
4250
4251
1264
4253
4254
4255
2109
4256
4257
4258
4259
4261
4262
4263
4264
4265
4266
3446
3454
1071
3553
1099
4270
4079
4274
4018
4275
4277
4278
4279
4280
4281
4282
4283
4284
4285
4286
4287
4288
4289
4290
4291
4292
4293
4294
4295
4296
4297
4298
4299
4300
4301
4302
4303
4304
4305
4306
4307
4308
4309
4310
4311
4312
4313
4314
4315
4316
4317
4318
4319
4320
4321
4322
4323
4324
4325
4326
4327
4328
4329
4330
4331
4332
4333
4334
4335
4336
4337
4338
4339
4340
4341
4342
4343
4344
4345
4346
4347
4348
4349
4350
4351
4352
4353
4354
4355
4356
4357
4358
4359
4360
4361
4362
4363
4364
4365
4366
4367
4368
4369
3068
382
1851
3098
3098
3095
4378
1846
2016
3795
1107
4381
4381
4382
4384
2940
4386
4387
4388
4389
4390
4391
106
2144
3022
2768
4396
4397
4398
4399
4400
4401
2798
430
2798
3077
4410
1274
4406
1276
4476
4411
4412
4413
4414
4415
4416
4417
4418
4419
4423
4420
1284
5620
1285
4425
5642
4427
4428
4429
4434
4430
4430
1292
5629
4435
4436
4437
4438
4439
4440
4441
4442
4443
4444
4445
1301
4447
4448
4449
4450
4451
4452
4453
4454
4455
4456
4457
4458
4459
4460
4461
4462
4463
4464
4465
4466
4467
4468
4469
4470
4471
4472
1316
4475
1316
4476
4431
1289
4477
1290
5446
4491
1321
4541
3685
1320
1319
4489
4496
2681
2685
2683
2684
4542
2735
1325
4542
4544
1326
2740
1329
4502
4829
4828
4504
4506
4507
4508
5459
4510
4514
4511
1336
5436
4515
4516
4517
4518
4519
4520
4521
4522
4523
4524
4525
4526
1341
4532
1343
4528
1346
5308
2730
2729
4533
782
4538
5491
4537
1348
2689
2738
750
2739
624
4549
4545
2434
2433
4551
5702
1354
4550
1353
4555
796
4557
4558
4559
4560
4561
4562
1361
4565
5387
4566
1685
1685
6123
5716
4571
4572
2588
4574
4579
4576
4575
1367
5548
808
2777
2781
3375
4587
1370
4587
6147
4588
4589
4590
4591
4592
4595
1376
5501
1377
4593
4641
5543
5544
5333
2817
811
3384
2802
4606
4607
4608
5394
5394
679
4609
4612
4582
2780
4580
1369
3385
4580
4583
4622
1385
691
2541
2539
679
2830
3386
4627
4630
4631
675
4633
5538
4635
1396
4636
4639
4653
4914
2401
2400
4948
2401
4621
2564
1386
4637
1393
4651
1394
3121
962
2853
4656
4672
1402
4656
4663
1345
4659
1406
5149
4664
4665
4666
4667
1409
1409
4668
5225
4672
4673
1408
4675
5204
5270
526
5202
1412
4681
4682
1416
4681
4685
4686
1419
5504
4689
4690
4694
4693
4707
5348
1424
4696
4697
4698
4668
4670
5227
2546
1401
4674
2547
5323
1403
4707
1429
5323
5258
1595
5256
5257
5258
2364
1596
2364
291
2364
1595
5239
4746
4748
4724
4747
4748
6020
1463
4800
4798
4731
4738
4737
4740
4740
4740
192
191
4743
4739
1439
4745
5207
6131
5231
1588
5231
2377
2377
5351
1619
2369
2372
2369
2369
5203
1413
1586
5226
4704
1428
1428
683
4767
1453
4779
4782
4765
4771
6136
4770
1455
1457
4789
4775
4778
4796
212
210
223
320
1468
4785
4818
1470
4786
2384
2383
2219
4791
4792
4793
1464
1461
5514
2393
5208
5208
4799
4802
4802
4801
223
223
221
1470
4810
2216
268
212
213
319
281
4819
2560
196
2216
5318
2374
1600
4822
4823
4824
4825
4830
1479
4827
541
4841
2214
4832
4834
4797
538
4836
4837
4838
1456
4839
4840
1482
4886
6149
2429
4886
2247
2246
937
3054
3423
4852
4856
4855
4874
5185
1485
1488
4875
4872
4854
4862
4863
4864
4864
1487
4867
1491
607
2399
1494
4873
5184
5183
1493
4942
618
2246
618
2247
4886
623
4891
4886
4934
4957
4957
1499
1499
6119
4890
4892
4893
1494
4896
4896
4918
4918
4918
958
6124
2247
2247
6123
3412
3413
6235
1060
958
4898
3104
3115
956
4909
4915
4916
1390
3416
3416
3416
3416
1062
1494
5184
4873
3413
3414
1500
1500
4895
1512
4956
4938
4933
1504
4910
4897
4899
3104
4895
4925
6151
2250
2250
2247
2247
2247
622
4953
1520
4953
4925
5184
6151
1507
4955
4958
6120
1393
4649
1511
4928
4964
4966
1520
1520
4968
5179
1517
4963
4972
4979
5729
5730
5731
960
3192
4906
4981
1531
5189
1519
4978
4951
5712
5603
4987
4988
4989
4990
4991
4992
4993
4994
4995
4996
4997
4998
4999
5000
5001
5002
5003
5004
5005
5006
5007
5008
5009
5010
5011
5012
5013
5014
5015
5016
5017
5018
5019
5020
5021
5022
5023
5024
5025
5026
5027
5028
5029
5030
5031
5032
5033
5034
5035
5036
5037
5038
5039
5040
5041
5042
5043
5044
5045
5046
5047
5048
5049
5050
5051
5052
5053
5054
5055
5056
5057
5058
5059
5060
5061
5062
5063
5064
5065
5066
5067
5068
5069
5070
5071
5072
5073
5074
5075
5076
5077
5078
5079
5080
5081
5082
5083
5084
5085
5086
5087
5088
5089
5090
5091
5092
5093
5094
5095
5096
5097
5098
5099
5100
5101
5102
5103
5104
5105
5106
5107
5108
5109
5110
5111
5112
5113
5114
5116
5116
5117
5118
5119
5120
5121
5122
5122
5124
5125
5126
5127
5128
5129
5130
5131
5132
5133
5134
5135
5136
5137
5138
5139
5140
5141
3364
1041
5142
1038
3366
5146
1042
5150
5296
1578
3372
5152
3373
1048
1049
1048
5158
3382
1050
811
3386
823
3391
5165
5166
5167
5168
3397
1052
5169
1053
4683
5173
1416
5174
5176
1417
3410
3412
1061
3413
3416
3414
938
1063
3421
833
3426
5190
5144
1575
5191
1576
5171
1581
5196
5171
1582
2192
5198
526
5200
2189
5208
5215
1589
5213
5212
298
4729
4798
1411
5268
4680
5218
1590
6021
5219
5193
5220
1584
5197
5223
5197
5201
5201
1585
1414
4760
5229
5221
1344
5234
5224
5236
4763
1452
5230
1598
4724
181
296
4699
2543
4702
5244
4530
5248
5250
5251
5252
5256
5256
1451
5265
1451
1603
1603
5259
5254
202
602
2547
2547
1604
5271
5266
1604
525
525
5272
5272
5274
5275
5276
5277
5278
5279
5280
5281
5282
5283
5284
5285
5286
5287
5288
5289
5290
5291
5292
5293
3532
5294
5295
1577
5299
5745
5298
5301
5303
5597
1615
5711
5306
5307
5147
5309
5310
5311
5313
6023
1617
5312
5316
5317
2376
1600
1600
4656
4655
4657
4658
5325
5329
5326
1620
5486
4629
1389
5330
6118
2252
5334
1621
5421
5339
5332
5163
2239
4600
553
2243
5346
5346
1337
5345
5349
5350
4710
681
4710
4657
5355
5356
5357
5358
5359
5360
5361
5362
5363
5364
5365
5366
5367
5368
5369
5370
5371
5372
5373
5374
4707
680
4706
4709
5353
5380
5381
5382
5383
1418
5386
4687
4690
5388
5389
5390
1330
5385
5393
4565
1360
5398
1637
5570
1638
4626
1388
5402
5403
5404
5405
5406
826
4603
2804
5413
5410
1340
6130
5335
5333
5334
5417
5418
5419
5417
823
5411
1642
5424
1349
5426
1335
5428
519
2178
5430
5433
5431
1644
5432
5436
1646
5442
4752
1443
528
5443
1633
1647
539
2673
5447
5448
5449
5450
5452
5717
1375
5451
5456
5466
5457
5458
5457
4490
5460
1324
5461
1650
5463
5468
1651
5471
5379
4768
4769
682
5473
5474
5475
5476
5573
5478
5479
5480
5481
1419
4697
5484
5485
4539
1315
5488
5489
5490
5494
5492
1643
5495
5495
5496
4497
5500
5498
4654
5499
331
313
5505
5506
4772
848
5508
606
5510
5511
5512
1656
2392
1440
5516
5517
5177
5153
1579
5521
5522
5523
678
1366
4625
5527
4684
5529
5530
2391
5532
5533
5534
5535
5539
5537
1622
5552
2249
4886
5722
2401
2398
1658
5547
5554
5549
5338
5337
1625
5560
4883
1497
1516
4970
5407
1387
1509
4868
5561
5562
5563
5564
5565
5566
5567
5568
5569
5570
5572
5572
5574
5574
5575
5576
5577
5578
5579
5580
5581
5582
5583
5584
5587
1665
5705
5585
5591
5589
5591
5454
1649
1645
5594
5595
5596
2571
4597
2572
5601
5714
5714
5588
5604
1664
1356
4553
5611
5608
5327
1291
5613
5614
1666
5616
5617
5618
5619
5590
5621
5622
5623
5612
5624
1670
5627
5628
4474
4474
5631
5631
5633
5634
5635
5636
5638
6115
1674
5637
1283
4421
5646
1673
5643
5661
5647
5648
5649
5650
5651
5652
5653
5654
5630
5655
5657
5658
5659
5660
5610
1669
5663
5664
5665
5666
5640
1675
5669
5645
5671
5672
5673
5636
1275
5676
5677
5678
5679
5680
5681
5682
5683
5684
5685
5686
5687
5688
5689
5690
5691
5692
5693
5694
5695
5696
5697
5698
5699
5700
5701
5300
601
1614
5706
5706
5707
5708
1528
4596
2434
6122
6122
4650
6123
4960
5465
1322
1323
4889
4888
4886
6149
4886
2429
4886
1687
4929
5730
5750
5751
5732
5733
5734
5735
5736
5737
5738
5739
4557
1347
5742
5743
5744
4535
4895
4925
1511
4954
4984
4984
5752
5753
5754
5755
5756
5757
5758
5759
5760
5761
5762
5763
5764
5765
5766
5767
5768
5769
5770
5772
6027
5773
5774
5775
5776
5777
5778
5779
5780
5781
5782
5783
5784
5785
5786
5787
5788
5789
5790
5791
5792
5793
5794
5795
5796
5797
5798
5799
5800
5801
5802
5803
5804
5805
5806
5807
5808
5809
5810
5811
5812
5813
5814
5815
5816
5817
5818
5819
5820
5821
5822
5823
5824
5825
5826
5827
5828
5829
5830
5831
5832
5833
5834
5835
5836
5837
5838
5839
5840
5841
5842
5843
5844
5845
5846
5847
5848
5849
5850
5851
5852
5853
5854
5855
5856
5857
5858
5859
5860
5861
5862
5863
5864
5865
5866
5867
5868
5869
5870
5871
5872
5873
5874
5875
5876
5877
5878
5879
291
2362
5882
5883
5884
5885
5886
5887
5888
5889
5890
5891
5892
5893
5894
5895
5896
5897
5898
5899
5900
5901
5902
5903
5904
5905
5906
5907
5908
5909
5910
5911
5912
5913
5914
5915
5916
5917
5918
5919
5920
5921
5922
5923
5924
5925
5926
5927
5928
5929
5930
5931
5932
5933
5934
5935
5936
5937
5938
5939
5940
5941
5942
5943
5944
5945
5946
5947
5948
5676
5950
5951
5952
5953
5954
5955
5956
5957
5958
5959
5960
5961
5962
5963
5964
5965
5966
5967
5968
5969
5970
5971
5972
5973
5974
5975
5976
5977
5978
5979
5980
5981
5982
5983
5984
5985
5986
5987
5988
5989
5990
5991
5992
5993
5994
5995
5996
5997
5998
5998
6000
6001
6002
6003
6004
6005
6006
6007
6008
6009
6010
6011
6012
6013
6014
6015
6016
6017
6018
6019
5229
5315
1618
4272
1267
6025
6026
4276
6028
6029
6030
6031
6032
6033
6034
6035
6036
6037
6038
6039
6040
6041
6042
6043
6044
6045
6046
6047
6048
6049
6050
6051
6052
6053
6054
6055
6056
6057
6058
6059
6060
6061
6062
6063
6064
6065
6066
6067
6068
6069
6070
6071
6072
6073
6074
6075
6076
6077
6078
6079
6080
6081
6082
6083
6084
6085
6086
6087
6088
6089
6090
6091
6092
6093
6094
6095
6096
6097
6098
6099
6100
6101
6102
6103
6104
6105
6106
6107
6108
6109
6110
6111
6112
6113
5625
5605
1487
4858
608
1501
1501
4899
1377
4650
4959
2255
6126
6127
6128
1380
6130
5273
6132
6133
6134
4408
312
4667
2377
4617
2374
698
6142
6143
6144
6145
6146
2535
618
1500
2247
5184
6152
6153
6154
6155
6156
5123
6158
6159
2798
2247
6162
6163
6164
6165
6166
6167
6168
6169
6170
6171
6172
6173
6174
6175
6176
6177
6178
6179
6180
6181
4597
802
2175
2575
6186
6187
6188
6189
6190
6191
3189
6193
6194
6195
6196
6197
6198
6199
6200
6201
6202
6203
6197
6205
1689
6207
4377
6209
1525
6211
6211
991
990
6215
6216
6217
6218
6219
6220
6221
6222
6223
6224
6225
6226
6227
6228
6229
6230
6231
6232
1529
6234
6235
3176
6237
6197
3797
6211
6241
6242
6243
6244
6245
6246
6247
6248
6249
6250
6251
6252
5728
6254
6255
6256
6257
6258
6259
6260
6261
6262
6263
6264
6265
6266
6267
6268
6269
6270
6274
6289
6273
6274
6275
6276
6277
6278
6279
6280
6281
6282
6283
6284
6285
6286
6287
6288
6273
6274
6291
