46
91
95
98
102
27
351
2150
3497
53
59
65
135
51
48
72
80
82
73
77
88
84
23
97
24
25
26
385
2950
2952
3558
3499
10
126
139
150
1969
145
43
26
164
2980
42
167
45
147
37
45
152
2982
52
916
152
56
40
56
165
16
57
17
81
64
64
68
75
67
0
161
12
14
71
50
49
131
34
74
13
13
69
70
15
79
19
75
1
47
1
91
90
90
3018
2
24
97
24
96
101
24
101
102
101
101
102
3016
385
2953
2151
1814
2952
2952
899
2149
2955
2955
3557
897
3497
924
3496
40
3498
1083
59
61
62
66
0
85
130
130
3006
34
137
40
896
36
146
140
136
140
144
142
142
26
142
99
4
3
104
1811
1813
170
153
153
2980
3022
149
159
157
42
142
37
95
148
35
158
42
42
167
2981
385
171
172
173
174
175
198
2211
1449
326
227
181
182
183
184
223
330
225
229
189
190
191
192
193
194
195
196
197
562
4750
1447
201
5261
5881
295
205
206
207
208
338
197
335
4781
213
214
215
216
217
218
220
323
4806
219
212
224
225
224
211
226
187
230
231
232
188
234
235
236
237
238
239
241
328
185
186
245
253
246
222
247
250
336
250
187
252
253
255
256
257
258
259
260
261
262
263
264
265
266
267
268
269
270
271
272
273
4815
2207
528
4815
198
2558
2556
4753
1447
178
5319
326
280
287
305
5260
1476
5262
292
1602
235
295
294
297
297
248
300
299
302
303
305
1446
306
307
308
309
310
311
315
312
197
315
316
317
318
176
1466
320
275
325
213
325
4821
334
209
337
321
2221
332
333
322
206
336
339
214
339
341
341
2674
2688
2678
345
2704
347
1791
3775
3506
2953
84
1977
88
46
3710
357
1806
1804
1984
930
351
3042
1816
3029
919
3010
25
375
4402
373
375
1854
1840
2798
1840
2799
4402
3139
959
1851
3070
3786
3786
385
26
2081
387
1867
1888
1868
405
393
394
395
396
1876
3299
3289
400
401
402
403
1904
4198
1912
3255
1921
407
1916
1874
412
413
414
415
416
417
418
419
2019
28
3556
3917
1964
3899
918
2988
428
3079
3063
4368
3887
1994
434
435
3913
437
438
439
1833
375
3786
1840
1991
1991
2742
447
448
449
450
451
452
453
454
455
456
457
458
459
1911
461
462
2075
4217
465
2073
4232
2077
3929
2082
471
472
473
474
3281
476
477
478
3250
4250
481
482
483
484
485
486
3340
3259
2047
3343
4265
492
493
4263
495
2835
497
498
499
500
2910
502
3712
2901
505
2585
2816
4393
3762
2147
3819
3635
2160
514
515
1843
517
1320
4489
2178
521
522
523
524
5271
5204
6138
4752
192
191
2195
171
5470
534
2200
2202
4803
4834
528
540
541
542
2562
2216
196
4642
4642
4869
4642
2251
4642
5333
4599
4598
4642
4883
550
4868
6125
4869
4869
562
563
564
565
566
567
568
569
570
571
572
573
574
575
576
577
578
579
580
581
582
583
584
585
586
587
588
589
590
591
592
593
594
595
596
597
598
599
600
2434
5318
603
604
605
606
4876
4860
609
610
611
612
613
614
615
616
617
2400
4869
4642
4642
2399
608
4549
625
626
627
628
629
630
631
632
633
634
635
636
637
638
639
640
641
642
643
644
645
646
647
648
649
650
651
652
653
654
655
656
657
658
659
660
661
662
663
664
665
666
667
668
669
670
671
672
673
674
675
676
677
678
679
4708
681
5472
683
4702
2552
686
2550
688
5399
690
691
692
693
695
5545
696
2819
698
1469
3236
2591
2665
2667
2599
705
706
707
708
709
710
2610
3850
713
714
715
3882
2620
3727
3568
2622
721
722
723
724
725
726
727
728
729
730
731
732
733
734
735
736
737
738
739
740
741
742
743
744
745
746
2733
2668
2855
2681
3700
2839
2680
3705
957
979
3121
3685
758
760
3625
3031
2696
764
2699
2701
767
3667
2706
770
771
772
773
2717
775
4526
2719
778
779
780
781
2730
2728
2737
785
786
2684
3686
3674
2744
3672
792
793
3540
3541
796
3392
3718
2758
800
801
377
2768
804
3801
806
2772
2778
4583
4582
2780
812
3381
3383
2788
2786
2792
4378
3138
2851
2797
3573
4605
2801
826
4603
827
828
512
3639
825
3816
3423
3422
2829
836
837
838
3133
3136
3136
3133
1850
2844
2847
3139
3137
960
849
850
851
852
853
854
855
856
2140
2871
3451
3450
2878
3502
863
3401
3402
866
3628
2889
869
870
2894
2896
3482
2902
2959
876
3560
118
10
10
2914
126
126
1799
1799
1823
1977
1974
3755
2943
3592
2952
3618
65
54
156
2151
2952
2950
3467
1962
3492
503
2967
2973
2985
906
2995
2994
427
3447
1799
1982
2981
904
903
2983
905
2984
24
23
24
97
3558
925
926
927
3772
3032
2975
3039
3044
3151
1833
3418
3051
938
1063
3056
3420
3074
4370
3065
3068
3416
3076
1840
1991
1991
1991
3076
3076
3416
3076
3416
1062
3416
1062
1832
1060
3413
969
3416
968
3137
3124
1062
3416
3414
3076
970
946
4405
4405
3181
3153
3047
6235
6235
3413
3409
6236
3790
983
3194
3183
3186
3972
3424
3167
6235
2169
993
994
995
996
997
998
999
1000
1001
1002
1003
1004
1005
1006
1007
1008
2592
1010
3233
3235
2085
1014
1015
1865
3608
3607
2040
460
1021
1022
1023
1024
1025
4237
1027
1028
1029
1030
1031
1032
3326
1034
1035
1036
1037
1038
1039
1040
1041
1042
1043
3433
3373
5154
3376
5155
5156
5160
5166
1052
1053
1792
3399
1056
1057
1058
1059
1060
3410
3414
3421
3426
1065
3436
2880
126
3448
2938
1071
1072
59
879
1075
1078
3495
10
1079
1080
155
1955
3499
1960
3503
3512
1087
1088
1089
1090
1091
1092
1093
3539
1095
3567
1097
1098
1099
1100
3571
3795
824
3577
3579
3582
3659
1108
3880
3609
1111
1112
3616
3620
3876
1116
3811
3814
1119
1120
1121
1122
1123
1124
3694
3677
3682
1128
1129
3144
3708
3764
3737
1134
1135
3793
3797
3799
1139
1140
1141
1142
1143
1144
1145
1146
3844
3849
3854
1150
1151
3869
3881
3906
1155
3920
1157
1158
1159
1160
1161
1162
1163
3968
429
3048
1167
3991
1169
1170
1171
1172
1173
1174
1175
1176
1177
1178
1179
1180
1181
1182
1183
1184
1185
1186
1187
1188
1189
1190
1191
1192
1193
1194
1195
1196
1197
1198
1199
1200
1201
1202
1203
1204
1205
1206
1207
1208
1209
1210
1211
1212
1213
1214
1215
1216
1217
1218
1219
1220
1221
1222
1223
1224
1225
1226
1227
1228
1229
1230
1231
1232
1233
1234
1235
1236
1237
1238
1239
1240
1241
1242
1243
1244
1245
1246
1247
1248
1249
1250
1251
1252
1253
1254
1255
1256
1257
1258
1259
1260
1261
1262
1263
1264
1265
4245
1267
1268
1269
1270
1271
1272
1273
1274
1275
1276
1277
1278
1279
1280
1281
1282
1283
1284
1285
1286
1287
1288
1289
1290
4433
5487
1293
1294
1295
1296
1297
1298
1299
1300
1301
1302
1303
1304
1305
1306
1307
1308
1309
1310
1311
1312
1313
1314
1315
1316
1317
1396
5499
4482
4493
1376
4487
1519
4485
1325
1327
1328
1329
1330
5428
4507
4509
4512
1335
1336
1337
1338
1339
1340
1341
1342
1343
1344
1345
1346
4535
1348
1349
5433
1351
4547
1353
5305
5304
1356
5168
1358
5478
1360
1361
2239
1363
5525
1365
1366
1367
5519
4619
1370
1371
1372
1373
1374
5709
4650
2430
5713
5415
5335
4618
5409
1383
1384
1385
1386
5558
1388
1389
5188
1391
1392
4954
4954
4927
4927
2252
4600
1399
1497
1401
1402
1403
1404
1405
1406
1407
1408
4671
1410
5214
4677
4679
5215
1415
1416
1417
1418
1419
1420
1421
4692
4694
1424
5245
4760
4701
1428
1429
5259
5253
4718
4720
1587
1587
529
529
2387
4742
2393
5531
5353
5379
182
4715
326
4750
1447
276
5230
1451
1452
4766
4768
4773
4784
4775
4790
2206
4793
2385
1437
1435
4802
4780
4782
1466
4785
4787
1470
1465
197
193
195
194
201
1477
1478
4827
4778
4838
4842
4941
5553
5186
4849
4853
4871
5187
4861
4862
4866
4873
5182
4642
4876
4876
4876
1493
4873
5183
5183
4873
5183
5553
5180
5183
1510
4917
5182
6151
4930
1493
4966
4966
4963
4965
4843
5179
5180
5179
6255
1659
5546
6210
4979
2572
1518
6235
6235
4981
6255
4986
1534
1535
1536
1537
1538
1539
1540
1541
1542
1543
1544
1545
1546
1547
1548
1549
1550
1551
1552
1553
1554
1555
1556
1557
1558
1559
1560
1561
1562
1563
1564
1565
1566
1567
1568
1569
1570
1571
1572
1573
1574
1575
1576
1577
5197
1579
5158
1581
1582
1583
1584
5201
1413
295
4747
1462
1590
1591
5880
1596
1594
5258
4722
5881
1598
1599
5318
2370
5261
1603
5269
1605
1606
1607
1608
1609
1610
1611
1612
1613
1614
5328
1616
1617
1618
200
1620
5331
5552
1623
1624
5339
5418
5343
1628
1629
1630
1631
1632
5376
1634
1635
1636
1637
1638
1639
1640
1641
1642
1643
5452
1645
1646
1647
5448
5593
4933
1651
5522
1653
1654
5517
2383
1657
5554
5556
1660
1661
1662
1663
1664
1665
1666
1667
5344
1669
1670
1671
1672
1673
1674
1675
1676
1677
1678
1679
1680
1681
1682
1683
1684
4947
4941
1483
1688
1686
1690
1691
1692
1693
1694
1695
1696
1697
1698
1699
1700
1701
1702
1703
1704
1705
1706
1707
1708
1709
1710
1711
1712
1713
1714
1715
1716
1717
1718
1719
1720
1721
1722
1723
1724
1725
1726
1727
1728
1729
1730
1731
1732
1733
1734
1735
1736
1737
1738
1739
1740
1741
1742
1743
1744
1745
1746
1747
1748
1749
1750
1751
1752
1753
1754
1755
1756
1757
1758
1759
1760
1761
1762
1763
1764
1765
1766
1767
1768
1769
1770
1771
1772
1773
1774
1775
1776
1777
1778
1779
1780
751
2674
3738
2675
1787
1786
3729
1788
1786
1789
346
349
3507
1793
1796
3773
45
88
1
44
45
1810
3201
1806
1803
3003
2998
3002
1808
361
3684
3684
2981
3684
2953
3043
1819
365
3043
23
97
97
2154
919
4402
375
1838
375
2841
375
375
2844
843
375
375
375
1840
2796
1840
2796
3156
3784
517
3156
1990
948
1829
1990
3139
1852
382
3068
1852
1851
2843
2843
2843
3786
4195
4195
2081
4195
1866
1863
494
4235
468
3239
3237
3239
1013
1876
1872
1875
1020
1876
1877
1878
1877
3290
1881
1882
1883
1884
1885
1886
1923
1016
1889
1890
1891
1892
1893
1894
1895
1014
1897
1898
1899
1900
1901
1864
1902
389
1905
1906
1907
1905
405
4196
405
3257
3257
1915
3257
1920
1922
1922
408
407
3258
407
1924
3339
491
3350
1927
1929
1929
1930
1931
1932
1933
1934
1935
1936
1937
1938
1939
1940
1941
1942
1943
1944
1945
2923
120
3495
1948
1078
3670
344
3670
421
421
3556
111
3591
1959
1960
1959
1963
3590
425
1967
425
3900
142
4390
26
142
102
2991
2988
3019
2989
2154
920
90
1973
1824
1823
888
427
1805
1986
1987
1991
3073
430
3078
432
3890
3889
1993
1996
1997
1998
1999
2000
2004
2002
2003
3914
2005
2006
2007
2008
2009
1855
1855
2843
3786
1855
1856
1990
1990
1991
3668
2742
753
2022
2023
2024
2025
2026
2027
2028
2029
2030
2031
2032
2033
2034
2035
2036
2037
2038
2039
6156
406
2046
460
2041
1910
1912
392
2048
2049
2050
2051
2052
2053
2054
2055
2056
2057
2058
2059
2060
2061
2062
2063
2064
2067
2065
4230
466
2070
4215
464
2069
463
467
4216
2074
467
1965
1965
2079
424
2082
2086
2082
387
2078
2087
2088
2089
2090
2091
2092
2093
2094
2095
2096
2097
2098
2099
2100
2102
2102
2103
2104
2090
2106
2107
2108
2109
2110
2113
2112
4254
2114
2115
2116
2117
2118
2121
2120
3251
3343
1879
399
2125
2126
2127
2131
2129
2760
4401
2132
2133
2134
2135
2136
2137
2138
2139
504
507
2586
2815
2141
2146
2583
2145
509
2950
2151
2950
2151
24
24
24
919
511
3636
2158
511
2162
6158
2163
2164
2165
2166
2167
2168
2170
3199
2169
516
3790
3788
3790
2174
1320
1320
5497
1320
2181
2182
2183
2184
2184
2186
2187
2189
5270
525
2191
526
216
257
172
215
258
2201
2198
536
2201
537
5515
538
2206
537
2208
5445
1466
2208
528
2213
4841
541
2212
2559
266
2559
2562
2218
313
2222
315
197
5503
4642
4642
4642
4642
559
4642
2253
6118
559
4642
4642
4642
4598
4598
4598
4600
5542
5542
5545
5542
2398
4884
1497
607
2400
558
558
6125
2255
4865
2253
4869
2253
2253
2260
2261
2262
2263
2264
2265
2266
2267
2268
2269
2270
2271
2272
2273
2274
2275
2276
2277
2278
2279
2280
2281
2282
2283
2284
2285
2286
2287
2288
2289
2290
2291
2292
2293
2294
2295
2296
2297
2298
2299
2300
2301
2302
2303
2304
2305
2306
2307
2308
2309
2310
2311
2312
2313
2314
2315
2316
2317
2318
2319
2320
2321
2322
2323
2324
2325
2326
2327
2328
2329
2330
2331
2332
2333
2334
2335
2336
2337
2338
2339
2340
2341
2342
2343
2344
2345
2346
2347
2348
2349
2350
2351
2352
2353
2354
2355
2356
2357
2358
2359
2360
2365
4721
4720
2365
5259
519
5430
519
1619
2378
6138
1619
5318
2374
2375
2376
2377
2378
2379
2380
2381
2382
543
4790
1458
2219
2220
2220
262
5514
4742
1656
1461
2390
2395
2396
2397
608
4875
608
607
2402
2403
2404
2405
2406
2407
2408
2409
2410
2411
2412
2413
2414
2415
2416
2417
2418
2419
1397
2400
2253
1397
4642
4642
4641
5544
4642
607
2399
607
5429
5431
624
2435
2436
2437
2438
2439
2440
2441
2442
2443
2444
2445
2446
2447
2448
2449
2450
2451
2452
2453
2454
2455
2456
2457
2458
2459
2460
2461
2462
2463
2464
2465
2466
2467
2468
2469
2470
2471
2472
2473
2474
2475
2476
2477
2478
2479
2480
2481
2482
2483
2484
2485
2486
2487
2488
2489
2490
2491
2492
2493
2494
2495
2496
2497
2498
2499
2500
2501
2502
2503
2504
2505
2506
2507
2508
2509
2510
2511
2512
2513
2514
2515
2516
2517
2518
2519
2520
2521
2522
2523
2524
2525
2526
2527
2528
2529
2530
2531
2532
2533
2534
2536
2536
4563
2538
2539
2540
2541
2542
2543
2544
2545
2546
2547
2550
2553
686
2549
2553
2579
688
2558
2558
527
4750
2561
270
4816
1470
2566
689
2565
2566
2567
2568
2569
2570
2244
2244
2574
2576
5546
5546
5546
1659
2579
2580
2581
697
3762
697
2818
2818
2588
2588
2588
700
3327
2590
2594
3233
2596
2664
703
2595
702
2600
2601
2602
2603
2604
2605
2606
2607
2608
2611
712
2611
2612
2613
2614
2615
2616
2617
2618
2621
718
3565
719
2619
2624
2625
2626
2627
2628
2629
2630
2631
2632
2633
2634
2635
2636
2637
2638
2639
2640
2641
2642
2643
2644
2645
2646
2647
2648
2649
2650
2651
2652
2653
2654
2655
2656
2657
2658
2659
2660
2661
2662
2663
2666
2665
2666
747
2623
720
2669
717
3740
3748
2682
3701
2838
1130
752
3703
3741
3118
3119
3103
965
2855
2673
750
2672
2685
750
2736
2687
2695
761
3722
762
2693
2698
2699
2698
2701
2702
2707
768
2703
765
3665
2708
2709
2710
2711
2712
2713
2714
2715
2718
775
4524
776
2716
2721
2722
2723
2724
2725
2739
2726
2691
2738
2740
2731
2732
2733
2734
757
2684
757
3686
787
787
2745
789
2741
791
3671
2746
2747
2749
3540
2750
2751
2752
2753
2754
2759
3393
2757
777
3806
2760
2761
2762
2763
377
1840
1837
377
2770
2768
2770
2768
805
2773
2773
2776
3801
2779
809
4580
810
2777
2774
2782
807
2785
2787
3381
814
2788
2787
3173
818
1849
3142
2850
2797
822
822
821
2804
823
2800
826
4602
2720
2805
774
2808
829
2822
2811
2812
3384
2803
2813
811
3385
2781
808
2158
2157
3638
832
3640
3767
2830
3422
2826
836
2830
2831
2832
2833
2834
2835
3134
3134
3136
3166
3133
381
381
2844
381
2157
2845
2160
3167
970
3139
3167
3135
3137
3135
3135
2856
2856
2858
2859
2860
2861
2862
2863
2864
2865
2866
2867
2868
2872
2869
874
2900
2873
2874
2875
2876
859
3449
860
2881
859
2882
2883
2884
3402
2886
2887
2888
867
2890
2891
2893
2893
870
2892
348
2899
2898
3723
2903
873
875
3480
2904
2905
2906
2911
2908
2907
871
3593
134
155
1081
2912
896
3498
58
59
55
58
10
118
61
11
66
64
11
126
3478
0
85
47
0
1798
1798
1977
1798
354
1823
1799
2156
1820
354
1799
887
3478
3478
3447
2951
3617
891
893
2151
2151
2952
2953
2961
900
2961
3465
1961
901
2964
2965
2970
356
2966
3712
3711
2974
2971
932
3747
3041
2985
2979
3041
3041
2966
904
2968
2969
905
2973
905
2984
2985
2985
906
906
3004
2992
1980
913
2976
2989
2977
352
352
352
3756
2997
2943
2980
903
2980
2984
24
2984
2986
2980
385
42
3684
2953
24
101
2988
6
111
2152
3023
3024
3025
3026
3023
3032
929
3028
869
869
3030
3033
363
3035
2978
1808
909
3038
2973
932
3044
929
1988
1988
3786
1991
2843
2843
3417
3417
3055
3419
3417
940
3058
3418
3075
3059
3060
939
941
3061
935
3057
3052
3067
943
3122
3052
1853
4371
945
3416
945
3074
3077
946
375
1840
375
375
1990
1990
1991
1990
1990
1990
1991
3078
946
3076
3078
945
945
3076
945
3416
1062
1062
3416
1062
1062
3106
2843
3105
1829
1060
1060
3412
6235
1060
1062
1062
968
3416
3135
968
3130
3137
936
834
3053
1062
1062
1062
1062
3416
3414
3414
945
3076
945
3414
3413
3414
946
946
946
3138
3138
3138
970
3134
3134
945
968
968
969
946
3076
3152
1840
1840
1840
375
375
375
2843
3786
980
3415
4405
6236
3415
3076
3134
3133
3078
946
3138
3139
3152
4405
973
3151
980
3412
3179
3415
3180
981
3193
975
977
3188
3970
6235
6235
6235
6235
981
3411
3194
6236
3163
6236
2176
2176
3036
364
3203
3204
3205
3206
3207
3208
3209
3210
3211
3212
3213
3214
3215
3216
3217
3218
3219
3220
3221
3222
3223
3224
3225
3226
3227
3228
3229
3230
3231
3241
3235
471
471
1012
1862
1860
1860
3241
3323
3242
3243
3244
3245
3246
3249
3248
4251
480
3251
3252
3253
1918
1018
3607
3919
3256
2042
2047
2043
3264
3263
3264
3265
3266
3267
3268
3269
3270
3271
3272
3273
3274
3275
3276
3277
3278
3279
3280
3284
4237
3283
4236
3285
3286
3287
3288
3289
4264
3291
3292
3293
3294
3295
3296
492
3297
2120
3303
3301
3302
3333
3258
3304
1017
3307
3308
3309
3310
3311
3312
3313
3314
3315
3316
3317
3318
3319
3320
3321
3322
3323
3324
3325
3326
3236
3236
469
2078
2078
2078
1908
3334
3335
3336
1915
1915
1869
391
2047
409
2044
3344
3345
3346
3347
3348
3349
488
3261
3352
3353
3298
3355
3356
3302
3358
3359
3360
3361
3362
3363
3364
3365
3366
3367
3368
3369
3459
3371
3374
1046
5152
3372
1049
3380
3379
5156
3382
3382
5159
1050
3385
5161
3388
3386
5162
3391
3389
5164
1048
3378
3395
5157
3398
1053
3510
1054
3400
3401
3402
3403
3404
3405
3406
3407
3408
3410
1060
3410
1060
3414
3414
3413
3414
3418
3420
1063
1062
1062
3051
3054
1061
3426
1061
3427
3428
3429
3430
3432
1794
1066
3431
350
862
3438
2881
3505
2877
2941
885
2938
3447
0
66
85
21
3442
1069
1070
3452
3453
3454
3455
3456
3457
3458
3460
3464
858
2958
3462
3463
3466
2930
1074
3468
3469
3470
2870
3472
1947
1949
880
3493
61
62
59
3481
3483
1079
3474
3484
3485
3486
3487
3488
1082
1955
1956
3494
422
3556
1956
3497
3557
3496
924
3500
3501
3504
908
3508
3502
1085
1085
3509
2946
3510
3511
431
2670
1995
3515
3516
3517
3518
3519
3520
3521
3522
3523
3524
3525
3526
3527
3528
3529
3530
3531
3532
3533
3534
3535
1952
3537
420
343
3543
790
3543
3841
3544
3545
3546
3547
3548
3549
3550
3551
3552
3553
3554
3555
421
2955
2955
3559
3560
3561
3562
3563
3564
3566
3727
1100
3565
2828
834
835
3573
1102
4379
3576
3387
1101
3575
1103
3583
3580
1107
4383
3584
3585
3586
3587
3588
3589
2909
3590
501
3585
3594
3595
3596
3597
3598
3599
3600
423
3513
3603
3604
3605
1109
3880
3606
1109
3610
3611
3612
3613
2895
3614
872
3615
1113
3621
1115
3879
3619
3623
3624
866
3626
3627
766
3629
3630
3631
3632
3633
3634
1117
3812
3813
3637
1118
3815
3641
3642
3643
3644
3645
2800
2801
2802
3649
3650
3651
3652
3654
3781
3653
3656
3657
3658
3659
3387
3661
3662
3663
3664
3665
3666
3667
2679
754
2677
3673
3672
3673
1125
2705
3675
769
3679
3709
3678
3676
1126
3681
3680
3749
3749
3687
3688
3689
3690
3691
3692
3693
817
3696
3699
3695
3698
2700
3168
3147
2837
2840
2849
971
3697
3706
868
3683
1127
3707
1131
3713
3714
3715
3719
3716
3765
3817
3034
763
2891
3724
3724
3725
3726
3727
2733
3730
3736
3731
3732
3733
3734
3735
3736
3737
2675
3098
961
3097
3164
4390
2972
2890
3745
3746
3110
960
3750
3751
3752
3753
3754
2989
1974
2977
3040
931
3760
3761
3375
1045
813
3377
2790
3769
804
2775
1047
3771
3772
3775
1824
3776
3777
2993
3778
3779
3780
3782
3794
1137
1137
3796
2844
1853
3789
3798
1138
3792
3800
1105
3578
1104
3048
3177
3176
3182
3648
831
3123
3802
3804
3805
1051
5563
3808
3390
3809
3810
815
510
510
803
2771
3818
2789
815
3820
3821
3822
3823
3824
3825
3826
3827
3828
3829
3830
3831
3832
3833
3834
3835
3836
3837
3838
3839
3840
3840
3843
4380
1106
3842
3581
3846
3830
793
1143
3848
2748
3852
3542
1096
3568
3857
3858
3859
3860
3861
3862
3863
3864
3865
3866
3865
3856
1149
3868
3871
3872
3728
3873
3875
3876
3877
3878
702
2599
3885
711
3881
1154
4369
2613
3888
3905
3884
3888
3891
3892
3893
3894
3895
3896
3897
3898
3874
2671
3901
1110
3903
3904
3853
1148
3907
3908
3909
3910
3883
3912
1153
1153
3915
3916
748
704
3918
704
3608
3922
3923
3924
3925
3926
3927
423
1108
3930
3931
3932
3933
3934
3935
3935
3937
3938
3939
3940
3941
3942
3943
3944
3947
3946
3954
3948
3949
3950
3951
3845
1147
2743
3957
3960
3958
3959
6160
3966
2795
3961
3704
1990
1991
1988
3786
1988
1991
1989
1989
429
3970
3972
1989
3976
3977
3978
3979
3980
3981
3982
3983
3984
3985
3989
3987
3988
2690
946
3152
3152
3151
3151
974
3996
3997
3998
3999
4000
4001
4002
4003
4004
4005
4006
4007
4008
4009
4010
4011
4012
4013
4014
4015
4016
4017
4018
4019
4020
4021
4022
4023
4024
4025
4026
4027
4028
4029
4030
4031
4032
4033
4034
4035
4036
4037
4038
4039
4040
4041
4042
4043
4044
4045
4046
4047
4048
4049
4050
4051
4052
4053
4054
4055
4056
4057
4058
4059
4060
4061
4062
4063
4064
4065
4066
4067
4068
4069
4070
4071
4072
4073
4074
4075
4076
4077
4078
4079
4080
4081
4082
4083
4084
4085
4086
4087
4088
4089
4090
4091
4092
4093
4094
4095
4096
4097
4098
4099
4100
4101
4102
4103
4104
4105
4106
4107
4108
4109
4110
4111
4112
4113
4114
4115
4116
4117
4118
4119
4120
4121
4122
4123
4124
4125
4126
4127
4128
3498
1083
4131
4132
4133
4134
4135
4136
4137
4138
4139
4140
4141
4142
4143
4144
4145
4146
4147
4148
4149
4150
4151
4152
4153
4154
4155
4156
4157
4158
4159
4160
4161
4162
4163
4164
4165
4166
4167
4168
4169
4170
4171
4172
4173
4174
4175
4176
4177
4178
4179
4180
4181
4182
4183
4184
4185
4186
4187
4188
4189
4190
4191
4192
4193
4194
4197
1156
4389
3919
4199
4200
4201
4202
4203
4205
4231
4206
4207
4208
4209
4210
4211
4212
4213
4214
470
2084
2083
4218
4219
4220
4221
4222
4223
4224
4225
4226
4227
4228
2072
2076
471
2084
1871
4233
4234
4203
1255
4238
4239
4240
4241
4242
4243
4209
1258
4244
4247
4247
4248
1266
4244
4252
4253
4254
4255
4256
4257
4258
4259
4260
4261
3339
3340
4264
1019
4234
2925
4268
4269
4270
4271
4272
4273
4274
4275
4276
4277
4278
4279
4280
4281
4282
4283
4284
4285
4286
4287
4288
4289
4290
4291
4292
4293
4294
4295
4296
4297
4298
4299
4300
4301
4302
4303
4304
4305
4306
4307
4308
4309
4310
4311
4312
4313
4314
4315
4316
4317
4318
4319
4320
4321
4322
4323
4324
4325
4326
4327
4328
4329
4330
4331
4332
4333
4334
4335
4336
4337
4338
4339
4340
4341
4342
4343
4344
4345
4346
4347
4348
4349
4350
4351
4352
4353
4354
4355
4356
4357
4358
4359
4360
4361
4362
4363
4364
4365
4366
4367
3870
3851
3066
3069
944
945
945
945
3086
948
948
3803
3657
4381
4382
1119
4384
2940
4386
4387
4388
2598
2972
4391
891
2815
111
508
4396
4397
4398
4399
4400
4401
375
946
2843
3415
4406
4407
4408
4409
4410
4411
4412
4413
4414
4415
4416
4417
4418
4419
4420
4421
4422
4423
4424
4425
4426
4427
4428
4429
4434
4431
4430
1292
5629
4435
4436
4437
4438
4439
4440
4441
4442
4443
4444
4445
4446
4447
4448
4449
4450
4451
4452
4453
4454
4455
4456
4457
4458
4459
4460
4461
4462
4463
4464
4465
4466
4467
4468
4469
4470
4471
4472
4473
4474
4475
4476
4477
4478
4479
4480
5462
4640
1650
5460
5500
5464
5464
5465
1319
4912
4653
4907
4914
4482
1318
4481
4481
4484
4497
1321
4501
4502
4503
4504
4505
4510
1331
4506
1334
5426
4511
4512
4511
4514
4515
4516
4517
4518
4519
4522
4520
6130
4523
4524
4525
4526
4527
4528
4529
4530
4531
4532
4544
4542
4500
4533
4537
4538
4539
4540
4491
5446
4490
4543
4546
5432
1351
4545
1350
4550
4551
5302
4553
4554
4555
4556
4557
4558
1357
4560
4561
5527
4563
4564
4565
4566
4599
4599
2239
4598
4571
1364
4573
4574
4575
4576
4577
4578
4579
1368
4620
4581
5153
4584
4585
4586
4587
4588
4589
4590
4591
4592
6123
4596
4960
2247
5710
4601
1379
1380
1380
4604
1381
5407
1382
4606
4607
4608
4610
4610
4611
4612
4613
4617
4614
2551
6139
1387
685
2554
4621
4622
4623
4624
4625
4626
4627
4628
4629
5188
4631
4632
4633
4634
4635
4953
4954
4953
4927
4953
5334
5334
5333
5334
4645
690
4647
4930
4930
1497
5746
4927
4927
4927
4655
4656
4657
4658
4659
4660
4661
4662
4663
4664
4665
4666
4667
4670
4669
4699
1427
4672
4673
4674
4675
4680
1411
4680
1414
5213
4681
4682
4683
4684
4685
4686
4687
4688
4689
4690
4695
4692
4691
1424
4695
4696
4697
4698
4700
5244
1426
1425
4703
4704
4705
4707
5354
1423
4706
4710
4714
4711
1600
284
4714
4712
5880
1431
1445
4721
5254
203
235
5243
235
182
5243
5243
1587
297
5210
239
2197
2193
2195
2194
2194
529
2387
2194
2220
2386
4740
4738
4740
5243
1587
4724
4751
1442
5378
1443
2558
528
1447
2555
4758
5229
4757
1450
4761
4762
4763
4764
4769
682
4765
533
5471
4772
4770
5506
1482
4776
1456
4839
540
4774
4767
1453
4779
1454
4784
4784
4785
4783
1455
4785
4788
4785
4794
4791
1464
4801
4796
4789
4795
5210
5212
5210
2390
2391
1440
4781
4781
4780
4786
1469
1468
4810
4781
213
1466
2208
4815
269
273
1468
280
280
280
4822
4823
4824
4825
4826
4827
4828
4829
4826
4831
4832
4833
1480
4833
2205
4836
1459
4839
4840
4830
1479
607
4940
2400
4844
2253
1658
5185
5185
4849
4850
1489
4855
4874
5186
4856
4854
4858
1488
1487
1485
4852
4857
4867
4864
4863
4867
4859
6117
1494
4873
1494
5183
4872
1493
4642
559
4600
4642
607
607
4876
607
607
608
607
4875
4875
4873
1493
1494
5183
1494
4873
1494
5183
5183
5183
5183
5540
4642
5553
5540
5180
5180
6235
5180
5183
5183
1510
1510
1510
1510
1486
4851
4916
5183
5183
5183
5182
5183
1494
5184
4873
5182
5182
1493
1493
1493
4883
4930
4930
4876
4924
4924
1510
4873
1510
4942
1514
6151
4642
4642
4642
4642
2253
4869
1520
1520
6255
4966
5184
6151
4924
4954
4876
1493
4930
4883
1514
4941
4964
4966
1520
1520
4968
5180
4972
4969
1526
4967
4901
1505
1518
6235
6235
6235
1521
4981
5181
6255
6255
6255
2575
2577
4987
4988
4989
4990
4991
4992
4993
4994
4995
4996
4997
4998
4999
5000
5001
5002
5003
5004
5005
5006
5007
5008
5009
5010
5011
5012
5013
5014
5015
5016
5017
5018
5019
5020
5021
5022
5023
5024
5025
5026
5027
5028
5029
5030
5031
5032
5033
5034
5035
5036
5037
5038
5039
5040
5041
5042
5043
5044
5045
5046
5047
5048
5049
5050
5051
5052
5053
5054
5055
5056
5057
5058
5059
5060
5061
5062
5063
5064
5065
5066
5067
5068
5069
5070
5071
5072
5073
5074
5075
5076
5077
5078
5079
5080
5081
5082
5083
5084
5085
5086
5087
5088
5089
5090
5091
5092
5093
5094
5095
5096
5097
5098
5099
5100
5101
5102
5103
5104
5105
5106
5107
5108
5109
5110
5111
5112
5113
5114
5115
5116
5117
5118
5119
5120
5121
5122
5123
5124
5125
5126
5127
5128
5129
5130
5131
5132
5133
5134
5135
5136
5137
5138
5139
5140
5141
5142
5143
5144
5145
5146
5147
5148
5149
5150
5151
1579
5153
5154
5156
5156
5158
1371
5159
5160
4615
5162
5163
5164
5165
1580
5168
1580
5172
5170
1582
5274
5173
5174
5175
5176
5177
5178
5179
5180
5179
5182
5183
5182
5186
5187
5183
4851
5181
5189
5191
5192
5193
5194
5198
5195
1585
5199
5200
4678
1586
4676
4679
4677
4800
4729
1437
4799
239
297
182
5210
5208
1589
1588
5216
5217
5218
5219
5220
5221
5222
5225
1409
5228
4759
5226
5227
5231
1593
4746
5232
5233
5234
5235
5236
1595
5258
1433
5237
235
5880
294
5246
5245
5247
5240
5248
5249
5250
5251
5252
2373
602
2370
5257
1451
5257
602
179
1476
5260
284
5264
5265
5268
5266
5272
1460
5267
1604
5273
6131
5274
5275
5276
5277
5278
5279
5280
5281
5282
5283
5284
5285
5286
5287
5288
5289
5290
5291
5292
5293
5294
5295
5296
5297
2368
520
601
5301
5303
5597
1615
1352
5306
5307
5308
5309
5310
5311
5312
5313
5314
5315
5316
5317
2378
280
280
5321
5322
5323
5324
5325
5329
5326
1620
5486
4629
5331
5330
5335
1622
1622
5336
5337
1624
1621
5340
5342
6129
1626
4599
5345
5346
5347
5348
5349
5350
4709
5351
680
5348
5355
5356
5357
5358
5359
5360
5361
5362
5363
5364
5365
5366
5367
5368
5369
5370
5371
5372
5373
5374
4693
1422
5375
5377
1633
5380
5381
5382
5383
5384
5385
5386
5387
5388
5389
5390
5391
5392
5393
5394
5395
5396
5397
5398
5399
5400
5401
5402
5403
5404
5405
5406
5408
5408
5409
5410
5411
5412
5413
5416
5414
5538
5417
5418
5419
5420
5421
5422
5423
5424
5425
5426
5427
5428
5431
4486
5719
5432
1644
5434
5435
5436
5437
5438
5440
5469
5439
5442
5443
5444
5441
5507
5447
5449
5449
5447
5451
1375
1649
5592
5455
5456
5457
5458
4513
4955
1393
6121
4651
4959
4595
5466
5467
5468
5443
1647
5468
1651
5473
5474
5475
5477
5573
1652
5476
5480
5481
5482
5483
5484
5485
5486
5487
5488
5489
5490
5491
5492
5493
5494
5495
5496
4483
4950
4952
1506
5748
6136
6136
5504
5504
5505
4906
5508
5509
5510
1655
5512
4789
2385
4797
5516
1481
5518
5519
5520
4589
1372
5521
5524
5525
5526
5523
5528
5530
5532
2386
5533
5534
4792
5535
5536
5537
5539
5551
1658
5554
1658
559
2252
1659
5556
5555
5548
5549
5550
5338
1625
4962
1516
4970
1525
5557
5558
1509
5559
5561
5562
1357
5564
5565
5566
5567
5568
5569
5570
5571
5572
5574
5575
5575
5576
5577
5578
5579
5580
5581
5582
5583
5584
5585
5586
5587
5588
5589
5590
5591
5450
1648
5594
5595
5596
5596
5601
5598
1627
6126
5341
553
5604
5605
5606
5607
5608
5611
5610
5327
1291
5613
5614
5615
5616
5617
5618
5619
5620
5621
5622
5623
4432
5625
5626
5627
5628
4474
5630
5631
5632
5633
5634
5635
5636
5637
5638
5639
5640
5641
5642
5643
5644
5645
5646
5647
5648
5649
5650
5651
5652
5653
5654
5655
5656
5657
5658
5659
5660
5661
5662
5663
5664
5665
5666
5667
5668
5669
5670
5671
5672
5673
5674
5675
5676
5677
5678
5679
5680
5681
5682
5683
5684
5685
5686
5687
5688
5689
5690
5691
5692
5693
5694
5695
5696
5697
5698
5699
5700
5701
5702
5711
5704
5705
5706
5707
5708
5599
5603
4548
4567
2241
557
4644
2233
4594
5717
5718
607
4876
607
4940
4844
2400
1483
1483
4941
5722
1483
5726
5732
5733
5734
5735
5736
5737
5738
5739
5740
5745
5742
5743
5744
4499
4942
1514
1514
4941
4941
5746
5752
5753
5754
5755
5756
5757
5758
5759
5760
5761
5762
5763
5764
5765
5766
5767
5768
5769
5770
5771
5772
5773
5774
5775
5776
5777
5778
5779
5780
5781
5782
5783
5784
5785
5786
5787
5788
5789
5790
5791
5792
5793
5794
5795
5796
5797
5798
5799
5800
5801
5802
5803
5804
5805
5806
5807
5808
5809
5810
5811
5812
5813
5814
5815
5816
5817
5818
5819
5820
5821
5822
5823
5824
5825
5826
5827
5828
5829
5830
5831
5832
5833
5834
5835
5836
5837
5838
5839
5840
5841
5842
5843
5844
5845
5846
5847
5848
5849
5850
5851
5852
5853
5854
5855
5856
5857
5858
5859
5860
5861
5862
5863
5864
5865
5866
5867
5868
5869
5870
5871
5872
5873
5874
5875
5876
5877
5878
5879
5262
1602
5882
5883
5884
5885
5886
5887
5888
5889
5890
5891
5892
5893
5894
5895
5896
5897
5898
5899
5900
5901
5902
5903
5904
5905
5906
5907
5908
5909
5910
5911
5912
5913
5914
5915
5916
5917
5918
5919
5920
5921
5922
5923
5924
5925
5926
5927
5928
5929
5930
5931
5932
5933
5934
5935
5936
5937
5938
5939
5940
5941
5942
5943
5944
5945
5946
5947
5948
5949
5950
5951
5952
5953
5954
5955
5956
5957
5958
5959
5960
5961
5962
5963
5964
5965
5966
5967
5968
5969
5970
5971
5972
5973
5974
5975
5976
5977
5978
5979
5980
5981
5982
5983
5984
5985
5986
5987
5988
5989
5990
5991
5992
5993
5994
5995
5996
5997
5998
5999
6000
6001
6002
6003
6004
6005
6006
6007
6008
6009
6010
6011
6012
6013
6014
6015
6016
6017
6018
6019
4727
6021
6022
6023
6024
6025
6026
6027
6028
6029
6030
6031
6032
6033
6034
6035
6036
6037
6038
6039
6040
6041
6042
6043
6044
6045
6046
6047
6048
6049
6050
6051
6052
6053
6054
6055
6056
6057
6058
6059
6060
6061
6062
6063
6064
6065
6066
6067
6068
6069
6070
6071
6072
6073
6074
6075
6076
6077
6078
6079
6080
6081
6082
6083
6084
6085
6086
6087
6088
6089
6090
6091
6092
6093
6094
6095
6096
6097
6098
6099
6100
6101
6102
6103
6104
6105
6106
6107
6108
6109
6110
6111
6112
6113
6114
6115
4864
6116
1492
1494
1494
4873
4887
4881
4881
5560
5420
6127
6128
6129
6130
4743
6132
6133
6134
6135
4771
6137
5352
6139
1619
6141
6142
6143
6144
6145
6146
6147
4600
1493
2253
5184
6152
6153
6154
6155
1913
6157
2592
6159
3160
1397
6162
6163
6164
6165
6170
6167
6168
6169
6170
6171
6172
6173
6174
6175
6176
6177
6178
6179
6180
6181
4986
2169
983
5546
6186
6187
6188
6189
6213
6191
6235
6193
6243
6195
6196
6197
6198
6199
6248
6201
6202
6203
6238
6231
1518
6217
3972
6209
6254
6211
6212
6216
6215
6236
6235
6218
6239
6220
6184
6222
6243
6261
6224
6258
6227
6248
6228
6230
6251
6232
6253
6234
6255
6235
6236
6237
6238
6239
6240
6241
6242
6243
6244
6245
6246
6247
6248
6249
6250
6251
6252
6253
6254
6255
6256
6287
6258
6259
6264
6261
6278
6263
6264
6265
6266
6267
6268
6232
6253
6274
6218
6239
6235
6278
6277
6277
6243
6279
6280
6281
6282
6283
6284
6288
6287
6248
6288
6239
6235
6253
