355
1
2
3
99
5
6
7
8
9
1073
894
12
13
14
15
16
17
18
19
20
2941
93
23
24
25
39
27
108
108
30
1083
880
2929
34
35
36
37
38
386
40
49
42
168
1797
45
46
44
48
49
50
1970
48
53
54
55
56
57
58
59
60
61
2927
63
64
65
2934
67
68
69
70
71
72
73
74
75
76
77
78
79
80
81
82
83
47
0
86
87
88
89
90
91
92
23
94
95
922
97
98
99
98
101
4
103
5
103
106
107
110
108
110
7
112
113
924
115
3499
3499
3498
116
2920
2917
122
2924
123
125
66
2932
128
129
130
131
132
119
134
135
136
137
138
139
140
144
142
39
160
145
146
147
148
149
150
151
52
152
41
155
156
157
158
159
160
161
162
163
164
165
159
167
38
151
169
2197
172
173
174
268
319
177
178
179
180
1592
1444
183
184
185
186
187
188
189
190
530
258
266
270
195
196
210
278
199
282
201
1431
292
1435
205
206
207
208
209
221
211
223
213
338
217
215
217
218
219
219
2224
222
223
224
225
226
227
228
229
230
231
232
233
234
4725
236
237
238
236
240
241
242
243
244
245
246
247
248
249
250
251
252
253
254
216
256
255
171
259
260
263
2389
265
264
265
194
267
268
269
270
271
175
273
274
275
276
274
176
279
280
281
282
283
284
285
286
287
287
4712
290
4716
4717
4718
4723
4726
4724
239
297
299
300
301
302
303
288
305
306
307
308
309
310
311
313
331
210
315
316
317
318
319
320
321
322
220
212
323
326
327
328
4812
330
331
332
333
334
335
336
329
209
337
320
340
2690
3539
1783
1785
2704
3731
1791
3773
3506
106
2941
2937
20
2933
3710
2883
1803
1805
1807
3036
6
1819
3034
3030
907
1976
25
4377
4377
379
4378
2018
4377
1845
4377
4377
4377
2851
846
4372
4370
3173
379
27
39
2081
387
389
390
1868
3237
393
394
395
396
1876
3299
1880
400
401
402
403
404
4196
1912
1915
1921
3337
1916
1874
2100
413
1933
415
416
417
418
419
3538
1958
1956
3917
1965
3900
918
2977
3771
3170
951
1993
3889
433
3902
3306
436
437
438
439
3173
4377
3173
4377
3141
3172
420
447
448
449
450
451
452
453
454
455
456
457
458
459
2045
461
462
463
464
465
466
4216
2077
3929
2083
471
472
2089
474
3281
476
477
2106
479
4250
481
2123
483
484
485
486
3340
1875
489
3343
3351
2119
493
4266
495
2831
4381
2133
2784
2823
501
502
3712
504
505
2142
2815
2776
509
2147
511
3635
2160
514
515
4376
4378
4498
520
5745
2181
5489
523
2185
5530
5270
527
528
258
530
531
532
5470
534
2395
2201
2203
4835
177
2213
4829
4832
4818
544
196
4960
6124
2248
556
4886
6124
2429
6123
6124
4960
1393
1400
6116
1490
556
556
278
5948
2492
605
2268
2266
2311
2498
5029
571
572
573
2277
2275
5086
2279
578
579
580
6155
5025
583
584
585
2320
5046
2332
2326
2325
5987
2336
2508
2343
595
596
597
598
599
600
5300
602
5673
5655
2379
5528
1499
4895
6114
2404
5643
5658
5093
5668
615
616
617
4960
556
4960
6123
1512
4933
601
625
626
627
628
629
630
631
632
633
634
635
636
637
2321
639
640
5951
642
5968
2490
2483
646
5984
2488
5685
2495
651
653
2271
654
655
656
5072
658
659
660
6004
5039
663
664
665
666
5050
2460
6018
5128
671
2525
673
674
4632
2539
677
5524
4626
680
681
682
683
684
4619
2550
4617
688
5575
2564
5399
692
693
6122
6124
2579
697
6139
699
700
701
2596
3874
2598
705
706
707
708
709
710
711
712
713
714
715
716
2623
2621
3856
3870
721
722
723
724
725
726
727
728
729
730
731
732
2644
3981
735
2646
737
738
739
740
741
742
743
744
745
2666
3728
2670
750
2689
2688
751
1784
753
749
757
787
2691
2728
760
2694
2693
763
2714
2699
2701
2715
3667
2706
770
771
3658
3651
2807
775
776
777
778
779
780
781
4555
2751
2730
2732
3662
2737
2740
446
3541
2744
3831
793
2748
2750
4556
797
798
799
2760
3634
2793
2768
2775
3792
806
2773
808
809
810
2817
2785
3377
814
815
816
3961
2795
3705
754
2841
1854
3388
3387
2802
2804
827
829
512
3638
3648
3816
3054
3053
2828
836
3781
3654
3741
3740
755
1130
950
1845
2847
3742
3749
2683
849
850
851
3461
853
854
855
856
857
2871
3451
3450
2878
3502
863
2885
865
3623
3628
2889
3722
870
871
2896
873
2902
2959
876
877
2923
1950
880
881
911
2949
2945
912
1982
886
2998
3757
3004
2951
2956
893
2926
118
114
7
108
108
900
901
902
2969
2967
2973
2979
2978
2993
1809
2998
3444
3443
2994
150
2981
2983
1970
2986
2979
2989
93
24
23
30
925
3761
3753
928
3032
3035
3040
929
3170
379
3058
935
938
3419
3056
940
3098
3063
3057
3061
955
3095
4377
3170
3143
3141
4375
3147
3114
4373
955
962
3116
3115
3173
3126
955
965
3148
840
3121
3067
958
955
967
3096
3146
3145
3095
3096
3167
3990
846
3102
956
955
961
4374
3049
1843
3193
3182
6208
2794
3194
2836
840
6183
993
994
995
996
4200
998
999
1000
1001
1002
1003
1004
1005
1006
1007
1008
1009
1010
1011
3235
2085
1014
3293
1016
3256
3919
2043
2047
1021
1022
1023
1024
1025
4237
1027
3279
1029
1030
1031
1032
1033
1034
1035
1036
1037
1038
1039
1040
1041
1042
1043
3433
1045
1046
3393
3395
3379
3382
1051
1052
1053
1792
1055
1056
3404
3406
3408
3128
3110
967
1063
3426
1065
3437
2880
2929
1069
1070
1071
1072
32
1074
1075
3475
1077
880
1079
1080
2913
1081
1083
1084
3776
1086
1087
1088
1089
1090
1091
1092
1093
3985
3949
3542
1097
1098
1099
3567
3569
1851
3660
3070
3575
3952
3581
1108
3880
3609
1111
3878
3616
3620
3876
1116
1117
3814
4383
1122
1128
3839
3734
3671
789
3677
3682
3692
3694
752
3708
1132
3737
3735
3751
3794
444
3797
3821
1140
1141
3823
1143
3834
1145
1146
2792
3851
3853
3863
1151
3888
1153
1154
1155
4197
1157
1158
1159
3939
1161
3942
1163
819
3170
3142
1167
842
1169
1170
1171
1172
1173
1174
1175
1176
1177
1178
1179
1180
1181
1182
1183
1184
1185
1186
1187
1188
1189
1190
1191
1192
1193
1194
1195
1196
1197
1198
1199
1200
1201
1202
1203
1204
1205
1206
1207
1208
1209
1210
1211
1212
1213
1214
1215
1216
1217
1218
1219
1220
1221
1222
1223
1224
1225
1226
1227
1228
1229
1230
1231
1232
1233
1234
1235
1236
1237
1238
1239
1240
1241
1242
1243
1244
1245
1246
1247
1248
1249
1250
1251
1252
1253
1254
1255
1256
1257
1258
1259
1260
1261
1262
1263
1264
1265
4245
1267
1268
1269
1270
1271
1272
1273
4473
4406
5629
1277
1278
1279
1280
1281
1282
1283
1284
1285
5641
4427
1288
4430
5624
5611
5326
1293
1294
1295
1296
1297
1298
1299
1300
4446
1302
1303
1304
5743
4454
4455
1308
1309
1310
1311
1312
1313
1314
5486
4537
4477
4543
4484
4497
4541
4489
2178
4491
4544
4533
1327
1328
1329
4505
1331
1332
1333
1334
1335
1336
1337
1338
1339
5412
4607
1342
1343
1344
1345
1346
1347
4540
5425
2433
4545
5711
1353
5702
4552
1356
1357
1358
1359
5395
4563
6122
4571
6141
5557
4575
4579
1368
5161
4585
5158
1372
1373
1374
5717
4487
5464
4595
4600
559
4603
4605
1383
4621
5397
2566
5407
5571
4628
4851
5416
5538
5498
5462
4492
5507
4891
2248
4646
5501
1401
1402
1403
1404
5236
5224
1407
1408
4671
2545
5268
5267
4676
4680
1415
1416
4683
1418
5482
1420
1421
4692
1423
5347
1425
4760
4701
1428
1429
1595
2365
1596
1596
1463
4747
1436
4744
1438
1439
4797
1441
1442
1443
234
289
4714
199
282
280
1450
1451
1452
1453
1454
1455
4784
4774
4788
2205
4792
4796
5207
5206
1464
1465
320
321
4785
1469
1468
1472
210
266
195
270
201
1477
1478
4827
4777
5516
4842
1499
556
4850
4849
4853
4894
5186
4858
4857
4861
4892
4919
6124
4958
1499
1513
4938
6121
4909
4897
6119
4911
556
4919
4939
4912
1486
4919
4892
4955
4935
4892
4896
5746
4953
1400
4900
4920
4926
6120
5542
2576
4969
4979
6206
4595
4653
847
4981
4640
6182
1534
1535
1536
1537
1538
1539
1540
1541
1542
1543
1544
1545
1546
1547
1548
1549
5027
5026
1552
5084
5367
5674
2454
2458
1558
1559
1560
1561
1562
1563
5991
1565
1566
1567
1568
2298
1570
1571
1572
1573
1574
1575
1576
1577
1578
1579
5168
1581
1582
5178
1584
5199
5202
1435
1588
1589
1590
1591
203
1593
1594
5238
1593
292
1598
1599
2373
5255
1431
1603
5533
5275
1606
1607
1608
1609
1610
1611
1612
5742
1614
5302
1616
1617
1618
1619
5597
4629
558
5421
5336
5559
2239
1378
1628
5635
5368
1631
5634
1633
5383
5631
1636
5570
5569
6129
1642
1648
1645
5493
5431
5432
1646
5444
1649
5452
4482
5467
5478
5496
5492
5512
1656
5551
5728
5554
5580
5578
1662
1663
1664
1665
1666
1667
4596
1669
5609
1671
1672
5661
5662
5639
1676
5675
1678
1679
1680
1681
5735
1683
1684
1377
1499
1512
5744
1394
1690
1691
1692
1693
1694
1695
1696
1697
1698
1699
1700
1701
1702
1703
1704
1705
1706
1707
1708
1709
1710
1711
1712
1713
1714
1715
1716
1717
1718
1719
1720
1721
1722
1723
1724
1725
1726
1727
1728
1729
1730
1731
1732
1733
1734
1735
1736
1737
1738
1739
1740
1741
1742
1743
1744
1745
1746
1747
1748
1749
1750
1751
1752
1753
1754
1755
1756
1757
1758
1759
1760
1761
1762
1763
1764
1765
1766
1767
1768
1769
1770
1771
1772
1773
1774
1775
1776
1777
1778
6000
1780
343
2692
343
1782
1787
1787
3729
347
1786
1786
346
349
3507
1793
1795
3772
2935
2937
86
2933
2935
357
357
1802
357
1810
3036
1806
358
3201
107
107
151
107
6
3033
1818
3033
365
1974
1974
23
367
907
4377
4377
4377
4377
379
3173
4378
1849
445
4377
4377
4377
4377
4378
4377
4378
4377
4377
4376
4377
2851
2851
846
3172
2851
942
942
3062
3064
3073
3173
3173
3173
379
4195
4195
387
1860
1863
1864
1865
4235
1867
3239
3237
3239
1013
1876
397
1872
489
1876
398
1878
1877
3290
1881
1882
1883
1884
1885
1886
1923
1888
1889
1890
1890
419
1893
1894
1895
1896
1897
1898
1899
1900
1901
1902
1903
1904
1905
1906
1907
1908
405
405
1910
405
1912
1915
3257
1922
1922
409
1916
407
407
1914
1923
1924
491
3350
1927
1929
1925
1931
1931
1930
412
1934
1935
1936
3292
1938
1939
1940
2115
1942
1943
1944
1945
1949
1946
1948
3473
1076
1952
3536
1952
3021
1957
3490
3021
892
1959
1960
1961
1962
1963
1967
423
425
3900
160
3744
386
142
1972
930
2977
2996
930
1978
1975
89
889
889
890
3003
3757
1805
2884
1986
3170
3143
3094
3093
1992
432
1994
1992
1996
3921
1998
1999
2000
2002
2002
2003
436
2005
2006
2007
2008
2009
846
846
3173
3173
846
846
3172
3142
3144
1952
420
1951
2022
2023
2024
2025
2026
2027
2028
2029
2030
2031
2032
2033
2034
2035
2036
2037
2038
2039
2046
406
2045
2042
2041
392
1911
1869
2048
2049
2050
2051
2052
2053
2054
2055
2059
2057
2056
4218
2060
2061
2062
2063
2064
2065
2066
2067
2068
2069
2070
2071
2072
2073
2075
2075
2074
467
3928
3928
2079
424
2086
2083
2082
388
2086
2087
2087
2089
2090
2088
2092
2093
2094
2095
453
2097
2097
2099
476
2102
2105
478
2104
2105
1028
2107
2108
2109
2110
2113
2112
4254
2114
2115
2116
2117
2118
1929
492
3251
4265
1877
399
2125
2126
2127
496
2834
2128
2835
2135
499
500
2825
2136
2137
2138
2139
2140
4393
507
4393
4393
2146
2582
506
2148
106
111
899
2954
3019
3010
97
2990
511
3636
2158
511
2161
2162
2163
2164
2165
2166
2167
2168
2791
3187
6208
2791
3105
1847
517
3186
4499
2180
520
4499
2183
522
5488
2181
2184
2186
521
2188
525
2190
2191
2188
2193
255
2195
2196
4733
534
534
2198
2201
2204
538
4987
536
2202
275
275
321
275
4754
2214
541
4831
2212
543
194
543
2384
2216
331
2222
315
1472
2221
6124
4960
4960
6124
2248
556
556
2430
622
6124
6124
6124
6124
2247
6123
2247
6123
6123
6123
6124
4959
4649
4956
4959
4960
1490
6117
6118
1490
4861
556
556
4960
4960
5946
5946
2492
5947
2267
2264
648
5986
591
5030
569
5030
5029
2275
2273
2275
1557
2273
576
5082
2278
2281
2282
2283
2284
2285
2288
2287
6168
2337
2290
2291
2292
2293
2294
2295
2299
2296
2298
6159
2300
2301
2302
2303
2304
2305
2306
2307
2265
2308
567
566
2312
2313
2314
2315
2316
2317
2318
563
5048
563
5948
5048
5048
5046
2331
2329
2331
587
587
2325
5047
2335
2333
5124
669
2340
2527
2338
667
5051
2345
593
2342
5036
2346
2347
2348
5083
2350
2351
2352
2353
2354
2355
2356
2357
2358
2359
2360
5237
5237
5239
5240
1595
2368
2368
5298
2369
2370
2371
2372
2373
2374
2375
2376
2377
2378
5656
5656
604
2380
1458
4790
4789
2383
2387
2388
2389
2390
2391
2392
4795
2394
2397
2397
4684
4889
4890
4889
4934
611
2405
5645
5644
2406
5677
2408
2409
2410
2412
5670
2411
2414
2415
2416
2417
2418
2419
4960
556
4960
4960
4960
6124
1400
4960
6124
4932
4933
4932
2368
2366
601
2435
2436
2437
2438
2439
2440
2441
2442
2443
2444
2445
2446
2447
2448
2449
5951
2451
2452
2459
586
6157
638
2458
2322
2319
570
2461
2462
2463
2464
2465
2466
2467
2468
2470
5970
2471
2472
2473
2474
2475
2476
2477
2481
2479
645
5982
2486
644
2482
643
5967
647
647
2490
5969
2382
605
2494
2382
2495
2497
2491
564
2495
2500
2501
2502
2503
2504
2505
2506
2507
656
2509
2507
2511
2512
2513
2514
2515
2516
1563
2518
2519
2520
2521
2522
2524
2524
670
2526
5128
5042
2278
577
578
2532
2533
2534
6147
2542
2536
4631
4624
1388
4611
2540
2543
2544
2545
2546
2547
2551
2551
687
4616
685
2552
2554
4753
4756
4756
1447
2559
270
2561
4818
689
5573
689
5399
2567
2568
2569
2570
4593
4596
6206
4975
2229
4904
695
4947
2553
2580
686
2582
2583
2585
507
2586
2589
2589
4617
2590
2591
2592
2593
3236
2597
703
3899
2597
2595
2600
2601
2602
2603
2604
2606
2606
708
707
2609
2610
2611
2612
2613
2614
2615
2616
2617
2618
2622
2619
719
3868
720
2624
2625
2626
2627
2628
2629
2630
2631
2632
2633
2634
2635
2636
2637
2638
2639
3987
2641
2642
2647
735
2643
737
2647
2648
2649
2650
2651
2652
2653
2654
2655
2656
2657
2658
2659
2660
2661
2662
2663
2667
2664
747
3873
2669
4368
431
2668
2686
2689
2686
2688
2674
3738
342
3670
2678
3685
2673
2685
3686
2736
2687
2690
342
758
2692
759
3989
2693
2694
2695
2696
2697
2702
764
2698
767
2712
2707
768
2703
765
3665
1788
2709
2710
1788
2713
3698
773
772
2720
774
2718
777
2805
2721
2722
2723
2724
2725
2727
2753
783
2726
782
2733
786
3727
2731
2738
2735
788
2739
2729
784
3954
2020
3947
790
2743
2747
2747
2748
2746
792
796
729
4555
796
2755
2756
2757
2758
2759
2130
2761
2763
2134
4376
4377
4376
4376
2770
2768
508
2770
2773
2773
2773
2772
805
2777
2778
2779
3384
2781
806
2782
2774
3779
2790
813
2788
2789
3764
3704
3961
820
3703
754
1832
2844
373
3960
2801
3386
824
2800
823
2805
2806
2807
3639
512
3638
2824
830
2814
3646
831
2813
825
2818
2819
2158
2157
3635
832
3640
3767
3422
3053
3422
2829
3423
837
3780
3654
2833
812
3739
3739
3740
3701
1130
2018
2018
1845
950
2157
2845
2160
3741
3705
3742
3741
2683
2683
2683
3748
2856
2857
2858
2859
2860
2861
3471
2863
2864
2865
2866
2867
2868
2872
2869
874
2900
2873
2874
2875
2876
859
3449
860
859
3504
2882
2883
2882
865
2886
2888
3627
867
2887
3625
2893
1790
2894
2892
348
2897
2898
2899
2903
2901
875
3480
2904
2905
2906
2907
2908
2909
2910
2911
2916
3497
2912
895
116
2917
2918
32
120
1946
1950
881
2924
2947
883
61
2947
2949
2948
2932
2999
884
2931
2936
2944
2937
2944
2946
1982
2945
888
3756
2946
3443
4385
2948
4267
3444
2950
2951
2950
2953
110
111
108
6
2961
900
2958
3465
2962
2963
2964
2965
2970
356
2966
503
3711
2974
2971
3044
3747
363
363
2978
1816
363
2968
904
2980
903
3041
3041
905
906
2979
2975
2978
2975
1808
909
360
2992
3037
930
3037
3441
3441
3000
1807
361
2994
49
916
49
906
2987
2976
918
3014
151
42
107
103
2154
101
2975
3557
3557
115
3023
3024
3760
3026
3027
762
3028
2696
2695
869
2696
763
364
364
3035
1804
3038
359
3043
3029
3029
929
3141
3141
379
3170
4378
3173
3055
935
3055
938
3417
940
3058
940
940
3059
941
3060
3133
3063
935
3057
935
3066
939
3066
3065
3091
3092
3132
955
3132
3098
951
951
4378
4377
4378
1846
3141
3141
3170
3141
3142
3142
3141
972
972
3147
3144
957
3117
4374
3102
3101
3116
3116
3116
3114
962
4377
846
2850
3173
3125
3127
3099
3100
3130
3149
3150
3120
963
2854
2838
3118
2854
3052
936
3052
3101
956
3127
3127
955
3127
3126
953
3096
3099
3127
955
967
3093
3093
952
3169
839
971
3145
3148
964
3148
964
3120
965
3093
3096
951
4377
4377
4377
4377
4377
4377
3173
3173
953
3132
3096
957
3099
3096
2839
2837
3144
3145
842
3742
3097
3095
974
3990
3134
3136
3166
3132
973
973
3183
3153
819
2794
819
3120
3120
2855
965
3181
3179
3193
964
840
3146
987
2171
3202
3720
3203
3204
3205
3206
3207
3208
3209
3210
3211
3212
3213
3214
3215
3216
3217
3218
3219
3220
3221
3222
3223
3224
3225
3226
3227
3228
3229
3230
3231
3232
3233
3234
3235
3236
1862
1859
1859
3240
3241
3242
3243
3244
3245
3246
3249
3248
4251
3250
3254
3252
410
3342
3257
1018
4198
3255
1020
3341
3259
3262
3263
3264
3265
3266
3267
3268
3269
3270
3271
3272
3273
3274
3275
3276
3277
3278
3280
4264
4236
4237
3283
4236
3285
3286
3287
3288
3290
4264
399
2098
475
3294
3295
3296
1928
1928
492
3300
3301
3302
3303
3258
3304
1017
3307
3308
3309
3310
3311
3312
3313
3314
3315
3316
3317
3318
3319
3320
3321
3322
3323
3324
3325
3326
3328
3936
469
3332
2080
2080
3333
3334
1919
3336
1913
1913
1869
391
3339
2044
1019
3344
3345
3346
3347
3348
3349
1874
488
3352
3353
3298
3355
3356
3357
3358
3359
3360
3361
3362
3363
3364
3365
3366
3367
3368
3369
3459
3371
3372
3373
3374
3375
3378
1047
3392
1048
3376
3380
1049
3381
2803
826
2829
835
3388
3390
3390
3391
3392
3393
3394
3395
3396
3397
3398
1054
3400
3402
3402
3401
1056
3403
864
3405
1057
968
3130
3136
3127
3127
967
955
3127
3417
3418
1063
3127
967
3051
3054
3409
3424
3410
3427
3428
3429
3430
3432
1794
1066
3431
350
862
3438
2881
3505
2877
3442
3442
3443
1069
2931
33
2932
3000
3449
3450
3451
3452
3453
3454
3455
3456
3457
3458
3460
3464
858
2960
3462
3463
3465
3466
3467
3468
3469
3470
2870
857
3473
3474
3475
3476
2924
123
122
3480
3481
3482
3483
3484
3485
3486
3487
3488
2914
1081
2914
3493
3495
422
3489
3499
30
3498
3499
3500
3501
3503
3777
908
3503
1085
3775
2995
3509
3510
3511
1995
3513
3514
3515
3516
3517
3518
3519
3520
3521
3522
3523
3524
3525
3526
3527
3528
3529
3530
3531
3532
3533
3534
3535
3537
4367
1095
1094
2749
795
794
3540
3544
3545
3546
3547
3548
3549
3550
3551
3552
3553
3554
3555
1955
112
113
3559
3560
3561
3562
3563
5325
3568
3565
1096
3855
3124
3123
2828
3073
381
1853
1101
3571
3570
3577
3576
3957
818
1147
375
3584
3585
3586
3587
3588
3589
3590
2952
3592
3593
3594
3595
3596
3597
3598
3599
3600
3601
3602
3603
3604
3605
3607
3918
3606
1109
3612
3611
3877
1112
2895
3615
872
3617
1113
3621
1115
3879
3619
801
2762
3626
3630
3629
766
3645
3630
3631
3804
2812
828
1117
3636
3813
3637
1118
3815
3643
4382
1107
3641
3644
3647
3387
1103
3652
3649
1120
3661
3572
3574
2798
3582
3843
3690
2796
835
3664
1100
3837
3840
3666
4384
1123
1953
344
1781
2741
791
789
2742
2705
3675
769
3679
3709
3678
3676
1126
3681
3680
2735
2737
3836
1124
3688
3838
3674
3673
3694
3963
3696
3699
3695
3687
2700
2672
2676
2675
2677
2679
2680
3697
3706
868
3683
1127
3707
1131
3713
3714
3715
3716
3717
3718
3719
3721
3721
761
3723
3724
345
3726
3566
718
3730
3736
1133
2734
3732
785
746
3733
1134
342
3700
2682
3702
3703
3744
4390
2890
3745
3746
2681
2681
3754
428
3750
1058
3771
930
2998
3036
1987
3758
3407
1059
3762
3763
3765
3770
3766
807
804
2772
3770
2884
3752
1135
1984
3759
931
3039
1136
3793
3782
1102
3795
3173
1845
379
445
3090
3966
1165
1137
1105
3579
1104
3803
382
3141
3991
3048
976
3579
3800
3071
3068
2846
3805
3806
3807
3808
3809
3810
3811
3812
510
510
2769
2771
3817
3818
3819
3822
1140
3822
1141
3820
3825
3826
3827
3828
3829
1143
1144
3833
3833
3834
3835
3673
3672
3691
791
3841
3543
3693
1129
2792
817
818
2793
3850
3849
3850
3851
3849
1148
3852
3854
1149
3857
3861
3859
3860
3862
3862
1151
3864
3866
3875
3865
3869
3905
1152
3871
3872
2620
717
2665
702
3867
1114
2599
704
3881
3882
3883
3884
3885
3886
3887
1154
3889
3887
3891
3892
3901
3894
3895
3896
3897
3898
2671
748
3622
1110
3903
3907
3906
3906
3908
3908
3909
3910
3911
3912
3913
3914
3915
3916
3513
3920
3920
4389
3608
3922
3923
3924
3925
3926
3927
3601
3929
3930
3931
3932
3933
3934
3935
3936
3940
3937
1161
3940
3941
3942
3943
3941
3946
3948
3945
3944
1162
3950
3951
2795
2791
3947
2791
819
2793
4376
4377
2850
3963
3669
3668
3141
3143
3141
3173
1849
3170
3142
1168
3141
2848
2849
2851
3976
3977
3978
3982
3979
1167
3982
3983
2638
732
3984
3988
3988
3986
3093
3093
3093
3144
3169
842
3996
3997
3998
3999
4000
4001
4002
4003
4004
4005
4006
4007
4008
4009
4010
4011
4012
4013
4014
4015
4016
4017
4018
4019
4020
4021
4022
4023
4024
4025
4026
4027
4028
4029
4030
4031
4032
4033
4034
4035
4036
4037
4038
4039
4040
4041
4042
4043
4044
4045
4046
4047
4048
4049
4050
4051
4052
4053
4054
4055
4056
4057
4058
4059
4060
4061
4062
4063
4064
4065
4066
4067
4068
4069
4070
4071
4072
4073
4074
4075
4076
4077
4078
4079
4080
4081
4082
4083
4084
4085
4086
4087
4088
4089
4090
4091
4092
4093
4094
4095
4096
4097
4098
4099
4100
4101
4102
4103
4104
4105
4106
4107
4108
4109
4110
4111
4112
4113
4114
4115
4116
4117
4118
4119
4120
4121
4122
4123
4124
4125
4126
4127
4128
120
2917
4131
4132
4133
4134
4135
4136
4137
4138
4139
4140
4141
4142
4143
4144
4145
4146
4147
4148
4149
4150
4151
4152
4153
4154
4155
4156
4157
4158
4159
4160
4161
4162
4163
4164
4165
4166
4167
4168
4169
4170
4171
4172
4173
4174
4175
4176
4177
4178
4179
4180
4181
4182
4183
4184
4185
4186
4187
4188
4189
4190
4191
4192
4193
4194
4197
1156
4389
1156
4199
394
4201
4202
4203
4204
4205
4206
4207
4208
4209
4210
4211
4212
4213
4214
4215
470
4217
4200
4219
4220
4221
4222
4223
4224
4225
4226
4227
4228
4229
4230
4231
2084
4232
4233
4234
4203
1255
4238
4239
4240
4241
4242
4243
4209
1258
4244
4247
4248
4249
1266
4244
4252
4253
3291
4255
4256
4257
4258
4259
4260
4261
3339
487
493
3261
4234
3466
4268
4269
4270
4271
4272
4273
4274
4275
4276
4277
4278
4279
4280
4281
4282
4283
4284
4285
4286
4287
4288
4289
4290
4291
4292
4293
4294
4295
4296
4297
4298
4299
4300
4301
4302
4303
4304
4305
4306
4307
4308
4309
4310
4311
4312
4313
4314
4315
4316
4317
4318
4319
4320
4321
4322
4323
4324
4325
4326
4327
4328
4329
4330
4331
4332
4333
4334
4335
4336
4337
4338
4339
4340
4341
4342
4343
4344
4345
4346
4347
4348
4349
4350
4351
4352
4353
4354
4355
4356
4357
4358
4359
4360
4361
4362
4363
4364
4365
4366
3977
3890
4369
3060
3061
3064
963
963
3148
2794
2794
2848
944
3842
2833
3653
2798
3650
4385
4386
4387
4388
1966
2972
4391
2952
3801
3558
2776
4396
4397
4398
4399
4400
2783
4378
3171
3173
3099
1276
4410
4409
5630
4474
4411
4412
4413
4414
4415
4419
1279
4418
4419
4420
4421
4422
4423
4424
4426
4426
1286
4428
4429
1291
4432
5612
5327
4433
4435
4436
4437
4438
4439
4440
4441
4442
4443
4444
4445
4446
4447
4448
4449
4450
4457
4452
4453
737
737
2646
4455
4458
4459
4460
4461
4462
4463
4464
4465
4466
4467
4468
4469
4470
4471
4472
1315
5487
4539
4475
1290
4431
4480
5625
4495
1321
4494
4495
4541
4496
1320
5497
518
5446
787
757
5446
1325
4542
4497
4500
1326
4535
4534
4501
4502
4503
4504
4505
4506
4507
4508
4509
4510
4511
4512
4513
4514
4515
4516
2182
4518
4519
4520
4521
4522
4523
4524
4525
4526
4527
4528
4529
4530
4531
4532
4536
2730
1347
4536
1349
4537
5425
1349
788
2740
2737
784
2434
624
4548
2434
2432
4551
4551
4551
4550
1353
4557
1301
4557
4558
4559
4560
4561
4562
676
5394
4564
4566
6122
6122
6122
6123
2581
4571
2588
2581
1365
5558
4576
4579
5550
4580
4581
4582
4583
4578
1367
1366
4584
4589
5521
4590
4591
1371
5465
1322
5463
1376
4594
5543
4643
1397
4642
4602
2804
4602
5162
4606
4607
4608
5397
4622
5400
691
2565
1381
4603
4615
4618
1381
1369
4620
2566
5396
690
5401
5526
1637
5188
4628
4630
4851
4635
1370
4634
5416
5535
5500
5498
1324
5507
5500
4886
4870
2248
2430
690
2564
690
5499
5499
5501
1650
3749
3749
756
4658
4656
4657
5321
4659
4660
4661
5235
4663
4664
4665
4666
4667
4670
4668
4670
1427
4672
4673
4674
4675
4677
5266
4677
4680
1411
4681
4682
1416
4681
4685
4686
4687
4688
4689
4690
4695
524
4691
4694
5484
4696
4697
4698
4699
4700
1426
4702
4703
4704
4705
4706
4707
4708
4709
4710
4713
202
5253
1601
4711
291
203
2364
231
2364
2365
1596
235
4746
232
204
4748
4748
4747
4730
4731
4732
4733
4734
4735
4736
4737
1437
4739
4740
4741
4742
4743
1462
4745
6020
1463
6020
4749
4750
4751
4752
276
276
282
281
1414
4758
4679
4760
4761
4762
4763
4764
4769
4766
4767
533
5471
4772
4771
5506
1482
4776
1456
4839
540
4774
4779
4780
4811
4782
4784
4784
1456
4783
4787
1456
4775
4788
2206
1459
4793
537
4778
4778
1480
4799
5205
4798
4801
4802
5515
223
223
2224
4786
1469
1468
4807
212
213
320
275
274
4816
273
4790
4819
6140
4821
4822
4823
4824
5518
4828
1419
4828
1329
4826
4503
4832
2215
4833
542
535
2396
4837
4840
4841
4830
1479
4931
1499
556
4931
4960
4960
4850
4850
4849
4850
4856
4853
1489
5185
4856
4854
4895
4894
4854
1485
4852
4857
4857
1487
4862
4862
4888
4891
1502
4894
1502
4919
4895
1500
2247
556
2247
6124
4931
4931
1499
4931
4932
4933
4931
4938
4933
4938
4938
1504
4900
1502
6120
4910
962
3115
4911
962
1400
4960
4960
1400
969
3131
956
4898
3150
4939
965
848
3121
4652
4852
4849
1486
956
3126
967
967
4919
1502
1502
4896
967
4919
6120
6120
4890
4956
1393
4936
1512
1508
4914
4913
4937
965
1511
1511
4892
6124
6124
6124
4960
4960
556
1501
4893
1504
4953
1502
4892
4639
4636
4933
4935
1394
4637
4954
4930
4954
4953
1510
1502
4927
4926
4964
4941
4972
4965
1377
1377
4595
965
847
4913
4966
4981
4968
1508
1396
4936
2572
2571
4988
5480
4989
4990
4991
4992
4993
4994
4995
4996
4997
4998
4999
5000
5001
5002
5003
5004
5005
5006
5007
5008
5009
5010
5011
5012
5013
5016
5015
5019
5017
5018
5019
5020
5021
5022
5026
5023
1551
651
651
5030
2263
5946
5032
5032
5033
5034
5035
5037
5037
5040
661
6005
5041
5044
5043
5127
2327
1555
5049
5676
5370
2457
2456
2460
5053
5054
5055
5056
5057
5058
5059
5060
5061
5062
5063
5064
5065
5066
5067
5068
5069
5070
5071
5990
5991
5990
5075
5076
5077
5078
5079
5082
5081
6017
2510
657
2339
672
2339
5088
5089
5090
5091
1554
1554
5092
5095
5096
5097
5098
5099
5100
5101
5102
5103
5104
5105
5106
5107
5108
5109
5110
5111
5112
5113
2491
2491
2491
649
5118
5119
2327
5121
2324
2324
2272
2460
653
590
2453
5129
5130
5131
5132
5133
5134
5135
5136
5087
5138
5139
5140
5141
5142
5143
5144
5145
5146
5147
5148
5149
5150
5223
5152
5153
5154
5157
5155
5166
1580
5156
5159
826
5162
5162
5164
5165
5166
5167
1357
5169
5170
5171
5172
5175
5173
5175
5174
5176
1417
3137
3131
960
967
967
4919
5186
5186
967
4849
5179
5189
5191
5192
5193
5194
5195
5196
5197
2192
526
5204
5200
1412
4678
5267
5208
1588
5207
5208
4730
297
204
4798
5213
5214
5215
5216
5217
5218
5219
5220
5221
5222
5225
1409
5201
1413
5203
1586
5229
5230
5231
5232
5233
5234
4669
1410
5240
1452
1593
5240
296
292
4724
5244
5245
5246
5247
5248
5249
5250
5251
5252
5254
5259
1600
5256
5257
5258
5258
290
290
4712
285
5264
5265
5269
1604
1460
5534
5271
5532
5272
5273
5274
609
2403
4479
5278
5279
5280
5281
5282
5283
5284
5285
5286
5287
5288
5289
5290
5291
5292
5293
5294
5295
5296
5297
5301
1613
1614
6113
1354
5305
4552
5703
5306
5307
5308
5309
5310
5311
5312
5313
5314
5315
5316
5317
5318
283
286
5321
5322
5323
5324
5325
1615
5304
5303
5328
1390
4629
4916
6118
6117
2252
1621
5340
5339
5332
5331
621
4600
1668
5714
5345
5346
5347
5348
5349
5350
5351
5352
5353
5354
5355
5356
5357
5358
5359
5360
5364
5362
5363
5277
5364
5366
1629
1629
5367
5636
5373
1632
5633
5374
4693
1422
5377
5378
5379
5382
5380
5632
1635
5385
5391
1330
4565
5388
5389
5390
5393
1636
5393
4609
1384
1638
1638
5568
5575
5398
5570
5402
5403
5418
5405
5406
4604
5409
5163
5411
5422
1640
5410
5335
1380
5335
1626
4598
6126
1627
1389
5423
5595
5594
1620
5426
1643
5428
519
2177
519
4549
5429
1350
4546
5436
5437
5438
5439
5469
5441
5438
5442
5444
5445
2737
5592
5593
5450
5454
1644
5719
5452
5434
5455
5456
5457
5449
5459
4485
4481
1318
4483
1319
4486
5466
1420
5466
5443
1647
5468
1651
5473
5474
5475
5476
5477
5478
5479
5480
5481
5482
5483
521
5485
1620
5329
5490
1653
5495
4538
1316
1348
5491
5494
1654
518
4493
5460
4490
5461
5502
5503
4688
5504
5505
2684
1583
5178
1583
5511
5509
1457
5513
4834
606
5512
5177
5519
5520
5523
5522
5527
5525
4577
4572
5527
4684
5529
5530
5531
1655
5517
1481
5537
5539
5548
1622
5552
556
1687
5727
2430
4891
4882
1658
4843
1624
5338
5337
1625
5560
5749
5748
1483
4970
1623
5408
4915
4865
4647
5562
5563
5564
5565
5566
5567
5567
5569
696
4574
4574
5573
5574
5575
5579
5576
1662
5579
1663
5581
5582
5583
5584
5585
5586
5587
5588
5589
5590
5591
5434
5451
5435
1351
4547
1352
4597
1375
4597
5709
6122
4596
5604
5605
5606
1356
4553
1355
5608
5304
5609
5613
5614
5615
5616
5619
1672
5619
5620
5623
5621
5631
1670
5626
5610
5627
5628
1292
4434
1316
4476
5622
1634
1274
4407
5638
5638
1674
5637
5641
5642
1674
5646
5639
5662
5647
5657
5649
5650
5651
5652
5653
5654
1289
4478
5381
1630
5659
5660
1669
5662
5664
5664
5665
5666
5640
1675
5667
1675
5671
5672
1317
1275
4408
5675
5369
5678
5679
5680
5681
5682
5683
603
1628
5686
5687
5688
5689
5690
5691
5691
5025
1681
5695
5736
5696
5698
5699
5700
5701
5704
5702
5704
5705
5706
5707
5708
4594
4593
5703
4596
4650
1377
1400
4650
4488
1323
5430
4931
1513
4931
1499
4931
556
4932
4959
4958
4648
1393
4651
5732
5733
5734
1688
1688
5744
5737
5739
4446
5741
5742
1307
1307
5741
1511
1511
4954
4984
4956
4636
5752
5753
5754
5755
5756
5757
5758
5759
5760
5761
5762
5763
5764
5765
5766
5767
5768
5769
5770
5771
5772
5773
5774
5775
5776
5777
5778
5779
5780
5781
5782
5783
5784
5785
5786
5787
5788
5789
5790
5791
5792
5793
5794
5795
5796
5797
5798
5799
5800
5801
5802
5803
5804
5805
5806
5807
5808
5809
5810
5811
5812
5813
5814
5815
5816
5817
5818
5819
5820
5821
5822
5823
5824
5825
5826
5827
5828
5829
5830
5831
5832
5833
5834
5835
5836
5837
5838
5839
5840
5841
5842
5843
5844
5845
5846
5847
5848
5849
5850
5851
5852
5853
5854
5855
5856
5857
5858
5859
5860
5861
5862
5863
5864
5865
5866
5867
5868
5869
5870
5871
5872
5873
5874
5875
5876
5877
5878
5879
291
4718
5882
5883
5884
5885
5886
5887
5888
5889
5890
5891
5892
5893
5894
5895
5896
5897
5898
5899
5900
5901
5902
5903
5904
5905
5906
5907
5908
5909
5910
5911
5912
5913
5914
5915
5916
5917
5918
5919
5920
5921
5922
5923
5924
5925
5926
5927
5928
5929
5930
5931
5932
5933
5934
5935
5936
5937
5938
5939
5940
5941
5942
5943
5944
5945
5947
6135
1677
1677
5950
5951
5952
5953
5954
5956
5983
5957
5958
5959
5960
5961
5962
5963
5964
5965
5966
650
2496
2499
5951
5971
5972
5973
5974
5975
5976
5977
5978
5979
5980
2484
2489
651
2498
569
5985
5986
5988
631
5953
1768
5992
5993
5994
5995
5996
5997
5959
5998
1770
6001
6001
6002
6000
5998
6006
6007
6008
6009
6010
6011
6012
6013
6014
5124
5126
671
1556
5986
5231
6021
6022
6023
6024
6025
6026
6027
6028
6029
6030
6031
6032
6033
6034
6035
6036
6037
6038
6039
6040
6041
6042
6043
6044
6045
6046
6047
6048
6049
6050
6051
6052
6053
6054
6055
6056
6057
6058
6059
6060
6061
6062
6063
6064
6065
6066
6067
6068
6069
6070
6071
6072
6073
6074
6075
6076
6077
6078
6079
6080
6081
6082
6083
6084
6085
6086
6087
6088
6089
6090
6091
6092
6093
6094
6095
6096
6097
6098
6099
6100
6101
6102
6103
6104
6105
6106
6107
6108
6109
6110
6111
6112
6113
1673
6115
1487
4858
4859
1507
1507
4937
4651
4651
4648
2255
5599
4634
5414
4601
5413
6131
6132
6133
6134
604
6136
6137
6138
1387
2372
4576
6142
6143
6144
6145
6146
678
2247
6121
4960
1502
6152
6153
5025
6154
406
2323
6158
582
4377
4960
6162
6163
6164
6166
6170
6167
6168
6169
6170
6171
6172
6173
6174
6175
6176
6177
6178
6179
6180
6181
6182
6183
1843
2576
6186
6187
6188
6189
6190
6191
847
6193
6194
6195
6196
6197
6198
6199
6200
6201
6202
6203
1064
6205
4595
6207
2794
6209
4971
6211
6212
3748
3739
3165
979
6217
6239
6219
6220
6221
6222
6223
6224
6225
6226
6227
6228
6229
6230
6231
6253
5500
4951
3113
3165
6237
6238
3994
6212
6241
6242
6243
6244
6245
6246
6247
6248
6249
6250
6251
6252
5750
6210
4951
6256
6257
6258
6259
6260
6261
6262
6263
6264
6265
6266
6267
6268
6269
6291
6192
6272
6289
6290
6275
6276
6277
6275
6279
6280
6281
6282
6283
6284
6285
6286
6287
6288
6272
6192
6269
