161
1
2
3
4
385
107
362
134
53
59
63
132
13
3005
15
80
81
75
19
20
85
2155
922
24
25
26
385
2953
2957
924
118
122
125
34
914
36
136
168
39
164
41
42
167
44
45
46
44
48
49
50
51
52
56
54
53
165
55
55
60
16
64
61
18
83
68
65
67
73
69
69
71
72
74
131
75
76
77
70
78
15
79
79
82
47
0
84
87
88
88
90
91
92
2155
94
95
96
97
98
99
100
100
102
3016
385
3016
105
3015
2957
2957
2957
362
3557
3557
8
156
119
116
9
133
58
120
10
62
123
11
66
126
128
128
130
129
34
40
40
135
136
137
135
139
140
141
142
26
144
145
146
145
5
1812
3013
169
152
153
154
163
149
157
158
166
160
138
147
1812
35
165
42
42
166
168
170
217
260
264
269
272
214
176
2210
335
187
188
236
306
1465
219
185
249
245
183
299
2389
2193
266
270
195
196
1472
214
4815
4815
211
226
230
297
310
328
2225
316
324
1472
330
323
325
324
218
218
208
333
197
197
1453
221
220
250
186
251
250
252
251
254
229
189
244
238
189
332
183
307
171
222
222
184
247
303
302
205
221
221
242
240
190
190
190
246
2195
260
2195
216
261
173
263
1473
265
4816
195
194
269
272
273
195
273
272
273
562
341
4814
562
214
4814
2210
4814
4815
319
206
335
2210
225
225
226
227
229
188
228
234
239
182
258
258
300
4806
300
205
308
336
336
207
309
2225
318
311
313
315
315
1472
315
699
264
268
4813
337
329
4813
197
325
197
206
206
4781
4767
241
315
208
173
321
330
186
4767
324
325
213
339
342
343
344
1788
346
347
1790
1085
862
105
85
353
20
0
3710
357
358
359
3003
361
103
3042
364
3029
2156
2156
25
375
3784
2844
2796
3572
2799
2796
2799
3580
375
950
375
3573
3795
2844
2844
385
26
2081
1861
389
390
1869
1910
393
394
395
396
397
398
399
400
401
402
403
404
4198
1915
3258
408
1922
1919
411
412
413
414
415
416
417
418
419
420
2152
3490
1967
1966
2597
918
2976
428
3073
1851
431
432
433
434
435
436
437
438
439
2841
375
2844
1840
1988
1988
2020
447
448
449
450
451
452
453
454
455
456
457
458
459
2046
461
462
2075
464
465
466
467
2077
469
470
471
472
473
474
3281
476
477
478
479
4250
481
482
483
484
485
486
3340
3261
3260
490
491
492
3252
4263
495
496
497
2132
499
2823
501
2908
3712
504
505
506
507
508
509
510
511
3635
513
514
515
1841
3788
518
2179
520
2181
5489
4515
2185
1604
1412
4814
2208
2193
2389
2388
2196
1647
534
535
536
537
538
176
2213
4830
542
4788
4818
196
5542
5542
4642
4598
5333
4599
4598
5341
4599
5542
6149
4644
5559
6125
4642
4642
214
5949
565
2492
2268
2266
2311
2498
563
2470
572
573
2277
2275
2526
2279
2281
2290
5021
6155
5025
2301
2306
2310
2320
5046
5092
2326
587
5126
2336
593
594
595
596
2360
598
599
600
601
305
5673
5655
2379
5509
608
6117
2405
610
5643
612
5093
614
615
616
617
4641
4642
5542
5542
2399
2399
2434
625
626
627
628
629
630
631
632
2444
634
5016
2480
5120
2321
639
640
5951
642
5983
5967
2483
2485
5984
2488
5685
2495
651
653
2271
654
2502
656
5072
658
2513
2517
6004
662
2315
2293
665
2317
5050
2460
6018
5127
5043
2525
2529
674
675
2542
677
4587
4624
5379
2371
1651
683
684
685
686
687
688
5399
2564
5396
692
693
2245
5545
2581
697
4576
4787
3236
701
2665
2667
2599
705
706
707
708
709
710
711
712
713
714
715
716
2620
718
719
3868
721
722
723
724
725
726
727
728
729
730
731
732
733
734
735
736
737
738
739
740
741
742
743
744
745
746
747
2671
750
2689
2688
2675
3670
2679
2682
2684
3686
758
759
760
761
762
763
764
765
766
767
768
2705
770
771
2715
2714
774
775
776
777
778
779
780
781
782
783
784
785
786
2737
788
2742
790
791
792
793
2749
795
796
797
798
799
800
801
377
803
804
805
806
807
808
809
810
811
812
3377
2787
815
816
2792
3957
3173
819
4383
3653
823
824
825
826
827
2809
2820
3639
831
832
2830
2828
835
836
2831
4381
3170
4373
3145
3142
3572
2796
845
444
3100
3149
849
850
851
2862
853
854
855
856
2140
3471
859
860
861
2881
863
3406
865
3624
3628
2889
2891
870
871
2896
2901
2869
875
2906
3560
3498
122
10
118
33
125
1797
1799
2940
887
1976
2998
890
2951
351
3618
63
54
156
362
2957
2953
900
3494
1077
2969
2967
2973
3041
2979
908
909
3755
3445
2936
3004
169
904
903
2983
2986
2985
2984
2155
24
922
924
925
3025
3752
3773
3032
2978
931
3044
933
2844
935
3124
3423
938
3066
940
3060
4379
966
4379
3416
3077
2799
1988
1988
1988
946
3078
945
946
3416
3127
945
1062
2844
1060
980
3125
3095
3096
3103
3570
1062
3416
1062
946
3091
3079
973
973
975
976
3783
3179
1060
980
981
973
3790
983
985
986
3186
3960
989
3167
3136
2169
993
994
995
996
997
998
999
1000
1001
1002
1003
1004
1005
1006
1007
1008
1009
1010
1011
3235
1013
1014
1015
1016
3608
3607
2040
2042
1021
1022
1023
1024
1025
4237
1027
1028
1029
1030
1031
1032
1033
1034
1035
1036
1037
1038
1039
1040
1041
1042
1043
1044
1045
3391
1047
1048
3379
3382
1051
1052
1053
1794
1055
3401
3405
1058
3407
1060
1061
1062
1063
1064
1065
1066
1067
125
2932
3443
1071
1072
57
1950
1075
3479
881
122
3482
1080
3497
3497
118
3501
3503
1086
1087
1088
1089
1090
1091
1092
1093
1094
1095
3567
1097
1098
1099
1100
3571
3781
3647
3578
1105
3582
3656
1108
3621
1110
1111
1112
3616
1114
1115
1116
1117
1118
3641
1120
1121
1122
1123
1124
1125
1126
3682
1128
1129
1130
3708
1132
1133
1134
3759
1136
3789
3799
1139
1140
1141
1142
1143
1144
1145
1146
3846
1148
3854
1150
1151
3869
1153
1154
1155
3920
1157
1158
1159
1160
1161
1162
1163
1831
3046
3046
1167
949
1169
1170
1171
1172
1173
1174
1175
1176
1177
1178
1179
1180
1181
1182
1183
1184
1185
1186
1187
1188
1189
1190
1191
1192
1193
1194
1195
1196
1197
1198
1199
1200
1201
1202
1203
1204
1205
1206
1207
1208
1209
1210
1211
1212
1213
1214
1215
1216
1217
1218
1219
1220
1221
1222
1223
1224
1225
1226
1227
1228
1229
1230
1231
1232
1233
1234
1235
1236
1237
1238
1239
1240
1241
1242
1243
1244
1245
1246
1247
1248
1249
1250
1251
1252
1253
1254
1255
1256
1257
1258
1259
1260
1261
1262
1263
2096
1265
4245
1267
1268
1269
1270
1271
1272
1273
4476
4407
5629
1277
1278
1279
1280
1281
1282
1283
1284
4423
1286
1287
1288
4430
5624
5611
1292
1293
1294
1295
1296
1297
1298
1299
1300
1301
1302
1303
1304
1305
1306
1307
1308
1309
1310
1311
1312
1313
1314
5487
4475
4477
4485
4483
4496
4495
4488
5430
4493
1325
1326
1327
1328
1329
5385
1331
1332
4508
4510
5427
4513
1337
1338
1339
1340
1341
1342
1343
1344
1345
1346
1347
1348
1349
4549
4545
1352
5587
1354
4552
5588
1357
1358
1359
5394
4563
2239
4572
5525
1365
4578
1367
1368
1369
1370
5158
1372
1373
4592
4597
4595
556
5716
5342
5414
1381
4605
1383
4612
5400
4622
4618
5572
4628
4627
6128
1392
4890
4933
4937
4899
5334
4600
4646
4886
1401
4657
5323
1404
1405
1406
1407
1408
1409
1410
5214
1411
1413
5215
1415
5175
5174
5387
4687
4689
5390
4692
4693
1424
4702
4701
1427
1428
4710
4719
226
232
235
298
297
4736
4740
4742
2392
4797
2394
4752
5439
236
225
335
4815
4815
2210
1450
5253
2361
682
533
1482
4839
4774
4775
1459
4793
4796
4743
5212
1464
4766
337
337
4784
1455
4785
1453
1472
266
195
270
211
5529
1478
4827
4777
1481
4842
4962
1658
4850
4630
1485
1489
5186
558
4915
5560
4873
5183
4598
608
608
2399
1493
4873
5183
5183
4873
5183
1658
5180
4893
1501
1390
5182
4873
1500
4895
4966
4966
4963
4967
1658
5179
5180
5181
1514
5546
1523
4971
4980
4973
1518
4926
3135
1531
4950
2571
1534
1535
1536
1537
1538
1539
1540
1541
5004
1543
1544
1545
1546
1547
2299
5013
5023
5026
5031
1553
5369
5370
2454
2458
1558
1559
1560
1561
1562
5070
5991
5119
5089
1567
1568
2298
5950
1571
1572
1573
1574
1575
1576
1577
1578
1579
1580
1581
2192
5177
1584
1585
1586
297
4798
5207
1590
1591
188
4728
1594
4718
4725
230
5245
1599
305
211
226
1603
1460
1605
1606
1607
1608
1609
1610
1611
1612
1613
1614
1615
1616
1617
1618
275
1620
1389
5539
5409
5337
5338
1626
5343
1628
5382
5380
1631
5634
5469
5383
5623
1636
5571
5568
1639
1640
1641
5594
1643
5433
5434
5437
5444
1648
5599
5461
5467
1652
5496
1654
1655
5513
1657
5555
5556
1660
1661
1662
1663
5590
5591
1666
1667
5344
5605
5609
1671
1672
5661
1674
1675
1676
5675
1678
1679
1680
1681
1682
1683
1684
2231
4962
1483
1688
5746
1690
1691
1692
1693
1694
1695
1696
1697
1698
1699
1700
1701
1702
1703
1704
1705
1706
1707
1708
1709
1710
1711
1712
1713
1714
1715
1716
1717
1718
1719
1720
1721
1722
1723
1724
1725
1726
1727
1728
1729
1730
1731
1732
1733
1734
1735
1736
1737
1738
1739
1740
1741
1742
1743
1744
1745
1746
1747
1748
1749
1750
1751
1752
1753
1754
1755
1756
1757
1758
1759
1760
1761
1762
1763
1764
1765
1766
1767
1768
1769
1770
1771
1772
1773
1774
1775
1776
5989
1778
6000
1780
1782
1782
1783
1784
1787
1785
1787
1788
1786
345
346
3506
3505
3439
1793
3507
44
1977
84
0
44
1802
1802
1804
1805
1806
1807
1808
1809
1810
5
5
169
3684
103
365
1816
1818
3043
2153
2153
2155
2153
2156
375
375
1840
375
2796
375
2799
2798
2798
2799
2799
2799
2799
2799
3580
2799
517
3784
517
1840
371
371
2842
371
1989
1102
1102
3795
3574
3574
375
375
375
2844
1860
4195
387
1860
1863
1864
1865
4266
1867
3237
392
3238
1013
1872
1872
1874
3259
1876
1877
1878
1877
1880
1881
1882
1883
1884
1885
1886
1887
1888
1889
1890
1891
1892
1893
1894
1895
1896
1897
1898
1899
1900
1901
1902
1903
1904
1905
1906
1907
1908
1909
405
1909
1912
3255
1915
3255
1920
1921
1917
408
1921
3304
407
1924
4262
1925
1926
1927
1928
1929
1931
1931
1930
412
1934
1935
1936
1937
1938
1939
1940
1941
1942
1943
1944
1945
4129
4129
3498
2920
3479
1951
1952
1951
3020
4394
114
3020
2150
1959
3562
1961
1955
898
425
1964
425
425
144
3744
39
142
99
427
2989
1973
2990
1823
1978
88
910
3756
3774
1980
2996
1985
1986
1987
381
1854
381
4372
1992
1993
1994
1992
1996
1997
1998
1999
2000
2001
2002
2003
2004
2005
2006
2007
2008
2009
375
375
375
2841
375
375
371
371
1988
1953
2020
2021
2022
2023
2024
2025
2026
2027
2028
2029
2030
2031
2032
2033
2034
2035
2036
2037
2038
2039
2041
3338
460
2040
409
1911
406
2045
2048
2049
2050
2051
2052
2053
2054
2055
2056
2057
2058
2059
2060
2061
2062
2063
2064
2065
2066
2067
2068
2069
2070
2071
2072
2073
467
467
2074
2077
2078
2079
2078
424
2082
2083
2084
2085
2086
2087
2088
2089
2090
2091
2092
2093
2094
2095
453
2097
2097
2099
2100
2101
2102
2103
2104
2090
2106
2107
2108
2109
2110
2113
2112
4254
2114
2115
2116
2117
2118
2121
2120
3251
490
1879
2124
2125
2126
2127
2128
2129
2128
4401
2135
2133
500
2135
2136
2137
2138
2139
2140
2141
2142
2143
2144
2145
2146
2147
2148
351
362
2953
362
2154
24
97
920
2157
2158
2157
2160
2161
2162
2163
2164
2165
2166
2167
2168
516
1843
2172
3107
2174
3788
983
2174
2180
2178
2179
2180
2183
522
5488
2183
2184
523
2184
5270
5267
5530
2188
5204
531
2195
2388
531
2193
2199
2395
2200
2198
2202
2203
2204
2205
2206
341
562
337
341
176
541
4830
541
2212
2384
194
270
4790
543
315
272
315
1472
4771
5542
5542
5542
5542
4642
4598
4642
559
4600
4598
5542
4598
4599
4599
4599
4598
5542
5542
695
5542
2400
2233
2398
2400
4641
6125
1622
5334
6125
5560
4642
4642
4642
4642
5946
5946
2492
5946
2267
2264
2489
5986
591
5030
569
5030
5029
2275
2273
2275
638
2276
576
6017
2278
5087
2285
2283
2284
2351
2288
2287
6168
2337
592
2292
6163
673
2291
2295
2299
2296
581
6159
580
2300
1552
2302
2307
2305
2306
5988
2265
2308
2481
566
2313
2316
2312
2519
2318
568
2318
5048
5048
563
5949
5048
5048
5046
2331
2329
2331
587
5047
5047
5047
2335
2333
5124
669
667
2527
2338
2276
5050
2342
2343
2344
2345
2346
2347
2348
2349
2350
2351
2521
2353
2354
2355
2356
2357
2358
2359
664
1592
1592
235
4717
4716
2366
2366
2368
334
334
275
322
305
5318
2375
2374
1449
327
604
5656
604
2380
4789
4788
1457
2385
544
544
1473
2393
2390
1461
4795
1440
2397
606
5528
6118
4859
2254
5554
611
2402
5645
5644
2406
5677
2408
2409
2410
2411
2412
2413
2414
2415
2416
2417
2418
2419
4642
4642
4642
4642
5542
5542
552
4641
5542
2400
2399
2400
2367
2367
601
2435
2436
2437
2438
2439
2440
2441
2442
2443
2444
2445
5981
2443
2449
5120
5951
2451
2448
586
586
5123
2459
2321
2322
2320
570
2461
2462
2463
2464
2465
2466
2467
2468
2470
5970
2471
2472
2473
2474
1549
2476
2477
2481
2478
645
5982
2486
644
2482
643
5968
647
647
2490
5969
2382
605
2494
2382
2495
2497
2491
564
2495
655
2500
5070
2500
2503
2505
2506
2507
2508
2509
2509
2515
2511
660
2515
2501
2516
1563
1552
5031
2303
2522
2523
2530
2530
670
2528
5128
5044
2278
2279
578
2532
2533
2534
675
6147
2535
2538
2540
4625
2539
6147
2543
2544
2545
2546
2547
2548
2549
2550
2551
2552
2553
2554
4814
4814
2210
4815
195
195
195
4788
2566
689
2566
5396
2567
2568
2569
2570
694
621
2572
2244
2578
2578
5546
5545
2579
2580
2581
2582
2583
2584
2585
2586
2587
2588
2589
2590
2591
2592
2593
3236
2596
2664
703
2595
702
2600
2601
2602
2603
2604
2605
2606
2607
2608
2609
2610
2611
2612
2613
2614
2615
2616
2617
2618
2619
2620
2621
719
2622
2624
2625
2626
2627
2628
2629
2630
2631
2632
2633
2634
2635
2636
2637
2638
2639
2640
2641
2642
2643
2644
2645
2646
2647
2648
2649
2650
2651
2652
2653
2654
2655
2656
2657
2658
2659
2660
2661
2662
2663
2664
2665
2666
2667
2623
2669
2670
717
2674
750
2686
751
2674
2678
3738
753
2677
3685
2673
2681
3686
2736
2687
2687
342
758
2690
2691
2692
2693
2694
2695
2696
2697
2698
2699
2700
2701
2702
2703
2704
2703
2703
2707
2708
2709
2710
2708
2702
2712
764
767
2716
2717
2718
2719
2720
2721
2722
2723
2724
2725
2726
2727
2728
2729
2730
2731
2732
2733
2734
2735
2735
2737
2738
2739
2740
2743
446
2743
2744
2745
2746
2747
2748
2749
2750
2751
2752
2753
2754
2755
2756
2757
2758
2759
2760
2761
2763
2134
3580
3580
1840
3580
2768
2769
2770
2771
2772
2773
2774
2775
2776
2777
2778
2779
2780
2781
2782
2783
2784
2785
2790
813
2788
2789
3764
4376
988
4378
846
2791
3583
4383
821
3583
2800
2801
2802
2803
2804
2805
2806
2807
830
829
2822
2824
2808
2813
2814
2815
2816
2817
2818
2819
512
2159
3638
2823
3640
2825
2826
2826
2828
2829
2830
2831
2832
2834
2834
2835
3171
952
4374
3144
3143
2798
2798
2796
2797
2845
2846
2847
3143
3142
1849
3094
957
3101
3148
3102
2856
2857
2858
2859
2860
2861
853
2863
2864
2865
2866
2867
2868
2869
3472
2870
2872
2873
2874
2875
2876
2877
2878
2879
2880
2881
2884
2883
3771
864
2886
2888
3627
867
2887
866
2893
3725
2894
2892
348
2897
2898
2899
2900
504
2902
2900
2904
2904
505
2911
877
2909
2910
2911
119
155
116
9
134
58
120
10
55
120
122
3498
61
62
11
61
123
125
123
66
126
0
66
1798
1798
1977
1798
1798
2940
1799
367
2943
2940
2936
2940
123
3477
3445
893
893
2953
893
2957
362
2957
103
2960
875
2960
2961
2962
3492
3500
2965
2970
356
2970
503
3711
2974
2971
932
3747
2979
2985
2979
363
3041
2966
2967
2968
2969
2985
3041
905
2985
2985
906
906
906
2992
2993
2994
2995
2977
907
930
352
884
352
1983
889
3004
41
2983
41
2984
2984
2984
2986
154
169
42
3684
3016
96
100
906
3022
3022
163
3026
3024
927
3772
928
3031
3028
3028
3031
869
3033
3034
1817
3036
3035
3038
3039
3040
3042
3043
3029
929
934
934
2844
933
375
3784
3051
936
3422
3054
3055
3058
935
3058
940
939
3062
3069
3061
1851
3067
3071
3123
3802
3070
3802
3570
381
3574
3075
3420
945
3077
3063
3079
2799
2799
2799
2796
843
843
1988
843
371
371
1988
1991
1991
3078
1991
3076
3076
946
945
945
3416
955
945
3416
1062
375
375
1842
3784
3412
3412
3179
3412
1060
3099
3127
3099
3095
3102
4373
953
3103
3123
3569
834
3416
1062
3416
3416
3416
3416
1062
945
946
945
3413
3413
3414
3079
3079
3079
3091
3091
429
951
951
3093
3095
3096
953
3125
3151
946
3153
2799
2799
2799
1840
375
1840
375
2844
3181
3181
973
3181
3415
946
3093
3094
1991
3079
3094
3090
3174
3175
3176
3177
3178
3179
3180
980
3182
3183
3184
3185
3105
3188
384
6235
3134
3136
6235
3193
3194
3195
6236
3166
6236
2176
2176
3201
3202
3203
3204
3205
3206
3207
3208
3209
3210
3211
3212
3213
3214
3215
3216
3217
3218
3219
3220
3221
3222
3223
3224
3225
3226
3227
3228
3229
3230
3231
3232
3235
3235
471
3329
3238
1862
1862
3232
3241
3242
3243
3244
3245
3246
3249
3248
4251
3250
3251
3252
3253
3254
3256
3606
1018
1017
2043
2042
1019
3264
3263
3264
3265
3266
3267
3268
3269
3270
3271
3272
3273
3274
3275
3276
3277
3278
3279
3280
4236
4237
3283
4236
3285
3286
3287
3288
3289
3290
3291
2098
475
3294
3295
3296
492
3297
3299
3300
3301
3302
3303
3306
435
3921
3307
3308
3309
3310
3311
3312
3313
3314
3315
3316
3317
3318
3319
3320
3321
3322
3323
3324
3325
3326
3327
3328
469
2086
3332
2080
3333
3334
3335
3336
1914
1914
2047
391
3339
1918
3343
3344
3345
3346
3347
3348
3349
3351
4265
3352
3353
3354
3355
3356
3357
3358
3359
3360
3361
3362
3363
3364
3365
3366
3367
3368
3369
3370
3371
3372
3373
3374
3375
3378
3377
3378
1048
3376
3380
1049
3381
3384
3385
3386
3387
3388
3383
3390
1050
3392
3393
3394
3395
3396
3397
3398
3399
3400
3403
3402
3406
3403
1058
3754
1058
3407
3409
3410
3411
3412
3413
3414
3413
3416
3417
3418
3419
3420
3421
2827
833
3424
3425
3426
3427
3428
3429
3430
3431
3435
3433
3434
3436
3438
3437
2880
862
3440
884
885
2939
3445
66
11
126
352
3449
3450
3451
3452
3453
3454
3455
3456
3457
3458
3459
3460
3471
3462
2871
3464
3466
2930
1074
3468
3469
3470
3472
857
1947
1949
1073
878
61
123
10
2903
3480
873
3483
3484
3485
3486
3487
3488
3496
3497
3496
3495
2914
1956
3496
134
155
54
116
2905
876
3502
3503
3504
3502
3505
1085
3508
4385
1795
3511
3512
3513
3514
3515
3516
3517
3518
3519
3520
3521
3522
3523
3524
3525
3526
3527
3528
3529
3530
3531
3532
3533
3534
3535
3536
3537
3538
3539
3540
3541
1096
3543
3544
3545
3546
3547
3548
3549
3550
3551
3552
3553
3554
3555
4394
3022
3557
3559
3560
3559
3561
3563
3564
3565
3566
3567
1096
3571
1101
835
822
3654
3573
3575
3660
3575
3793
3579
1107
3582
3657
3659
3584
3585
3586
3587
3588
3589
3590
2950
3592
3593
3594
3595
3596
3597
3598
3599
3600
3601
3602
3603
3604
3605
3609
1109
1110
3609
3610
3611
3612
3613
2895
3615
872
3617
1113
3619
3620
1115
3622
3623
3624
3625
3626
3627
3628
3629
3630
3631
3632
2812
3634
3635
3636
3637
3637
1118
3640
3644
3642
3641
3644
3645
3646
3647
3648
3649
3650
3651
3652
838
2833
4382
3643
3657
772
3643
3660
3661
3662
3663
3664
3665
3666
3667
2021
3668
3670
3671
3672
3673
3674
1791
3676
769
3679
3709
3678
3676
3682
3681
3680
2736
787
3687
3688
3689
3690
3691
3692
3952
817
3696
3699
3697
2713
2706
2672
3700
752
2680
3704
3742
3706
3706
868
3683
1127
3707
1131
3713
3714
3715
3716
3717
3718
3719
3720
3721
3625
3723
3724
2711
3726
3727
3728
3729
3730
3731
3732
3733
3734
3735
3736
3737
1784
2837
2838
839
2851
4390
4390
2890
3745
3746
3119
3118
3750
3751
1135
3750
3754
907
3755
3037
3758
931
3753
3760
3762
3763
3764
3765
3766
3767
3768
3769
3770
3771
3775
3775
3774
3776
3777
3777
3778
3779
2832
837
3780
3784
3788
1137
2798
3572
3788
3798
1138
3791
3792
3793
1136
3782
3796
3797
3798
3799
3800
3801
3577
1104
3804
3805
3806
3807
3808
3809
3810
3811
3812
3813
3814
3815
3816
3817
3818
3819
3820
3821
3822
3823
3824
3825
3826
3827
3828
3832
1143
3831
3832
3833
3834
3835
3836
3837
3838
3839
3840
3841
3843
4380
1106
3844
3581
3581
3848
3849
3850
3851
2748
3852
794
3542
3855
3857
3858
3859
3860
3861
3862
3863
3864
3865
3866
3867
3856
1149
3868
3871
3872
3873
3873
3875
3875
3877
3878
3876
3879
3881
3882
3883
3884
3885
3886
3888
3905
3889
1152
3891
3892
3893
3894
3895
3896
3897
3898
3874
3899
3901
3902
3903
3904
3853
3906
3907
3908
3909
3910
3911
3912
3913
3914
3915
3916
3917
3880
3918
704
3921
3922
3923
3924
3925
3926
3927
3928
3929
3930
3931
3932
3933
3934
3935
3936
3937
3938
3939
3940
3941
3942
3943
3944
3945
3946
3947
3948
3949
3950
3951
1147
3847
3954
2767
3958
377
1840
1840
844
3961
3962
3669
3787
1988
934
2844
934
933
3785
3785
3796
3085
3088
948
3976
3977
3978
3979
3980
3981
3982
3983
3984
3985
3986
3987
3988
3989
3151
3153
3153
933
3139
3139
3996
3997
3998
3999
4000
4001
4002
4003
4004
4005
4006
4007
4008
4009
4010
4011
4012
4013
4014
4015
4016
4017
4018
4019
4020
4021
4022
4023
4024
4025
4026
4027
4028
4029
4030
4031
4032
4033
4034
4035
4036
4037
4038
4039
4040
4041
4042
4043
4044
4045
4046
4047
4048
4049
4050
4051
4052
4053
4054
4055
4056
4057
4058
4059
4060
4061
4062
4063
4064
4065
4066
4067
4068
4069
4070
4071
4072
4073
4074
4075
4076
4077
4078
4079
4080
4081
4082
4083
4084
4085
4086
4087
4088
4089
4090
4091
4092
4093
4094
4095
4096
4097
4098
4099
4100
4101
4102
4103
4104
4105
4106
4107
4108
4109
4110
4111
4112
4113
4114
4115
4116
4117
4118
4119
4120
4121
4122
4123
4124
4125
4126
4127
4128
58
120
4131
4132
4133
4134
4135
4136
4137
4138
4139
4140
4141
4142
4143
4144
4145
4146
4147
4148
4149
4150
4151
4152
4153
4154
4155
4156
4157
4158
4159
4160
4161
4162
4163
4164
4165
4166
4167
4168
4169
4170
4171
4172
4173
4174
4175
4176
4177
4178
4179
4180
4181
4182
4183
4184
4185
4186
4187
4188
4189
4190
4191
4192
4193
4194
4197
3919
4389
3919
4199
4200
4201
4202
4203
4204
4205
4206
4207
4208
4209
4210
4211
4212
4213
4214
4215
2084
4217
4218
4219
4220
4221
4222
4223
4224
4225
4226
4227
4228
4229
4230
4231
1013
1871
4234
4234
4203
1255
4238
4239
4240
4241
4242
4243
4209
4245
4244
4247
4248
4249
1266
4246
4252
4253
4254
4255
4256
4257
4258
4259
4260
4261
3341
487
4264
3343
4235
2924
4268
4269
4270
4271
4272
4273
4274
4275
4276
4277
4278
4279
4280
4281
4282
4283
4284
4285
4286
4287
4288
4289
4290
4291
4292
4293
4294
4295
4296
4297
4298
4299
4300
4301
4302
4303
4304
4305
4306
4307
4308
4309
4310
4311
4312
4313
4314
4315
4316
4317
4318
4319
4320
4321
4322
4323
4324
4325
4326
4327
4328
4329
4330
4331
4332
4333
4334
4335
4336
4337
4338
4339
4340
4341
4342
4343
4344
4345
4346
4347
4348
4349
4350
4351
4352
4353
4354
4355
4356
4357
4358
4359
4360
4361
4362
4363
4364
4365
4366
4367
4368
4369
3068
4379
3574
3076
3076
3076
1846
3088
1829
1102
4380
4381
3642
1119
4384
886
4386
4387
4388
2598
2972
4391
2151
4393
3022
4395
4396
4397
4398
4399
4400
4401
2799
3079
375
3415
1276
1274
4406
5630
4474
4411
4412
4413
4414
4415
4416
4417
4418
4419
4420
4421
4422
4423
4424
4425
4426
4427
4428
4429
1291
4432
5612
4433
4433
4435
4436
4437
4438
4439
4440
4441
4442
4443
4444
4445
4446
4447
4448
4449
4450
4451
4452
4453
4454
4455
4456
4457
4458
4459
4460
4461
4462
4463
4464
4465
4466
4467
4468
4469
4470
4471
4472
4474
5629
1315
4473
1290
4431
609
5625
4484
4481
1320
4494
1321
4489
4486
1323
5497
5446
5446
4490
1318
4494
4495
4496
4497
4498
4499
4500
4501
4502
4503
5482
4505
4507
4507
4508
4506
1331
4512
5426
1334
4511
1335
2182
2182
4518
4519
4520
4521
4522
4523
4524
4525
4526
4527
4528
4529
4530
4531
4532
4533
4534
4535
4536
4539
4537
5486
1349
4541
4542
4541
4544
4548
4545
1352
5711
624
4554
1353
4552
4550
5585
4555
4556
4557
4558
4559
4560
4561
4562
2537
676
676
4566
4599
5341
2239
4599
4573
1364
6141
4571
4575
4576
4575
1367
4579
4580
4581
4582
4583
4585
4585
4584
1370
4588
4589
4590
4591
1371
6122
4593
1400
6124
5714
1379
5342
4601
5415
4602
4603
4604
4605
4606
4607
4608
4626
4611
4626
5400
4622
4614
4615
4616
4614
1381
4619
4620
691
5397
2565
4625
5524
5401
2830
836
4628
2830
4631
4632
4633
4634
4635
6120
1499
4938
4899
6119
5333
5333
4600
5333
2565
690
4645
4957
4888
2430
4932
4897
3104
3150
4655
4655
1403
4658
4659
4660
4661
4662
4663
4664
4665
4666
4667
4669
4669
4668
4671
4672
1402
4674
4675
4680
1411
4680
1414
5213
4681
4682
5173
1417
4685
4690
1418
4686
1421
5388
4691
524
1422
4691
2187
4696
4697
4698
4670
4699
1427
684
2544
4704
4703
5353
4706
5377
1442
681
227
226
227
335
225
229
188
228
229
1592
226
235
234
182
189
239
295
295
297
258
258
171
4734
4735
4741
1438
4739
4737
2391
1439
2386
1656
2391
4743
1441
5211
5212
1435
5445
4815
5441
5441
4814
4814
4815
4814
4757
4758
4759
1426
4761
1430
4763
4764
5471
5472
4769
5470
5468
5506
4772
5505
4842
540
4776
4840
540
4777
4765
4766
4765
4768
4839
4839
4839
4784
4773
4776
4775
4775
4791
4791
1464
4794
4778
4778
1480
1437
4744
192
4801
4802
4803
4767
220
1453
4784
1455
1456
4783
323
325
337
562
562
269
273
4788
319
322
319
4822
4823
4824
4825
4828
1419
4828
4826
4826
4831
4832
2215
4833
4835
4836
4837
4838
4840
4841
4830
1479
5554
1483
4642
5554
4642
1658
937
938
833
4851
4856
4856
5186
5185
1485
1487
1492
4854
4864
1486
1390
4852
1509
1509
4916
5332
2251
2252
1494
4871
5184
5187
1488
4872
4598
4598
4598
4599
4869
4869
608
5554
4869
2399
4869
4875
4875
4873
4875
1494
5183
1494
4873
1494
1062
1062
5183
967
5542
5542
1658
5540
1060
1060
1060
5180
967
4919
4918
958
958
1501
1390
4630
4629
1062
1062
1062
1062
5183
5184
5184
4873
3414
5182
4872
4872
1493
6149
4891
4895
2399
4892
4892
4893
1502
4918
4940
4941
6151
4599
4599
5542
5542
4642
4642
1520
1520
4966
1514
5184
6151
4896
4890
4875
1493
4888
1498
4961
4962
1517
4965
4968
1520
1521
5179
4972
4969
1526
4979
4946
561
4974
6235
3137
6235
4981
1531
4981
4927
4927
6255
695
4985
4987
4988
4989
4990
4991
4992
4993
4994
4995
4996
4997
4998
4999
5000
5001
5002
5003
5004
5005
5006
5007
5008
5009
5010
5011
5012
2297
2297
1569
1548
5014
5018
646
2447
633
5032
5026
5023
1551
651
651
5030
2263
2263
5032
585
5033
5034
5035
5036
5037
5040
5039
6005
5041
589
5045
2328
2327
1555
5049
5676
5367
638
2456
2460
5053
5054
5055
5056
5057
5058
5059
5060
5061
5062
5063
5064
5065
5066
5067
5068
5069
2452
5043
5990
5991
5990
5075
5076
5077
5078
5079
5082
5080
6017
5083
5084
2339
672
2339
5090
1565
2314
5090
1554
5369
5092
5095
5096
5097
5098
5099
5100
5101
5102
5103
5104
5105
5108
5107
5112
5109
5110
585
5113
5113
2491
2491
2491
649
2314
663
2327
5094
5046
2324
2272
2460
653
590
2453
5129
5130
5131
5132
5133
5134
5135
5136
592
579
5091
5140
5141
5142
5143
5144
5145
5146
5147
5148
5149
5150
5151
5152
5153
5154
5157
5155
5157
5158
5156
5159
5161
3388
5162
5160
5165
5166
5167
5168
5169
5170
5171
5172
1057
3408
1056
1059
1059
5176
3410
1060
5181
3414
1062
5182
3419
1063
3421
833
5189
5190
5191
5192
5193
5194
5195
1578
5197
5199
5200
5202
5201
4678
5203
4677
4744
4800
4745
1462
171
258
239
192
5208
1589
1588
5216
5217
5218
5219
5220
5221
5222
5223
5224
5225
5226
5227
5228
5229
4746
4747
5232
5233
5234
5235
5236
4717
4718
4723
4722
234
188
182
4700
1425
5246
2363
5248
5249
5250
5251
5252
227
227
305
5262
305
5262
227
211
227
226
335
4705
5265
5268
5268
5272
1460
5266
5269
5273
6131
5274
2403
5276
4479
5278
5279
5280
5281
5282
5283
5284
5285
5286
5287
5288
5289
5290
5291
5292
5293
5294
5295
5296
5297
5298
5299
5300
5301
5302
5303
5302
5305
5306
5307
5308
5309
5310
5311
5312
5313
5314
5315
5316
5317
327
319
2210
5321
5322
1429
5324
5325
5326
5327
5328
5329
4629
1389
4629
1380
1622
5416
5340
1623
5336
5331
5163
1626
5342
1626
5341
5348
5346
5347
5354
5349
5350
4752
277
1443
4707
5355
5356
5357
5358
5359
5360
5361
5362
5363
5277
603
5366
5368
5382
5368
1629
5373
5372
5633
5374
5376
1422
1633
5379
5440
1635
5380
5632
5383
4565
1360
5384
1361
5389
5389
1333
5392
5561
5393
679
4610
5398
5398
5570
1638
1637
5571
5402
5403
5404
5405
5406
4604
5407
1382
5410
5411
5412
5413
5415
6129
5416
5417
5418
5419
5420
5163
5422
5595
5424
5425
5428
5427
5428
2433
2178
5429
4546
1350
5433
4546
4514
1336
5436
5440
5443
4768
5438
5442
1646
562
4543
5447
5448
5449
5450
5451
5452
5709
5454
5457
5455
5459
5458
4509
4482
1319
5460
4487
5464
1322
5456
1420
5466
5443
5444
5466
1651
5473
5474
5475
5476
5477
5478
5479
5480
5481
5386
5483
521
5485
5486
5487
5490
1653
5495
5491
5492
5493
5494
5495
5496
5497
4955
1393
4914
4649
4771
4770
4688
5504
5505
4912
5508
1583
5518
5511
5512
1457
4796
4834
5516
5517
3761
5519
5520
5521
5522
5523
4586
1366
1364
5527
5178
5530
5532
5514
5533
5534
4792
5535
5536
5537
5538
5539
5547
5554
5547
5333
5334
5547
1659
5555
5548
5549
5550
5549
5551
5554
1516
4970
1525
5408
1387
5330
1625
5561
5562
5563
5564
5565
5566
5567
696
5569
4574
1363
4572
5573
5574
5575
5576
5577
5578
5579
5580
5581
5582
5583
5584
5586
5589
1665
1664
5589
5590
5591
5592
5598
1645
5595
5596
5597
5601
5600
5344
6126
5344
553
5606
1285
5620
5604
4553
1355
5607
5304
5611
5613
5614
5615
5616
5617
5618
5619
5620
5621
5621
5623
1670
5626
5610
5627
5628
1292
4434
5631
5631
5622
1634
1274
5635
5637
5638
5639
5640
5641
5642
5646
1673
5645
5661
5647
5648
5649
5650
5651
5652
5653
5654
1289
4478
5381
1630
5659
5660
1669
5662
5663
5664
5665
5666
5667
5668
5669
5670
5671
5672
1317
5636
1275
5674
1630
5678
5679
5680
5681
5682
5683
603
1628
5686
5687
5688
5689
5690
5691
5691
5025
5694
5695
5696
5697
5698
5699
5700
5701
5702
5702
5704
5705
5706
5707
5708
5603
4568
5703
2238
2239
2423
552
2234
5717
5719
5431
4869
2399
5554
1483
5554
4642
5554
5553
4962
5722
5723
5726
5732
5733
5734
5735
5736
5737
5738
5739
5740
5741
5742
5743
5744
5745
4940
4941
4941
4941
4844
1515
5752
5753
5754
5755
5756
5757
5758
5759
5760
5761
5762
5763
5764
5765
5766
5767
5768
5769
5770
5771
5772
5773
5774
5775
5776
5777
5778
5779
5780
5781
5782
5783
5784
5785
5786
5787
5788
5789
5790
5791
5792
5793
5794
5795
5796
5797
5798
5799
5800
5801
5802
5803
5804
5805
5806
5807
5808
5809
5810
5811
5812
5813
5814
5815
5816
5817
5818
5819
5820
5821
5822
5823
5824
5825
5826
5827
5828
5829
5830
5831
5832
5833
5834
5835
5836
5837
5838
5839
5840
5841
5842
5843
5844
5845
5846
5847
5848
5849
5850
5851
5852
5853
5854
5855
5856
5857
5858
5859
5860
5861
5862
5863
5864
5865
5866
5867
5868
5869
5870
5871
5872
5873
5874
5875
5876
5877
5878
5879
229
228
5882
5883
5884
5885
5886
5887
5888
5889
5890
5891
5892
5893
5894
5895
5896
5897
5898
5899
5900
5901
5902
5903
5904
5905
5906
5907
5908
5909
5910
5911
5912
5913
5914
5915
5916
5917
5918
5919
5920
5921
5922
5923
5924
5925
5926
5927
5928
5929
5930
5931
5932
5933
5934
5935
5936
5937
5938
5939
5940
5941
5942
5943
5944
5945
5947
6135
1677
5676
5950
5951
5952
5953
5954
5956
5983
5024
5958
5959
5960
5961
5962
5963
5964
5965
5966
650
2496
2499
5951
5971
5972
5973
5974
5975
5976
5977
5978
5979
5980
2484
2489
651
2498
569
5985
5985
2462
631
5953
1768
5992
5993
5994
5995
5996
5997
5959
5998
6000
6001
6002
6003
1779
5999
6006
6007
5081
6009
2520
6010
6012
6013
6014
5124
5126
671
2456
5986
1435
6021
6022
6023
6024
6025
6026
6027
6028
6029
6030
6031
6032
6033
6034
6035
6036
6037
6038
6039
6040
6041
6042
6043
6044
6045
6046
6047
6048
6049
6050
6051
6052
6053
6054
6055
6056
6057
6058
6059
6060
6061
6062
6063
6064
6065
6066
6067
6068
6069
6070
6071
6072
6073
6074
6075
6076
6077
6078
6079
6080
6081
6082
6083
6084
6085
6086
6087
6088
6089
6090
6091
6092
6093
6094
6095
6096
6097
6098
6099
6100
6101
6102
6103
6104
6105
6106
6107
6108
6109
6110
6111
6112
6113
1673
4424
1491
558
6125
1494
1494
1502
2249
4887
4882
5552
6126
6127
6128
5418
6130
6131
6132
6133
6134
4408
4770
6137
274
1387
322
6141
6142
6143
6144
6145
6146
6147
4598
4875
4642
5184
6152
6153
5025
582
1914
2323
6158
582
1840
4641
6162
6163
6164
6165
6166
6167
6168
6169
6170
2334
6172
6173
6174
6175
6176
6177
6178
6179
6180
6181
2571
2169
983
1523
6186
6187
6188
6189
6190
6191
3135
6193
6194
6195
6196
6197
6198
6199
6200
6201
6202
6203
6197
6205
1518
6207
3960
6209
4971
6211
6211
3189
3197
6236
6235
6217
6218
6219
6220
6221
6222
6261
6277
6258
6226
6227
6288
6229
6230
6231
6232
4978
6255
3410
3175
6237
6197
3797
6211
6241
6242
6243
6244
6245
6246
6247
6248
6249
6250
6251
6252
6253
6209
4964
6256
6257
6258
6259
6260
6261
6262
6263
6264
6265
6266
6267
6268
6270
6232
6274
6273
6218
6274
6278
6261
6276
6278
6279
6280
6281
6282
6283
6284
6258
6286
6287
6285
6273
6274
6270
