884
96
101
25
25
3678
2951
2951
2152
117
1078
2929
67
903
41
157
54
10
2926
19
1822
1799
907
907
2976
368
503
3678
3617
3592
898
3499
1078
1068
139
3684
142
3011
2967
2969
6
2966
2966
2966
147
3
37
162
2969
2968
2969
2969
503
134
2916
119
134
4129
31
880
1073
2930
2930
883
62
2931
2932
0
65
14
72
14
2980
63
131
61
48
50
15
60
158
59
59
61
1798
1797
91
1822
24
97
24
101
101
907
101
101
101
2976
25
25
25
25
25
3618
3678
3618
3617
893
3617
3617
3592
2951
891
891
898
891
3558
3558
30
3497
4130
1083
1078
3478
3478
882
3448
352
2983
130
2983
34
137
896
109
3743
918
4390
36
2971
2971
142
1971
2969
142
2984
102
3009
3680
893
904
2967
503
503
2966
2950
2950
170
151
2966
142
136
98
2953
105
35
2966
2966
2967
2967
2967
2197
173
269
2222
272
1443
5353
5353
4753
5253
293
296
236
219
329
206
304
1432
4724
252
261
192
2559
1474
4817
545
1472
5379
680
680
1448
1476
2364
1587
300
277
331
208
5445
197
280
562
562
4815
216
2193
215
317
4779
4767
220
4781
1466
179
326
287
4714
202
4719
293
1430
203
292
4728
1597
1435
182
4732
4729
328
209
241
330
232
4725
233
185
242
225
335
226
228
1592
181
255
260
257
192
265
264
195
194
1474
2222
1474
1474
4817
272
4817
1474
545
2223
545
5378
4751
5353
5378
5379
680
5353
5353
680
5351
5352
1619
5351
2370
1600
5254
5318
1602
5881
1602
1597
1587
1597
298
5210
247
184
248
244
303
286
4820
308
332
310
2225
1465
2224
1472
312
197
2223
268
268
2221
1443
5441
5445
4749
4811
562
4812
5352
6138
198
4815
319
312
171
174
4750
177
322
4815
4815
4815
5441
5439
2686
1782
3738
1785
2707
347
2705
1085
2881
3617
1799
2990
1822
47
3697
2883
1803
1805
3036
364
3617
365
3034
762
2978
930
368
934
3785
3046
1829
3787
3050
2842
2843
1840
3783
3141
3970
1853
3069
3968
3968
3678
503
387
388
389
390
391
392
393
394
395
396
397
398
399
400
401
402
403
404
405
406
407
408
409
410
411
412
413
414
415
416
417
418
419
420
3592
1963
423
424
425
3042
1817
3771
3991
3063
431
432
433
434
435
436
437
438
439
3968
934
3968
3050
3091
3094
446
447
448
449
450
451
452
453
454
455
456
457
458
459
460
461
462
463
464
465
466
467
468
469
470
471
472
473
474
475
476
477
478
479
480
481
482
483
484
485
486
487
488
489
490
491
492
493
494
495
812
496
2135
807
3816
2895
2910
2890
3482
3561
2142
507
4393
509
2147
3636
3637
511
514
515
3783
3784
4496
5430
2180
2181
522
1335
2186
1604
4677
680
5377
192
261
2388
258
5444
4685
2199
4987
2203
4835
5353
2213
4829
4832
1456
4788
545
1484
1484
5722
2233
4869
4848
4644
2239
2232
1484
4932
5727
4868
2252
5724
4846
5379
563
564
565
566
567
568
569
570
571
572
573
574
575
576
577
578
579
580
581
582
583
584
585
586
587
588
589
590
591
592
593
594
595
596
597
598
599
600
601
2377
603
604
605
5528
5748
4860
609
610
611
612
613
614
615
616
617
5726
5724
4845
4847
4934
4889
624
625
626
627
628
629
630
631
632
633
634
635
636
637
638
639
640
641
642
643
644
645
646
647
648
649
650
651
652
653
654
655
656
657
658
659
660
661
662
663
664
665
666
667
668
669
670
671
672
673
674
1370
2540
6127
1366
1388
4693
4706
1651
5322
5245
685
2550
687
688
5399
2564
5398
692
693
4848
5542
2581
697
6139
4773
700
701
702
703
704
705
706
707
708
709
710
711
712
713
714
715
716
717
718
719
720
721
722
723
724
725
726
727
728
729
730
731
732
733
734
735
736
737
738
739
740
741
742
743
744
745
746
747
748
2685
3685
2672
2676
753
754
755
756
757
2735
2691
760
3630
2695
2697
2714
764
3644
3641
3667
765
770
771
3656
3698
774
775
776
777
778
779
2721
781
782
783
2740
785
786
3686
2737
789
790
791
792
793
794
795
796
797
798
799
2763
3634
1828
2770
4395
3800
3791
2772
808
809
810
811
806
3377
2787
815
816
817
4376
2850
820
821
822
823
824
825
3385
827
2822
3635
3814
2814
2771
2830
2826
2829
836
3780
2833
2837
3119
841
2839
3073
3786
2847
2851
3121
847
3585
850
505
852
853
854
2875
856
2901
2902
3451
3450
860
859
863
2885
865
3623
3629
2888
2891
3725
2892
3676
1079
2959
900
3562
3593
3493
1074
3475
3495
3444
3444
2945
912
889
2998
3037
3036
1807
3615
3592
1113
882
2914
4392
3592
3592
3617
3467
1963
2963
3712
3710
3029
1819
1816
2995
358
3037
1069
2944
360
2967
356
503
2969
3043
1819
363
907
2976
907
898
3024
3761
3753
3773
3031
1818
3038
3028
3992
1137
3055
3422
3423
3054
3056
3418
3059
3061
3067
4370
3420
3163
1830
3991
3991
4403
4374
3147
3102
3163
3099
3115
3117
3104
3785
3113
3416
3150
3148
964
965
834
3126
3420
960
3076
3168
3145
3162
3162
3180
3176
3971
978
6235
3416
3179
6236
3790
983
3195
3184
988
3974
989
3197
991
987
993
994
995
996
997
998
999
1000
1001
1002
1003
1004
1005
1006
1007
1008
1009
1010
1011
1012
1013
1014
1015
1016
1017
1018
1019
1020
1021
1022
1023
1024
1025
1026
1027
1028
1029
1030
1031
1032
1033
1034
1035
1036
1037
1038
1039
1040
1041
3366
3368
1044
1045
1046
3393
1048
3379
3382
1051
1052
3511
3439
1055
3724
3404
3406
3408
3113
1061
960
3419
1064
1065
861
2879
1068
1069
1070
1071
1072
879
1074
1075
1074
3492
1078
2962
1080
3591
421
3499
1960
908
1086
1087
1088
1089
1090
1091
1092
1093
1094
1095
1096
1097
1098
1099
1100
3571
1102
3647
3802
3575
3581
3583
1108
1109
1110
1111
1112
872
1114
1115
1116
3813
2769
4383
3687
4380
3837
3734
3673
1125
3699
3695
3843
3845
3701
2887
1132
1133
1134
3751
3793
3797
3799
1139
1140
1141
1142
1143
1144
1145
1146
3957
1148
1149
1150
1151
1152
1153
1154
1155
1156
1157
1158
1159
1160
1161
1162
1163
4378
3992
3993
1167
3995
1169
1170
1171
1172
1173
1174
1175
1176
1177
1178
1179
1180
1181
1182
1183
1184
1185
1186
1187
1188
1189
1190
1191
1192
1193
1194
1195
1196
1197
1198
1199
1200
1201
1202
1203
1204
1205
1206
1207
1208
1209
1210
1211
1212
1213
1214
1215
1216
1217
1218
1219
1220
1221
1222
1223
1224
1225
1226
1227
1228
1229
1230
1231
1232
1233
1234
1235
1236
1237
1238
1239
1240
1241
1242
1243
1244
1245
1246
1247
1248
1249
1250
1251
1252
1253
1254
1255
1256
1257
1258
1259
1260
1261
1262
1263
1264
1265
1266
1267
1268
1269
1270
1271
1272
1273
1274
1275
1276
1277
1278
1279
1280
1281
1282
1283
1284
1285
1286
1287
1288
1289
1290
1291
1292
1293
1294
1295
1296
1297
1298
1299
1300
1301
1302
1303
1304
1305
1306
1307
1308
1309
1310
1311
1312
1313
1314
1315
1316
1317
4491
4482
4481
5446
1322
1323
1324
4541
4500
1327
1328
4504
1330
1340
4521
1332
1331
5427
1334
4518
1338
5417
5412
1341
1342
5193
5221
4528
4532
1347
1348
1349
1350
1351
1352
1353
1354
1355
1356
1357
1358
1359
5395
4563
4902
4571
4577
5557
4575
4579
1368
1369
1367
5158
1372
1373
4592
1375
1376
4650
6122
4601
5335
1381
1382
1383
4622
1637
691
4618
4572
1389
4629
4634
5536
4640
4637
4639
4914
6118
4644
4646
4959
4704
1402
5348
5249
1405
1406
1407
4674
4701
4702
5214
1411
1414
5215
1415
1416
4683
5384
4687
1421
1333
4692
4691
5347
1598
1450
4760
5324
5354
5256
5256
5237
5240
6020
6020
1437
4744
4742
5531
1480
2393
5375
5377
4748
5259
1619
680
680
5353
5230
2374
4762
5472
5440
4842
4840
4776
4776
2202
4793
4778
5207
5231
4801
682
5439
5441
4839
1482
4784
4766
1472
2559
4817
1474
1448
5530
5508
1419
540
4838
1479
5748
4846
1485
4916
4857
4855
1510
4861
4863
4866
4871
1506
2230
5748
5748
4891
1499
1500
4899
4893
4871
4910
4846
1494
4937
1508
4917
1506
4871
4955
4936
4949
4949
4963
4967
5727
1519
4908
5181
6255
5546
1523
4971
4980
1528
5731
1529
6192
5190
4983
1527
1534
1535
1536
1537
1538
1539
1540
1541
1542
1543
1544
1545
1546
1547
1548
1549
1550
1551
1552
1553
1554
1555
1556
1557
1558
1559
1560
1561
1562
1563
1564
1565
1566
1567
1568
1569
1570
1571
1572
1573
1574
1575
1576
5147
1578
1579
5168
1581
5204
5176
1584
1413
4679
1587
1588
1589
1590
1591
2361
1593
1594
4762
5240
2364
4761
1599
2377
2377
1476
2376
1460
1605
1606
1607
1608
1609
1610
1611
1612
1613
1614
1615
1616
1617
1618
4709
1620
5331
5552
5409
5337
5339
5342
5344
1628
1629
1630
1631
1632
1422
1634
1635
1636
4574
5568
6129
5424
6126
5594
5493
1644
1645
1336
1646
5598
1649
1650
1420
1652
1653
1654
5517
1457
5549
5554
5556
1660
1661
1662
1663
1664
1665
1666
1667
5713
1669
1670
1671
1672
1673
1674
1675
1676
1677
1678
1679
1680
1681
1682
1683
1684
6124
5748
5749
1688
5751
1690
1691
1692
1693
1694
1695
1696
1697
1698
1699
1700
1701
1702
1703
1704
1705
1706
1707
1708
1709
1710
1711
1712
1713
1714
1715
1716
1717
1718
1719
1720
1721
1722
1723
1724
1725
1726
1727
1728
1729
1730
1731
1732
1733
1734
1735
1736
1737
1738
1739
1740
1741
1742
1743
1744
1745
1746
1747
1748
1749
1750
1751
1752
1753
1754
1755
1756
1757
1758
1759
1760
1761
1762
1763
1764
1765
1766
1767
1768
1769
1770
1771
1772
1773
1774
1775
1776
1777
1778
1779
1780
342
342
1781
2688
2704
2704
3729
1787
346
346
2703
3505
3502
862
349
3775
162
1824
91
2941
2937
357
357
1803
357
3201
3036
1810
1803
3202
3618
3618
2967
3618
3617
3033
3033
2696
3030
2977
2978
907
2977
2978
3783
3785
3783
3785
1833
3785
934
1833
373
3967
3967
3967
375
375
844
375
3783
3784
3784
3783
3090
444
3968
950
3143
4371
944
4370
942
4372
3785
934
3785
3968
1859
1860
1861
1862
1863
1864
1865
1866
1867
1868
1869
1870
1871
1872
1873
1874
1875
1876
1877
1878
1879
1880
1881
1882
1883
1884
1885
1886
1887
1888
1889
1890
1891
1892
1893
1894
1895
1896
1897
1898
1899
1900
1901
1902
1903
1904
1905
1906
1907
1908
1909
1910
1911
1912
1913
1914
1915
1916
1917
1918
1919
1920
1921
1922
1923
1924
1925
1926
1927
1928
1929
1930
1931
1932
1933
1934
1935
1936
1937
1938
1939
1940
1941
1942
1943
1944
1945
3476
1077
3493
3476
1074
1951
1952
1953
3590
3590
1963
3590
3592
2909
2907
1959
3590
501
1964
1965
1966
1967
142
2974
2969
1971
3041
3035
2978
3035
3035
907
930
97
3757
3757
3757
361
3035
357
2884
1986
429
1988
1990
3078
1992
1993
1994
1995
1996
1997
1998
1999
2000
2001
2002
2003
2004
2005
2006
2007
2008
2009
934
934
934
3968
934
934
950
3965
3094
2019
2020
2021
2022
2023
2024
2025
2026
2027
2028
2029
2030
2031
2032
2033
2034
2035
2036
2037
2038
2039
2040
2041
2042
2043
2044
2045
2046
2047
2048
2049
2050
2051
2052
2053
2054
2055
2056
2057
2058
2059
2060
2061
2062
2063
2064
2065
2066
2067
2068
2069
2070
2071
2072
2073
2074
2075
2076
2077
2078
2079
2080
2081
2082
2083
2084
2085
2086
2087
2088
2089
2090
2091
2092
2093
2094
2095
2096
2097
2098
2099
2100
2101
2102
2103
2104
2105
2106
2107
2108
2109
2110
2111
2112
2113
2114
2115
2116
2117
2118
2119
2120
2121
2122
2123
2124
2125
2126
2127
4401
2835
4401
499
3767
3767
832
3768
2905
3500
3559
2904
873
507
507
2815
4393
2146
2582
506
2145
3617
3617
3617
3592
2975
2975
2976
2978
3636
1117
3635
3636
2161
2162
2163
2164
2165
2166
2167
2168
3186
3107
3187
3188
3788
3788
983
2174
4496
5497
2178
518
5488
2183
5488
4515
4515
4511
2184
5267
5266
1604
5271
1412
255
257
2388
4734
192
534
534
2201
4988
2204
538
4987
2204
2202
5379
5379
5441
4751
5353
541
541
4831
2214
4790
1474
4790
4788
4818
312
272
2223
325
4770
1484
1484
1484
5540
5722
1484
1484
2400
4884
5540
5540
5540
4643
552
2231
2234
5540
5540
5540
5540
2430
2248
4931
623
5726
2255
558
2254
1492
4865
1484
5724
1484
1484
2260
2261
2262
2263
2264
2265
2266
2267
2268
2269
2270
2271
2272
2273
2274
2275
2276
2277
2278
2279
2280
2281
2282
2283
2284
2285
2286
2287
2288
2289
2290
2291
2292
2293
2294
2295
2296
2297
2298
2299
2300
2301
2302
2303
2304
2305
2306
2307
2308
2309
2310
2311
2312
2313
2314
2315
2316
2317
2318
2319
2320
2321
2322
2323
2324
2325
2326
2327
2328
2329
2330
2331
2332
2333
2334
2335
2336
2337
2338
2339
2340
2341
2342
2343
2344
2345
2346
2347
2348
2349
2350
2351
2352
2353
2354
2355
2356
2357
2358
2359
2360
1452
5238
5240
1452
5256
2366
2367
2366
5351
5351
680
5351
2377
681
2374
4710
4708
4709
2379
2380
2381
2382
4775
4776
4774
4788
1470
1468
194
4795
2392
4796
1480
4797
534
2395
4684
5723
5746
5723
1686
2402
2403
2404
2405
2406
2407
2408
2409
2410
2411
2412
2413
2414
2415
2416
2417
2418
2419
1484
5726
1484
4845
4845
4847
4845
4845
4845
4886
4957
2398
2432
2433
2434
2435
2436
2437
2438
2439
2440
2441
2442
2443
2444
2445
2446
2447
2448
2449
2450
2451
2452
2453
2454
2455
2456
2457
2458
2459
2460
2461
2462
2463
2464
2465
2466
2467
2468
2469
2470
2471
2472
2473
2474
2475
2476
2477
2478
2479
2480
2481
2482
2483
2484
2485
2486
2487
2488
2489
2490
2491
2492
2493
2494
2495
2496
2497
2498
2499
2500
2501
2502
2503
2504
2505
2506
2507
2508
2509
2510
2511
2512
2513
2514
2515
2516
2517
2518
2519
2520
2521
2522
2523
2524
2525
2526
2527
2528
2529
2530
2531
2532
2533
2534
4632
4587
6147
4631
5524
5526
4624
5524
5264
5264
1425
4705
1428
2548
2549
2550
2551
2552
2552
2554
680
5353
5353
680
1474
1474
1474
1456
5399
689
2566
1638
2567
2568
2569
2570
4973
4974
4975
4973
5545
2578
1523
5545
2553
2579
686
2582
2583
2584
2586
2586
2589
2589
4617
2590
2591
2592
2593
2594
2595
2596
2597
2598
2599
2600
2601
2602
2603
2604
2605
2606
2607
2608
2609
2610
2611
2612
2613
2614
2615
2616
2617
2618
2619
2620
2621
2622
2623
2624
2625
2626
2627
2628
2629
2630
2631
2632
2633
2634
2635
2636
2637
2638
2639
2640
2641
2642
2643
2644
2645
2646
2647
2648
2649
2650
2651
2652
2653
2654
2655
2656
2657
2658
2659
2660
2661
2662
2663
2664
2665
2666
2667
2668
2669
2670
2671
2673
3685
2673
2672
749
2675
2675
2679
2680
2681
2682
756
2684
2685
750
2689
2674
2736
2687
2738
2690
2694
2694
2694
2693
2697
2715
764
767
3644
2715
3665
3665
765
2699
3665
2708
2709
2710
345
772
3658
773
3643
2716
2717
2718
2719
2720
2721
2722
2722
2724
2725
2726
2727
2728
2739
2730
2731
2732
2733
2734
2736
3685
787
2735
2738
788
2741
2742
2743
2744
2745
2746
2747
2748
2749
2750
2751
2752
2753
2754
2755
2756
2757
2758
2759
2132
2131
3633
500
1826
4404
4404
1836
2144
2147
508
4395
805
3792
2773
805
3801
2777
2778
2779
2780
2781
2773
2774
2772
806
2790
813
2788
2789
3764
2791
2792
2850
2794
2795
2796
2797
2798
2796
2800
2801
2802
3384
2804
2805
2806
2807
1118
3637
3637
3815
3639
2813
825
2813
2816
811
2818
2819
3635
2158
3637
2771
803
804
2826
2826
2826
2829
2830
2832
3778
837
2832
2785
2837
3168
840
2839
2836
3787
373
2842
843
2158
2845
2160
839
2848
2851
839
2855
847
2855
3118
849
3560
3584
2858
2860
2861
2862
2863
2864
2865
2866
2867
2868
2903
2900
875
3480
2873
2874
851
2876
2878
3449
860
2878
859
2886
863
2882
865
2886
866
3624
3627
866
3625
348
1790
2893
2896
3675
2897
2898
2899
3480
3482
2959
3481
3501
1084
3562
871
2911
871
2892
2894
1957
4392
1955
3491
3021
878
1948
1950
31
1077
3475
3493
4267
4267
2949
2947
3466
3444
3466
2999
3000
885
127
2937
887
2997
2940
886
2998
912
930
3037
1982
2939
890
3466
3466
1069
3615
3615
3615
1113
3617
3592
3617
3617
2961
900
2961
3465
901
901
1961
2963
3711
3710
3711
3745
3707
3032
929
3029
3032
1816
1819
1816
1818
365
2970
356
2970
503
1819
365
3043
1819
1819
1819
1816
1819
1806
909
361
2992
1817
1817
3036
3441
3442
3441
361
3036
1807
2966
2969
2966
363
363
363
3042
2966
2967
2966
3618
3618
2979
25
1819
891
891
891
927
926
3760
3752
3026
2695
762
762
3722
3722
2696
763
364
3034
364
358
3038
359
365
3030
3030
3031
1989
3972
1137
3992
3785
3785
3051
3053
3053
937
3055
3058
935
3417
940
3056
3060
3060
941
3063
3052
3065
936
943
3066
3071
3122
3072
3064
3075
3136
3075
3074
3167
974
1829
1830
1829
3786
1165
1989
3991
1165
1165
1165
3092
952
3093
4374
952
3096
4373
3096
3095
953
3101
3114
957
3100
956
3785
3785
3108
3785
3109
3109
3111
3112
3414
3116
962
3149
963
3118
3119
3120
3121
3124
834
2827
3103
958
3125
3110
3136
3110
960
3075
3163
945
3110
3416
960
974
974
974
3144
971
972
3146
3145
3146
3147
3148
3149
3150
3164
3076
3164
3050
3050
1830
3050
934
959
934
3968
980
3415
3181
3165
945
3076
3168
3168
3171
3145
3169
3172
973
4405
975
3153
3415
3415
981
945
3183
3193
985
3182
3188
6208
3973
3189
3190
6192
3192
3194
3194
989
3196
991
3196
517
3199
3202
3720
3203
3204
3205
3206
3207
3208
3209
3210
3211
3212
3213
3214
3215
3216
3217
3218
3219
3220
3221
3222
3223
3224
3225
3226
3227
3228
3229
3230
3231
3232
3233
3234
3235
3236
3237
3238
3239
3240
3241
3242
3243
3244
3245
3246
3247
3248
3249
3250
3251
3252
3253
3254
3255
3256
3257
3258
3259
3260
3261
3262
3263
3264
3265
3266
3267
3268
3269
3270
3271
3272
3273
3274
3275
3276
3277
3278
3279
3280
3281
3282
3283
3284
3285
3286
3287
3288
3289
3290
3291
3292
3293
3294
3295
3296
3297
3298
3299
3300
3301
3302
3303
3304
3305
3306
3307
3308
3309
3310
3311
3312
3313
3314
3315
3316
3317
3318
3319
3320
3321
3322
3323
3324
3325
3326
3327
3328
3329
3330
3331
3332
3333
3334
3335
3336
3337
3338
3339
3340
3341
3342
3343
3344
3345
3346
3347
3348
3349
3350
3351
3352
3353
3354
3355
3356
3357
3358
3359
3360
3361
3362
3363
3364
3365
1038
3365
3368
3369
3370
3371
3372
3373
3374
3375
3378
1047
3392
1048
3376
3380
1049
3381
2780
810
3386
3387
3388
3389
3390
3391
3392
3393
3394
3395
3396
3397
3510
3399
3400
3402
3723
3401
1056
3403
864
3405
1057
3412
1060
3411
3109
3110
960
3416
3110
3417
3418
3419
3135
3137
2827
833
3424
3425
3426
3427
3428
3429
3430
3431
2880
1044
3434
2880
2877
861
2878
859
860
3442
3442
2946
1069
3001
882
352
3441
3449
3450
3451
3452
3453
3454
3455
3456
3457
3458
3459
3462
3461
2958
2958
2960
3465
3466
3467
3468
3469
3470
2870
3472
3474
3474
1074
3492
2947
3478
1078
3481
3483
2962
3483
3484
3485
3486
3487
3488
1955
421
422
3494
3494
1963
422
4394
4392
30
3558
1084
1960
3504
908
3508
3504
3502
3503
3508
913
928
925
3512
3513
3514
3515
3516
3517
3518
3519
3520
3521
3522
3523
3524
3525
3526
3527
3528
3529
3530
3531
3532
3533
3534
3535
3536
3537
3538
3539
3540
3541
3542
3543
3544
3545
3546
3547
3548
3549
3550
3551
3552
3553
3554
3555
3590
891
891
3560
3593
877
2908
3563
3564
3565
3566
3567
3568
2828
3569
835
3572
3573
1851
3576
3660
1101
3578
1103
2799
1840
3580
3583
3587
870
771
3587
3588
3589
3614
3615
3614
870
3594
3595
3596
3597
3598
3599
3600
3601
3602
3603
3604
3605
3606
3607
3608
3609
3610
3611
3612
3613
2896
2895
3681
3614
3616
3619
3620
3621
3622
801
2762
3626
3632
800
3645
2761
1116
3631
3804
2824
2809
3813
1117
3813
3814
3814
2769
1119
4382
3659
3642
497
2802
824
3646
3649
3650
3689
3652
3653
3654
3655
1107
3582
3657
4383
3387
3661
3662
3688
3839
3666
4384
1123
3668
3669
2678
3671
3672
3673
3674
765
2706
2700
3709
3683
3709
769
3696
3677
3679
3685
3686
1128
3838
3690
4380
3691
3692
3693
3694
3628
766
3628
1121
2701
3700
3701
3700
3703
3704
3705
867
2889
2889
1126
3695
2889
2890
3713
3714
3715
3719
3717
3718
3817
3721
3721
761
3723
3724
345
3726
3727
3728
3730
3736
3731
3732
3733
3734
3735
3733
3737
751
3739
3748
3741
3742
2974
2974
2891
2890
869
3748
3749
3754
428
3750
1058
3771
1817
3037
3036
1987
3758
3407
1059
3762
3763
3765
3770
3766
2775
2775
2772
3770
2884
1135
3776
3037
3777
3777
2993
3779
3791
1136
3781
3782
1137
1137
3796
373
3072
3789
3798
1138
1105
3579
1105
3794
3803
3177
976
3185
986
1103
3648
3570
3070
2846
845
3806
3807
3808
3809
3810
2148
3811
510
510
2768
2768
3818
3819
3812
3820
3821
3822
3823
3824
3825
3826
3827
3828
3829
3830
3831
3832
3833
3834
3835
3692
1124
3842
3672
3840
3841
3844
1106
2767
3953
3154
3159
3848
3849
3850
3851
3852
3853
3854
3855
3856
3857
3858
3859
3860
3861
3862
3863
3864
3865
3866
3867
3868
3869
3870
3871
3872
3873
3874
3875
3876
3877
3878
3879
3880
3881
3882
3883
3884
3885
3886
3887
3888
3889
3890
3891
3892
3893
3894
3895
3896
3897
3898
3899
3900
3901
3902
3903
3904
3905
3906
3907
3908
3909
3910
3911
3912
3913
3914
3915
3916
3917
3918
3919
3920
3921
3922
3923
3924
3925
3926
3927
3928
3929
3930
3931
3932
3933
3934
3935
3936
3937
3938
3939
3940
3941
3942
3943
3944
3945
3946
3947
3948
3949
3950
3951
818
3956
3954
1164
4377
3108
959
959
3971
3961
3962
3963
1165
3991
1989
1137
3046
3992
3796
1166
933
3975
1168
3994
3976
3977
3978
3979
3980
3981
3982
3983
3984
3985
3986
3987
3988
3989
3164
3164
3164
982
3198
990
3996
3997
3998
3999
4000
4001
4002
4003
4004
4005
4006
4007
4008
4009
4010
4011
4012
4013
4014
4015
4016
4017
4018
4019
4020
4021
4022
4023
4024
4025
4026
4027
4028
4029
4030
4031
4032
4033
4034
4035
4036
4037
4038
4039
4040
4041
4042
4043
4044
4045
4046
4047
4048
4049
4050
4051
4052
4053
4054
4055
4056
4057
4058
4059
4060
4061
4062
4063
4064
4065
4066
4067
4068
4069
4070
4071
4072
4073
4074
4075
4076
4077
4078
4079
4080
4081
4082
4083
4084
4085
4086
4087
4088
4089
4090
4091
4092
4093
4094
4095
4096
4097
4098
4099
4100
4101
4102
4103
4104
4105
4106
4107
4108
4109
4110
4111
4112
4113
4114
4115
4116
4117
4118
4119
4120
4121
4122
4123
4124
4125
4126
4127
4128
1083
1083
4131
4132
4133
4134
4135
4136
4137
4138
4139
4140
4141
4142
4143
4144
4145
4146
4147
4148
4149
4150
4151
4152
4153
4154
4155
4156
4157
4158
4159
4160
4161
4162
4163
4164
4165
4166
4167
4168
4169
4170
4171
4172
4173
4174
4175
4176
4177
4178
4179
4180
4181
4182
4183
4184
4185
4186
4187
4188
4189
4190
4191
4192
4193
4194
4195
4196
4197
4198
4199
4200
4201
4202
4203
4204
4205
4206
4207
4208
4209
4210
4211
4212
4213
4214
4215
4216
4217
4218
4219
4220
4221
4222
4223
4224
4225
4226
4227
4228
4229
4230
4231
4232
4233
4234
4235
4236
4237
4238
4239
4240
4241
4242
4243
4244
4245
4246
4247
4248
4249
4250
4251
4252
4253
4254
4255
4256
4257
4258
4259
4260
4261
4262
4263
4264
4265
4266
3466
4268
4269
4270
4271
4272
4273
4274
4275
4276
4277
4278
4279
4280
4281
4282
4283
4284
4285
4286
4287
4288
4289
4290
4291
4292
4293
4294
4295
4296
4297
4298
4299
4300
4301
4302
4303
4304
4305
4306
4307
4308
4309
4310
4311
4312
4313
4314
4315
4316
4317
4318
4319
4320
4321
4322
4323
4324
4325
4326
4327
4328
4329
4330
4331
4332
4333
4334
4335
4336
4337
4338
4339
4340
4341
4342
4343
4344
4345
4346
4347
4348
4349
4350
4351
4352
4353
4354
4355
4356
4357
4358
4359
4360
4361
4362
4363
4364
4365
4366
4367
4368
4369
939
3062
3064
4374
4375
4375
846
3173
379
382
3582
2834
838
4383
3650
3004
4386
4387
4388
4389
3747
2139
3615
831
3590
2776
4396
4397
4398
4399
4400
2784
1832
951
3785
945
4406
4407
4408
4409
4410
4411
4412
4413
4414
4415
4416
4417
4418
4419
4420
4421
4422
4423
4424
4425
4426
4427
4428
4429
4430
4431
4432
4433
4434
4435
4436
4437
4438
4439
4440
4441
4442
4443
4444
4445
4446
4447
4448
4449
4450
4451
4452
4453
4454
4455
4456
4457
4458
4459
4460
4461
4462
4463
4464
4465
4466
4467
4468
4469
4470
4471
4472
4473
4474
4475
4476
4477
4478
4479
4480
4485
1318
4482
4485
1318
4483
1319
4488
4483
4490
4491
4492
4493
1321
4543
4484
4495
4497
4498
1325
4505
4502
4501
1330
4505
4520
4523
4521
4507
4522
5426
5428
4510
4512
1335
4516
4516
4518
4519
4523
1339
1340
5458
4524
4525
4526
4527
1343
5220
4529
4532
1343
4533
4544
4535
4536
4537
4538
4539
4540
4543
4541
5446
4542
4545
4546
4547
4548
4549
4550
4551
4552
4553
4554
4557
4556
4557
4558
4559
4560
4561
4562
2542
679
5394
2535
546
546
6150
2232
2588
6141
698
4571
1365
5558
4576
4579
5550
4580
4581
4582
4583
4578
1367
4578
4578
4589
5521
4590
4591
1371
4593
4594
1377
4650
4596
4600
4598
5333
1380
4602
5161
4604
4605
4606
4607
4608
1637
5400
5401
5397
5397
4614
1369
4616
4617
4618
4619
4620
5396
5398
2566
5572
1364
5571
4627
4628
4629
4627
4635
4585
4634
1392
5535
4640
1393
4636
1396
4640
1397
2253
4644
5544
2565
690
4645
1393
1393
4649
4648
4653
4912
4653
1403
4656
4657
5323
4660
5248
4661
4659
4663
4664
4665
4666
4667
4700
4699
5244
1426
4672
4673
2547
4675
5213
1411
4680
5215
5213
4682
4682
1416
4681
4685
4690
1418
4686
5390
5388
4695
5436
4691
1424
2187
4696
4697
4698
5244
5246
4760
1598
4764
5324
1603
4694
4694
4691
1423
4707
5318
5258
2378
1619
2370
1595
2364
5238
2365
5238
5256
5237
5239
5239
1596
6020
1593
1593
6020
4747
1463
1434
192
4736
4741
4737
4740
4744
4742
4743
1458
5513
4743
1462
4745
1593
5231
1593
5377
680
5375
5377
5353
5353
680
5353
5229
5229
4758
1450
2375
1451
4762
2375
5468
1651
5471
1647
5466
5505
5506
5505
1479
540
4840
4841
2213
540
4768
682
1454
5439
4840
4840
4839
4839
1482
4839
4776
4839
537
4791
1464
4803
4777
4774
4777
4799
5205
4799
5515
2394
4834
1454
4782
4766
4839
4773
4839
4784
562
562
5439
5378
5378
4817
545
4776
5351
5351
5351
1478
5529
5511
5518
4828
1419
5482
1329
4826
4503
1328
2212
4833
542
536
2200
1459
4841
4830
4826
4827
5728
5748
4846
5728
1484
5541
4851
4849
5188
1486
4856
4853
1489
4856
1485
4854
4858
1488
1487
4852
4916
4862
4867
1491
4915
1509
608
1490
1489
4855
4874
4927
1515
4952
561
2233
561
4848
5728
5728
5748
5728
5728
4888
5728
1499
4958
4890
4890
4896
1501
4892
4895
6119
4900
4897
1504
4909
1484
1484
4846
4845
5182
5183
4907
5184
4911
1507
4939
4912
4913
4914
1390
1390
1390
4898
4918
4919
4906
1506
4874
4874
4871
5183
1494
4952
4872
4952
1512
1512
4936
4933
4935
4936
4937
4935
4939
4952
4952
4949
4847
2230
4848
4845
1484
5724
1520
4908
1519
4966
4874
4949
4955
4955
1513
4935
4956
4959
4964
4961
1517
4965
4968
4908
1521
1520
4972
4969
1526
4979
4974
5729
6206
4976
4977
4978
4981
1531
5189
4982
4983
4982
2244
4985
4988
5480
4989
4990
4991
4992
4993
4994
4995
4996
4997
4998
4999
5000
5001
5002
5003
5004
5005
5006
5007
5008
5009
5010
5011
5012
5013
5014
5015
5016
5017
5018
5019
5020
5021
5022
5023
5024
5025
5026
5027
5028
5029
5030
5031
5032
5033
5034
5035
5036
5037
5038
5039
5040
5041
5042
5043
5044
5045
5046
5047
5048
5049
5050
5051
5052
5053
5054
5055
5056
5057
5058
5059
5060
5061
5062
5063
5064
5065
5066
5067
5068
5069
5070
5071
5072
5073
5074
5075
5076
5077
5078
5079
5080
5081
5082
5083
5084
5085
5086
5087
5088
5089
5090
5091
5092
5093
5094
5095
5096
5097
5098
5099
5100
5101
5102
5103
5104
5105
5106
5107
5108
5109
5110
5111
5112
5113
5114
5115
5116
5117
5118
5119
5120
5121
5122
5123
5124
5125
5126
5127
5128
5129
5130
5131
5132
5133
5134
5135
5136
5137
5138
5139
5140
5141
5142
5143
5144
5145
5145
1576
5146
5149
5150
5151
5152
5153
5154
5157
5155
5166
1580
5156
5159
4582
5162
5163
5164
5165
5166
5167
5168
5169
5170
5171
2191
5175
5173
5175
5174
5176
1417
5180
5183
5181
5183
4906
1494
4850
5185
4926
4630
5189
5190
5191
5192
5193
5191
5195
5196
1578
4678
4676
4676
4679
4680
1414
1411
5205
1588
5207
5208
298
5210
1587
4798
5208
1589
5215
5216
5217
5218
5219
5220
5221
5222
5151
1406
5226
4758
4757
4759
5229
5230
5231
5232
5233
5234
4670
684
1452
4762
5240
1452
1597
2361
1597
5246
4761
5247
5247
5233
5249
5250
5251
5252
1451
1451
2377
1451
2377
1451
1451
2370
5318
5259
1619
1603
2376
5268
5268
5272
1460
5266
5269
5273
6131
2190
5275
5276
5277
5278
5279
5280
5281
5282
5283
5284
5285
5286
5287
5288
5289
5290
5291
5292
5293
5294
5295
5296
5308
5298
5299
5300
5301
5302
5303
5304
5305
5306
5307
5194
5309
5310
5311
5312
5313
5314
5315
5316
5317
2377
5351
5351
5323
1429
5354
4710
5325
5326
5327
5328
5329
4629
1389
5330
5334
6125
1622
5340
5340
5336
1621
5421
4599
1379
5341
2239
5346
5346
1337
5345
5349
5350
4708
680
4693
1424
5355
5356
5357
5358
5359
5360
5361
5362
5363
5364
5365
5366
5367
5368
5369
5370
5371
5372
5373
5374
4691
4692
4693
4693
1422
5380
5381
5382
5383
1360
5392
5385
4565
5389
4566
4508
5391
5561
5393
4609
1384
5568
5570
5568
1638
5570
1363
1639
5405
5418
6128
677
5407
5409
1382
5410
5411
1640
5410
5416
5414
5538
1626
6129
5420
5343
5163
5422
5423
1642
5425
5428
1643
6130
5429
4489
5431
5432
5433
5434
5435
4511
4513
4513
5443
5442
1633
1336
5437
5457
1633
4491
5450
5601
5447
5592
5451
5452
5453
5454
5459
5459
4509
5449
4506
5460
5460
5462
5461
5464
5465
5457
4689
5455
5442
1646
5456
5467
5473
5474
5475
5477
5573
5478
5479
5480
5481
5386
5483
521
5485
5486
5487
5490
5489
5495
5491
5492
1348
5491
5494
5496
1320
5498
5499
5500
4651
4770
4772
4688
4688
5504
5507
5509
5178
1583
5517
5516
4774
4778
4834
4837
1481
5177
5519
5520
5523
5522
5523
5525
4575
1364
5527
4684
1655
5533
5513
5534
5534
4792
5537
1657
5548
5539
5551
5541
5553
1658
5544
4870
5547
1659
5555
5550
1624
5337
5338
1625
4962
1516
4970
1525
1623
5408
5332
5559
4647
1399
5563
5564
5565
5566
2580
696
5567
696
4571
4571
5574
5575
5569
5576
5577
5578
5579
5580
5581
5582
5583
5584
5585
5586
5587
5588
5589
5590
5591
5454
5593
1645
5595
5596
5597
1668
5710
1362
1627
621
5715
5604
5605
5606
5607
5608
5609
5610
5611
5612
5613
5614
5615
5616
5617
5618
5619
5620
5621
5622
5623
5624
5625
5626
5627
5628
5629
5630
5631
5632
5633
5634
5635
5636
5637
5638
5639
5640
5641
5642
5643
5644
5645
5646
5647
5648
5649
5650
5651
5652
5653
5654
5655
5656
5657
5658
5659
5660
5661
5662
5663
5664
5665
5666
5667
5668
5669
5670
5671
5672
5673
5674
5675
5676
5677
5678
5679
5680
5681
5682
5683
5684
5685
5686
5687
5688
5689
5690
5691
5692
5693
5694
5695
5696
5697
5698
5699
5700
5701
5702
5703
5704
5705
5706
5707
5708
1378
5714
5711
1685
1518
6123
4903
5727
5717
5718
5719
5728
4876
5728
5748
5728
4846
1483
1687
4941
5730
5750
1689
5732
5733
5734
5735
5736
5737
5738
5739
5742
5741
5742
5743
5744
5745
4952
4952
1514
1522
4984
1532
5752
5753
5754
5755
5756
5757
5758
5759
5760
5761
5762
5763
5764
5765
5766
5767
5768
5769
5770
5771
5772
5773
5774
5775
5776
5777
5778
5779
5780
5781
5782
5783
5784
5785
5786
5787
5788
5789
5790
5791
5792
5793
5794
5795
5796
5797
5798
5799
5800
5801
5802
5803
5804
5805
5806
5807
5808
5809
5810
5811
5812
5813
5814
5815
5816
5817
5818
5819
5820
5821
5822
5823
5824
5825
5826
5827
5828
5829
5830
5831
5832
5833
5834
5835
5836
5837
5838
5839
5840
5841
5842
5843
5844
5845
5846
5847
5848
5849
5850
5851
5852
5853
5854
5855
5856
5857
5858
5859
5860
5861
5862
5863
5864
5865
5866
5867
5868
5869
5870
5871
5872
5873
5874
5875
5876
5877
5878
5879
1430
1602
5882
5883
5884
5885
5886
5887
5888
5889
5890
5891
5892
5893
5894
5895
5896
5897
5898
5899
5900
5901
5902
5903
5904
5905
5906
5907
5908
5909
5910
5911
5912
5913
5914
5915
5916
5917
5918
5919
5920
5921
5922
5923
5924
5925
5926
5927
5928
5929
5930
5931
5932
5933
5934
5935
5936
5937
5938
5939
5940
5941
5942
5943
5944
5945
5946
5947
5948
5949
5950
5951
5952
5953
5954
5955
5956
5957
5958
5959
5960
5961
5962
5963
5964
5965
5966
5967
5968
5969
5970
5971
5972
5973
5974
5975
5976
5977
5978
5979
5980
5981
5982
5983
5984
5985
5986
5987
5988
5989
5990
5991
5992
5993
5994
5995
5996
5997
5998
5999
6000
6001
6002
6003
6004
6005
6006
6007
6008
6009
6010
6011
6012
6013
6014
6015
6016
6017
6018
6019
1593
6021
6022
6023
6024
6025
6026
6027
6028
6029
6030
6031
6032
6033
6034
6035
6036
6037
6038
6039
6040
6041
6042
6043
6044
6045
6046
6047
6048
6049
6050
6051
6052
6053
6054
6055
6056
6057
6058
6059
6060
6061
6062
6063
6064
6065
6066
6067
6068
6069
6070
6071
6072
6073
6074
6075
6076
6077
6078
6079
6080
6081
6082
6083
6084
6085
6086
6087
6088
6089
6090
6091
6092
6093
6094
6095
6096
6097
6098
6099
6100
6101
6102
6103
6104
6105
6106
6107
6108
6109
6110
6111
6112
6113
6114
6115
4864
6116
6117
6120
6121
4938
1400
4960
556
5560
5343
1391
1391
5415
5413
1441
6132
6133
6134
6135
5506
4703
680
1387
5351
4576
6142
6143
6144
6145
6146
4586
2234
1500
1484
4874
6152
6153
6154
6155
6156
6157
6158
6159
3967
4845
6162
6163
6164
6165
6166
6167
6168
6169
6170
6171
6172
6173
6174
6175
6176
6177
6178
6179
6180
6181
1527
987
983
1523
6186
6187
6188
6189
757
6191
6192
6193
6194
6195
6196
6197
6198
6199
6200
6201
6202
6203
6238
6205
5731
6207
3974
6209
6210
6211
6212
6213
6214
6215
6216
6217
6218
6219
6220
6221
6222
6223
6224
6225
6226
6227
6228
6229
6230
6231
6232
6233
6234
6216
6215
6237
6238
6218
6240
6241
6242
6243
6244
6245
6246
6247
6248
6249
6250
6251
6252
6232
6254
6234
6256
6257
6258
6259
6260
6261
6262
6263
6264
6265
6266
6267
6268
6269
6270
6271
6272
6273
6274
6275
6276
6277
6278
6279
6280
6281
6282
6283
6284
6285
6286
6287
6288
6289
6290
6291
