85
1
2
3
4
5
6
7
8
118
1073
125
12
13
14
15
16
59
63
19
20
2933
22
23
24
25
26
27
28
108
924
1083
3479
883
34
35
36
37
38
39
40
41
42
43
47
45
46
84
48
49
50
51
52
53
54
55
56
58
120
10
60
123
124
11
61
66
126
67
68
69
70
71
72
73
74
75
76
77
78
79
80
81
82
64
86
355
1797
87
88
89
90
91
92
93
94
95
96
97
3018
99
100
101
102
103
104
105
106
107
106
108
110
111
112
113
3497
115
2916
3499
895
119
2920
4129
3479
2927
3477
894
2934
2931
128
129
130
131
132
119
134
135
136
137
138
139
140
1971
142
143
144
145
146
147
148
149
150
151
52
152
3014
155
156
157
158
159
160
161
162
163
164
165
166
167
168
169
170
258
172
173
174
175
176
177
178
179
180
292
295
183
184
185
186
187
230
234
190
191
1436
266
194
195
196
197
198
199
279
201
1602
1432
1435
205
206
207
208
209
210
211
212
213
214
216
255
217
218
219
220
221
222
223
224
225
226
227
231
229
181
291
294
232
182
296
239
237
238
297
240
241
242
243
244
245
246
247
248
249
250
251
252
253
233
2193
2195
257
532
259
260
261
262
265
264
265
194
269
268
269
195
271
272
273
274
275
276
277
278
276
280
281
279
5319
284
285
286
287
287
289
5261
4718
4717
4720
4723
1444
4724
4732
4731
299
300
301
302
303
288
305
306
307
308
309
310
311
2223
313
197
2223
316
317
318
319
320
321
322
220
324
323
326
327
328
329
330
331
332
333
334
335
336
337
338
339
340
341
342
343
344
345
346
347
348
3507
3439
351
2933
353
20
21
3710
357
358
359
360
361
2957
363
364
365
3019
1824
25
2766
2766
3160
2766
1833
802
1840
2767
3846
2766
379
3958
381
4370
2014
2010
27
26
387
388
389
390
391
392
393
394
395
396
397
398
399
400
401
402
403
404
405
406
407
408
409
410
411
412
413
414
415
416
417
418
419
420
421
422
423
424
425
426
907
428
3086
1991
431
432
433
434
435
436
437
438
439
380
2766
380
802
2018
1849
446
447
448
449
450
451
452
453
454
455
456
457
458
459
460
461
462
463
464
465
466
467
468
469
470
471
472
473
474
475
476
477
478
479
480
481
482
483
484
485
486
487
488
489
490
491
492
493
494
495
496
497
2132
499
2811
3615
502
503
504
505
506
507
508
509
510
511
512
513
514
515
2172
1843
518
519
520
521
522
523
524
5271
5204
527
528
1436
191
4735
258
5470
534
535
2200
2203
4835
4754
2213
4829
542
4790
2383
196
621
621
2232
4944
550
4567
2239
5344
4567
621
4960
5716
6116
559
2420
2422
198
563
564
565
566
567
568
569
570
571
572
573
574
575
576
577
578
579
580
581
582
583
584
585
586
587
588
589
590
591
592
593
594
595
596
597
598
599
600
601
1451
603
604
605
606
4883
2399
609
610
611
612
613
614
615
616
617
557
2423
621
4567
2248
2430
624
625
626
627
628
629
630
631
632
633
634
635
636
637
638
639
640
641
642
643
644
645
646
647
648
649
650
651
652
653
654
655
656
657
658
659
660
661
662
663
664
665
666
667
668
669
670
671
672
673
674
675
2539
677
678
4611
5377
681
682
4704
684
685
686
687
688
689
690
691
692
693
2572
2244
696
697
698
699
700
701
702
703
704
705
706
707
708
709
710
711
712
713
714
715
716
717
718
719
720
721
722
723
724
725
726
727
728
729
730
731
732
733
734
735
736
737
738
739
740
741
742
743
744
745
746
747
748
2673
2689
751
2675
753
754
2682
2684
3686
758
759
760
761
762
763
764
765
766
767
768
2706
770
771
772
773
774
775
776
777
778
779
780
781
782
783
784
785
786
2737
788
789
790
791
792
793
3542
795
796
797
798
799
800
3634
3847
2769
804
805
806
807
808
809
810
811
812
813
814
815
816
817
818
819
820
3583
2797
3388
3387
825
826
827
2809
2820
3639
831
3816
3054
3051
2828
2830
837
4382
839
2838
3740
842
3787
1839
845
846
848
3749
849
850
851
852
853
854
855
856
857
3461
859
2879
3440
2880
863
864
865
866
3628
2889
869
870
2895
2896
873
2871
2902
876
877
1077
1076
1950
1948
911
2949
884
2945
1982
887
2997
3757
3004
2951
892
893
33
2915
2913
897
108
28
2959
901
902
903
2967
905
2979
2976
908
909
2996
3444
3443
913
3013
2981
916
1970
918
2988
920
22
24
23
924
925
926
927
928
929
2978
931
932
3969
2010
3418
3055
3419
1063
3059
945
3076
3064
3056
4371
968
970
2767
3086
949
950
951
3171
953
954
3129
962
3117
958
2014
960
961
965
3148
3119
3121
3065
3131
968
969
970
971
3144
974
974
973
933
977
978
979
961
3179
982
2174
2176
3183
3185
6208
988
3194
990
991
2171
993
994
995
996
997
998
999
1000
1001
1002
1003
1004
1005
1006
1007
1008
1009
1010
1011
1012
1013
1014
1015
1016
1017
1018
1019
1020
1021
1022
1023
1024
1025
1026
1027
1028
1029
1030
1031
1032
1033
1034
1035
1036
1037
1038
1039
1040
1041
1042
1043
1044
1045
1046
1047
1048
1049
1050
1051
1052
1053
1054
1055
1056
1057
1058
1059
960
6235
969
3421
3426
1065
3433
3437
883
1069
1070
1071
1072
32
3467
1075
3475
3476
3479
1079
1080
3490
1956
1083
1084
1085
1086
1087
1088
1089
1090
1091
1092
1093
1094
1095
1096
1097
1098
1099
1100
3569
1102
3660
1104
1105
3844
3657
1108
1109
1110
1111
1112
3616
1114
1115
1116
1117
3814
1119
1120
1121
1122
1123
1124
1125
3677
3682
1128
1129
3702
1131
1132
1133
1134
1135
1136
3785
3789
1139
1140
1141
1142
1143
1144
1145
1146
1147
3853
1149
1150
1151
1152
1153
1154
1155
1156
1157
1158
1159
1160
1161
1162
1163
1164
3969
1166
1167
1168
1169
1170
1171
1172
1173
1174
1175
1176
1177
1178
1179
1180
1181
1182
1183
1184
1185
1186
1187
1188
1189
1190
1191
1192
1193
1194
1195
1196
1197
1198
1199
1200
1201
1202
1203
1204
1205
1206
1207
1208
1209
1210
1211
1212
1213
1214
1215
1216
1217
1218
1219
1220
1221
1222
1223
1224
1225
1226
1227
1228
1229
1230
1231
1232
1233
1234
1235
1236
1237
1238
1239
1240
1241
1242
1243
1244
1245
1246
1247
1248
1249
1250
1251
1252
1253
1254
1255
1256
1257
1258
1259
1260
1261
1262
1263
1264
1265
1266
1267
1268
1269
1270
1271
1272
1273
1274
1275
1276
1277
1278
1279
1280
1281
1282
1283
1284
1285
1286
1287
1288
1289
1290
1291
1292
1293
1294
1295
1296
1297
1298
1299
1300
1301
1302
1303
1304
1305
1306
1307
1308
1309
1310
1311
1312
1313
1314
1315
1316
1317
4485
4483
4496
4495
1322
1323
4493
1325
1326
1327
1328
1329
1330
1331
1332
1333
1334
1335
4513
1337
1338
1339
1340
1341
1342
1343
1344
1345
1346
1347
1348
1349
1350
1351
1352
1353
1354
5304
1356
1357
1358
1359
1360
1361
5603
4574
1364
1365
1366
1367
1368
1369
1370
1371
1372
1373
1374
1375
1376
1377
1378
5342
4601
1381
5162
1383
4613
5400
4621
1387
5572
4627
4849
6128
1392
4637
5499
5500
4639
1397
4643
1399
1400
2547
1402
1403
1404
1405
1406
1407
1408
5224
1410
1411
4677
1413
1414
1415
1416
1417
1418
1419
1420
5390
4692
1423
1424
1425
4701
4671
1428
1429
5238
5238
2363
1596
4747
4729
1437
4744
1439
2391
5515
4802
4751
1443
204
289
1601
199
279
4756
1450
1451
4763
4766
4768
4773
4776
4774
4789
1459
4792
4795
1462
1463
1464
2224
4813
4813
4785
4787
1468
2224
197
266
195
194
201
1477
1478
1479
4834
1481
4842
5723
2256
5186
4850
4855
4873
5187
4859
4857
6117
1511
1510
2240
1496
4883
4886
4958
1500
1501
4922
4925
4910
2422
1506
4937
4914
4863
1510
1511
4956
4933
4954
1515
1483
1514
4904
1519
1506
4968
4952
2578
2575
4969
4972
6206
5731
1529
1530
4981
4983
2573
1534
1535
1536
1537
1538
1539
1540
1541
1542
1543
1544
1545
1546
1547
1548
1549
1550
1551
1552
1553
1554
1555
1556
1557
1558
1559
1560
1561
1562
1563
1564
1565
1566
1567
1568
1569
1570
1571
1572
1573
1574
1575
1576
1577
1578
1579
1580
1581
1582
1583
1584
5197
1586
1435
1588
1589
1590
1591
203
1593
1594
1452
5239
1432
1598
1599
5257
602
1602
1603
5269
1605
1606
1607
1608
1609
1610
1611
1612
1613
1614
1615
1616
1617
1618
1619
1620
5330
1622
5421
1624
1625
5420
1627
1628
1629
1630
1631
1632
1633
1634
1635
1636
5570
1638
1639
1640
1641
1642
1643
1644
1645
1646
5444
1648
1649
5461
1651
1652
1653
1654
1655
5514
1657
5541
5555
1660
1661
1662
1663
1664
1665
1666
1667
1668
1669
1670
1671
1672
1673
1674
1675
1676
1677
1678
1679
1680
1681
1682
1683
1684
1685
5723
5728
1688
5751
1690
1691
1692
1693
1694
1695
1696
1697
1698
1699
1700
1701
1702
1703
1704
1705
1706
1707
1708
1709
1710
1711
1712
1713
1714
1715
1716
1717
1718
1719
1720
1721
1722
1723
1724
1725
1726
1727
1728
1729
1730
1731
1732
1733
1734
1735
1736
1737
1738
1739
1740
1741
1742
1743
1744
1745
1746
1747
1748
1749
1750
1751
1752
1753
1754
1755
1756
1757
1758
1759
1760
1761
1762
1763
1764
1765
1766
1767
1768
1769
1770
1771
1772
1773
1774
1775
1776
1777
1778
1779
1780
1781
1782
1783
1784
1787
1786
1787
1788
1786
1790
1791
1793
3506
350
1792
349
1801
353
1797
21
2935
1805
1802
1804
1985
1806
1807
1808
1809
1810
3015
3015
3013
3684
2957
1816
1817
1818
1819
1821
2153
93
1820
1974
2766
2766
2766
2766
372
443
2766
3083
1829
2766
2766
802
2767
2767
2767
377
516
1844
516
516
1846
4378
380
1845
379
1853
1851
944
4372
1854
3959
3959
3959
2014
1859
1860
1861
1862
1863
1864
1865
1866
1867
1868
1869
1870
1871
1872
1873
1874
1875
1876
1877
1878
1879
1880
1881
1882
1883
1884
1885
1886
1887
1888
1889
1890
1891
1892
1893
1894
1895
1896
1897
1898
1899
1900
1901
1902
1903
1904
1905
1906
1907
1908
1909
1910
1911
1912
1913
1914
1915
1916
1917
1918
1919
1920
1921
1922
1923
1924
1925
1926
1927
1928
1929
1930
1931
1932
1933
1934
1935
1936
1937
1938
1939
1940
1941
1942
1943
1944
1945
3473
1949
1077
3473
3475
1951
1952
1953
1954
1955
422
1957
1958
1959
1960
1961
1962
1963
1964
1965
1966
1967
1968
1969
39
142
1972
427
2990
1976
3755
1978
1978
89
889
1984
890
3003
2998
1985
1986
1987
1989
3084
1989
429
1992
1993
1994
1995
1996
1997
1998
1999
2000
2001
2002
2003
2004
2005
2006
2007
2008
2009
3958
3958
3959
380
3958
3958
1845
2016
445
2019
2020
2021
2022
2023
2024
2025
2026
2027
2028
2029
2030
2031
2032
2033
2034
2035
2036
2037
2038
2039
2040
2041
2042
2043
2044
2045
2046
2047
2048
2049
2050
2051
2052
2053
2054
2055
2056
2057
2058
2059
2060
2061
2062
2063
2064
2065
2066
2067
2068
2069
2070
2071
2072
2073
2074
2075
2076
2077
2078
2079
2080
2081
2082
2083
2084
2085
2086
2087
2088
2089
2090
2091
2092
2093
2094
2095
2096
2097
2098
2099
2100
2101
2102
2103
2104
2105
2106
2107
2108
2109
2110
2111
2112
2113
2114
2115
2116
2117
2118
2119
2120
2121
2122
2123
2124
2125
2126
2127
2128
2129
2128
4401
2135
2135
500
2825
2136
2137
2138
2139
2140
2141
2142
2143
2144
2145
2146
2147
2148
2149
2150
2151
2152
2153
2154
97
2156
2157
2158
2159
2160
2161
2162
2163
2164
2165
2166
2167
2168
987
2169
987
3187
2176
517
2173
3199
2177
2178
2179
2180
2183
2182
2183
2184
2185
2186
2187
2189
5270
2190
2191
526
4734
257
4735
4734
192
2199
2395
2200
2198
2202
538
2204
2205
2206
4814
4815
4813
4814
4754
2214
541
4831
2214
543
194
543
2384
2219
2221
2222
2223
210
2221
621
621
621
4569
4878
4943
2428
2234
2234
4570
4570
4570
553
553
4568
2240
4569
4569
2244
621
2247
6124
556
2246
557
2251
2252
2253
2254
1492
2428
2420
2425
2428
2260
2261
2262
2263
2264
2265
2266
2267
2268
2269
2270
2271
2272
2273
2274
2275
2276
2277
2278
2279
2280
2281
2282
2283
2284
2285
2286
2287
2288
2289
2290
2291
2292
2293
2294
2295
2296
2297
2298
2299
2300
2301
2302
2303
2304
2305
2306
2307
2308
2309
2310
2311
2312
2313
2314
2315
2316
2317
2318
2319
2320
2321
2322
2323
2324
2325
2326
2327
2328
2329
2330
2331
2332
2333
2334
2335
2336
2337
2338
2339
2340
2341
2342
2343
2344
2345
2346
2347
2348
2349
2350
2351
2352
2353
2354
2355
2356
2357
2358
2359
2360
5237
5237
1596
5240
1452
2366
2367
2368
2370
5318
2371
2369
5257
2374
2375
2376
2377
2378
2379
2380
2381
2382
1458
4789
5513
2385
2388
4741
262
1440
1441
2390
4797
4803
2397
2396
2397
2401
607
2398
4882
2402
2403
2404
2405
2406
2407
2408
2409
2410
2411
2412
2413
2414
2415
2416
2417
2418
2419
2426
6161
2426
2426
4569
4567
4569
2426
4569
2249
622
2249
2432
2433
2434
2435
2436
2437
2438
2439
2440
2441
2442
2443
2444
2445
2446
2447
2448
2449
2450
2451
2452
2453
2454
2455
2456
2457
2458
2459
2460
2461
2462
2463
2464
2465
2466
2467
2468
2469
2470
2471
2472
2473
2474
2475
2476
2477
2478
2479
2480
2481
2482
2483
2484
2485
2486
2487
2488
2489
2490
2491
2492
2493
2494
2495
2496
2497
2498
2499
2500
2501
2502
2503
2504
2505
2506
2507
2508
2509
2510
2511
2512
2513
2514
2515
2516
2517
2518
2519
2520
2521
2522
2523
2524
2525
2526
2527
2528
2529
2530
2531
2532
2533
2534
2535
6147
2535
2538
2540
4624
679
2542
2544
4703
2545
2546
683
2548
2549
2550
2551
2552
2553
2554
2555
276
2557
2558
2559
195
2561
4790
2563
2564
2565
2566
2567
2568
2569
2570
1527
2572
1527
2571
2578
2576
2575
695
2579
2580
2581
2582
2583
2584
2585
2586
2587
2588
2589
2590
2591
2592
2593
2594
2595
2596
2597
2598
2599
2600
2601
2602
2603
2604
2605
2606
2607
2608
2609
2610
2611
2612
2613
2614
2615
2616
2617
2618
2619
2620
2621
2622
2623
2624
2625
2626
2627
2628
2629
2630
2631
2632
2633
2634
2635
2636
2637
2638
2639
2640
2641
2642
2643
2644
2645
2646
2647
2648
2649
2650
2651
2652
2653
2654
2655
2656
2657
2658
2659
2660
2661
2662
2663
2664
2665
2666
2667
2668
2669
2670
2671
2674
750
2686
751
2672
2677
2678
2679
2680
2685
749
2681
757
3685
2686
2687
2688
2689
2690
2691
2692
2693
2694
2695
2696
2697
2698
2699
2700
2701
2702
2707
2704
2703
765
2707
2708
2709
2710
2711
2712
2713
2714
2715
2716
2717
2718
2719
2720
2721
2722
2723
2724
2725
2726
2727
2728
2729
2730
2731
2732
2733
2734
2735
2735
2737
2738
2739
2740
2741
2742
2743
2744
2745
2746
2747
2748
2749
2750
2751
2752
2753
2754
2755
2756
2757
2758
2759
2760
2761
2763
2134
3847
802
3847
3847
2768
2769
2770
2771
2772
2773
2774
2775
2776
2777
2778
2779
2780
2781
2782
2783
2784
2785
2786
2787
2788
2789
2790
2791
2792
2793
2794
2795
2799
821
2796
3580
2800
3386
2802
2803
823
2805
2806
2807
830
829
2822
2824
2808
2813
2814
2815
2816
2817
2818
2819
2159
2821
2822
832
3640
3768
2827
3051
834
2826
3423
2831
2832
838
2834
2835
2839
2836
841
3739
2840
2841
3786
1837
2844
2845
2846
2847
2848
2849
2850
2851
2854
848
3748
2854
2857
3559
2858
2856
2860
2861
2862
2863
2864
2865
2866
2867
2868
2869
2870
858
2872
2873
2874
2875
2876
2877
2878
861
3440
2881
2882
2883
2884
2885
2886
2888
3627
867
2890
2891
2892
2893
2894
2895
2896
2897
2898
2899
2872
2901
874
2900
2904
2905
2906
2907
2908
2909
3614
2911
2914
1081
3495
881
2912
2918
1946
880
120
1949
1950
1948
2924
2947
33
124
2948
2949
2948
127
2932
21
127
2935
2936
2937
2938
2944
2940
2941
2942
2943
2946
912
4385
4267
4267
911
2950
2951
2950
2953
106
2955
108
2957
2960
875
3462
2958
2962
2963
2964
2965
2970
356
2966
2969
2970
2971
2972
2973
2974
2979
906
2975
2978
2979
2968
904
3012
2983
2985
2985
2986
2984
906
2976
2976
2989
2992
2993
2994
2995
930
2977
3037
3000
3441
2999
360
1807
3004
3012
917
3012
2987
3009
919
3011
3014
151
42
107
105
3017
101
2989
3020
3021
3022
3023
3024
3025
3026
3027
3028
3029
3030
3031
3032
3033
3034
3035
3036
3037
3038
3039
3040
3041
3042
3043
3044
3084
3085
2010
948
443
6160
3417
3417
3417
3419
3418
3075
940
3075
945
3074
3077
941
3078
430
3058
3059
3058
939
3060
3066
3057
1988
1990
3134
968
3134
970
3138
3139
2764
802
2764
2764
3087
3084
3086
3964
2017
3088
3090
3091
3092
3093
3170
3095
3096
3097
3132
3099
3101
3114
3102
3103
956
3107
3959
3107
2014
3109
3110
3111
3112
3113
3149
3150
3120
963
2855
840
3118
847
935
3052
3055
3125
3126
3128
3130
968
3130
969
3134
3133
3134
3135
3136
3137
3138
3139
3140
3142
3142
3141
971
3146
3168
3145
964
3120
965
3990
3167
3990
802
802
2767
802
2766
802
3959
2014
3162
3163
3164
3165
3166
3167
2837
3169
3143
972
3172
3173
3991
974
3153
3969
3163
961
3181
3163
3174
3175
3182
3177
3186
988
3188
3189
3190
3191
3192
3178
981
3193
3196
3197
3198
2170
2170
3201
3202
3203
3204
3205
3206
3207
3208
3209
3210
3211
3212
3213
3214
3215
3216
3217
3218
3219
3220
3221
3222
3223
3224
3225
3226
3227
3228
3229
3230
3231
3232
3233
3234
3235
3236
3237
3238
3239
3240
3241
3242
3243
3244
3245
3246
3247
3248
3249
3250
3251
3252
3253
3254
3255
3256
3257
3258
3259
3260
3261
3262
3263
3264
3265
3266
3267
3268
3269
3270
3271
3272
3273
3274
3275
3276
3277
3278
3279
3280
3281
3282
3283
3284
3285
3286
3287
3288
3289
3290
3291
3292
3293
3294
3295
3296
3297
3298
3299
3300
3301
3302
3303
3304
3305
3306
3307
3308
3309
3310
3311
3312
3313
3314
3315
3316
3317
3318
3319
3320
3321
3322
3323
3324
3325
3326
3327
3328
3329
3330
3331
3332
3333
3334
3335
3336
3337
3338
3339
3340
3341
3342
3343
3344
3345
3346
3347
3348
3349
3350
3351
3352
3353
3354
3355
3356
3357
3358
3359
3360
3361
3362
3363
3364
3365
3366
3367
3368
3369
3370
3371
3372
3373
3374
3375
3376
3377
3378
3379
3380
3381
3382
3383
3384
3385
2829
835
836
3389
3390
3391
3392
3393
3394
3395
3396
3397
3398
3399
3400
3401
3402
3403
3404
3405
3406
3407
3408
3110
6235
3409
3110
3135
3137
3136
3130
3420
3420
3421
3130
969
3055
938
3411
3424
1061
3427
3428
3429
3430
3431
3432
3433
3434
3435
3436
1066
1067
3438
3463
3442
3442
3443
1069
127
33
2931
2999
3449
860
3451
3452
3453
3454
3455
3456
3457
3458
3459
3459
3461
3463
3464
3460
2961
3465
900
3468
3469
3470
3471
857
3474
3474
1074
3476
2927
3477
1073
2903
3480
873
3483
3484
3485
3486
3487
3488
3495
1082
3493
3492
3492
3494
3493
2916
3497
895
3499
3500
3501
3502
3503
3504
3505
3505
1085
3508
3509
3510
3511
3512
3513
3514
3515
3516
3517
3518
3519
3520
3521
3522
3523
3524
3525
3526
3527
3528
3529
3530
3531
3532
3533
3534
3535
3536
3537
3538
3539
3540
3541
1096
3543
3544
3545
3546
3547
3548
3549
3550
3551
3552
3553
3554
3555
3556
112
113
3559
3560
3561
3562
3563
3564
3565
3566
3567
3568
3124
3122
2828
3572
3573
3574
1101
3571
3570
3578
3576
3582
1106
1106
1107
3584
3585
3586
3587
3588
3589
3590
2952
3617
3593
3594
3595
3596
3597
3598
3599
3600
3601
3602
3603
3604
3605
3606
3607
3608
3609
3610
3611
3612
3613
2895
3615
872
3617
3618
3619
3620
3621
3622
3623
3624
3625
3626
3627
766
3629
3630
3631
3632
2812
3634
3635
3636
3637
3637
1118
3815
3641
3642
3643
3644
3645
3646
3387
3647
3649
3650
3651
3652
3655
3653
4383
3656
4380
3658
3659
835
3661
3662
3663
3664
3665
3666
3667
3668
3669
3670
3671
3672
3673
3674
2705
3676
769
3679
3709
3678
3676
1126
3681
3680
2736
787
3687
3688
3689
3690
3691
3692
3693
3694
3696
3699
3695
3698
2700
2676
3700
752
3703
3704
3705
3706
3707
3708
3683
1127
3711
3712
3713
3714
3715
3716
3717
3718
3719
3720
3721
3722
3723
3724
3725
3726
3727
3728
3729
3730
3731
3732
3733
3734
3735
3736
3737
3738
3701
755
1130
3742
3743
3744
3745
3746
3747
2683
756
3750
3751
3752
3753
3754
2977
2996
361
3758
3759
3760
3761
3762
3763
3764
3765
3766
3767
2771
3769
3770
3771
3772
3775
3756
3776
3776
3777
3778
3779
3780
3781
3782
378
370
3967
1832
373
3784
1137
3788
3791
3792
3793
3794
3795
3966
3046
3797
3798
3800
3801
3071
3068
3804
3805
3806
3807
3808
3809
3810
3811
3812
3813
3814
803
803
3817
3818
3819
3820
3821
3822
3823
3824
3825
3826
3827
3828
3829
3830
3831
3832
3833
3834
3835
3836
3837
3838
3839
3840
3841
3845
3842
1147
3845
3844
1147
3849
3852
3850
1148
3854
3853
3854
3855
3856
3857
3858
3859
3860
3861
3862
3863
3864
3865
3866
3867
3868
3869
3870
3871
3872
3873
3874
3875
3876
3877
3878
3879
3880
3881
3882
3883
3884
3885
3886
3887
3888
3889
3890
3891
3892
3893
3894
3895
3896
3897
3898
3899
3900
3901
3902
3903
3904
3905
3905
3907
3908
3909
3910
3911
3912
3913
3914
3915
3916
3917
3918
3919
3920
3921
3922
3923
3924
3925
3926
3927
3928
3929
3930
3931
3932
3933
3934
3935
3936
3937
3938
3939
3940
3941
3942
3943
3944
3945
3946
3947
3948
3949
3950
3951
3952
3953
3954
3955
3956
3955
3957
3957
1164
3961
3962
3963
3089
3965
3084
2010
3085
948
3968
3971
1165
3973
3974
3975
3976
3977
3978
3979
3980
3981
3982
3983
3984
3985
3986
3987
3988
3989
3990
3990
3991
3993
3994
3995
3996
3997
3998
3999
4000
4001
4002
4003
4004
4005
4006
4007
4008
4009
4010
4011
4012
4013
4014
4015
4016
4017
4018
4019
4020
4021
4022
4023
4024
4025
4026
4027
4028
4029
4030
4031
4032
4033
4034
4035
4036
4037
4038
4039
4040
4041
4042
4043
4044
4045
4046
4047
4048
4049
4050
4051
4052
4053
4054
4055
4056
4057
4058
4059
4060
4061
4062
4063
4064
4065
4066
4067
4068
4069
4070
4071
4072
4073
4074
4075
4076
4077
4078
4079
4080
4081
4082
4083
4084
4085
4086
4087
4088
4089
4090
4091
4092
4093
4094
4095
4096
4097
4098
4099
4100
4101
4102
4103
4104
4105
4106
4107
4108
4109
4110
4111
4112
4113
4114
4115
4116
4117
4118
4119
4120
4121
4122
4123
4124
4125
4126
4127
4128
2920
4129
4131
4132
4133
4134
4135
4136
4137
4138
4139
4140
4141
4142
4143
4144
4145
4146
4147
4148
4149
4150
4151
4152
4153
4154
4155
4156
4157
4158
4159
4160
4161
4162
4163
4164
4165
4166
4167
4168
4169
4170
4171
4172
4173
4174
4175
4176
4177
4178
4179
4180
4181
4182
4183
4184
4185
4186
4187
4188
4189
4190
4191
4192
4193
4194
4195
4196
4197
4198
4199
4200
4201
4202
4203
4204
4205
4206
4207
4208
4209
4210
4211
4212
4213
4214
4215
4216
4217
4218
4219
4220
4221
4222
4223
4224
4225
4226
4227
4228
4229
4230
4231
4232
4233
4234
4235
4236
4237
4238
4239
4240
4241
4242
4243
4244
4245
4246
4247
4248
4249
4250
4251
4252
4253
4254
4255
4256
4257
4258
4259
4260
4261
4262
4263
4264
4265
4266
3466
4268
4269
4270
4271
4272
4273
4274
4275
4276
4277
4278
4279
4280
4281
4282
4283
4284
4285
4286
4287
4288
4289
4290
4291
4292
4293
4294
4295
4296
4297
4298
4299
4300
4301
4302
4303
4304
4305
4306
4307
4308
4309
4310
4311
4312
4313
4314
4315
4316
4317
4318
4319
4320
4321
4322
4323
4324
4325
4326
4327
4328
4329
4330
4331
4332
4333
4334
4335
4336
4337
4338
4339
4340
4341
4342
4343
4344
4345
4346
4347
4348
4349
4350
4351
4352
4353
4354
4355
4356
4357
4358
4359
4360
4361
4362
4363
4364
4365
4366
4367
4368
4369
941
942
3073
4373
4375
3147
4376
4377
4378
4379
3843
4381
4382
3659
4384
4385
4386
4387
4388
4389
4390
4391
2952
4393
4394
4395
4396
4397
4398
4399
4400
4401
2767
4403
3959
3166
4406
4407
4408
4409
4410
4411
4412
4413
4414
4415
4416
4417
4418
4419
4420
4421
4422
4423
4424
4425
4426
4427
4428
4429
4430
4431
4432
4433
4434
4435
4436
4437
4438
4439
4440
4441
4442
4443
4444
4445
4446
4447
4448
4449
4450
4451
4452
4453
4454
4455
4456
4457
4458
4459
4460
4461
4462
4463
4464
4465
4466
4467
4468
4469
4470
4471
4472
4473
4474
4475
4476
4477
4478
4479
4480
4484
4481
1320
4494
1321
4486
4486
4488
4489
4491
5446
4490
1318
4494
4495
4496
4497
4498
4499
4500
4501
4502
4503
4504
4505
4506
4507
4508
4509
4510
4512
4512
1334
4511
4515
4516
4517
4518
4519
4520
4521
4522
4523
4524
4525
4526
4527
4528
4529
4530
4531
4532
4533
4534
4535
4536
4537
4538
4539
4540
4541
4542
4541
4544
4545
4546
4547
4548
4549
4550
4551
4552
4553
4554
4555
4556
4557
4558
4559
4560
4561
4562
4563
2541
4564
4566
4568
5602
1362
4568
4573
4572
4573
4571
4575
4576
4577
4578
4579
4580
4581
4582
4583
4584
4585
4586
4587
4588
4589
4590
4591
4592
4593
4594
4595
4596
4597
4599
5341
4600
1379
4605
4603
4604
5162
4606
4607
4608
1385
4609
4626
4622
1386
4614
4615
4616
4617
4618
4619
4620
2565
691
4623
1388
5526
5401
4630
4627
5188
4849
4631
4632
4633
1391
4635
4638
1394
5498
1395
4636
4641
4642
552
4644
4645
4646
4647
4651
4648
4650
5501
4654
4654
5507
4658
4655
4657
5321
4659
4660
4661
4662
4663
4664
4665
4666
4667
4669
5235
4670
1409
4672
4673
4674
4675
4676
1411
4678
4679
4680
4681
4682
4683
4684
4685
4686
4687
4688
4689
4690
4691
4692
4693
4694
4695
4696
4697
4698
4699
4700
1427
4702
4703
4704
4705
4706
4707
5375
4709
4710
5259
1595
5258
5255
4713
293
203
2364
291
2364
5238
1596
296
4727
296
204
4746
4746
1434
4730
4800
298
192
4736
1438
4740
4743
4744
2391
4743
4742
5531
4745
1462
4745
4748
4747
4748
4749
4749
4751
4752
276
276
279
4756
4759
4758
5226
1426
4761
4761
4763
4764
4769
682
4765
533
5471
4772
4770
5506
1482
4777
4774
540
4833
4777
4767
1453
4811
1454
4784
4839
1456
4783
1455
4775
1457
4788
2206
4792
4791
537
1480
4778
4834
4799
4799
4798
4803
4802
2203
4811
4811
2224
4786
1469
4785
4810
212
213
320
4815
277
4816
273
4788
4820
2372
4821
4822
4823
4824
4825
4826
4827
4828
4829
4826
4831
4832
2215
4833
542
4836
4837
4838
4840
4841
4830
1479
4881
1497
4947
4884
2425
2428
5185
5186
4850
5185
4874
4871
1494
5187
1489
1488
608
4872
1488
4856
1485
4853
4864
1487
4862
1491
2400
4870
4924
1511
4924
1510
4876
4930
554
6148
2240
4567
4882
5720
4883
4882
2431
623
4885
4888
4957
4890
4891
4892
4893
4923
4895
4896
4900
4898
1504
4911
2426
621
6161
5715
4905
4906
4907
4908
4939
4937
4913
4653
4912
1396
1485
4850
4852
4918
4920
4921
4921
1510
4924
4924
1511
4926
4927
4928
4928
4930
4932
4959
1512
4931
4936
4955
1508
4935
4913
5746
5746
4954
4567
2240
4570
621
2425
2420
4949
4950
4949
1515
4953
4954
4640
1393
4934
1513
4649
4960
5747
5723
4941
1515
4950
4950
4966
1506
4963
1516
4969
1517
4973
4974
1528
4976
4977
4978
4967
4979
1521
4982
1529
4982
4985
4985
4987
4988
4989
4990
4991
4992
4993
4994
4995
4996
4997
4998
4999
5000
5001
5002
5003
5004
5005
5006
5007
5008
5009
5010
5011
5012
5013
5014
5015
5016
5017
5018
5019
5020
5021
5022
5023
5024
5025
5026
5027
5028
5029
5030
5031
5032
5033
5034
5035
5036
5037
5038
5039
5040
5041
5042
5043
5044
5045
5046
5047
5048
5049
5050
5051
5052
5053
5054
5055
5056
5057
5058
5059
5060
5061
5062
5063
5064
5065
5066
5067
5068
5069
5070
5071
5072
5073
5074
5075
5076
5077
5078
5079
5080
5081
5082
5083
5084
5085
5086
5087
5088
5089
5090
5091
5092
5093
5094
5095
5096
5097
5098
5099
5100
5101
5102
5103
5104
5105
5106
5107
5108
5109
5110
5111
5112
5113
5114
5115
5116
5117
5118
5119
5120
5121
5122
5123
5124
5125
5126
5127
5128
5129
5130
5131
5132
5133
5134
5135
5136
5137
5138
5139
5140
5141
5142
5143
5144
5145
5146
5147
5148
5149
5150
5151
5152
5153
5154
5155
5156
5157
5158
5159
5160
5161
4628
4628
5164
5165
5166
5167
5168
5169
5170
5171
5172
5173
5174
5175
5176
5177
5178
4906
4906
5179
4926
4921
4927
5187
5187
4921
4850
5181
5189
5191
5192
5193
5194
5195
5196
5197
5198
5199
5200
1585
5202
5203
1412
5205
5206
5207
5208
298
4731
204
4798
5213
5214
5215
5216
5217
5218
5219
5220
5221
5222
5223
5224
5223
5227
5228
5225
5229
5230
5231
5232
5233
5234
5235
5236
5240
1452
1593
5247
4723
4717
4724
5244
5245
5246
5247
5248
5249
5250
5251
5252
5256
5256
5257
4762
1451
4762
4762
290
5261
1431
285
5264
5265
5268
5266
5268
1460
5267
1604
5272
5273
5274
5275
5276
5277
5278
5279
5280
5281
5282
5283
5284
5285
5286
5287
5288
5289
5290
5291
5292
5293
5294
5295
5296
5297
5298
5299
5300
5301
5302
5303
1615
5305
5306
5307
5308
5309
5310
5311
5312
5313
5314
5315
5316
5317
2378
283
286
5322
5324
5323
5324
5325
5326
5327
5328
5329
4916
4629
4917
5333
5334
5335
1621
5340
5338
5332
5331
5343
1626
6126
1627
5345
5346
5347
5348
5349
5350
5351
5352
5353
5354
5355
5356
5357
5358
5359
5360
5361
5362
5363
5364
5365
5366
5367
5368
5369
5370
5371
5372
5373
5374
5375
1422
5377
5378
5379
5380
5381
5382
5383
5384
5385
5386
5387
5388
5389
5390
5391
5392
5393
4610
5395
5396
5397
5398
5399
1637
5571
5402
5403
5404
5405
5406
1382
5409
5163
5410
5411
5412
5413
5415
6129
5414
5417
5417
5419
5420
1389
5422
5423
5424
5425
5426
5427
5428
5429
5430
5431
5432
5433
5434
5435
4514
1336
5438
5439
5469
5441
5438
5442
1646
5445
4543
5447
5448
5449
5450
5451
5452
5453
5454
5457
5456
5459
5458
4509
4482
1319
5460
4487
5463
5465
5466
5467
5466
5443
1647
5468
5472
5473
5474
5475
5476
5477
5478
5479
5480
5481
5482
5483
5484
5485
5486
5487
5488
5489
5490
5491
5492
5493
5494
5495
5496
5497
5462
1650
1324
5464
2225
6136
5504
5505
5506
4492
5508
5509
5510
5511
5512
1457
4796
538
5516
5517
5518
5519
5520
5521
5522
5523
5524
5525
4572
5527
5528
5529
5532
2392
5533
5534
4792
5535
5536
5537
5538
5539
546
561
5540
5543
5544
5545
5545
1658
5548
5549
5550
5551
5552
5722
4846
5554
4970
1623
5558
4867
4865
5561
5562
5563
5564
5565
5566
5567
5568
5569
5570
1363
1363
5573
5574
5575
5576
5577
5578
5579
5580
5581
5582
5583
5584
5585
5586
5587
5588
5589
5590
5591
5592
5593
5594
5595
5596
5597
5598
5599
5600
5601
5600
5603
5607
5605
5606
5608
5608
5609
5610
5611
5612
5613
5614
5615
5616
5617
5618
5619
5620
5621
5622
5623
5624
5625
5626
5627
5628
5629
5630
5631
5632
5633
5634
5635
5636
5637
5638
5639
5640
5641
5642
5643
5644
5645
5646
5647
5648
5649
5650
5651
5652
5653
5654
5655
5656
5657
5658
5659
5660
5661
5662
5663
5664
5665
5666
5667
5668
5669
5670
5671
5672
5673
5674
5675
5676
5677
5678
5679
5680
5681
5682
5683
5684
5685
5686
5687
5688
5689
5690
5691
5692
5693
5694
5695
5696
5697
5698
5699
5700
5701
5702
5703
5704
5705
5706
5707
5708
5709
5710
5711
5712
5713
5714
5713
5716
5717
5718
5719
4887
5721
4881
1497
4884
4947
5725
5727
1686
5729
5730
1689
5732
5733
5734
5735
5736
5737
5738
5739
5740
5741
5742
5743
5744
5745
5746
5746
5747
5748
5750
1532
5752
5753
5754
5755
5756
5757
5758
5759
5760
5761
5762
5763
5764
5765
5766
5767
5768
5769
5770
5771
5772
5773
5774
5775
5776
5777
5778
5779
5780
5781
5782
5783
5784
5785
5786
5787
5788
5789
5790
5791
5792
5793
5794
5795
5796
5797
5798
5799
5800
5801
5802
5803
5804
5805
5806
5807
5808
5809
5810
5811
5812
5813
5814
5815
5816
5817
5818
5819
5820
5821
5822
5823
5824
5825
5826
5827
5828
5829
5830
5831
5832
5833
5834
5835
5836
5837
5838
5839
5840
5841
5842
5843
5844
5845
5846
5847
5848
5849
5850
5851
5852
5853
5854
5855
5856
5857
5858
5859
5860
5861
5862
5863
5864
5865
5866
5867
5868
5869
5870
5871
5872
5873
5874
5875
5876
5877
5878
5879
293
4720
5882
5883
5884
5885
5886
5887
5888
5889
5890
5891
5892
5893
5894
5895
5896
5897
5898
5899
5900
5901
5902
5903
5904
5905
5906
5907
5908
5909
5910
5911
5912
5913
5914
5915
5916
5917
5918
5919
5920
5921
5922
5923
5924
5925
5926
5927
5928
5929
5930
5931
5932
5933
5934
5935
5936
5937
5938
5939
5940
5941
5942
5943
5944
5945
5946
5947
5948
5949
5950
5951
5952
5953
5954
5955
5956
5957
5958
5959
5960
5961
5962
5963
5964
5965
5966
5967
5968
5969
5970
5971
5972
5973
5974
5975
5976
5977
5978
5979
5980
5981
5982
5983
5984
5985
5986
5987
5988
5989
5990
5991
5992
5993
5994
5995
5996
5997
5998
5999
6000
6001
6002
6003
6004
6005
6006
6007
6008
6009
6010
6011
6012
6013
6014
6015
6016
6017
6018
6019
6020
6021
6022
6023
6024
6025
6026
6027
6028
6029
6030
6031
6032
6033
6034
6035
6036
6037
6038
6039
6040
6041
6042
6043
6044
6045
6046
6047
6048
6049
6050
6051
6052
6053
6054
6055
6056
6057
6058
6059
6060
6061
6062
6063
6064
6065
6066
6067
6068
6069
6070
6071
6072
6073
6074
6075
6076
6077
6078
6079
6080
6081
6082
6083
6084
6085
6086
6087
6088
6089
6090
6091
6092
6093
6094
6095
6096
6097
6098
6099
6100
6101
6102
6103
6104
6105
6106
6107
6108
6109
6110
6111
6112
6113
6114
6115
4854
1490
6118
6120
6121
4938
6122
6123
6124
6125
6126
6127
1639
5418
6130
6131
6132
6133
6134
6135
4771
6137
4750
6139
2369
6141
6142
6143
6144
6145
6146
6147
2240
6149
2425
4953
6152
6153
6154
6155
6156
6157
6158
6159
802
2426
6162
6163
6164
6165
6166
6167
6168
6169
6170
6171
6172
6173
6174
6175
6176
6177
6178
6179
6180
6181
2573
2171
2176
2575
6186
6187
6188
6189
6190
6191
1530
6193
6194
6195
6196
6204
6198
6199
6200
6201
6202
6203
1064
6205
5731
6207
988
6210
1525
6240
986
6213
6214
6215
6216
6217
6218
6219
6220
6221
6222
6223
6224
6225
6226
6227
6228
6229
6230
6231
6232
6233
6234
6216
6215
985
1064
6239
6240
6241
6242
6243
6244
6245
6246
6247
6248
6249
6250
6251
6252
6253
6254
6234
1526
6257
6258
6259
6260
6261
6262
6263
6264
6265
6266
6267
6268
6291
6270
6290
6289
6273
6274
6275
6276
6277
6278
6279
6280
6281
6282
6283
6284
6285
6286
6287
6288
6289
6274
6291
