46
91
95
3017
102
5
6
6
134
53
17
65
132
51
50
72
80
82
68
129
20
47
23
97
24
25
386
385
28
28
924
1083
59
66
137
35
36
145
38
39
164
41
3014
167
45
147
37
45
48
49
50
51
52
56
56
16
165
60
55
17
81
18
18
68
75
67
67
138
12
71
69
76
14
131
131
74
13
13
70
70
15
79
19
73
45
46
1
91
90
90
92
2
2155
97
922
3
98
24
100
1972
100
100
102
103
27
3016
106
107
106
28
111
6
112
3558
924
115
3499
3499
9
133
4130
4130
59
63
63
65
352
0
130
34
139
34
137
40
134
36
146
137
135
140
140
141
1971
386
141
145
146
145
148
149
150
151
152
153
154
163
163
157
158
159
160
138
2
149
35
158
166
42
168
169
169
238
172
173
174
268
176
177
178
179
180
230
234
183
184
185
186
187
188
189
190
191
192
193
194
195
196
210
198
199
200
201
202
203
295
205
206
207
208
209
210
211
223
213
214
215
215
217
218
219
219
221
222
223
224
225
226
227
228
229
188
228
233
233
189
232
237
237
238
236
240
241
242
243
244
245
246
247
248
249
250
251
252
253
254
216
256
257
171
259
260
261
262
263
264
265
266
267
268
269
270
271
272
273
274
275
276
277
176
279
280
281
282
283
284
285
286
287
288
289
290
5880
1597
293
5243
1587
294
5210
297
299
300
301
302
303
304
305
306
307
308
309
310
311
315
331
210
2223
316
317
318
319
320
321
322
323
324
325
326
327
328
329
330
331
332
333
334
335
336
329
209
339
340
340
342
343
344
1788
2704
347
1789
3773
1793
351
47
1978
20
1797
3710
357
1803
1985
1807
3036
362
363
364
365
2991
1974
25
1856
3050
3968
3083
373
1831
2843
3080
1837
3106
3143
440
381
382
3968
371
385
386
387
388
389
390
391
392
393
394
395
396
397
398
399
400
401
402
403
404
405
406
407
408
409
410
411
412
413
414
415
416
417
418
419
420
421
1082
423
424
425
918
907
3771
429
3064
431
432
433
434
435
436
437
438
439
3088
2010
3968
6160
4403
3094
446
447
448
449
450
451
452
453
454
455
456
457
458
459
460
461
462
463
464
465
466
467
468
469
470
471
472
473
474
475
476
477
478
479
480
481
482
483
484
485
486
487
488
489
490
491
492
493
494
495
2835
497
2134
2825
2811
501
502
503
2901
505
506
507
508
509
510
511
2158
2160
514
515
3107
1842
518
519
520
521
522
523
524
525
526
527
2211
192
191
531
532
533
534
535
536
537
538
539
540
541
542
543
544
196
2423
2427
548
549
550
2424
4643
2240
2425
2427
4931
2250
558
559
2257
2257
198
563
564
565
566
567
568
569
570
571
572
573
574
575
576
577
578
579
580
581
582
583
584
585
586
587
588
589
590
591
592
593
594
595
596
597
598
599
600
601
602
603
604
605
606
607
608
609
610
611
612
613
614
615
616
617
2431
2257
6161
2426
4889
6149
624
625
626
627
628
629
630
631
632
633
634
635
636
637
638
639
640
641
642
643
644
645
646
647
648
649
650
651
652
653
654
655
656
657
658
659
660
661
662
663
664
665
666
667
668
669
670
671
672
673
674
4632
2541
677
4625
4611
680
681
682
683
684
685
686
687
688
689
2564
5396
692
693
5713
2245
696
697
698
699
700
701
702
703
704
705
706
707
708
709
710
711
712
713
714
715
716
717
718
719
720
721
722
723
724
725
726
727
728
729
730
731
732
733
734
735
736
737
738
739
740
741
742
743
744
745
746
747
748
749
750
751
752
753
754
3740
3749
757
758
759
760
761
762
763
2714
2699
2701
2715
3667
2706
770
2710
772
773
774
775
776
777
778
779
780
781
782
783
784
785
786
787
788
2742
790
2744
792
793
794
795
796
797
798
799
800
801
3958
2769
2771
805
2774
3769
808
809
810
811
2783
3377
814
815
816
2795
2793
2848
820
2797
822
823
824
825
826
827
829
2820
2822
831
3640
833
834
835
3388
837
2833
971
3148
840
2840
1854
844
845
3172
965
847
849
850
851
3461
3472
854
855
856
2140
2871
3504
3449
2877
3502
863
2885
865
866
3628
2889
869
3586
871
2896
3482
2902
2959
876
877
2915
10
59
1083
66
3447
2935
2936
2943
2942
2997
2998
1980
891
2954
893
65
54
155
6
28
28
3467
3494
1077
903
904
905
2979
2975
2995
1809
2996
2932
2939
3004
914
915
916
917
2986
906
919
23
24
97
924
925
926
3025
928
929
2978
3040
932
3048
3785
935
936
937
938
939
940
941
4371
3071
1852
945
3077
372
429
429
3140
970
3097
968
946
945
967
955
969
3785
3414
980
958
953
957
956
966
1062
945
1062
946
3171
3093
3152
3152
975
3176
3971
3179
1060
980
981
3175
983
6184
985
986
3187
6208
989
3198
3190
6183
993
994
995
996
997
998
999
1000
1001
1002
1003
1004
1005
1006
1007
1008
1009
1010
1011
1012
1013
1014
1015
1016
1017
1018
1019
1020
1021
1022
1023
1024
1025
1026
1027
1028
1029
1030
1031
1032
1033
1034
1035
1036
1037
1038
1039
1040
1041
1042
1043
3434
1045
1046
1047
3395
3379
3382
1051
1052
1053
1054
3399
5175
5174
3405
5177
1060
1061
1062
1063
1064
1065
3435
3438
66
3000
3509
1071
1072
17
1950
1075
2919
881
59
2965
1080
2913
1081
1083
1084
3776
1086
1087
1088
1089
1090
1091
1092
1093
1094
1095
1096
1097
1098
1099
1100
1101
1102
1103
1104
1105
3846
1107
1108
1109
1110
1111
1112
1113
1114
1115
1116
1117
3637
1119
3663
3690
3837
1123
3672
3674
3677
3682
3838
3693
1130
3708
1132
3737
1134
3751
1136
1137
1138
1139
1140
1141
1142
1143
1144
1145
1146
3953
1148
1149
1150
1151
1152
1153
1154
1155
1156
1157
1158
1159
1160
1161
1162
1163
4378
3048
3993
1167
3995
1169
1170
1171
1172
1173
1174
1175
1176
1177
1178
1179
1180
1181
1182
1183
1184
1185
1186
1187
1188
1189
1190
1191
1192
1193
1194
1195
1196
1197
1198
1199
1200
1201
1202
1203
1204
1205
1206
1207
1208
1209
1210
1211
1212
1213
1214
1215
1216
1217
1218
1219
1220
1221
1222
1223
1224
1225
1226
1227
1228
1229
1230
1231
1232
1233
1234
1235
1236
1237
1238
1239
1240
1241
1242
1243
1244
1245
1246
1247
1248
1249
1250
1251
1252
1253
1254
1255
1256
1257
1258
1259
1260
1261
1262
1263
1264
1265
1266
1267
1268
1269
1270
1271
1272
1273
1274
1275
1276
1277
1278
1279
1280
1281
1282
1283
1284
1285
1286
1287
1288
1289
1290
1291
1292
1293
1294
1295
1296
1297
1298
1299
1300
1301
1302
1303
1304
1305
1306
1307
1308
1309
1310
1311
1312
1313
1314
1315
1316
1317
1318
1319
1320
1321
1322
1323
5500
1325
1326
1327
1328
1329
1330
1331
1332
1333
1334
1335
1336
1337
1338
1339
1340
1341
1342
1343
1344
1345
1346
1347
1348
1349
4549
1351
1352
1353
1354
1355
1356
1357
1358
1359
5392
1361
5713
4574
4572
1365
5525
4578
1368
1369
4587
5158
1372
1373
1374
1375
1376
4648
4596
4601
1380
1381
1382
1383
1386
5397
4621
1387
5401
1389
4629
4634
1392
1512
4637
1396
1508
2253
1398
4646
4959
1401
1402
1403
1404
1405
1406
1407
1408
1409
1410
1411
1412
1413
1414
1415
1416
4683
1418
1419
1420
1421
4692
1423
5347
1425
1426
1427
1428
1429
1431
4712
4717
1432
4729
4726
1436
1437
1438
1439
1440
1441
1442
1443
1444
1445
1446
199
200
1449
1450
1451
1452
4780
1454
1455
1456
1457
1458
1459
1460
1461
1462
1463
1464
1471
4813
4813
1468
1469
2562
221
210
193
195
194
201
1477
1478
1479
1480
1481
1482
1483
5725
1485
4916
1487
1488
1489
6117
4867
2255
1493
1494
2424
1497
4844
4883
4895
4925
1510
1494
1493
1502
5725
1520
4899
1504
5332
1494
1493
4958
4890
1514
1514
1516
1517
5727
4968
1520
1521
4952
1523
2577
4971
1526
4975
6206
4978
3192
1531
4984
6182
1534
1535
1536
1537
1538
1539
1540
1541
1542
1543
1544
1545
1546
1547
1548
1549
1550
1551
1552
1553
1554
1555
1556
1557
1558
1559
1560
1561
1562
1563
1564
1565
1566
1567
1568
1569
1570
1571
1572
1573
1574
1575
1576
1577
1578
1579
1580
1581
1582
5509
1584
1585
1586
295
1588
1589
1590
1591
1592
1593
1594
1595
1596
203
1598
1599
5255
1601
202
1603
1604
1605
1606
1607
1608
1609
1610
1611
1612
1613
1614
1615
1616
1617
1618
1619
1620
1621
1622
1623
1624
1625
1626
5600
1628
1629
1630
1631
1632
1633
1634
1635
1636
5570
1638
1639
1640
1641
1642
1643
1644
1645
1646
1647
1648
1649
1650
1651
1652
1653
1654
1655
1656
1657
1658
1659
1660
1661
1662
1663
1664
1665
1666
1667
5710
1669
1670
1671
1672
1673
1674
1675
1676
1677
1678
1679
1680
1681
1682
1683
1684
6123
1483
5728
1688
5751
1690
1691
1692
1693
1694
1695
1696
1697
1698
1699
1700
1701
1702
1703
1704
1705
1706
1707
1708
1709
1710
1711
1712
1713
1714
1715
1716
1717
1718
1719
1720
1721
1722
1723
1724
1725
1726
1727
1728
1729
1730
1731
1732
1733
1734
1735
1736
1737
1738
1739
1740
1741
1742
1743
1744
1745
1746
1747
1748
1749
1750
1751
1752
1753
1754
1755
1756
1757
1758
1759
1760
1761
1762
1763
1764
1765
1766
1767
1768
1769
1770
1771
1772
1773
1774
1775
1776
1777
1778
1779
1780
1781
1782
1783
1784
1787
1785
3729
1788
1786
345
346
1795
349
1792
1795
928
1798
1977
1
46
353
1803
1803
1802
1805
1810
361
1806
358
3201
1812
1812
914
1814
362
1818
1816
1818
3043
366
3019
97
366
427
4404
1855
3106
2012
1829
384
1830
1832
1833
1831
1831
3160
4402
372
3156
375
3105
3050
1841
3105
444
445
2017
3090
3094
1851
1851
382
1850
381
3967
3967
3967
371
1859
1860
1861
1862
1863
1864
1865
1866
1867
1868
1869
1870
1871
1872
1873
1874
1875
1876
1877
1878
1879
1880
1881
1882
1883
1884
1885
1886
1887
1888
1889
1890
1891
1892
1893
1894
1895
1896
1897
1898
1899
1900
1901
1902
1903
1904
1905
1906
1907
1908
1909
1910
1911
1912
1913
1914
1915
1916
1917
1918
1919
1920
1921
1922
1923
1924
1925
1926
1927
1928
1929
1930
1931
1932
1933
1934
1935
1936
1937
1938
1939
1940
1941
1942
1943
1944
1945
2917
58
2915
2917
2919
1951
1952
1953
4394
1954
3490
3021
898
1959
1960
1961
1962
1963
1964
1965
1966
1967
1968
3743
39
1971
1972
907
907
3755
2977
1823
367
90
1984
910
3774
889
2996
1986
1986
1986
1988
1989
3072
1991
1992
1993
1994
1995
1996
1997
1998
1999
2000
2001
2002
2003
2004
2005
2006
2007
2008
2009
442
2013
442
3968
2013
1847
950
949
3092
2019
2020
2021
2022
2023
2024
2025
2026
2027
2028
2029
2030
2031
2032
2033
2034
2035
2036
2037
2038
2039
2040
2041
2042
2043
2044
2045
2046
2047
2048
2049
2050
2051
2052
2053
2054
2055
2056
2057
2058
2059
2060
2061
2062
2063
2064
2065
2066
2067
2068
2069
2070
2071
2072
2073
2074
2075
2076
2077
2078
2079
2080
2081
2082
2083
2084
2085
2086
2087
2088
2089
2090
2091
2092
2093
2094
2095
2096
2097
2098
2099
2100
2101
2102
2103
2104
2105
2106
2107
2108
2109
2110
2111
2112
2113
2114
2115
2116
2117
2118
2119
2120
2121
2122
2123
2124
2125
2126
2127
2130
2129
2130
2133
500
2132
3633
2823
2137
2137
2138
2136
504
2141
2142
2143
2144
2145
2146
2147
2148
2149
106
2151
2955
2156
920
24
2991
511
2158
2157
2160
2161
2162
2163
2164
2165
2166
2167
2168
3187
2172
987
3186
2174
2174
983
2176
2177
2178
2179
2180
2181
2182
2183
2184
2184
2186
2187
2188
2189
2190
2191
2192
2193
257
2195
2196
529
2198
2199
2200
2201
2202
2203
2204
2205
2206
2210
2207
4813
2210
539
2212
2213
2214
2215
2216
266
2218
2219
2220
331
2222
2223
221
2225
2427
2423
2423
2427
2230
2256
619
2233
2234
2424
2424
2231
2241
2241
621
4879
2426
2426
694
620
623
622
4957
623
2431
2252
2252
559
2251
558
619
2257
619
2421
2260
2261
2262
2263
2264
2265
2266
2267
2268
2269
2270
2271
2272
2273
2274
2275
2276
2277
2278
2279
2280
2281
2282
2283
2284
2285
2286
2287
2288
2289
2290
2291
2292
2293
2294
2295
2296
2297
2298
2299
2300
2301
2302
2303
2304
2305
2306
2307
2308
2309
2310
2311
2312
2313
2314
2315
2316
2317
2318
2319
2320
2321
2322
2323
2324
2325
2326
2327
2328
2329
2330
2331
2332
2333
2334
2335
2336
2337
2338
2339
2340
2341
2342
2343
2344
2345
2346
2347
2348
2349
2350
2351
2352
2353
2354
2355
2356
2357
2358
2359
2360
2364
4718
2363
2364
2365
2366
2367
2368
2369
2370
2371
6140
2373
2374
2375
2376
2377
2378
2379
2380
2381
2382
2383
2384
2385
2386
2387
2388
262
2390
2391
2392
2393
2394
2395
2396
2397
2398
2399
4869
4884
2402
2403
2404
2405
2406
2407
2408
2409
2410
2411
2412
2413
2414
2415
2416
2417
2418
2419
2250
4885
2421
2250
557
2426
557
557
2424
4886
4891
1498
2367
2432
2434
2435
2436
2437
2438
2439
2440
2441
2442
2443
2444
2445
2446
2447
2448
2449
2450
2451
2452
2453
2454
2455
2456
2457
2458
2459
2460
2461
2462
2463
2464
2465
2466
2467
2468
2469
2470
2471
2472
2473
2474
2475
2476
2477
2478
2479
2480
2481
2482
2483
2484
2485
2486
2487
2488
2489
2490
2491
2492
2493
2494
2495
2496
2497
2498
2499
2500
2501
2502
2503
2504
2505
2506
2507
2508
2509
2510
2511
2512
2513
2514
2515
2516
2517
2518
2519
2520
2521
2522
2523
2524
2525
2526
2527
2528
2529
2530
2531
2532
2533
2534
2536
2542
2537
2538
2540
4624
679
2540
2543
2544
2545
2546
2547
2548
2549
2550
2551
2552
2553
2554
4753
4756
2557
4755
2218
270
2559
543
689
689
2563
5399
2567
2568
2569
2570
4975
4973
1527
2572
2578
2576
1523
2578
2579
2580
2581
2582
2583
2584
2585
2586
2587
2588
2589
2590
2591
2592
2593
2594
2595
2596
2597
2598
2599
2600
2601
2602
2603
2604
2605
2606
2607
2608
2609
2610
2611
2612
2613
2614
2615
2616
2617
2618
2619
2620
2621
2622
2623
2624
2625
2626
2627
2628
2629
2630
2631
2632
2633
2634
2635
2636
2637
2638
2639
2640
2641
2642
2643
2644
2645
2646
2647
2648
2649
2650
2651
2652
2653
2654
2655
2656
2657
2658
2659
2660
2661
2662
2663
2664
2665
2666
2667
2668
2669
2670
2671
2672
2673
2674
2675
2676
2677
2678
2679
2680
2681
2682
3748
2684
2685
2686
2687
2688
2689
2690
2691
2692
2693
2694
2695
2696
2697
2702
764
2698
767
2712
2707
768
2703
765
3665
2708
2709
2710
2708
2713
3698
773
772
2716
2717
2718
2719
2720
2721
2722
779
2724
2725
2726
2727
2728
2729
2730
2731
2732
2733
2734
2735
2736
2737
2738
2739
2740
2743
2742
2743
790
2741
2746
2747
2748
2749
2750
2751
2752
2753
2754
2755
2756
2757
2758
2759
2760
2761
2762
3633
443
3159
3959
2766
2768
2769
2770
2771
2772
2773
807
2775
2776
2777
2778
2779
2780
2781
2784
499
3767
2782
2786
2787
2788
2789
2790
819
2791
2850
2794
2795
2798
822
2798
2796
2800
2801
2802
2803
2804
2805
2806
2807
2810
2820
2820
830
828
2813
2814
2815
2816
2817
2818
2819
2159
2159
512
2824
3639
832
2826
2827
2828
2829
2830
2832
2832
2833
2831
2835
3168
3146
3119
2837
3169
2842
2842
844
2844
2159
2845
2847
2851
2848
2851
3172
3118
1530
2855
3120
2856
2857
2858
2859
2862
852
3471
2863
2864
2865
2866
2867
2868
2872
2869
874
2900
2873
2874
2875
2876
859
3451
2878
2881
3504
2882
2883
2884
2885
2886
2887
2888
2889
2890
2891
2893
3725
870
2892
348
2897
2898
2899
2903
873
875
3480
2904
2905
2906
2907
2908
2909
2910
2911
3496
3497
2912
3498
134
57
4129
59
55
58
1078
2915
63
63
65
64
1068
3447
1068
352
0
1797
67
353
2937
1978
887
887
2943
2936
1975
888
2940
2938
886
1068
2926
2932
2950
2951
2952
2953
106
111
28
2957
860
900
860
3450
2962
3492
2964
902
2966
2967
2968
2969
2970
2971
2972
2973
2974
363
2979
2978
363
3041
2980
2981
2982
2983
2985
3041
905
2984
906
2975
2975
2976
1808
909
3002
913
930
2977
930
2941
885
21
3003
3757
1983
3007
3006
3012
2988
2987
2988
918
41
3013
3014
107
3016
3017
100
2976
3022
3020
3022
3023
3024
926
3023
3027
3028
3029
3030
3031
3032
3033
3034
1817
3036
3035
1804
3038
359
3042
3043
3043
3044
3045
3045
371
3048
959
959
3051
3052
3053
3054
3055
3056
3057
3058
3059
3060
3062
4370
3063
942
3065
943
3122
3070
3068
3070
966
3073
4372
3074
3075
3074
3077
3078
3079
372
1831
372
3083
1989
3045
429
1165
949
3969
3140
3097
954
3133
3097
3134
3134
970
3076
3136
3128
3127
3129
3130
3131
977
3108
977
3971
3412
3412
980
3409
1060
3125
3126
3103
3099
3114
3117
3101
962
3123
3123
834
3135
3137
3416
3416
945
3416
1062
3076
3077
3076
3413
3415
3414
3079
3079
3079
3170
3143
3093
952
4373
4374
3096
3102
3100
3104
3079
946
3151
1834
441
1831
2012
2012
2010
3967
3968
3178
3181
973
3178
3076
946
3147
3144
951
951
3142
3142
3174
3175
3176
976
3178
3179
3180
4405
3182
3183
3184
3185
3188
6208
3973
3112
978
3189
979
3193
3194
3195
3165
3196
982
3199
3199
3201
3202
3203
3204
3205
3206
3207
3208
3209
3210
3211
3212
3213
3214
3215
3216
3217
3218
3219
3220
3221
3222
3223
3224
3225
3226
3227
3228
3229
3230
3231
3232
3233
3234
3235
3236
3237
3238
3239
3240
3241
3242
3243
3244
3245
3246
3247
3248
3249
3250
3251
3252
3253
3254
3255
3256
3257
3258
3259
3260
3261
3262
3263
3264
3265
3266
3267
3268
3269
3270
3271
3272
3273
3274
3275
3276
3277
3278
3279
3280
3281
3282
3283
3284
3285
3286
3287
3288
3289
3290
3291
3292
3293
3294
3295
3296
3297
3298
3299
3300
3301
3302
3303
3304
3305
3306
3307
3308
3309
3310
3311
3312
3313
3314
3315
3316
3317
3318
3319
3320
3321
3322
3323
3324
3325
3326
3327
3328
3329
3330
3331
3332
3333
3334
3335
3336
3337
3338
3339
3340
3341
3342
3343
3344
3345
3346
3347
3348
3349
3350
3351
3352
3353
3354
3355
3356
3357
3358
3359
3360
3361
3362
3363
3364
3365
3366
3367
3368
3371
3459
3534
3372
3373
3374
3375
3378
1047
3392
1048
3376
3380
1049
3383
3384
3385
3386
3387
3388
3389
3390
3391
3392
3393
3394
3395
3396
3397
3398
1054
3400
3404
1056
3404
5173
1057
3403
3408
5174
3409
3410
3411
3412
3413
3414
3415
3416
3417
3418
3419
3420
3421
3422
3423
3424
3425
3426
3427
3428
3429
3430
3399
1794
3432
3431
350
3439
3436
862
3505
2877
2945
3443
2944
3448
352
65
0
21
1070
3442
3508
3452
3453
3454
3455
3456
3457
3458
1066
3437
858
2879
861
1067
1069
883
1074
3468
3469
3470
2870
857
2918
1949
880
881
63
63
59
3481
3483
1079
3474
3484
3485
3486
3487
3488
2912
1081
2912
3495
2914
422
2914
3499
924
54
3499
3500
3501
908
3777
908
3503
3507
3775
2995
913
3510
3511
3512
3513
3514
3515
3516
3517
3518
3519
3520
3521
3522
3523
3524
3525
3526
3527
3528
3529
3530
3531
3532
3533
3534
3535
3536
3537
3538
3539
3540
3541
3542
3543
3544
3545
3546
3547
3548
3549
3550
3551
3552
3553
3554
3555
1955
3557
3558
3559
3560
3561
3562
3563
3564
3565
3566
3567
3568
3569
3570
3571
3572
3573
3574
3575
3576
3577
3578
3579
1840
1839
3581
2796
3587
3585
771
3587
3588
3589
3590
3591
3592
3593
3594
3595
3596
3597
3598
3599
3600
3601
3602
3603
3604
3605
3606
3607
3608
3609
3610
3611
3612
3613
3614
3615
872
3617
3618
3619
3620
3621
3622
3623
3624
3625
3626
3627
766
3629
3630
3631
3632
3634
3804
3635
3636
3637
3635
3638
1118
3641
3642
3643
3644
3645
3646
3647
3648
3649
3650
3651
3652
3654
3654
3653
3656
3582
3658
3659
3660
3661
3662
1122
3664
3666
4384
1123
3668
3669
3670
2745
791
3671
789
2705
3675
769
3678
3709
3680
3676
1126
3681
3684
3685
3686
3688
3836
3687
1128
3673
3691
817
1125
3696
3699
3695
3689
2700
3700
3739
3702
3703
3704
3705
3697
3706
868
3683
1127
3707
3712
3713
3714
3715
3716
3717
3718
3719
3720
3721
3722
3723
3724
2711
3726
3727
3728
3730
3736
3731
3732
3733
3734
3735
3733
1134
3738
2839
841
842
3742
3744
3744
3745
3746
3747
2854
848
1058
3754
927
3760
3406
2977
2996
3037
1987
3758
3761
5518
3762
3763
3764
3765
3766
3768
3816
804
3770
2884
3026
1135
3756
3759
931
3039
3778
3779
3780
3781
3782
934
3784
3796
3786
3787
3788
3789
3790
3791
3792
3793
3794
3795
3797
3177
3798
3799
3800
3801
3802
3803
3804
3805
3806
3807
3808
3809
3810
3811
3812
3813
3814
3814
3815
3817
3818
3819
3820
3821
3822
3823
3824
3825
3826
3827
3828
3829
3830
3831
3832
3833
3834
3835
1124
3837
1129
3840
3841
3841
3845
3842
3847
3952
802
3957
3848
3849
3850
3851
3852
3853
3854
3855
3856
3857
3858
3859
3860
3861
3862
3863
3864
3865
3866
3867
3868
3869
3870
3871
3872
3873
3874
3875
3876
3877
3878
3879
3880
3881
3882
3883
3884
3885
3886
3887
3888
3889
3890
3891
3892
3893
3894
3895
3896
3897
3898
3899
3900
3901
3902
3903
3904
3905
3906
3907
3908
3909
3910
3911
3912
3913
3914
3915
3916
3917
3918
3919
3920
3921
3922
3923
3924
3925
3926
3927
3928
3929
3930
3931
3932
3933
3934
3935
3936
3937
3938
3939
3940
3941
3942
3943
3944
3945
3946
3947
3948
3949
3950
3951
2792
818
3954
3956
4377
1164
3960
380
1846
3961
3962
3963
3969
3990
3045
371
3045
3048
3046
1166
933
3975
1168
3994
3976
3977
3978
3979
3980
3981
3982
3983
3984
3985
3986
3987
3988
3989
3079
3153
3153
3992
982
3198
3996
3997
3998
3999
4000
4001
4002
4003
4004
4005
4006
4007
4008
4009
4010
4011
4012
4013
4014
4015
4016
4017
4018
4019
4020
4021
4022
4023
4024
4025
4026
4027
4028
4029
4030
4031
4032
4033
4034
4035
4036
4037
4038
4039
4040
4041
4042
4043
4044
4045
4046
4047
4048
4049
4050
4051
4052
4053
4054
4055
4056
4057
4058
4059
4060
4061
4062
4063
4064
4065
4066
4067
4068
4069
4070
4071
4072
4073
4074
4075
4076
4077
4078
4079
4080
4081
4082
4083
4084
4085
4086
4087
4088
4089
4090
4091
4092
4093
4094
4095
4096
4097
4098
4099
4100
4101
4102
4103
4104
4105
4106
4107
4108
4109
4110
4111
4112
4113
4114
4115
4116
4117
4118
4119
4120
4121
4122
4123
4124
4125
4126
4127
4128
55
4130
4131
4132
4133
4134
4135
4136
4137
4138
4139
4140
4141
4142
4143
4144
4145
4146
4147
4148
4149
4150
4151
4152
4153
4154
4155
4156
4157
4158
4159
4160
4161
4162
4163
4164
4165
4166
4167
4168
4169
4170
4171
4172
4173
4174
4175
4176
4177
4178
4179
4180
4181
4182
4183
4184
4185
4186
4187
4188
4189
4190
4191
4192
4193
4194
4195
4196
4197
4198
4199
4200
4201
4202
4203
4204
4205
4206
4207
4208
4209
4210
4211
4212
4213
4214
4215
4216
4217
4218
4219
4220
4221
4222
4223
4224
4225
4226
4227
4228
4229
4230
4231
4232
4233
4234
4235
4236
4237
4238
4239
4240
4241
4242
4243
4244
4245
4246
4247
4248
4249
4250
4251
4252
4253
4254
4255
4256
4257
4258
4259
4260
4261
4262
4263
4264
4265
4266
2926
4268
4269
4270
4271
4272
4273
4274
4275
4276
4277
4278
4279
4280
4281
4282
4283
4284
4285
4286
4287
4288
4289
4290
4291
4292
4293
4294
4295
4296
4297
4298
4299
4300
4301
4302
4303
4304
4305
4306
4307
4308
4309
4310
4311
4312
4313
4314
4315
4316
4317
4318
4319
4320
4321
4322
4323
4324
4325
4326
4327
4328
4329
4330
4331
4332
4333
4334
4335
4336
4337
4338
4339
4340
4341
4342
4343
4344
4345
4346
4347
4348
4349
4350
4351
4352
4353
4354
4355
4356
4357
4358
4359
4360
4361
4362
4363
4364
4365
4366
4367
4368
4369
3069
944
1853
3132
3098
3096
846
3173
379
4379
3843
4381
4382
2797
4384
1982
4386
4387
4388
4389
4390
2139
4392
4393
3021
4395
4396
4397
4398
4399
4400
2133
372
3139
959
3076
4406
4407
4408
4409
4410
4411
4412
4413
4414
4415
4416
4417
4418
4419
4420
4421
4422
4423
4424
4425
4426
4427
4428
4429
4430
4431
4432
4433
4434
4435
4436
4437
4438
4439
4440
4441
4442
4443
4444
4445
4446
4447
4448
4449
4450
4451
4452
4453
4454
4455
4456
4457
4458
4459
4460
4461
4462
4463
4464
4465
4466
4467
4468
4469
4470
4471
4472
4473
4474
4475
4476
4477
4478
4479
4480
4481
4482
4483
4484
4485
4486
4487
4488
4489
4490
4491
5507
4493
4494
4495
4496
4497
4498
4499
4500
4501
4502
4503
4504
4505
4506
4507
4508
4509
4510
4511
4512
4513
4514
4515
4516
4517
4518
4519
4520
4521
4522
4523
4524
4525
4526
4527
4528
4529
4530
4531
4532
4533
4534
4535
4536
4537
4538
4539
4540
4541
4542
4543
4544
4545
4546
4547
4548
624
4550
4551
4552
4553
4554
4555
4556
4557
4558
4559
4560
4561
4562
676
5394
1360
4566
4569
1362
5715
621
4571
4572
4573
4574
4575
4576
4577
1366
4579
4580
4581
4582
4583
4586
4584
5524
678
4588
4589
4590
4591
4592
4593
4594
4595
4650
4597
4600
2239
4600
1380
4602
4603
4604
4605
4606
4607
4608
4612
4612
1385
691
4621
4614
4615
4616
4617
4618
4619
4620
2566
5396
2563
4626
1388
1637
4627
4628
4629
4630
4631
4587
4631
4634
4635
4955
4956
4640
4914
4936
4641
4642
4643
4644
2563
4646
4645
4649
4959
4649
4648
4912
4913
4653
4655
4656
4657
4658
4659
4660
4661
4662
4663
4664
4665
4666
4667
4668
4669
4670
4671
4672
4673
4674
4675
4676
4677
4678
4679
4680
4681
4682
4683
4684
4685
4686
4687
4688
4689
4690
4695
4692
4693
4694
5484
4696
4697
4698
4699
4700
4701
4702
2544
683
4703
4706
4707
4708
4709
4710
4711
1445
4711
4714
4715
4719
1592
4716
4719
4718
1431
1432
4725
4723
232
1444
4724
4724
1435
4730
4731
4732
4733
4734
4735
4736
4737
4738
4739
4740
4741
4742
4743
4744
4745
4746
4747
4748
4749
4750
4751
4752
279
276
282
281
4757
4758
4759
4760
4761
4762
4763
4764
4765
4766
4779
4768
4769
4770
4771
4770
4773
4774
4775
4776
4777
4778
4781
1465
4805
1466
4783
4784
4785
4786
4787
4788
4789
4790
4791
4792
4793
4794
4795
4796
4797
4798
4799
4800
4801
4802
4803
4811
223
2224
4807
4808
4809
1470
212
213
320
275
277
4816
273
2384
4819
4820
4821
4822
4823
4824
4825
4826
4827
4828
4829
4830
4831
4832
4833
4834
4835
4836
4837
4838
4839
4840
4841
4842
5724
4844
2257
4846
2420
2256
4849
4850
4851
4852
4853
4854
4855
4856
4857
4858
1490
4860
6116
4863
4915
1491
4868
4865
1509
4868
4870
6118
4871
4872
4873
4874
4875
4876
549
4878
549
2424
4884
4881
4844
5722
5721
6149
4881
4930
4891
1503
4930
4924
1510
4873
1511
4923
4920
4921
4922
4919
6161
2420
4903
5716
5180
5182
5179
4968
4918
1501
4898
4911
4900
1507
4917
1390
5330
4921
5183
5183
5183
1494
4873
4873
1493
5182
5184
4876
4876
4940
4957
4931
1499
4889
6120
6121
4899
6119
4897
4940
4941
4942
2426
2425
2424
2423
2421
2257
4965
4966
4965
4964
6151
4942
4938
4933
4888
1500
4932
4932
4961
4962
4963
4964
4965
4966
4967
4968
4969
4970
1526
4972
4974
5729
6206
4907
4976
1519
4979
4980
4981
4951
4982
1522
4985
4985
4987
4988
4989
4990
4991
4992
4993
4994
4995
4996
4997
4998
4999
5000
5001
5002
5003
5004
5005
5006
5007
5008
5009
5010
5011
5012
5013
5014
5015
5016
5017
5018
5019
5020
5021
5022
5023
5024
5025
5026
5027
5028
5029
5030
5031
5032
5033
5034
5035
5036
5037
5038
5039
5040
5041
5042
5043
5044
5045
5046
5047
5048
5049
5050
5051
5052
5053
5054
5055
5056
5057
5058
5059
5060
5061
5062
5063
5064
5065
5066
5067
5068
5069
5070
5071
5072
5073
5074
5075
5076
5077
5078
5079
5080
5081
5082
5083
5084
5085
5086
5087
5088
5089
5090
5091
5092
5093
5094
5095
5096
5097
5098
5099
5100
5101
5102
5103
5104
5105
5106
5107
5108
5109
5110
5111
5112
5113
5114
5115
5116
5117
5118
5119
5120
5121
5122
5123
5124
5125
5126
5127
5128
5129
5130
5131
5132
5133
5134
5135
5136
5137
5138
5139
5140
5141
5142
5143
5144
5145
5146
5147
5148
5149
5150
5151
5152
5153
5154
5157
5155
5166
1580
5156
5160
5161
5162
5163
5164
5165
5166
5167
5168
5169
5170
5171
5172
4683
1417
1416
5178
1583
1417
5179
5180
5181
5182
5183
5184
5185
5186
5187
5188
5189
5190
5191
5192
5193
5194
5195
5196
5197
5198
5199
5200
5201
5202
5203
5204
5205
5206
5207
5208
5209
297
5211
5212
5213
5214
5215
5216
5217
5218
5219
5220
5221
5222
5223
5224
5225
5226
5227
5228
5229
5230
5231
5232
5233
5234
5235
5236
5237
5238
5239
5240
232
1592
294
5244
5245
5246
5247
5248
5249
5250
5251
5252
4713
4713
1601
5256
5257
5258
5253
5260
290
1445
5263
5264
5265
5266
5267
5268
5269
5270
5271
5272
5273
5274
5275
5276
5277
5278
5279
5280
5281
5282
5283
5284
5285
5286
5287
5288
5289
5290
5291
5292
5293
5294
5295
5296
5297
5298
5299
5300
5301
5302
5303
5304
5305
5306
5307
5308
5309
5310
5311
5312
5313
5314
5315
5316
5317
5318
4821
286
5321
5322
5323
5324
5325
5326
5327
5328
5329
5330
5331
5332
5333
5334
5335
5336
5337
5338
5339
5340
2239
4598
5344
4568
5345
5346
5347
5348
5349
5350
5351
5352
5353
5354
5355
5356
5357
5358
5359
5360
5361
5362
5363
5364
5365
5366
5367
5368
5369
5370
5371
5372
5373
5374
5375
1422
5377
5378
5379
5380
5381
5382
5383
5385
5391
5386
5387
5388
5389
5390
5391
5392
5393
5395
5561
1638
5398
5568
5399
5398
1637
5402
5403
5404
5405
5406
5407
5408
5409
5410
5411
5412
5413
5416
5414
5416
5417
5418
5419
5420
5421
5422
5423
5424
5425
5426
5427
5428
2433
5430
5429
5432
1350
5434
5435
5436
5437
5438
5439
5440
5441
5442
5443
5444
5445
5446
5447
5448
5449
5450
5451
5452
5453
5454
5455
5456
5457
5458
5459
5460
5461
5462
5463
5464
5465
5466
5467
5468
5443
5470
5471
5472
5473
5474
5475
5476
5477
5478
5479
5480
5481
5482
5483
5484
5485
5486
5487
5488
5489
5490
5491
5492
5493
5494
5495
5496
5497
4638
1394
1395
5501
2225
5502
5504
5505
5506
4654
5508
5509
5510
5511
5512
5513
5514
5515
5516
5517
5518
5519
5520
5521
5522
5523
5526
1364
5572
5527
5528
5529
5530
5531
5532
5533
4792
5535
5536
5537
5538
5539
1505
5541
5540
5543
1397
5545
5546
5547
5548
5549
5550
5551
5552
5553
5554
5555
5556
5557
5558
5559
5560
5561
5562
5563
5564
5565
5566
5567
5568
5569
5570
5570
1363
5573
5574
5575
5576
5577
5578
5579
5580
5581
5582
5583
5584
5585
5586
5587
5588
5589
5590
5591
5592
5593
5594
5595
5596
5597
5599
5709
1668
5598
5603
5712
5604
5605
5606
5607
5608
5609
5610
5611
5612
5613
5614
5615
5616
5617
5618
5619
5620
5621
5622
5623
5624
5625
5626
5627
5628
5629
5630
5631
5632
5633
5634
5635
5636
5637
5638
5639
5640
5641
5642
5643
5644
5645
5646
5647
5648
5649
5650
5651
5652
5653
5654
5655
5656
5657
5658
5659
5660
5661
5662
5663
5664
5665
5666
5667
5668
5669
5670
5671
5672
5673
5674
5675
5676
5677
5678
5679
5680
5681
5682
5683
5684
5685
5686
5687
5688
5689
5690
5691
5692
5693
5694
5695
5696
5697
5698
5699
5700
5701
5702
5703
5704
5705
5706
5707
5708
4597
1378
5711
5714
1685
6122
5716
2247
5717
5718
5431
4881
1497
5724
4844
5726
2257
5726
1687
1483
5730
5750
1689
5732
5733
5734
5735
5736
5737
5738
5739
5740
5741
5742
5743
5744
5745
4940
4941
4941
5748
1522
4984
5752
5753
5754
5755
5756
5757
5758
5759
5760
5761
5762
5763
5764
5765
5766
5767
5768
5769
5770
5771
5772
5773
5774
5775
5776
5777
5778
5779
5780
5781
5782
5783
5784
5785
5786
5787
5788
5789
5790
5791
5792
5793
5794
5795
5796
5797
5798
5799
5800
5801
5802
5803
5804
5805
5806
5807
5808
5809
5810
5811
5812
5813
5814
5815
5816
5817
5818
5819
5820
5821
5822
5823
5824
5825
5826
5827
5828
5829
5830
5831
5832
5833
5834
5835
5836
5837
5838
5839
5840
5841
5842
5843
5844
5845
5846
5847
5848
5849
5850
5851
5852
5853
5854
5855
5856
5857
5858
5859
5860
5861
5862
5863
5864
5865
5866
5867
5868
5869
5870
5871
5872
5873
5874
5875
5876
5877
5878
5879
4719
293
5882
5883
5884
5885
5886
5887
5888
5889
5890
5891
5892
5893
5894
5895
5896
5897
5898
5899
5900
5901
5902
5903
5904
5905
5906
5907
5908
5909
5910
5911
5912
5913
5914
5915
5916
5917
5918
5919
5920
5921
5922
5923
5924
5925
5926
5927
5928
5929
5930
5931
5932
5933
5934
5935
5936
5937
5938
5939
5940
5941
5942
5943
5944
5945
5946
5947
5948
5949
5950
5951
5952
5953
5954
5955
5956
5957
5958
5959
5960
5961
5962
5963
5964
5965
5966
5967
5968
5969
5970
5971
5972
5973
5974
5975
5976
5977
5978
5979
5980
5981
5982
5983
5984
5985
5986
5987
5988
5989
5990
5991
5992
5993
5994
5995
5996
5997
5998
5999
6000
6001
6002
6003
6004
6005
6006
6007
6008
6009
6010
6011
6012
6013
6014
6015
6016
6017
6018
6019
6020
6021
6022
6023
6024
6025
6026
6027
6028
6029
6030
6031
6032
6033
6034
6035
6036
6037
6038
6039
6040
6041
6042
6043
6044
6045
6046
6047
6048
6049
6050
6051
6052
6053
6054
6055
6056
6057
6058
6059
6060
6061
6062
6063
6064
6065
6066
6067
6068
6069
6070
6071
6072
6073
6074
6075
6076
6077
6078
6079
6080
6081
6082
6083
6084
6085
6086
6087
6088
6089
6090
6091
6092
6093
6094
6095
6096
6097
6098
6099
6100
6101
6102
6103
6104
6105
6106
6107
6108
6109
6110
6111
6112
6113
6114
6115
4866
1492
2254
4894
4892
4896
1400
4960
556
6125
6126
6127
6128
4601
6130
6131
6132
6133
6134
6135
6136
6137
6138
6139
4820
6141
6142
6143
6144
6145
6146
2542
549
4930
2420
6151
6152
6153
5693
6155
6156
6157
6158
6159
2014
2250
6162
6163
6164
6165
6166
6167
6168
6169
6170
6171
6172
6173
6174
6175
6176
6177
6178
6179
6180
6181
6182
6183
6184
2577
6186
6187
6188
6189
6190
6191
3192
6193
6194
6195
6196
6197
6198
6199
6200
6201
6202
6203
6204
6205
6206
6207
6208
6209
6210
6211
6212
6213
6214
6236
6235
6217
6218
6219
6220
6221
6222
6223
6224
6225
6226
6227
6228
6229
6230
6231
6232
6233
6255
6235
6236
6237
6238
6239
6240
6241
6242
6243
6244
6245
6246
6247
6248
6249
6250
6251
6252
6253
6254
6255
6256
6257
6258
6259
6260
6261
6262
6263
6264
6265
6266
6267
6268
6269
6270
6290
6272
6273
6274
6275
6276
6277
6278
6279
6280
6281
6282
6283
6284
6285
6286
6287
6288
6289
6290
6291
