2939
886
3774
1820
923
3007
56
55
17
63
3448
885
2935
146
137
132
67
2933
2941
46
1982
2946
1980
910
910
923
3744
3007
40
54
10
1068
3001
3443
147
19
22
887
51
102
18
3006
1970
143
2940
886
887
2940
160
140
36
146
160
65
18
2934
68
3445
3447
3448
355
884
2941
885
884
2936
912
2936
2935
135
138
135
135
1801
1801
2933
136
136
161
161
12
355
355
2933
886
2944
886
1982
1981
1980
1981
3774
1981
1984
3756
921
1820
910
1821
1820
923
923
923
80
3007
165
56
80
54
54
54
53
57
58
59
57
61
62
11
61
3447
33
3448
2999
2999
2945
3443
3443
37
37
145
45
162
64
64
353
1977
2
20
3
96
426
1972
3743
426
1823
1823
2943
78
79
129
3007
917
917
917
60
60
34
131
39
426
20
886
81
75
12
143
1970
143
3007
3007
235
171
217
208
2223
1448
681
2376
1603
602
5254
5881
228
336
335
179
1601
4711
1445
227
216
204
333
545
545
545
339
2558
1429
1429
1603
4764
5259
5881
187
2369
246
237
280
330
5318
322
275
177
234
182
234
236
206
206
330
335
322
602
1600
602
1451
5254
4711
5254
5258
1602
5262
5880
1602
292
231
181
203
305
326
211
305
231
289
226
211
211
1446
4714
4715
4715
4715
1445
295
171
297
294
215
217
218
215
317
208
545
173
545
2223
545
545
545
2223
545
681
2377
4710
681
1448
4710
681
5324
1429
5324
2376
1603
5324
2375
2375
4761
1603
4761
5259
4761
4721
5881
1430
203
296
225
336
224
226
229
2375
2375
253
188
252
244
249
249
325
248
328
325
183
238
303
1619
2557
1449
2377
319
275
319
2374
2374
284
177
4819
301
233
238
2374
2370
1601
177
280
177
539
4754
2689
759
1784
1790
3675
1785
3681
927
1796
56
2946
890
1982
2946
2966
2883
357
2884
1806
3201
56
3035
3720
1818
889
3003
923
3797
3797
976
3798
3182
3797
3798
3797
843
3797
3093
3177
382
3570
976
976
3007
3744
4197
4195
1866
1885
1910
3257
1999
1996
1260
1260
1872
2036
2035
3335
3297
3334
4257
1902
1018
3256
3608
1997
3306
435
1918
413
1940
418
4261
3358
1037
3295
3280
1952
54
3479
1967
4389
2597
1973
3757
864
3180
3059
2669
3890
1994
3893
434
3913
2003
3910
2006
976
3797
976
3797
3098
3097
2021
2022
2125
4194
2029
2028
3468
3242
1264
1014
1896
2068
1904
1998
1915
455
1010
467
470
2069
4230
1871
3340
2080
2085
2086
2093
1999
2110
414
417
2093
2038
3286
395
3333
2035
2101
473
1890
2117
2045
409
3338
408
408
3335
4199
3339
4188
2783
2128
500
3816
3638
6
2914
3747
2902
2904
2583
2781
2816
1045
509
3818
511
3719
2166
2167
3797
3798
1323
5431
2367
4516
5373
2181
5484
5266
4676
1429
4710
204
216
238
235
5379
4987
2202
2203
1656
4796
681
4783
1482
2215
268
317
545
5343
5343
5341
1626
5342
5343
1626
5420
5420
5343
557
5343
5538
5415
5341
5341
2558
2458
5969
5115
2311
2479
2317
647
5124
2513
5076
6002
2288
6169
578
2293
6163
6173
5988
5112
6159
2306
631
5020
1557
2455
5042
2525
5128
566
579
2509
2507
1553
5083
2354
5037
5037
2342
5711
5265
5684
2381
2491
536
4600
1380
5275
2413
2402
2407
5121
2414
6144
2416
5687
5341
5341
5343
5343
4947
5543
4545
5867
2437
2438
2569
2440
5918
632
2467
2461
639
2445
2443
6017
2276
2468
5053
2469
2474
2485
645
2480
5016
2489
567
5692
2486
5025
2268
6019
5995
2514
1769
5067
6007
2282
2352
5958
5959
2305
2353
6014
2300
574
2334
2289
2336
576
5137
2291
2534
677
1361
5406
2536
4565
5348
1403
4779
4672
2546
2580
5571
4571
5567
4647
5561
5395
5892
5893
6126
5343
4626
2778
5526
315
1012
2591
2665
2667
2599
2601
2612
3908
2606
2603
3904
2610
3850
3860
2615
2617
3882
2620
3566
3568
2622
2625
3555
2876
2627
2633
2631
4170
3898
796
745
730
729
736
2640
2647
1306
4455
3934
3603
2648
2653
3215
3916
2658
1304
2734
2733
2671
4490
4485
2673
2681
2675
3702
5507
5498
5460
4541
784
3715
2694
2696
3721
2702
2700
3629
3644
2707
3696
2710
870
3643
2713
2717
1341
1342
776
3368
1043
3371
2721
1347
782
4498
3650
3652
4481
4494
3963
2743
3671
3946
2747
2749
3947
1301
1051
2756
2758
2762
3804
3796
2148
506
2814
2776
2144
5152
5153
4620
4580
807
3379
3382
2788
3764
2793
3975
3169
3741
3573
3795
5408
4602
4582
4616
2807
513
2160
3636
3385
3814
5339
1389
5163
5340
1136
3780
963
4937
4653
840
1852
3798
3717
972
4936
4640
3561
2856
2136
3433
3471
2860
4391
2868
874
3435
3503
3502
3506
349
2897
5173
3724
3625
2888
2887
3031
2907
891
3679
2959
3438
2877
1079
1961
883
2999
3001
1068
1070
3443
4385
3509
2994
2994
3003
360
1808
134
54
35
2945
3446
59
53
54
40
3450
2918
4267
2972
52
363
930
3757
3039
1804
360
1070
3509
1808
77
50
4390
4
2977
2998
1984
1980
910
910
10
4824
5508
5177
3024
3029
361
1987
1819
3180
976
5188
4629
5332
4867
3053
1485
3055
943
2827
966
1489
3420
3798
3180
3178
3134
3128
3125
4874
3420
1489
1500
4893
4872
976
1488
4967
4890
4899
1504
4958
2830
1488
1489
1488
1060
957
3103
1061
1061
3426
3194
3177
4967
1517
1521
4981
1061
3799
3790
1064
989
3975
3994
1531
3192
4982
3188
3225
993
3206
3226
1000
3208
3895
3892
3212
3213
3326
3328
3219
3318
4252
456
465
2033
4231
3332
1860
486
415
1924
1110
1109
1922
1914
998
1264
3269
3265
4219
417
473
2039
3359
1893
3347
3349
6158
6165
4226
4396
2104
5145
3365
3360
5143
1577
1042
1055
1046
5165
3395
5168
5158
4592
5167
5171
2191
3510
1052
1416
4683
5174
5528
1488
4972
4854
4864
6256
3427
1054
1793
3443
3451
2995
4268
3456
3448
1069
3484
3000
2947
3001
3467
3487
59
58
1068
2965
1135
3513
4387
3516
3521
3523
3526
3595
3528
783
3537
3543
3549
3550
4271
3839
3388
1104
2804
3571
3647
2842
822
3928
3621
3622
3611
3612
27
3867
3866
3714
3812
1117
2833
3689
1107
3836
3666
3691
3961
3697
3707
3581
3186
3748
3745
3770
3730
3733
1058
1105
3182
3184
3938
3940
3822
3824
3832
3944
3943
3827
3970
3849
3854
3858
3862
3869
3884
3906
2008
3880
3925
3931
3933
3980
3982
3977
3978
950
3180
6236
3988
3196
3998
4004
4012
4006
4009
1174
1175
1176
4020
4290
4325
4022
4326
4026
1183
1184
1185
1186
4329
4039
4331
4043
4333
4335
4047
4049
4054
4052
4056
4339
4124
4058
6153
4062
4064
4337
4067
4073
4074
4077
1209
4148
4144
4082
4084
4087
4294
1216
1217
4146
4097
4151
4102
4153
4105
4158
4110
4113
4300
4117
4119
4163
4342
4122
4132
4137
4296
4134
4141
4142
4345
4347
4349
4351
4354
4165
4175
4173
4362
4192
4178
4359
4182
4186
4190
4366
3247
4251
4212
4247
3209
2093
3209
476
1025
416
4238
4249
6024
1268
4302
4305
4308
4311
4318
5635
5675
4406
4429
4412
4419
4414
5666
5672
5641
4422
4424
4427
5679
2418
5655
4477
4430
5629
5653
5651
4437
4439
5281
4441
4443
6046
1302
5734
5733
1303
5738
4451
5744
4463
4466
4462
5008
6111
4470
5689
4473
5631
5673
1319
5465
4488
4483
5452
5719
5499
4489
2177
4501
4831
1479
4687
5426
4506
5459
4511
5490
5436
1338
5374
4520
6130
4607
4560
1344
5233
4660
1345
1613
5491
4537
5432
5596
5303
4554
4552
5609
5607
4562
5475
5564
5384
5388
6126
4624
2540
4586
678
4632
688
2553
675
5521
5573
5574
4588
1649
1375
1378
5598
5417
1639
686
1365
5474
1360
4564
5395
4573
676
1624
1625
5405
6127
6124
4650
4649
4932
1379
1626
5561
5716
4675
1295
4673
5306
4664
4662
5317
5316
4669
4667
1588
1414
4760
1450
5481
4682
534
4686
5504
5468
5455
4694
5345
1337
2543
4700
4670
4656
1402
4764
4764
1452
4763
1597
4720
204
204
216
255
1473
255
1429
4706
5881
4761
2376
1429
1429
5324
5244
1428
5264
329
4752
2221
2222
268
268
4802
5207
173
5210
4722
2194
328
2555
2557
318
315
318
330
339
333
545
545
1603
5271
1481
4772
1470
4791
6136
4600
5341
5560
1625
1622
5334
2255
1380
1622
5335
559
1490
5343
4600
4600
4644
5544
1397
4860
4859
2253
4891
5341
4859
4888
4957
5551
1490
2253
2246
2429
2253
2253
5546
1659
5344
1516
4859
4970
5554
1524
6185
5546
6254
5598
1668
5750
4984
6210
5727
5593
4993
1536
5284
5286
2409
5000
5279
6134
5005
5001
5359
5757
5104
5012
5014
2476
5957
582
580
5953
2331
2320
2341
667
5980
1559
5061
5964
5063
6008
5954
5033
2347
5099
1610
5106
5071
5102
5355
6009
2314
5192
1343
1346
1406
5566
5527
5197
526
2395
5222
1409
4701
5881
2363
5210
5217
5219
5259
1598
5252
4764
4763
5259
2544
5310
5265
5265
4764
4658
5214
5363
5282
5917
6108
5941
5289
6106
5943
5301
5704
5327
5754
5314
6022
5322
5329
5549
1391
5548
5535
5536
5419
1641
5691
5367
5369
5649
5648
4707
5657
5380
5391
679
4612
5402
5410
5458
5422
5495
1645
1642
5442
1633
5449
5450
4595
4769
5476
5633
5621
4792
333
4631
2575
1523
5577
5614
5619
5579
5606
5586
5615
5583
6126
5662
5626
5660
5664
6114
5639
5668
5770
2263
5768
5761
5766
5695
5697
5699
5700
1627
4600
552
5736
1685
5921
5913
6050
5763
6053
5945
5773
1697
1698
6055
5777
5779
6057
5782
1704
1705
6059
5794
5808
5798
5801
5806
6064
5803
5826
6067
5811
5813
6069
5816
5827
5820
1722
1723
5833
6072
6071
5835
5839
6040
1730
1731
5851
6075
6077
5854
5859
6079
6081
5862
6083
5872
5870
6085
5875
5876
6044
5900
5884
5885
5890
5889
5895
5897
5902
5904
5908
5933
6097
5923
5925
6095
5929
6093
6091
5936
5938
6099
1769
5068
5961
5064
5058
5971
5979
1775
5976
632
6001
5958
6088
2687
758
1782
2686
1789
1791
346
1790
348
2896
3676
3027
3026
3510
925
3025
886
1982
886
2944
886
357
357
357
2882
1803
1810
358
1802
3201
80
80
76
15
56
364
3036
364
1818
889
1984
1984
889
889
3797
3797
3797
3797
976
976
976
3185
3176
3797
3797
3797
3798
3798
3797
3798
3797
3797
3797
3797
4403
4403
3177
3140
951
3070
3070
966
3068
382
976
976
976
976
1156
1156
4195
4196
487
494
4262
3340
4235
405
405
4198
3238
3337
1872
409
3337
6156
2035
2036
2035
2035
2093
2093
2093
2107
1873
411
1876
1887
1886
2123
2124
2037
1879
1907
1907
486
481
2109
1029
2109
4256
1865
1888
1863
1034
1034
1905
6167
3256
1018
3255
3256
3256
1017
3256
3306
3306
3306
435
3306
3921
1017
3260
460
1919
1916
410
3335
3335
1943
1942
1943
3296
4260
4261
4259
3353
418
2093
2104
4210
1883
1941
1037
1881
2949
2949
883
911
3000
1783
343
1783
9
9
58
9
54
881
2963
1946
4129
2916
425
1966
2598
425
3011
97
3743
1972
1821
3003
3757
3003
3003
1980
1983
1980
360
360
2994
360
360
2884
2882
2884
975
975
975
3180
1993
4368
432
431
2000
434
2000
1000
3891
2004
2004
433
3914
2009
438
2005
714
3909
976
976
976
976
3177
3177
3151
3151
3097
344
2019
3670
2024
448
2127
449
452
2026
3455
3469
404
1014
404
2065
2066
1999
1996
1999
1999
1999
3258
3258
1914
407
3304
3255
3255
1912
1897
1900
3242
1897
2094
455
2094
1264
1999
1999
1999
1999
2030
4214
2031
2030
457
1863
1902
1866
389
2075
4216
2070
2073
2074
4233
4232
4234
391
424
424
2081
4197
2085
2082
2085
4195
387
2038
3208
1999
2038
3208
2093
3208
2109
1014
3244
1931
1932
1930
1944
473
473
2038
2093
2038
2035
2093
1905
3333
2117
2038
2038
2038
2038
4210
2087
1889
1889
3336
394
3336
408
2035
2035
2127
495
4356
2133
2835
498
2135
2824
2823
2808
3640
2140
504
2137
2140
874
2818
2819
2818
2586
509
3762
509
3810
54
53
40
53
1984
910
910
1984
3817
3818
3817
3817
3229
1009
2161
4229
450
2027
450
2165
3971
3970
3973
1166
1138
3799
1138
3789
5429
5431
5429
5430
522
4519
522
2182
521
521
4517
1412
4677
1604
5270
5202
239
297
171
236
294
2204
2204
2204
538
1440
5514
5515
537
2394
2377
2377
527
2377
681
4839
1455
4840
4776
317
173
545
316
317
299
2223
325
330
299
5343
5343
5343
5343
5341
5343
5341
5342
1626
5343
5343
5343
5420
5420
5420
1626
5343
5343
6126
5343
2239
553
2420
2239
5341
5414
5414
4601
1380
5416
5343
5341
5343
5343
2269
653
5115
5030
2308
2309
2310
2265
2311
5986
2488
5986
652
2274
6168
2334
2274
6168
2531
673
2293
2531
2284
572
5079
2284
2287
5140
1574
2286
579
600
2295
2294
2359
5135
1569
5013
5108
2297
2307
2307
580
2304
5989
5989
2463
2461
585
5032
2479
568
663
2315
5119
2301
666
2519
2316
2460
2457
5125
2460
2457
638
2453
670
5042
670
5044
5044
5127
5044
566
6171
2334
2286
2288
2290
579
6168
6168
2508
2507
2508
656
5072
1553
2510
5072
5075
1573
1573
2356
599
2357
5041
5037
598
2345
2355
4761
4761
4763
4761
4764
624
624
2434
5324
5324
1429
5324
5265
5321
4704
4658
5323
5322
605
2382
605
2494
316
268
174
317
215
217
215
172
255
172
173
2389
2204
536
2201
4598
4600
4598
4598
5276
5276
610
2403
5951
5094
2406
2471
1570
615
2411
615
5682
2419
617
2415
1676
6143
5343
5341
5343
5343
5343
5343
5343
5343
5343
2239
5543
2239
4549
4549
4548
2438
625
2435
625
628
628
2442
2570
2444
2466
2476
2445
2444
2517
6017
1563
2513
5081
2341
5051
2341
2341
2276
6015
5050
2335
2465
2464
2467
2465
2468
639
2467
2468
640
2472
640
5054
2477
1547
2473
639
5105
636
2447
2446
2480
646
645
5019
5018
2482
5982
5982
2481
2483
5116
2262
5117
649
5967
643
1551
5984
5967
2512
2512
2513
658
2516
658
5994
5952
5954
5067
5952
2283
2283
2285
2283
2512
5997
2522
2304
580
2305
2353
2351
2360
2360
592
2281
2289
2339
2293
664
2292
627
2532
627
4566
4563
1361
677
4563
4563
4565
4563
1408
4674
6137
1408
4672
696
696
4574
2581
696
5568
2580
4710
4710
4710
1429
545
545
545
268
5395
4647
5395
1384
2568
5891
693
2568
5601
5601
5598
5601
1524
6185
1524
1524
5570
5398
5401
3762
3375
808
808
808
1363
5526
4572
700
700
2590
4205
3235
2596
2664
703
2595
702
2602
706
3903
710
2600
2608
707
2605
3907
2611
712
3864
713
2609
2618
705
2614
716
3886
2621
718
3565
719
2619
2626
722
3554
2627
2624
2632
2629
727
4169
728
3563
3564
2662
2635
2754
2661
733
2639
2663
2646
2643
4456
4454
737
739
3604
3927
2650
2649
738
2652
2656
3217
2660
743
2657
3915
4471
4472
4452
2666
746
2731
747
2623
720
2668
717
757
1318
3686
749
2684
2676
2672
752
3700
1324
4492
5500
5460
4493
787
2737
750
4543
2739
4542
2729
2697
760
2693
763
3726
2701
2698
766
3645
767
2706
2703
769
3699
765
3725
2708
3586
2893
2715
772
2712
3641
4524
4527
4525
4526
2716
3535
1043
3535
779
3546
4533
4536
2730
4500
4535
2732
3649
786
785
1321
4485
4484
4495
1325
4497
2742
3669
446
2745
3674
2750
792
2746
795
3945
4555
2753
4557
4556
2759
797
2755
777
3807
498
2760
801
3633
3797
3797
3797
1137
2146
2148
2584
2145
2815
831
508
507
2813
1368
5153
5519
4581
4583
4395
804
2770
2772
813
1049
2787
2790
3377
2848
3974
3142
2840
3742
3574
1102
1851
3572
1381
5407
4603
1369
1387
2720
2805
774
2158
2160
511
3635
512
4582
5161
2780
2779
4582
2778
809
2160
2160
511
1118
1117
2769
5331
5331
1389
5421
5336
3778
806
1136
2832
2784
965
962
4914
847
964
942
3185
3798
944
3719
2847
3716
3146
2837
3144
3145
4955
4955
1396
4936
505
2906
3559
2138
3370
1044
3459
2862
2861
853
3472
2866
2863
3463
1067
3436
3462
851
2875
2139
850
3507
1085
3505
3507
3507
865
2886
865
1056
2899
2891
866
2887
2891
3722
1113
3614
2909
3618
3709
2899
2898
3724
2960
875
2880
2958
2903
3480
2905
1954
901
896
28
1963
61
59
3477
3446
61
883
882
3001
3445
2949
2999
1068
3441
3441
912
2999
3442
1070
3442
3443
3443
4385
3443
1982
913
3004
913
913
2994
3509
3002
360
913
3509
913
3442
3442
1070
164
149
40
164
54
53
54
56
2881
2878
862
859
3475
1950
3483
3466
2969
2968
903
2971
503
932
2973
363
3044
3037
2998
3757
361
3037
2983
48
916
4390
930
930
2975
2996
2998
2998
3757
2998
1809
3038
1806
909
1807
1807
1807
3509
3508
1070
1806
1806
1808
140
4
3006
2996
2997
2998
1973
917
3007
1970
80
165
1976
923
2998
55
55
55
1478
5511
5510
3761
4822
3030
365
3033
762
3028
3034
3720
3036
3202
361
1805
359
1986
2978
1817
1816
3029
975
975
976
3180
976
976
4917
4630
5330
1509
4915
937
3423
4849
938
3051
3052
936
3058
3057
833
2827
2830
834
834
2828
2826
3183
4370
5186
4856
5186
3418
940
3179
3798
3797
3798
3798
3176
3176
3178
975
3151
974
3132
955
3129
3127
3099
5187
5183
3416
5187
4874
4892
4896
4893
4871
4895
3797
976
3972
976
4967
4967
4967
1517
1517
6119
4890
6119
1501
4938
4910
6121
4935
2830
4628
4629
4871
1488
4855
4855
1489
4855
1488
5187
3420
5187
4855
1489
1488
980
3179
980
4373
4374
3096
3103
3104
3104
958
4899
6120
1499
3179
3410
3411
3797
3797
3797
3797
3797
3797
976
976
5181
5181
1061
6235
5179
3410
956
3117
3099
3125
4375
952
3411
1061
3424
3180
5181
4981
5189
5181
3425
1064
3425
3194
1166
3975
3993
4952
4951
4984
1522
5190
1531
5190
1519
4978
979
1137
6241
3202
2883
3223
3225
3207
3226
3223
3210
3210
3894
3209
999
3209
3211
1004
3325
3935
3216
1003
3218
3222
3319
3224
3224
2061
1007
2072
2033
466
2069
3323
3323
3330
2086
2086
3235
4198
4198
4196
3323
390
3301
4258
3301
1945
1945
3287
1884
3287
3286
3305
1998
1998
3305
3606
3609
3607
3608
3337
3338
409
998
3213
2058
3268
3265
3268
4210
1260
1024
3267
3266
3272
3271
2099
2099
3249
2099
4200
4200
414
417
1934
414
4239
1260
4243
4238
2039
2039
2038
3352
1938
2112
2111
483
2036
2036
394
6172
485
6172
6172
3921
1997
3902
3310
3307
3347
1032
3345
3346
3344
2098
475
1264
1900
1033
3326
2163
462
3320
390
701
2591
2592
3329
3329
3332
387
387
387
6167
3359
1996
1996
1017
1017
1912
392
406
3304
1920
4227
4228
4221
3349
3349
4228
1917
1917
3294
3295
2036
1928
3299
6172
1890
3356
3364
1038
3361
1041
5142
5146
5147
5148
3366
3534
3431
3533
1579
5164
1579
5152
5157
1048
5166
1580
5155
5156
1371
5159
4581
4619
5409
1382
1623
5160
3391
1374
5166
3395
5167
5166
1053
5172
3511
3397
5169
1416
1416
4683
1416
1417
5173
5178
4684
4979
4972
4979
4967
4855
1488
1489
4855
4863
4862
1491
4853
1487
5330
5332
4980
4980
1526
1039
3365
1039
3362
3396
3398
3399
3400
1795
1792
1794
1793
1796
3506
3508
3508
2995
1070
3443
2945
3443
1070
3504
3451
908
1072
3454
3457
3458
3428
3429
2725
3431
1794
3435
3439
350
1794
3449
3442
3450
781
3470
2724
3464
2871
911
3444
1069
2948
2999
2999
3448
2961
3465
900
1069
780
2864
1075
3485
3486
3478
58
3478
2925
3478
3479
3478
61
59
11
62
3481
1079
3775
3759
3777
3773
3772
3752
2993
2992
4823
1477
2670
748
3512
3518
1087
725
4000
1001
3205
994
3520
995
3527
3524
1092
3605
742
2655
3220
5294
5295
3532
3531
3367
3539
1094
3536
2728
3541
3954
3540
790
854
3544
3365
3488
3547
1080
1040
3430
1099
4270
2867
856
4129
55
58
876
3562
2964
2962
5325
4449
3567
1100
3840
1096
4628
836
5162
382
3795
3803
2801
823
3386
3660
2800
3572
3787
2798
3573
3560
877
3593
3585
3584
3588
155
134
163
502
1036
3309
3597
4388
3320
3598
3602
423
3917
1086
3600
3307
3609
1109
1110
3619
2709
770
347
3610
2953
1814
3680
148
151
3620
3865
1115
1114
3626
3623
761
3630
3624
3627
800
3631
3713
1116
828
2846
3819
3819
3812
3636
1117
3813
3642
2834
4382
497
2761
4603
4602
826
3651
773
3698
1120
3782
3782
3781
3655
821
3659
3653
4605
3663
3661
3687
3837
2699
764
3665
753
2679
2678
1125
3673
3694
3962
3677
3682
3695
168
904
157
1127
3706
356
157
1318
4482
4380
3843
3657
3582
817
3952
988
2795
2889
867
868
3658
3628
756
3749
2683
3701
1130
3739
3708
1131
2890
2967
2970
3712
3746
2806
799
827
3718
798
3770
1132
863
3721
2695
5483
4697
2892
3726
3662
3727
2704
768
3729
3734
1123
4384
3732
3667
3736
2674
2853
4652
2852
2836
24
24
869
3032
929
1395
4638
3408
3406
1059
5176
3403
3003
360
1807
3771
3754
1583
5509
3372
3373
1047
3393
3765
2768
510
506
3393
2885
3760
3753
360
3750
3751
3040
2773
805
3793
3794
3578
976
3185
3176
3185
4371
986
3184
6212
3800
3646
3579
3575
3577
975
3183
3193
3195
2803
2817
835
3569
3805
3808
5563
4559
2757
3389
3809
3810
815
3811
3811
3813
510
1132
3766
816
3821
3937
1140
3820
1139
3828
3825
1145
3950
3831
3829
3948
1144
3834
3941
3833
3845
3692
3847
1124
3672
791
3106
2843
371
977
1137
3966
3830
793
1143
3848
2748
3852
794
3542
3855
3826
1142
3857
1146
3823
1141
3861
3835
3737
1134
1133
3856
1149
3868
3589
3871
3728
3873
3735
3875
3731
3877
3876
3879
3885
711
3881
1154
4369
2613
3888
3905
3887
1152
3613
1111
1112
3872
724
2628
3896
721
3874
3899
3878
3901
3859
1150
3853
1148
3863
1151
2604
709
3883
3911
1153
3889
2607
708
3900
3880
1109
704
3902
2616
3922
715
436
2002
3514
424
2079
2659
744
3930
439
1108
3929
3329
3939
1160
3979
1161
3942
3976
1163
1162
3538
1095
420
3949
4367
3951
3983
4377
1848
2020
3964
444
3796
1165
3797
949
820
3704
754
3175
3166
975
976
3176
3180
3176
3992
6236
982
3198
3165
2637
732
731
3981
734
3987
1167
2641
2751
2752
2727
2644
735
2726
3179
3411
3411
6215
978
3190
3999
3996
1097
4281
3897
3599
4001
4005
1171
4397
1159
4003
3932
1158
4008
3923
1155
4011
3926
4018
4016
4017
4275
4021
1178
4327
1179
4019
4025
4324
1181
4024
4028
4029
4030
4031
4032
4033
4034
4035
4036
4038
4328
1187
4037
4042
4330
1189
4041
4046
4334
1192
4045
1191
4053
4050
1190
4315
1194
4057
1198
4340
1199
4055
4061
6152
1201
4060
1200
4066
4336
1204
4065
4070
4338
4069
4071
1205
1197
4072
3453
451
4078
4079
4081
4147
1211
4080
1210
4088
4085
1215
4343
4089
4090
4091
4092
4093
4094
4095
4099
1218
4096
4143
4101
4154
1220
4100
4107
1222
4104
4150
4109
4156
1224
4108
4115
447
4112
4159
4120
1227
4116
1230
4299
4125
1231
4121
1228
4341
4127
4161
4126
3447
33
4133
4136
1234
1235
4131
4139
1237
1238
4140
2168
515
514
4145
1239
4346
1240
4149
1236
4344
4152
1241
4350
1242
4155
4348
4157
4352
1243
4160
4355
4162
4193
1170
2630
1088
4164
2027
4167
3997
1169
4174
4171
1247
4361
1248
4179
4176
1250
4364
4183
4180
1244
4358
4187
4184
1253
4365
1254
4002
1093
4189
1089
4013
1174
3920
3918
3920
3607
1996
1996
2097
4246
1933
464
2083
4245
1258
4213
1266
3208
3208
3266
1023
2032
4232
1013
2084
1999
1259
3209
4220
3208
3208
4208
3209
3209
1261
4225
466
4235
2082
1013
1870
1869
2047
414
417
1260
1260
3269
1260
1260
1260
4250
4248
3287
3269
3269
4238
4249
3287
416
2093
2038
4253
1029
3358
485
485
6162
6162
2046
2047
394
1917
2047
3442
1065
3551
4272
1267
6023
4273
4274
4276
6027
4277
4278
4279
4280
3545
3548
4282
4168
4284
4286
1177
4288
4289
1214
4283
4291
4293
1233
4292
726
4166
4297
4007
1172
4010
1173
4301
4023
1180
4304
4027
1182
4307
4040
1188
4310
4044
4313
4316
4332
4048
1193
4317
4068
4320
4059
4322
4083
1213
1212
4086
4098
1219
4103
1221
4106
1223
4111
1225
4114
1226
4128
1229
4118
4303
1269
4135
4298
1251
4181
1249
4177
1246
4172
1245
4353
4363
1252
4185
4357
4399
4360
1091
4386
3522
1090
4191
3525
741
2654
3985
3870
3851
3124
3071
3069
4919
4918
4918
3143
3094
3092
3802
2796
2831
837
3654
2714
2992
3596
3214
1002
2598
905
857
40
811
55
2585
1021
2007
437
2651
740
2825
3798
968
976
5179
1275
5636
6135
4408
4407
4413
1277
5665
1281
4411
4418
4416
5671
1282
4421
5642
1278
4420
1283
4428
4425
1287
5678
1288
1289
4478
4431
4434
5630
4436
5652
1294
4435
1293
4444
1297
4440
1300
5915
4447
1302
5732
1303
4447
4453
1305
4453
5739
4457
1307
1306
5743
1309
4466
6145
4458
4459
1312
4465
5293
6112
4469
4467
5686
1314
4450
4448
1274
4410
4476
5632
1317
5656
5277
4479
4487
4487
1322
4486
1319
1322
5717
5718
4488
5461
1319
5499
5461
4489
1320
1323
5497
5430
2179
2178
4828
4503
4826
1419
5482
1334
4510
4509
4513
4512
523
4515
4514
523
5488
4519
1338
1338
5371
1331
4507
5428
4522
4525
4606
1342
1341
5248
5233
5248
4660
4530
5745
2180
5299
5741
1316
5492
4475
4538
1320
4496
4483
518
4547
1351
5597
1352
4546
4553
4550
1355
5608
1356
5740
4446
5742
4561
4558
1358
5475
1359
1361
5387
5387
5389
6126
6126
6126
5343
1388
2540
4625
4624
678
5524
678
4587
4587
2554
2553
2552
5520
6147
675
6147
2535
1372
5522
5573
4590
4589
5599
5453
4597
1668
5593
5418
5417
5418
5418
6139
2550
2588
5557
4608
1383
5473
4564
4565
4564
5394
1360
686
686
2581
4571
4573
2579
2580
5395
5394
5395
676
676
4564
5338
1624
5338
5339
2538
2535
677
5405
2538
4960
6123
1400
4959
556
5342
5342
1626
5342
5395
5561
1360
6123
6124
5714
4596
4956
1512
1393
4672
4675
4673
4672
4661
1404
4665
1405
4659
1407
5307
5317
4666
1410
5236
2545
4668
1295
1295
4675
4438
4758
5215
4758
4760
5229
4685
1415
4685
534
5480
1420
4688
1651
5466
4689
5347
4694
1424
5345
1337
4698
4696
5485
684
684
2545
2546
4674
4656
1401
4657
5345
5348
1403
4657
1603
4761
1603
1603
2375
4761
5258
4761
4762
4761
4764
4763
1430
1430
4721
5881
2362
2362
4720
5242
1597
203
295
239
217
297
297
204
216
258
215
218
258
204
192
2361
1597
2364
1429
1429
1429
4710
4710
4710
1429
5324
4700
5244
4699
4700
4704
1428
4705
683
4782
4781
1466
1443
1454
4806
219
4780
2225
2222
2222
699
4786
4816
275
328
319
528
331
313
2222
331
312
175
268
175
2391
6131
4740
4742
2560
174
2218
5243
5243
5243
2389
530
1473
322
322
330
207
308
318
318
322
275
2555
2377
681
545
545
268
5324
5324
2376
1655
5530
5532
5512
1479
5506
4827
4842
1482
4841
2214
4775
4789
1480
4794
2206
1464
1469
1455
4773
4771
4598
4600
5341
4598
5343
5341
5559
4868
5559
5560
6125
5334
2252
558
6125
5335
1380
5333
5335
5552
5552
1622
1622
1622
5552
5539
4601
4601
2251
559
2254
1492
5333
5333
1626
1626
1626
5343
4598
4598
4600
4598
4599
4644
4598
4641
4641
1397
5544
4859
4860
4859
2253
4859
1500
4860
4875
1500
5343
5343
5341
5343
4963
4860
4963
4970
4890
4888
1499
1513
4958
4934
5552
1625
5551
4860
4858
4858
4858
1490
1490
2254
2253
4858
1490
4642
4642
4642
618
618
2429
619
2430
622
4957
623
4958
4642
4642
2253
5343
5343
5343
5343
5343
5341
5555
6118
5554
1397
2254
2253
2248
2246
550
4885
6124
5716
4642
4600
5547
2253
5555
6118
5555
4970
1659
5546
6254
1659
1627
5602
5598
5748
5750
5748
5556
6210
1525
5728
5730
4846
6126
6126
4834
4835
4992
4989
1536
5283
1537
4996
4996
4997
4998
6133
1541
1540
1311
5008
4464
5002
1545
5007
5360
5292
4989
4991
4990
5105
2475
1549
642
5017
5966
5016
5017
633
2462
633
582
6159
6155
5025
5024
653
653
653
5021
2302
6006
5075
5034
1768
5954
5958
5959
5958
5999
672
576
2338
672
6157
590
2321
2325
2340
2337
2334
5055
5055
6134
5057
5065
1561
5056
1560
5064
5061
5064
5064
5064
5066
5066
5068
5069
5081
577
5067
5954
5067
5067
6000
5078
1770
661
2293
664
673
5952
5067
5138
578
5138
1565
2350
1565
5089
2326
588
5045
5366
5100
5358
5288
1775
5069
5101
5101
5069
1559
2468
1544
5110
5006
1534
4993
1552
1542
5004
5117
5117
5117
6154
5119
2305
2526
5043
1556
1556
2335
2333
591
669
669
5101
5129
5099
5355
5356
5355
593
2343
5138
6164
5089
1566
2347
5144
1575
5193
5194
5308
4532
5297
4659
4663
4662
5520
5566
5565
1580
5158
5168
5523
1371
4592
2549
5337
5550
4591
4591
5168
1357
4562
1582
5195
5199
2192
4681
4681
4682
4684
5528
2199
4969
4858
4969
4858
4858
1490
4866
4866
6116
1625
4971
6210
5220
5222
5221
4529
5201
5223
5224
1586
5203
4759
1427
4757
1426
4680
5243
4722
5210
4724
203
296
5881
5243
6020
4800
1593
2441
629
5216
630
5221
5232
1590
5235
5235
4669
4670
4668
4668
5246
5245
5247
5234
1594
5250
1405
4667
1598
5264
4763
1598
4721
5259
1430
4702
2544
1425
5245
5249
5306
5251
5309
1599
1603
1603
5265
5265
5265
5265
1603
1603
1603
4761
1603
2547
4655
5213
5213
5208
1589
1411
5268
1437
529
2189
1605
5683
5364
5281
1606
5278
5915
1607
5285
1608
6107
1609
5290
5287
1611
6110
1612
5758
5943
5296
1578
5149
4531
601
2368
5702
1614
5304
1615
5611
5302
5307
6032
4528
5311
1616
6033
5315
5312
1618
6021
1296
1296
5322
5324
5324
4656
4656
1402
4655
4445
4433
1291
5326
1292
5551
5549
5551
6129
5414
6128
1657
5537
5536
1657
5548
5420
5417
1641
5420
5349
5350
4518
5349
5350
5627
5323
1429
5323
5346
5357
1606
6132
1610
1537
5286
5362
5690
1310
5361
1628
5288
5046
5367
5047
5048
5372
5647
1632
1631
5354
1423
5354
4707
4707
1630
5658
5368
5381
1418
5386
4687
4690
1421
5390
5457
1330
5385
4505
4565
5384
1384
5394
4610
4613
5394
2541
1332
4508
4521
5403
1333
6141
5525
4579
1348
4540
5413
5493
1639
1639
6128
1339
5404
4523
5419
5548
1349
5425
5411
4539
1335
5490
5427
1350
5431
5433
5435
5435
5594
5595
2185
5438
524
5353
680
5351
4693
5375
5443
5351
1319
1640
5449
5412
5424
5592
5454
5592
1642
1646
1647
5437
1340
1336
5463
1376
5501
5717
4594
5452
5470
5471
533
4708
1633
4768
4767
1327
1327
5393
1399
1399
5479
5562
542
4832
1419
4696
4518
4502
5487
4474
5489
5633
1653
1654
5623
5494
5496
1653
5622
1323
4651
1377
4651
4593
248
248
5472
4766
1453
1394
4836
2200
2396
4838
1459
174
333
2219
2205
4791
606
5567
5566
1652
5477
5478
2542
678
2539
1359
2201
5269
1460
172
1460
4793
5273
675
4633
4632
1391
4634
5341
4599
1524
5342
1379
1524
1524
2577
1370
4635
4585
1392
1392
4598
2578
1523
6199
5525
1364
5539
5538
5385
5392
4559
1636
1373
5569
5396
1385
2566
4611
679
2539
4646
690
2563
5578
1661
5617
1662
5576
5584
5581
1666
5613
5588
1664
5585
5604
5590
5620
5589
5424
5447
5422
1620
1620
5328
5448
1648
5448
1641
6126
6126
5605
6115
1285
1669
5610
1670
5661
5612
4432
5616
1671
1284
5659
5618
5663
1672
4423
1634
5634
5383
1290
4480
5625
5628
5650
1276
4409
1635
5382
1632
5657
1629
5674
5640
5637
1675
5667
1286
4426
611
2405
5670
5643
2408
612
1538
4995
1539
5654
1298
5756
604
2380
612
5677
4415
1280
5646
1674
4417
1279
2417
616
5669
614
5681
2412
4468
1313
603
5949
1677
563
5092
5680
1678
5767
5682
5768
4461
5685
5691
5688
1679
5764
1680
1308
5003
1543
5113
5580
1663
5694
1660
5591
1665
1667
5698
4551
1354
1353
5587
5705
5582
5707
1648
5601
5305
5601
6126
1627
5343
5344
5451
5434
5434
4598
4600
4598
4600
4598
5341
2239
2239
552
4567
2228
5712
5701
1684
1683
5696
1681
5735
1682
5708
5742
1613
6113
5737
1688
5299
4642
4642
4642
2233
548
4974
5755
5752
1690
5920
5280
5758
5940
5760
6049
1692
5759
1691
5765
6051
1694
5769
1695
5944
1693
5774
5771
5773
6025
5776
6054
1699
5775
5779
5781
6056
1702
5780
5784
5785
5786
5787
5788
5789
5790
5791
5793
6058
1706
5792
5797
6060
1708
5796
5802
1711
6063
1712
5800
4051
1195
5805
1196
5810
6066
1715
5809
1714
5815
6068
1718
5814
5819
6065
1720
5818
5823
5825
5822
4075
1207
1206
5831
5828
5830
5919
5834
1725
6070
1726
5832
5840
5837
1729
6073
5841
5842
5843
5844
5845
5846
5847
5850
5848
6074
1733
5853
6076
1734
5852
5858
5856
6078
1737
5861
6080
1738
5860
5866
5864
6082
1740
5871
5868
1743
6086
1744
5817
5873
1716
1719
5878
6084
5877
4761
4761
5883
6089
1747
5882
5882
5886
5887
1746
1749
5888
1751
1750
5849
1732
5894
1727
5836
5898
1724
5857
1736
5901
1735
5855
5905
5863
1739
5907
5865
5910
5879
1742
5912
5916
6047
1757
692
6035
4442
1299
5926
1758
5922
1761
6096
5930
5927
1763
6094
5934
5931
1764
6092
5939
674
5935
1767
6101
5942
1759
6109
1766
5914
626
2261
2263
2322
2322
2449
2448
5066
5067
5068
5018
5955
2299
5961
5961
1771
5976
658
5972
1771
5960
2466
2482
643
644
571
5062
5973
1562
5978
5978
5976
5978
5979
5130
1571
635
2478
5956
2490
648
2267
2264
2464
632
5067
1769
5993
5965
1778
1778
6001
573
5958
5958
5958
5960
1770
1770
5958
5958
632
5077
2360
5039
584
2350
2350
2349
594
2334
2268
2280
2337
2264
5237
5218
1591
5313
1617
5829
6026
5772
6028
6029
6030
6031
5753
6034
6041
6036
6043
6037
6038
6039
1701
6042
6045
6043
1728
6046
1748
6048
6090
5869
1741
6052
6087
1780
4306
1270
4309
1271
4312
1272
4314
5807
6061
4319
1273
4321
4323
1203
4063
1202
5783
1703
1700
5778
5795
1707
5799
1709
6062
1710
5804
1713
5821
1721
5824
1717
5812
5874
1745
5838
5899
1753
5896
1752
5906
1755
5903
1754
5909
1756
6098
5911
2533
6102
5932
6104
1762
5924
1760
6100
5928
5937
5937
5706
609
5638
5335
5335
4601
608
1498
4886
5603
4568
553
5416
1641
5403
5402
5404
1643
2194
6105
5356
5356
5947
184
1408
1429
1364
5324
4625
1572
5762
6145
6103
1765
2537
1626
4642
5343
2254
4123
1232
581
581
1017
5051
2592
2299
3797
5343
4254
2295
665
1925
1926
400
2288
2318
411
2318
419
665
6174
6175
6176
6177
6178
6179
6180
6181
5593
3188
3790
6185
6186
6187
6188
6189
6205
6207
4984
1350
6243
6195
6211
6256
6198
6252
6248
6201
6202
6203
6256
5718
1668
6190
3994
6199
6199
6237
6237
6233
4977
1061
6255
6217
6218
6219
6220
6221
6222
6223
6224
6258
6225
6228
6247
6257
6248
6229
6251
6231
6232
1517
1061
6238
6256
6218
6237
6239
6240
6222
6244
6245
6246
6247
6248
6249
6250
6185
6252
2575
6252
5547
6254
6257
6258
6259
6260
6261
6262
6263
6264
6265
6266
6267
6268
6291
6270
6290
6289
6273
6274
6275
6276
6277
6278
6279
6280
6281
6282
6283
6284
6285
6286
6287
6288
6289
6274
6270
