0
1801
95
3
4
5
6
3497
881
9
10
11
12
13
14
15
16
17
18
19
2936
2999
1823
1821
24
100
143
104
106
106
878
3473
1074
882
34
35
36
37
38
39
40
49
42
168
44
45
46
47
50
49
50
51
48
53
54
55
56
57
58
59
60
61
62
63
64
65
126
67
68
69
70
69
72
73
74
75
71
77
78
79
80
81
81
83
2933
85
884
2935
353
1977
1977
1798
1822
1820
2155
95
96
1821
98
99
100
101
4
107
5
103
6
107
106
106
3497
6
3499
3499
2923
2912
116
1948
118
119
120
1950
122
123
4267
125
127
3444
128
129
130
131
132
133
134
135
136
137
138
139
140
1971
1971
143
142
145
146
147
148
149
150
151
52
152
41
156
163
157
158
159
160
161
91
163
164
165
159
166
38
169
169
171
2196
265
267
175
176
177
5263
179
180
181
295
183
184
185
186
187
188
189
190
1438
4798
2386
1475
273
196
210
198
276
276
5261
2364
1593
5231
205
206
207
208
209
210
211
223
213
338
215
216
217
333
222
219
184
247
223
224
225
226
227
228
229
230
231
235
233
182
294
236
237
238
239
240
241
240
243
244
245
246
242
248
249
250
251
252
252
254
4733
4734
1436
258
2387
2195
1473
4741
1475
267
2560
2216
273
175
273
2218
273
272
273
275
275
276
274
278
276
177
5320
276
1476
5263
4713
1476
1431
288
289
1430
291
292
293
6020
295
5231
297
5206
299
300
301
302
303
304
305
306
307
308
309
310
311
315
313
210
2223
316
264
318
319
320
321
322
220
212
323
4715
4715
328
329
330
331
332
173
334
335
336
329
209
337
340
340
342
343
344
1789
2703
1787
3676
1795
3432
105
2999
89
2936
21
356
2884
359
428
1810
3201
6
1816
3034
3033
907
2997
100
1827
1841
959
374
1833
2764
1840
2767
3581
1841
3173
3958
381
1852
3108
3108
104
143
387
388
389
390
391
392
2059
4200
4238
4243
397
4264
1028
1928
3354
402
403
404
405
1913
3258
3305
1922
1919
3350
412
413
414
415
416
1945
418
1877
446
1082
30
423
424
425
426
930
3750
3969
430
431
432
433
434
1997
436
437
438
439
380
1827
3108
2767
444
1849
789
447
448
449
2026
3453
3455
453
454
2031
456
457
458
2036
2046
461
462
463
464
465
466
467
468
469
470
471
2091
473
474
475
476
2091
473
3287
3285
481
3291
1941
2103
485
486
487
1019
3260
3254
490
493
459
494
495
496
497
2131
2783
2823
2951
1959
503
2869
2905
506
507
2776
509
510
3636
3635
511
4168
2165
516
517
518
519
520
2187
2182
523
524
2191
1582
276
277
4798
1438
262
258
533
4681
606
2397
2204
4988
274
2214
4503
5481
1457
2385
196
2242
2242
2256
4567
2233
4568
2238
1627
5602
2242
4960
5713
1492
2253
6161
4902
198
563
564
565
566
567
568
569
570
571
572
573
574
575
6017
5080
578
579
580
581
5024
583
2306
585
586
587
588
2327
590
591
2339
593
594
595
596
597
598
599
600
2434
5256
603
604
605
5509
4844
2399
609
610
611
612
613
614
615
616
617
5715
6161
2242
5602
2248
623
4549
625
626
627
2439
5217
5219
2463
632
2444
634
635
636
637
638
639
2472
2409
642
643
644
645
646
647
648
649
650
651
652
653
654
655
5073
5072
654
2511
660
661
662
663
664
665
666
5051
5052
2527
670
5043
2526
2530
674
675
676
677
4587
4611
5378
2374
682
4703
4668
685
2550
687
688
5399
689
5396
5919
2567
694
2244
696
697
4576
699
2594
701
702
703
704
705
706
707
708
709
710
711
712
713
714
715
716
2671
718
719
3870
2625
3555
2873
2627
725
726
727
3898
2754
2662
731
2638
733
734
735
736
737
738
739
740
741
742
743
2658
745
746
747
748
2736
2735
2686
2674
3738
3704
755
2684
787
758
759
3631
3630
2693
2697
764
2699
766
767
3665
769
771
870
772
773
774
775
776
777
3428
3535
2723
2725
782
2727
784
785
786
2737
788
3674
791
3672
3831
3830
3540
790
4556
797
798
799
2760
3633
3847
803
804
3792
3779
2774
808
809
810
811
2832
3377
814
815
816
817
818
819
820
821
822
823
824
825
826
827
2822
3638
3639
831
3816
3423
834
835
836
837
838
839
840
3740
842
3787
947
513
846
847
3749
3561
849
2137
3369
2862
2864
4391
2868
2870
3370
2881
1067
3437
3435
863
3406
865
3624
3628
868
869
2892
3615
3683
2900
3460
2871
3500
1960
31
32
32
31
3450
3450
3442
3442
3002
2943
2998
361
2994
2151
3557
2953
125
118
8
896
106
106
3462
2963
3483
903
904
905
2979
2978
3503
931
361
3450
3451
2992
151
151
386
1970
918
2976
2991
1823
24
1821
878
3511
3024
3023
3510
929
3035
3759
932
3972
3108
935
936
3054
3419
939
940
941
942
943
4371
945
3167
2764
3048
3048
950
951
3171
953
946
945
3115
3117
3104
3108
1060
980
3150
3148
964
965
3122
967
3415
3414
3152
3169
3144
3175
3164
975
976
977
978
979
980
981
982
983
2175
985
986
3187
988
989
990
991
2171
993
994
995
996
1999
2058
3895
3892
1001
3213
1003
1004
1005
1006
1007
1008
1009
1010
1011
1012
1013
1014
1015
1016
1017
1018
2044
2042
4225
1022
3269
3266
3271
1026
2088
2037
1029
1030
1031
1032
1033
1034
1035
3349
1881
3364
3361
1040
1041
3366
3365
3534
1045
1046
1047
3395
3379
3382
1051
3532
3397
3399
3531
1056
3408
3753
3761
3113
1061
1062
1063
1064
3430
3434
1066
882
860
3451
4269
3457
10
2961
3470
32
31
1074
3480
3487
114
30
3473
2962
3507
1086
1087
1088
1089
1090
1091
1092
1093
3986
1095
3567
3549
3552
1099
3664
1101
1102
1103
1104
1105
1106
1107
1108
1109
1110
3611
3612
3679
1114
1115
3805
1117
3814
1119
1120
1121
3688
1123
3692
3694
1126
1127
1128
1129
1130
1131
1132
1133
1134
3772
1136
1137
1138
1139
1140
1141
1142
3835
3834
1145
1146
1147
3851
3853
1150
1151
3888
1153
1154
1155
1156
1157
3931
1159
1160
1161
1162
1163
3956
3972
1166
1167
1168
3998
1170
1171
4006
4009
1174
1175
1176
1177
1178
1179
1180
1181
1182
1183
1184
1185
1186
1187
1188
1189
1190
1191
1192
1193
1194
1195
1196
1197
1198
1199
1200
1201
1202
1203
1204
1205
1206
1207
4078
4274
1210
1211
1212
1213
1214
1215
1216
1217
1218
1219
1220
1221
1222
1223
1224
1225
1226
1227
1228
1229
1230
4342
1232
1233
1234
1235
1236
4141
1238
1239
1240
1241
1242
1243
1244
1245
1246
1247
1248
1249
1250
1251
1252
1253
1254
1255
1256
3272
4213
3268
1260
4220
1262
3274
2096
4238
4248
1267
1268
4302
1270
1271
1272
1273
1274
1275
1276
1277
1278
1279
1280
1281
1282
1283
1284
1285
1286
1287
1288
4478
5625
1291
1292
4439
4437
4675
5317
1297
1298
1299
1300
1301
1302
1303
1304
1305
1306
1307
1308
1309
1310
1311
1312
1313
1314
1315
1316
1317
1321
4483
4496
4495
1322
1323
1324
4500
1326
5393
5485
4501
5391
4510
1332
1333
4513
4515
1336
5347
4518
1339
4522
4527
1342
5191
4529
4532
5308
1347
1348
1349
5433
5435
4547
5587
5305
1355
5588
1357
1358
1359
5395
1361
5600
1363
1364
5550
1367
5537
1368
1369
4635
5158
1372
1373
1374
1375
1376
1377
1378
5342
1380
1381
1382
1383
4622
5400
691
1387
1388
1389
4916
1391
1392
1393
1394
5500
1396
5544
4570
4646
4650
2544
1403
5322
4660
4662
5149
4665
6137
5151
5235
4677
5199
5201
1586
4682
5175
5176
5384
5482
1420
1421
5443
5375
4691
4699
5228
5225
5264
2376
202
202
203
5230
5215
204
5208
5208
1438
4801
538
4794
4749
1443
295
289
4713
276
276
177
5226
4762
5246
1453
1454
4773
540
4777
4778
4837
1604
538
5214
5215
4791
1465
320
320
4775
1469
4790
2224
210
2386
273
1475
5261
5274
4822
4828
542
1655
4830
5728
4848
1485
4852
4854
1488
1489
4859
4864
6117
4942
1494
4568
4844
4844
1498
4958
1500
4899
1502
1493
4910
4901
4908
4937
4914
1509
5184
4942
4956
4933
4952
4952
1516
1517
4904
1519
4908
1521
1522
1523
2577
1525
1526
1527
1528
1529
1530
1531
1532
1533
1534
1535
1536
1537
1538
1539
1540
1558
1542
1543
1544
1545
1546
1547
1548
1549
1550
1551
1552
1553
1554
1555
1556
1557
1558
1559
1560
1561
1562
1563
5991
1565
1566
1567
1568
1569
1570
1571
1572
1573
1574
1575
5144
5146
5296
1579
1580
5294
5171
5518
5192
5196
1585
5231
1414
1411
5222
6022
292
1450
5233
202
1450
1593
5244
5252
201
285
2364
4761
5271
1605
1606
1607
1608
1609
1610
1611
1612
1613
1614
5328
5310
1617
5314
2369
1620
1621
5334
1623
1624
5560
1626
5601
1628
1629
1630
5374
1632
1633
1634
1635
5562
5570
5568
1639
1640
1641
1642
5427
1644
1645
1646
1647
1648
1649
1650
1651
1652
1653
1654
5511
4797
1657
1658
1659
1660
1661
1662
1663
5590
5591
1666
1667
5598
5605
5610
1671
1672
5646
1674
1675
1676
1677
1678
1679
1680
1681
1682
1683
1684
5712
5728
1687
1688
1689
5754
1691
1692
1693
5766
1695
1696
5773
1698
1699
1700
1701
1702
1703
1704
1705
1706
1707
1708
1709
1710
1711
1712
1713
1714
1715
1716
1717
1718
1719
1720
1721
6026
5830
1724
1725
1726
1727
1728
1729
1730
1731
1732
1733
1734
1735
1736
1737
1738
1739
1740
1741
1742
1743
1744
1745
1746
1747
1748
1749
1750
1751
1752
1753
1754
1755
1756
1757
1758
1759
1760
1761
1762
1763
1764
1765
1766
1767
1768
1769
1770
1771
1772
5059
5972
1775
1776
631
1778
1779
1780
1782
1782
1781
342
346
346
346
1786
1791
1791
3675
1054
1054
3399
3398
1795
86
89
884
21
86
1985
357
1987
1986
358
3201
1809
3040
1803
107
107
151
107
105
3033
364
3033
365
1973
1974
1820
1973
930
1841
1844
1841
1844
1857
1826
1825
372
371
1827
2765
1841
2767
2764
2767
377
1841
1841
1843
1841
1846
4378
380
1845
379
1853
1851
944
4372
843
378
378
370
3108
1859
1860
1861
1862
1863
1864
1865
4266
1867
1868
1869
1870
1871
1872
1874
488
3259
489
3290
4264
3289
3279
477
2107
2104
4253
1885
1886
1887
1888
1889
1892
2114
1880
1890
1894
1895
1896
1897
1898
1899
1900
1901
1902
1903
1904
1905
1906
1907
1908
1909
1910
1909
1912
1915
1914
1915
1917
1921
1917
3305
1921
3304
1922
1923
4262
1929
491
1925
492
2121
1932
1944
413
1933
1934
1935
1936
1937
1938
2104
1883
2101
1037
1940
1945
1037
32
121
31
32
32
2021
1951
2021
112
113
30
112
1081
901
1961
2962
422
3556
1964
1965
1964
1967
160
1969
39
1971
1972
930
2977
2998
3037
22
1975
1977
1807
1807
2994
1807
361
428
3771
428
1988
3968
1990
1991
1992
1993
1994
1995
2000
434
1996
1000
3891
2001
2002
2003
2004
2005
2006
2007
2008
2009
3105
3105
378
3108
3105
3105
1848
2017
445
2021
2742
3668
2022
2023
2024
2025
2028
451
3452
452
2030
2031
2032
2033
2034
2039
394
2035
2038
1999
2041
6156
460
2040
409
2045
2046
2047
2048
2049
2050
2048
2052
2053
2054
2055
2059
2058
3208
1999
2060
2061
2062
2063
2064
2065
2066
2067
2068
2069
2070
2071
2072
2073
2074
2075
2076
2077
2078
2079
2080
2081
2082
2083
2084
2085
2086
473
2088
473
473
2091
2092
2093
2051
2095
453
2097
2098
2099
2100
2088
2088
2087
2091
2087
2089
2091
2108
2109
2110
478
2090
473
4254
2101
1027
2117
2118
3251
459
3253
490
3289
1028
2125
2126
2127
2128
2129
2128
2131
2135
4401
500
2135
504
2901
2904
2140
2870
2143
2142
4393
508
2145
2146
2147
2148
106
6
3022
111
366
2156
1821
2990
2158
3635
3635
511
2161
2162
2163
2164
2166
4167
450
2166
2169
2170
2169
2172
2173
2174
2175
2176
2180
2178
2179
2180
2184
521
2184
2185
2186
2186
524
1582
2188
2191
5172
5171
257
1436
262
255
258
2397
5528
2397
2397
2200
4987
534
2396
4836
275
275
320
275
277
4832
4831
1328
4832
2385
2216
1458
5513
2383
2221
2222
2223
221
2225
2242
2242
2242
2242
2236
4569
2229
2230
4877
4568
4568
4568
5344
5344
5602
4568
2244
694
2244
2242
2247
6124
556
2247
5715
6118
2254
1397
6118
6117
2229
4902
2229
2229
2260
2261
2262
2263
2264
2265
2266
2267
2268
2269
2270
2271
2272
2273
2274
2275
5050
667
2279
5082
2279
576
2283
6007
2284
2285
2286
2287
2288
2336
2290
2291
2292
2293
2294
2295
2296
2297
2298
2299
2300
2301
2302
2300
2307
2305
2306
5988
2308
2309
2310
2311
2312
2313
2314
2315
2316
2317
2318
2319
2320
2321
2322
2323
2324
2325
2329
2327
2326
2329
2332
2331
2332
2333
2334
2335
2336
2337
2525
2339
2341
6018
2342
2343
2344
2345
2346
2347
2348
2349
2350
2351
2521
2353
2354
2355
2356
2357
2358
2359
2360
293
293
5230
293
202
2366
2367
2368
1600
2373
279
5255
201
1451
4761
2375
1619
5257
2379
2380
2379
2382
4796
4778
1480
4795
193
193
4741
2203
4794
2203
538
2203
5528
5509
5528
2401
1497
4881
4843
2402
2403
2404
2405
2406
2407
2408
1538
2406
2411
2412
2413
2414
2415
2416
2417
2418
2419
2243
6161
2243
2243
1362
5602
1362
1362
1362
2249
622
2431
2433
5429
624
2435
2436
2437
2438
2441
629
5216
630
2443
2444
2445
2446
2447
2448
2449
2450
2451
2452
2453
2454
2455
2456
2457
2458
2459
2460
2461
2461
2463
2464
2465
2466
2467
2468
2470
2470
2471
571
2473
2474
2475
2476
2477
2478
2479
2480
2481
2482
2483
2484
2485
2486
2487
2488
2489
2490
2491
2492
2493
2494
2495
2496
2497
2498
2499
2500
2500
2502
2503
2504
2505
2506
2509
2508
2509
2509
2514
658
2515
2501
2500
654
2502
2303
2519
2520
2522
2513
6008
6008
2528
671
670
5042
2279
577
2529
2532
2533
2534
2535
2536
2535
2538
2540
2540
679
2542
2545
684
4669
1410
4703
2548
2549
687
2551
2552
2552
2554
276
276
5319
2558
1458
2218
4818
4789
5399
689
2566
5399
2570
2570
628
5918
2571
2572
2573
2574
2575
2576
2577
2578
2579
2580
2581
2582
2583
2585
2585
2586
2589
698
6139
2590
2591
2592
2593
1011
2595
2596
2597
2598
2599
2600
2601
2602
2603
2604
2605
2606
2607
2608
2609
2610
2611
2612
2613
2614
2615
2616
2617
2618
2619
2620
2621
3868
720
2626
722
3554
723
2624
2629
2630
2631
4169
2633
2635
3563
2636
2634
729
2639
2640
2641
2642
2643
2644
2645
2646
2647
2648
2649
2650
2651
2652
2653
2654
2655
2656
2657
743
2659
2660
2661
2662
2663
2664
2665
2666
2667
2669
4368
2670
2671
2689
2735
2689
2686
750
751
2688
754
2680
2685
2685
2681
757
787
758
2687
2687
2738
2690
2691
2692
2694
3630
2694
2697
760
2698
2699
2700
2701
2702
765
2707
2706
765
3665
345
2708
3586
1790
2712
2713
2714
2715
2716
2717
2718
2719
2720
2722
3546
779
2721
778
2726
2727
2728
2729
2730
2731
2732
2733
2734
2738
2735
788
2738
2739
2740
3671
3674
2745
3672
3673
2747
3829
793
3540
2750
2753
2751
4555
796
2755
2756
2757
2758
2759
2130
2761
2763
2134
3846
2767
3846
3846
2768
2769
2770
2771
2773
3791
806
2772
805
2777
2778
2779
2780
2781
2785
812
2782
3778
2786
2787
2788
2789
2790
2791
2792
2793
2794
2795
2796
2797
2798
3580
2800
2801
2802
2803
2804
2805
2806
2807
3639
2822
3638
2824
2811
2813
2814
2815
2816
2817
2818
2819
3635
2158
3638
832
3640
2825
2826
3422
2828
2829
833
2831
2832
2833
2834
2835
2836
2837
841
3739
2840
2842
3786
4402
2844
2158
2820
2160
2848
2849
2850
2851
2854
848
3748
2855
2906
876
3560
505
2861
3369
852
2860
780
2863
3472
2866
854
3461
3461
3459
858
851
2875
2136
2858
3436
2880
3437
3435
350
2882
863
2884
2885
2886
2888
3627
2889
2890
3625
2896
2896
2895
3616
3681
2897
2898
2899
2871
2872
2871
874
2901
873
3500
3590
1959
1963
3617
2909
116
114
117
118
116
120
121
122
120
121
32
31
123
3465
33
123
3465
3450
3465
127
127
21
127
86
3443
89
3443
3443
890
3442
888
889
3509
3442
3509
3465
2961
3450
2151
2953
2149
351
106
3497
106
6
3463
3463
3464
3462
2965
902
1079
3481
2966
2967
2968
2969
2970
2971
2972
2973
2974
1817
2978
3035
1817
363
2980
2981
3014
2983
906
3041
2986
2988
2975
2975
2978
2975
3039
3777
1806
908
3037
3037
3036
3449
3449
1069
1806
1810
2992
3014
1970
3014
2988
919
2989
3011
41
151
42
107
103
922
101
2977
2914
112
2912
3027
925
3023
3027
3510
762
3030
2696
2695
3032
763
3721
364
3202
3036
3758
3759
3758
3042
1819
365
3044
3970
3970
3108
933
370
1842
3055
3052
3051
938
3417
3056
3057
3058
3059
3060
3061
3062
3063
3064
3065
3066
3067
3068
3069
3070
3067
3072
3073
3166
968
3076
970
3139
3990
2765
2764
2765
3081
3045
3970
3048
3045
2017
3089
3090
3091
3092
952
3094
3095
3096
3097
3076
3099
3101
3114
957
3100
956
1844
3105
3107
977
3112
3412
978
3112
979
3116
962
3149
963
3118
3119
3120
3121
3122
3124
936
3125
3126
3127
3416
945
3413
1062
3076
946
4405
3413
3415
3414
3079
3151
3079
3142
3172
3141
971
3146
3168
3145
964
3120
965
3991
973
3174
2767
2764
2764
1841
1827
1844
378
3108
3165
3162
982
3165
3181
973
3168
3169
3143
972
2851
3173
3174
3175
3176
3177
3178
3179
3180
3162
3182
3183
3184
3185
3186
988
3188
3189
3190
3191
3192
3193
3194
3195
3196
3197
3198
3199
3199
1803
2883
3203
3204
3205
3206
3207
3210
3208
3894
3209
3212
3209
3211
3215
3216
3217
3218
3219
3220
3221
3222
3223
3224
3225
3226
3227
3228
3229
3230
3231
3232
3234
3234
3235
3236
3237
3238
3239
3232
3241
3242
3243
3244
3245
3246
3248
479
3247
3285
3253
2036
3335
410
3255
3256
3257
3258
2043
1020
1019
998
4225
998
3269
3265
3265
1260
3269
3271
1024
1024
3270
1025
3275
3276
3277
3278
2037
2037
3284
476
3283
4236
395
4241
396
4242
3279
3279
2089
3292
3293
483
484
3296
2120
2120
493
3302
3301
3302
3303
3306
435
3306
3307
3308
3309
3310
3311
3312
3313
3314
3315
3316
3317
3318
3319
3320
3321
3322
3323
3324
3325
3326
3327
3327
1012
3330
3330
3332
3333
3334
3336
4199
407
3337
2047
3340
3341
1918
3342
3346
3345
4227
3347
3347
1035
3351
3343
3296
3353
3299
3297
1878
3359
3358
6172
3360
3360
3362
3363
3364
3361
1038
3365
3361
3371
3371
3535
3372
3373
3374
3375
3378
1047
3392
1048
3376
3380
1049
3383
3384
3385
3386
3387
3388
3389
3390
3391
3392
3393
3394
3395
3400
1052
3396
1055
3531
3401
3402
3405
1057
3407
1058
3760
1059
3409
3410
3411
3109
3413
3414
3415
3416
3417
3418
1063
3130
3421
3053
937
3424
3425
3426
3362
1039
3427
1040
1055
3434
3434
3533
3431
3432
3433
3432
1794
1066
3449
2878
3451
860
127
125
3444
1069
2878
2879
859
3454
1071
4268
1072
3429
1065
3456
1044
1044
3370
3464
3460
3433
2960
2958
2958
3458
3468
781
852
3471
32
900
32
31
123
4267
122
2902
875
2903
2959
2724
3484
3469
1075
3486
117
30
117
117
117
30
117
116
2923
118
1948
3482
2964
3506
1085
3502
1793
1794
1792
3504
3508
3398
1053
3512
3513
3514
3515
3516
3517
3518
3519
3520
3521
3522
3523
3524
3525
3526
3527
3528
3529
3530
3531
1042
3367
1043
3368
1952
3537
420
3539
3841
2744
1096
3840
3485
3544
1039
3488
3547
1080
3553
3550
1099
3553
855
856
3492
3499
3499
3501
3562
1084
1084
3564
5325
3566
3566
1100
3565
834
3123
835
3572
3573
3574
3575
3576
3577
3578
3579
3580
1106
3582
3583
3593
2911
2892
3585
3584
3587
4392
892
2950
2907
3594
3595
3596
3597
3598
3599
3600
3601
3602
3603
3604
3605
3606
3607
3608
3609
2709
770
347
3610
1113
3618
3709
893
893
3619
3620
3621
3622
801
800
3626
801
3629
766
3629
3632
1116
3804
2812
2808
3637
1117
3814
3637
1118
3815
3641
3642
3643
3644
3645
3646
3647
3648
3649
3650
3651
3652
3653
3654
3655
3656
3657
3658
3659
3387
3661
3661
3663
1122
3665
3666
3666
3669
3963
3738
3673
1124
3691
1125
769
3677
3677
3680
3678
3680
1126
3682
3682
3684
2737
2737
3687
3688
3689
3690
3693
1129
3693
817
3695
3696
3697
3698
3699
3700
3701
3702
3703
3704
3705
3706
3707
3708
3679
3710
3711
3712
3713
3714
3715
3817
3716
3718
3817
863
3726
761
3723
3724
348
3715
3727
3728
2704
768
3729
3732
3733
3734
3735
3736
3737
342
3739
755
3741
3742
1969
3743
3745
3746
3747
2683
756
927
3752
3026
3025
3753
3037
361
3036
3751
1135
3025
926
3762
3763
3764
3765
3766
3767
3768
807
3770
3754
928
1796
1807
3773
3775
3776
3778
3779
3780
3781
3782
3783
3784
3785
1832
3787
3788
3789
3790
3791
3792
3793
3794
3795
3796
3797
3798
3799
3800
3801
3802
3803
2846
845
3806
3807
3717
3809
3810
3811
3812
3813
3814
803
3816
3818
3819
3812
3820
3821
3822
3823
3824
3825
3826
3827
3828
3832
1143
1144
3833
3833
3834
3835
3838
3836
3838
3837
3839
3840
3842
3843
3844
3845
3844
1147
3850
3848
3864
712
3849
1148
3854
1096
3856
3857
3858
3859
3860
3861
3862
3863
3864
3865
3866
3867
3869
3905
1152
3589
3871
3873
3874
3875
3876
3877
3878
3879
3880
3881
3882
3883
3884
3885
3886
3887
1154
3889
3887
3613
1111
3893
3872
724
2628
3896
721
3899
3900
3901
3902
3903
3904
3906
4369
3907
3908
3909
3910
3911
3912
3913
3914
3915
3916
3917
3918
3919
3920
3921
3922
3923
3924
3925
3926
3927
3928
3929
3930
744
3932
3933
3934
3935
3936
3937
3938
3939
3940
3941
3942
3943
3941
3947
3948
2743
3944
3949
3950
3951
3952
3953
2741
3953
3956
3955
3957
802
1164
2795
3961
3962
3045
3965
3970
3108
3970
933
3970
3971
3972
3973
3974
3975
2637
732
3978
3979
3980
3981
3982
3983
2752
3984
783
3987
3988
3989
3991
3992
3992
3993
3994
3995
3999
3996
1097
4281
4000
4001
4002
4003
4004
4005
4006
4007
3932
1158
4008
4011
4012
4013
4014
4015
4015
4017
4018
4019
4020
4021
4022
4023
4024
4025
4026
4027
4028
4029
4030
4031
4032
4033
4034
4035
4036
4037
4038
4039
4040
4041
4042
4043
4044
4045
4046
4047
4048
4049
4050
4051
4052
4053
4054
4055
4056
4057
4058
4059
4060
4061
4062
4063
4064
4065
4066
4067
4068
4069
4070
4071
4072
4073
4074
4075
4079
4076
1209
4273
4080
4081
4082
4083
4084
4085
4086
4087
4088
4089
4090
4091
4092
4094
4279
4093
4096
4097
4098
4099
4100
4101
4102
4103
4104
4105
4106
4107
4108
4109
4110
4111
4112
4113
4114
4115
4116
4117
4118
4119
4120
4121
1231
4123
4124
4341
4126
4127
4128
120
1950
4131
4132
4133
4134
4135
4136
4137
4138
4139
514
2168
4142
4143
4144
4145
4146
4147
4148
4149
4150
4151
4152
4153
4154
4155
4156
4157
4158
4159
4160
4161
4162
4163
4164
4165
4166
4077
1208
3997
1169
4171
4172
4173
4174
4175
4176
4177
4178
4179
4180
4181
4182
4183
4184
4185
4186
4187
4188
4189
4190
4191
4192
4193
4194
4195
4196
4197
4198
1996
4200
4201
4202
4203
4204
4205
4206
4207
4212
4209
2093
4210
3266
1023
4214
4215
4216
4217
1999
3267
1259
4219
4211
4222
4224
4222
1261
1261
4226
4229
4230
4231
4232
4233
4234
4235
4236
4237
4238
2092
3269
2092
4238
2092
4244
4248
4251
4240
4240
1265
3288
3249
4252
2092
473
1884
4256
4257
4258
4259
4260
4261
3341
487
2037
3343
4235
2961
3551
1098
4270
4271
4272
4016
1175
4275
4276
4277
4278
4279
4280
3545
3548
4282
4095
4285
4286
4287
4288
4289
4290
4283
4292
4293
4294
4295
4296
4297
4298
4299
4300
4010
1173
4301
4304
4305
4306
4307
4308
4309
4310
4311
4312
4313
4314
4315
4316
4317
4318
4319
4320
4321
4322
4323
4324
4325
4326
4327
4328
4329
4330
4331
4332
4333
4334
4335
4336
4337
4338
4339
4340
4303
1269
4343
4344
4345
4346
4347
4348
4349
4350
4351
4352
4353
4354
4355
4356
4357
4358
4359
4360
4361
4362
4363
4364
4365
4366
3985
3890
2610
4370
4371
3073
4374
4375
3147
4376
4377
4378
4379
4380
4381
4382
4383
4384
3508
4386
3214
4228
4389
4390
857
2152
3801
112
4395
1002
4397
4398
4399
4400
2835
2765
4403
370
3181
4406
4407
4408
4409
4410
4411
4412
4413
4414
4415
4416
4417
4418
4419
4420
4421
4422
4423
4424
4425
4426
4427
4428
4429
4430
4477
1290
4433
4434
4438
4435
1295
5316
1296
4440
4441
4442
4443
4444
4445
4446
4447
4448
4449
4450
4451
4452
4453
4454
4455
4456
4457
4458
4459
4460
4461
4462
4463
4464
4465
4466
4467
4468
4469
4470
4471
4472
4473
4474
4475
4476
4480
4478
4479
6114
4495
4484
4494
4494
4495
4489
4487
4488
4496
4491
4543
4490
1318
1325
1325
4497
4497
4498
4499
4500
1327
1327
4502
4505
5393
4509
4506
4508
5459
1334
4514
4511
1336
4514
4515
4517
5484
1337
4516
4507
4521
1331
4520
4524
4525
4526
4527
1343
1343
4528
4532
5194
4533
4534
4535
4536
4537
4538
4539
4540
4542
4542
4541
4544
4546
5432
1351
4545
1350
4554
4551
4552
1356
5585
4555
1301
4557
4558
4559
4560
4561
4562
4563
2541
4564
4566
5600
5600
5600
5602
4571
4572
4573
4574
4579
1365
4575
1367
5548
4580
4581
4582
4583
4585
5535
4584
1370
4588
4589
4590
4591
1371
4593
4594
4595
4596
4597
4599
5341
4598
4601
4602
4603
4604
4605
4606
4607
4608
1385
1385
4626
5397
4622
4614
4615
4616
4617
4618
4619
4620
5396
5397
2566
4624
4625
5401
4630
4628
4629
5188
4631
4632
4633
4634
4635
4636
4637
5498
1395
4640
5543
4641
554
4643
2566
2564
2565
4648
4648
4650
4651
4654
4653
5507
4704
683
5321
1428
4663
1345
4659
4663
1346
4661
1404
4664
1405
5224
5224
1409
5223
1401
4657
2546
4674
5199
526
5199
5201
5202
4683
1416
5173
1417
4682
4686
5386
4688
4689
4690
4692
4692
1422
4693
4692
4697
5483
4696
4671
1427
5228
4670
4702
4705
1425
4709
4709
5377
5351
2376
287
289
290
4713
287
291
292
293
291
293
202
5230
296
5229
294
204
5229
5229
5215
298
1588
297
192
257
262
257
5207
5208
1441
6131
5514
2393
6131
5208
5273
5229
5215
4758
4749
4749
1443
4752
276
177
276
5319
5227
5226
5228
5227
4763
1452
5246
1598
4765
4766
4767
4768
4769
4770
4771
4772
1482
2215
4777
2212
2212
4833
4779
4780
4812
4782
1456
4839
1456
4785
4787
4774
4777
4774
4838
5533
5534
2202
4835
4834
4835
5213
5213
5215
2202
2206
2204
4812
4812
1471
4785
4808
4788
1468
212
213
320
275
274
2561
273
1457
4714
1601
5263
4823
5274
4823
4822
1329
4828
4504
4503
1329
1328
5481
4832
542
5480
5516
5512
5517
2213
541
4829
4826
5726
1483
4902
5726
2243
2243
4850
5185
4849
1485
4853
4854
4855
4856
4853
4860
608
4860
4858
4857
4862
1487
4866
6116
1491
4865
2400
4869
4924
1511
6151
1510
4930
4940
4568
4570
4568
4568
4843
4843
4844
5726
2431
623
4885
4889
4957
1499
4891
4892
4893
4894
4895
4896
4900
4897
1504
4909
694
2243
4901
694
4907
4905
4907
1519
4911
1507
4939
4912
4913
4914
4863
1486
4917
4918
4919
5183
5182
1494
6151
6151
4942
5182
5184
4940
4876
4940
4932
4959
1512
4931
4936
4955
1508
4935
4913
4941
5748
1514
5602
4568
2242
2242
2243
6161
4951
4949
4951
1522
4966
1514
4955
1393
4934
1513
4649
1400
5748
5728
4963
4964
4965
4949
4967
4968
4969
4970
4971
4972
2572
4974
4975
4976
4977
4978
4979
4980
4981
4982
4983
4984
4985
4986
4685
4685
4989
4990
4991
4992
4993
4995
4995
4996
4997
4998
5975
5000
5001
5002
5003
5004
5005
5006
5007
5008
5009
5010
5011
5012
5013
5014
5015
5016
5017
5018
5019
5020
5021
5022
5027
1550
5025
5026
5027
5028
5029
5030
5022
5032
5033
6006
5035
5036
5037
5038
5039
5040
5041
5045
637
5044
5120
5046
5047
5048
5049
2456
1556
1557
5054
5054
1558
5056
5057
5058
1772
5060
5061
5062
5063
5064
5065
5066
5067
5068
5069
2452
5070
5990
1564
5990
5075
5076
5077
5078
5079
1563
2517
5071
5083
5084
672
5086
5085
5088
5089
5090
5091
5092
5093
5094
5095
5096
5097
5098
5099
5100
5101
5102
5103
5104
5105
5106
5107
5108
5109
5110
5111
5112
5113
5114
5114
5116
1551
5118
5119
5120
5121
5122
5123
5124
5125
5126
5127
5128
5129
5130
5131
5132
5133
5134
5135
5136
5137
5138
5139
5140
5141
5142
5143
5144
5142
5145
5145
5146
1346
5297
5150
5152
5153
5154
5157
5155
5166
1580
5156
5160
5161
5162
5163
5164
5165
5166
5167
5168
5170
5294
1581
5169
5173
3408
5175
5177
3761
5177
5179
4905
5181
5182
5183
5184
5185
5186
5187
4851
5189
5190
5144
1575
5191
5144
1581
5295
5196
5196
5195
5198
5197
5198
1585
2192
5213
1414
5214
4680
298
5206
295
1588
4680
1411
4679
5218
1590
6021
1591
5193
5220
1584
1578
5151
1578
5225
5225
5197
4759
4757
4758
5221
1344
5232
1406
5235
203
202
1450
4760
294
292
5231
1427
4700
1426
4760
4530
5248
5234
5250
1594
290
290
201
1452
5256
1452
290
1431
1430
289
4713
5245
4764
5270
2189
5266
1604
2188
2190
5268
5272
5172
5275
5276
5277
5278
5279
5280
5281
5282
5283
5284
5285
5286
5287
5288
5289
5290
5291
5292
5293
5148
5148
1577
5147
5298
5299
5300
5301
5303
5597
1615
1352
5249
5306
1576
5251
1599
5309
5313
5313
1617
5312
4666
1407
602
5263
1476
1428
5265
5324
1603
5325
5326
5327
1620
5329
5330
5331
5332
4642
559
5335
5336
5337
5338
5339
5340
5343
1626
6126
1627
5354
5348
1424
4707
5345
5349
5352
6138
4751
4706
5355
5356
5357
5358
5359
5360
5361
5362
5363
5364
5365
5366
5367
5368
5369
5370
4519
5372
5373
1338
5376
5469
1633
5379
5379
5380
5381
5382
5383
1360
5392
5385
5387
5388
5389
5390
5392
5561
1636
4610
1384
1638
5398
5570
1638
1637
5571
5402
5403
5404
5405
5406
5407
5408
5409
5410
5411
5412
5413
5414
5415
5416
5417
5418
5419
5420
5421
5422
5423
5424
5425
4512
1335
5426
5431
5430
5719
5434
1644
5451
1645
5436
5437
5438
5439
5440
5441
5442
5443
5444
5441
4541
5447
5448
5449
5450
5451
5452
5453
5454
5455
5456
5457
5458
5459
4482
5461
5462
5463
5464
5465
5466
5467
5468
5469
5470
5471
5472
5473
5474
5475
5477
5573
5478
5476
1415
4698
1330
5483
4695
5474
5486
5487
5488
5489
5490
5491
5492
5493
5494
5495
5496
518
5462
5499
1324
5501
5502
5503
5504
5505
5506
4492
1478
5510
4825
4824
5508
1480
5515
4835
5508
1655
4825
5519
5520
5521
5522
5523
5524
1366
5526
5527
5178
1477
2190
1440
5530
5532
5532
5535
5536
1657
5538
5539
2245
4903
2245
1398
550
5545
5546
5547
5549
5549
1624
5552
6125
5726
5554
5555
5556
5557
5558
4868
558
4647
1399
5563
5564
5565
5566
5567
5568
5569
5570
5571
5572
5574
5575
5569
5576
5577
5578
5579
5580
5581
5582
5583
5584
5586
5589
1665
1664
5589
5590
5591
5592
5593
5594
5595
5595
5596
5598
5599
5598
5601
5600
1668
5606
1285
5606
5604
5607
5608
1669
5611
5612
5613
5614
5615
5616
5617
5618
5619
5620
5621
5622
5623
5626
1673
5661
5350
5627
5629
5630
5631
5632
5633
5634
5635
5636
5637
5638
5639
5640
5641
5642
5643
5644
5645
1674
5647
5648
5649
5650
5651
5652
5653
5654
5655
5656
5657
5658
5659
5660
5662
6115
5663
5664
5665
5666
5667
5668
5669
5670
5671
5672
5673
5674
5675
5676
5677
5678
5679
5680
5681
5682
5683
5684
5685
5686
5687
5688
5689
5690
5691
5692
6154
5694
5695
5696
5697
5698
5699
5700
5701
5702
5711
5704
5699
5706
5707
5708
5709
5599
4548
1668
1668
5710
5603
5712
5717
5718
5719
4887
5721
5726
1483
5726
4902
5727
5727
1687
5729
5730
5731
5732
5733
5734
5735
5736
5737
5738
5739
5740
5741
5742
5743
5744
5745
4941
5748
5749
5749
5750
5751
5753
6032
1616
5752
5756
5757
5758
5759
5760
5761
5762
5763
5764
5764
1680
5767
5768
5769
5770
5771
5772
5773
5771
5775
5776
5777
5778
5779
5780
5781
5782
5783
5784
5785
5786
5787
5788
5789
5790
5791
5792
5793
5794
5795
5796
5797
5798
5799
5800
5801
5802
5803
5804
5805
5806
5807
5808
5809
5810
5811
5812
5813
5814
5815
5816
5817
5818
5819
5820
5821
5822
5823
5824
5825
5826
5827
5829
6025
1722
5828
5832
5833
5834
5835
5836
5837
5838
5839
5840
5841
5842
5843
5844
5847
5845
6030
5848
5849
5850
5851
5852
5853
5854
5855
5856
5857
5858
5859
5860
5861
5862
5863
5864
5865
5866
5867
5868
5869
5870
5871
5872
5873
5874
5875
5876
5877
5878
5879
291
293
5882
5883
5884
5885
5886
5887
5888
5889
5890
5891
6035
2568
5894
5895
5896
5897
5898
5899
5900
5901
5902
5903
5904
5905
5906
5907
5908
5909
5910
5911
5912
5913
5914
5915
5916
5917
5831
1723
5920
5921
5922
5923
5924
5925
5926
5927
5928
5929
5930
5931
5932
5933
5934
5935
5936
5937
5938
5939
5940
5941
5942
5943
5944
5945
5946
5947
5948
5949
2410
5951
5952
5953
5954
5955
5956
5957
5958
5959
5960
5961
2505
5962
5964
5965
5966
5967
5968
5969
5970
5060
1773
5973
5963
5974
5976
5975
5978
5979
5980
5981
5982
5983
5984
5985
5986
5987
2462
631
5953
1768
5992
5993
5994
5995
5996
5997
5998
5999
6000
6001
6002
6003
6004
6005
6006
6007
660
6009
6010
6011
6012
6013
6014
6015
6016
5071
5128
6019
4758
5315
1618
6023
6024
5774
1697
6027
6028
6029
6029
6031
5307
5311
6033
5846
6036
6037
6038
6039
6040
6041
6042
6043
6044
6045
6046
6047
6048
6049
6050
6051
6052
1694
6054
6055
6056
6057
6058
6059
6060
6061
6062
6063
6064
6065
6066
6067
6068
6069
6070
6071
6072
6073
6074
6075
6076
6077
6078
6079
6080
6081
6082
6083
6084
6085
6086
6087
1780
6089
6090
6091
6092
6093
6094
6095
6096
6097
6098
6099
6100
6101
6102
6103
6104
6105
6106
6107
6108
6109
6110
6111
6112
6113
5644
6115
4861
1490
4870
6120
6121
4938
4596
6122
6123
2252
6126
6127
6128
6129
5428
5272
6132
6133
6134
6135
6136
5236
2558
5558
5255
4577
5980
6143
6144
6145
6146
6147
4568
6149
2243
4966
6152
6153
6154
6155
3338
6157
6158
6159
1844
2243
2114
6163
6164
6165
6166
401
6168
6169
6170
6171
6172
6173
6174
6175
6176
6177
6178
6179
6180
6181
1533
2171
2175
2577
6186
6187
6188
6189
6190
6191
1530
6193
6194
6195
6196
6238
6198
6199
6200
6201
6202
6203
1064
6205
1528
6207
988
6254
6254
6240
6212
6213
6214
6215
6216
6217
6218
6219
6220
6221
6222
6261
6224
6225
6226
6227
6228
6229
6230
6231
6251
6233
6234
6216
6215
6237
1064
6239
6240
6241
6242
6243
6244
6245
6246
6247
6248
6249
6250
6251
6252
6251
6254
6234
6256
6257
6258
6259
6260
6261
6262
6263
6264
6265
6266
6267
6268
6269
6270
6271
6272
6273
6274
6275
6276
6277
6278
6279
6280
6281
6282
6283
6284
6285
6286
6287
6288
6272
6271
6269
