47
20
90
94
100
5
6
112
116
120
3478
3447
161
130
71
78
57
61
3445
73
20
86
22
23
923
3018
916
27
109
29
3499
4130
3478
127
135
164
146
162
157
3006
54
49
154
166
1
87
47
86
51
14
13
39
51
58
9
58
55
10
122
123
59
125
1068
3445
11
1800
352
0
65
19
79
19
70
65
12
18
128
129
81
17
16
64
64
63
86
21
86
20
89
89
22
89
93
93
1822
92
923
923
2155
98
922
922
25
107
5
103
106
149
108
29
3022
7
3497
113
3496
114
31
1083
4130
118
1078
1078
3478
1068
1068
127
21
21
34
132
139
12
138
118
119
37
145
36
37
140
160
1968
1968
3006
1968
95
3
2
148
163
158
150
52
26
152
8
8
15
165
49
1969
1797
88
156
40
53
41
154
159
38
169
529
530
260
264
175
319
4819
6140
5260
5881
1597
1587
236
184
240
250
231
181
182
253
191
192
193
266
270
196
197
278
2371
1619
1600
4721
1433
204
303
335
207
215
209
4806
288
223
324
338
216
255
2193
218
219
219
221
247
241
289
180
4719
1445
5242
1592
203
293
296
235
295
5243
5209
234
2197
5210
249
186
243
187
189
233
189
242
190
229
226
229
230
230
232
255
256
257
192
259
256
259
262
261
173
263
193
265
268
267
194
269
272
273
177
322
4756
177
176
2371
4820
2372
2371
2370
1601
1600
2370
5253
1602
4721
5254
4720
1597
2362
5243
204
5243
298
298
301
300
246
244
183
5262
4715
307
332
308
208
310
311
315
313
314
2223
317
333
318
322
320
206
326
220
212
323
4714
4714
330
328
336
331
171
172
285
304
227
329
209
337
320
340
2674
1781
3670
345
346
347
348
3772
1793
106
86
2940
20
84
356
2884
1804
428
3002
1807
6
2978
3036
1819
1824
1975
3018
2174
2174
3788
2796
2844
2174
2796
2799
3580
517
2016
844
3574
3803
3784
3784
27
916
387
388
389
390
391
392
393
394
395
396
397
398
399
400
401
402
403
404
405
406
407
408
409
410
411
412
413
414
415
416
417
418
419
2020
421
3495
423
424
425
3009
1976
1058
976
3064
431
432
433
434
435
436
437
438
439
2843
517
3784
517
949
3965
2742
447
448
449
450
451
452
453
454
455
456
457
458
459
460
461
462
463
464
465
466
467
468
469
470
471
472
473
474
475
476
477
478
479
480
481
482
483
484
485
486
487
488
489
490
491
492
493
494
495
498
2761
801
832
3634
501
502
503
2901
505
2584
2816
2141
3763
2148
3818
2157
2847
514
515
517
2174
5497
5429
2179
521
522
523
524
5271
5204
1619
527
192
191
4739
4738
533
534
535
536
537
2203
286
540
541
542
543
1656
196
2578
2578
5545
4598
4600
2578
1379
1626
2578
2578
4887
552
1622
5335
5545
5545
278
563
564
565
566
567
568
569
570
571
572
573
574
575
576
577
578
579
580
581
582
583
584
585
2325
587
588
589
590
591
592
593
594
595
596
597
598
599
600
5711
2375
2382
4408
605
2396
4870
2254
4479
610
611
612
613
614
615
616
617
5545
5545
2578
2578
5720
2400
4545
625
626
627
628
629
630
631
632
633
634
635
636
637
638
639
640
641
642
643
644
645
646
647
648
649
650
651
652
653
654
655
656
657
658
659
660
661
662
663
664
665
666
667
668
669
670
671
672
673
674
2535
4565
677
2542
1360
4706
4710
682
1401
2545
2553
2581
686
2580
2563
4645
1384
692
693
2576
2575
5570
808
6141
699
700
701
702
703
704
705
706
707
708
709
710
711
2610
713
714
715
716
717
718
719
720
721
722
723
724
725
726
727
728
732
2636
3978
3977
733
734
735
736
737
738
739
740
741
742
743
744
2662
746
747
748
2683
2685
2676
3701
2679
3704
2854
4654
4492
2736
2691
3715
3722
762
3034
764
765
766
767
768
769
770
771
772
773
775
4527
4526
776
778
3535
2723
781
782
3986
4544
785
786
4491
1321
3674
790
791
2747
3849
794
795
729
3395
2756
2758
3624
3626
377
510
2768
3801
3769
4395
809
5152
4580
810
499
1049
1050
2788
2790
3952
802
4377
2794
4383
3653
5162
3386
2803
4603
2807
3804
2846
829
2814
3639
5188
2827
2829
4628
2832
4381
3144
964
840
839
3572
2796
3717
1846
6192
6192
849
850
851
3459
853
854
855
856
857
3464
3504
859
2881
3505
2886
1057
1056
2891
867
868
869
870
871
872
3482
3462
2958
876
877
1947
2930
2930
2921
3001
3001
912
2939
1982
886
1981
1983
3004
3591
1958
893
2932
4129
3496
3022
29
109
3465
901
3473
903
904
905
2989
3755
3777
3040
1981
3441
2944
913
150
150
2983
916
2984
1974
366
22
923
23
3499
4822
4825
3025
3026
929
2996
3751
932
976
3788
3417
3051
4849
5185
3066
3418
3060
944
3065
382
3130
3166
2174
976
3969
948
954
3097
3127
3077
3128
4918
953
4919
3784
4906
3110
4898
3102
957
4897
3122
4920
3130
4926
3166
952
3093
3180
3180
3193
3185
3784
3112
6216
3110
3424
6236
983
984
3195
3184
2172
3188
3425
3198
3189
992
993
994
995
996
997
998
999
1000
1001
1002
1003
1004
1005
1006
1007
1008
1009
1010
1011
1012
1013
1014
1015
1016
1017
1018
1019
1020
1021
1022
1023
1024
1025
1026
1027
1028
1029
1030
1031
1032
1033
1034
1035
1036
1037
1038
1039
1040
1041
3532
3367
3431
1046
5164
3379
5155
5156
5160
5166
3397
3511
1795
3396
5175
5178
1059
5510
4906
5189
4926
5186
5190
1065
1794
3439
127
3442
3508
1071
1072
3478
3466
1075
2947
1946
3478
1079
1080
2914
3489
4130
1084
3775
1086
1087
1088
1089
1090
1091
1092
1093
1094
1095
1096
1097
1098
1099
1100
3571
3782
3660
3578
3579
3582
3659
1108
1109
1110
1111
1112
1113
1114
1115
3714
3812
3635
1119
1120
1121
1122
1123
1124
3694
1126
1127
3690
3838
842
1131
3764
1133
1134
3752
3793
3789
1138
1139
1140
1141
1142
3850
3832
3827
3860
1106
3906
3856
1150
1151
1152
1153
1154
1155
1156
1157
1158
1159
1160
1161
3944
1163
3155
976
3797
1167
3975
1169
1170
1171
1172
1173
1174
1175
1176
1177
1178
1179
1180
1181
1182
1183
1184
1185
1186
1187
1188
1189
1190
1191
1192
1193
1194
1195
1196
1197
1198
1199
1200
1201
1202
1203
1204
1205
1206
1207
1208
1209
1210
1211
1212
1213
1214
1215
1216
1217
1218
1219
1220
1221
1222
1223
1224
1225
1226
1227
1228
1229
1230
1231
1232
1233
1234
1235
1236
1237
1238
1239
1240
1241
1242
1243
1244
1245
1246
1247
1248
1249
1250
1251
1252
1253
1254
1255
1256
1257
1258
1259
1260
1261
1262
1263
1264
1265
1266
1267
1268
1269
1270
1271
1272
1273
5632
5636
4410
1277
1278
1279
1280
1281
1282
1283
1284
4424
1286
1287
1288
5630
4431
4430
5487
1293
1294
1295
1296
1297
1298
1299
1300
796
1302
1303
4472
1305
1306
1307
1308
1309
1310
1311
1312
1313
1314
4475
5492
5656
1324
1650
4486
4482
4594
4488
4638
4484
4498
1327
1328
1329
5482
1331
1332
1333
1334
1335
1336
1337
1338
1339
1340
1341
1342
4532
4530
4663
5150
1347
1348
4540
5432
5596
5597
4550
5302
5611
5608
5527
1358
1359
5385
5387
5341
5571
5526
4575
5524
4586
5519
4619
4587
4589
1372
5575
4591
5599
4596
6123
4569
6129
5414
1387
1623
1383
5561
5395
5561
5558
4624
1621
1509
6127
4631
4957
4649
4640
4936
1380
1379
5562
2249
4674
1402
4657
1404
1405
5224
1407
1408
1409
5236
1411
4677
4759
1414
1415
1416
5528
4687
1419
1420
1421
5375
4707
1424
2544
4699
1427
683
5323
1452
2365
1433
2363
4747
1434
1437
4744
1439
2391
1440
4802
5351
4749
1587
1431
2373
2371
1619
2372
1450
1603
4763
1453
1454
1455
4775
4796
5513
1459
1460
2393
5207
5206
1464
4780
320
321
1458
1469
543
1465
197
193
270
266
1600
2190
5511
1479
4797
1481
1482
5555
5545
4857
4867
558
4861
4855
5334
5560
1622
4860
4924
2578
4869
4870
4869
6149
4875
4892
4871
4860
4896
5545
4950
6119
6120
5559
4924
4860
4888
4891
1515
4963
5555
4969
5545
4949
4953
4979
4963
1523
1524
6210
4971
2574
4904
4982
4976
4980
5750
4986
1534
1535
1536
1537
1538
1539
1540
1541
1542
1543
1544
1545
1546
1547
1548
1549
1550
1551
1552
1553
1554
1555
1556
1557
1558
1559
1560
1561
1562
1563
1564
1565
1566
1567
1568
1569
1570
1571
1572
1573
1574
1575
5147
5295
5197
5565
5521
5171
2192
5509
1584
5201
5226
204
1588
1589
1590
1591
1432
1593
1594
1452
1593
1433
4705
1599
2375
602
4721
1428
5269
1605
1606
1607
1608
1609
1610
1611
1612
1613
5702
5326
1616
1617
1618
2374
5425
5339
5538
5337
5548
5551
5418
5420
1628
5368
1630
1631
1632
5378
1634
5383
5393
5400
5396
5402
5412
5419
5424
1643
5451
5594
1646
1647
5448
1648
4651
1651
1652
1653
1654
5517
1461
5535
5547
1659
1660
1661
1662
1663
5606
5586
1666
1667
5343
5661
5624
1671
1672
6114
1674
1675
1676
5676
1678
1679
1680
1681
1682
1683
1684
1398
5555
5554
1688
5730
1690
1691
1692
1693
1694
1695
1696
1697
1698
1699
1700
1701
1702
1703
1704
1705
1706
1707
1708
1709
1710
1711
1712
1713
1714
1715
1716
1717
1718
1719
1720
1721
1722
1723
1724
1725
1726
1727
1728
1729
1730
1731
1732
1733
1734
1735
1736
1737
1738
1739
1740
1741
1742
1743
1744
1745
1746
1747
1748
1749
1750
1751
1752
1753
1754
1755
1756
1757
1758
1759
1760
1761
1762
1763
1764
1765
1766
1767
1768
1769
1770
1771
1772
1773
1774
1775
1776
1777
1778
1779
1780
3738
2688
3670
2678
1785
1786
1787
1788
1789
1790
1791
1796
349
1792
928
3772
87
89
86
84
2939
1986
1805
359
3771
1809
3003
1809
3038
358
149
149
150
107
6
1817
3037
1816
363
1820
1820
93
22
1824
2174
2174
517
517
3788
3788
3788
2798
2844
2174
2174
2174
2799
2796
2799
2799
517
2174
2176
517
1833
442
2843
1833
950
1851
4379
382
3574
381
3788
3788
3788
3784
1859
1860
1861
1862
1863
1864
1865
1866
1867
1868
1869
1870
1871
1872
1873
1874
1875
1876
1877
1878
1879
1880
1881
1882
1883
1884
1885
1886
1887
1888
1889
1890
1891
1892
1893
1894
1895
1896
1897
1898
1899
1900
1901
1902
1903
1904
1905
1906
1907
1908
1909
1910
1911
1912
1913
1914
1915
1916
1917
1918
1919
1920
1921
1922
1923
1924
1925
1926
1927
1928
1929
1930
1931
1932
1933
1934
1935
1936
1937
1938
1939
1940
1941
1942
1943
1944
1945
879
879
1947
1950
2947
2021
1953
2021
1081
1956
3491
1081
1958
1959
1960
1961
1962
1963
1964
1965
1966
1967
1969
3744
3006
1968
3017
3756
1973
1981
3756
22
2943
89
1980
1981
1982
1983
1980
3406
3406
3754
3072
3797
843
430
1992
1993
1994
1995
1996
1997
1998
1999
2000
2001
2002
2003
2004
2005
2006
2007
2008
2009
3784
3784
3784
3784
3784
517
3085
1833
3965
2021
446
3668
2022
2023
2024
2025
2026
2027
2028
2029
2030
2031
2032
2033
2034
2035
2036
2037
2038
2039
2040
2041
2042
2043
2044
2045
2046
2047
2048
2049
2050
2051
2052
2053
2054
2055
2056
2057
2058
2059
2060
2061
2062
2063
2064
2065
2066
2067
2068
2069
2070
2071
2072
2073
2074
2075
2076
2077
2078
2079
2080
2081
2082
2083
2084
2085
2086
2087
2088
2089
2090
2091
2092
2093
2094
2095
2096
2097
2098
2099
2100
2101
2102
2103
2104
2105
2106
2107
2108
2109
2110
2111
2112
2113
2114
2115
2116
2117
2118
2119
2120
2121
2122
2123
2124
2125
2126
2127
2762
2130
2762
2763
801
3633
801
2812
2136
2904
2138
2139
2140
2585
2586
507
506
509
2583
2145
509
108
110
28
3020
1821
1821
923
366
2160
2160
513
3817
2161
2162
2163
2164
2165
2166
2167
2168
2170
3199
2169
516
983
983
2175
2173
5430
5430
519
5497
2181
2182
2183
2184
2185
2186
2187
2189
5270
525
2188
526
255
257
256
4737
192
2198
2199
2200
2201
2202
537
2204
2205
2206
275
275
321
322
281
2215
2213
2214
4833
193
193
266
2383
193
2221
4816
2223
210
5502
2578
2578
2578
2578
4600
2578
5545
4600
4600
2578
2578
2578
5342
5342
6185
5342
2578
2578
2575
2578
550
2233
5720
550
552
5335
1622
1380
5335
1622
5545
5545
2578
5545
2261
2261
2262
2263
2264
2265
2266
2267
2268
2269
2270
2271
2272
2273
2274
2275
2276
2277
2278
2279
2280
2281
2282
2283
2284
2285
2286
2287
2288
2289
2290
2291
2292
2293
2294
2295
2296
2297
2298
2299
2300
2301
2302
2303
2304
2305
2306
2307
2308
2309
2310
2311
2312
2313
2314
2315
2316
2317
2318
2320
2323
2321
2322
2323
2324
5122
2326
2327
2328
2326
2329
2331
2332
2333
2334
2335
2336
2337
2338
2339
2340
2341
2342
2343
2344
2345
2346
2347
2348
2349
2350
2351
2352
2353
2354
2355
2356
2357
2358
2359
2360
5237
2364
1596
5240
1452
2433
624
2432
2378
2378
1619
2378
2375
5324
5265
5322
681
2374
2381
2379
6135
605
2385
2385
1461
5514
2389
4742
262
2390
1441
2390
2393
4801
2395
2396
2395
1397
6118
5333
4642
2403
2403
2404
609
2406
2407
2408
2409
2410
2411
2412
2413
2414
2415
2416
2417
2418
2419
5545
5545
2578
2578
2578
2578
2578
2578
2578
550
2400
4641
624
4549
4548
2435
2436
2437
2438
2439
2440
2441
2442
2443
2444
2445
2446
2447
2448
2449
2450
2451
2452
2453
2454
2455
2456
2457
2458
2459
2460
2461
2462
2463
2464
2465
2466
2467
2468
2469
2470
2471
2472
2473
2474
2475
2476
2477
2478
2479
2480
2481
2482
2483
2484
2485
2486
2487
2488
2489
2490
2491
2492
2493
2491
2495
2496
2497
2498
2499
2500
2501
2502
2503
2504
2505
2506
2507
2508
2509
2510
2511
2512
2513
2514
2515
2516
2517
2518
2519
2520
2521
2522
2523
2524
2525
2526
2527
2528
2529
2530
2531
2532
2533
2534
4563
676
4563
2537
4564
2541
1360
676
2546
2546
1410
6137
4674
686
2579
686
686
2579
2579
688
2371
286
2369
2371
2218
194
2218
543
4647
690
4647
4647
2567
2568
2569
2570
4985
2244
2574
2576
2577
2577
2577
1523
696
696
696
2583
3375
697
697
2781
4573
4573
2588
2590
2591
2592
2593
2594
2595
2596
2597
2598
2599
2600
2601
2602
2603
2604
2605
2606
2607
2608
2609
711
2609
2612
2613
2614
2615
2616
2617
2618
2619
2620
2621
2622
2623
2624
2625
2626
2627
2628
2629
2630
2631
2632
2633
2637
2634
731
3976
732
2639
2640
2641
2642
2643
2644
2645
2646
2647
2648
2649
2650
2651
2652
2653
2654
2655
2656
2657
2658
2659
2660
2661
730
2663
2664
2665
2666
2667
2668
2669
2670
2671
2682
2681
749
3700
755
2680
752
754
3705
3749
3748
848
5507
756
2673
750
2672
3685
2686
2735
2690
2693
2694
2695
3033
3726
2698
2699
2700
2701
2702
2703
2704
2705
2706
2707
2708
2709
2710
2711
2712
2713
2714
2715
2718
775
4524
4526
2718
2722
3546
779
2724
2725
2729
2727
759
2740
4534
2731
2732
2733
2734
5446
757
5446
4543
2737
4495
2745
789
2741
2744
3671
2746
793
2748
2749
2750
3984
3984
2752
2638
3806
3392
2755
2719
1051
2762
800
3623
3623
3580
2799
517
3580
2147
510
2147
2769
508
805
2775
2144
2143
809
5152
4583
2779
2779
3769
2825
804
3767
3381
3382
3383
2786
3380
818
3953
1164
6208
2792
821
3655
2797
3583
2804
3388
2800
826
4605
2716
2720
2717
828
2846
2846
828
3634
3384
2803
2813
2780
2780
2777
2778
513
2847
2159
2808
2810
3640
2830
833
2826
836
4627
2835
812
2831
496
2133
3168
3146
3119
2837
3169
2798
2798
2796
822
845
3805
3716
379
846
4378
1849
6192
6192
2855
6192
2856
2857
2858
2859
2860
3369
2862
2863
2864
2865
2866
2867
2868
2869
2870
3463
2900
2873
2874
2875
2876
3502
859
2881
3505
3502
3401
2882
3401
3404
3402
2887
2888
2889
2890
2891
2892
2893
2894
2895
2896
3723
2897
3724
2903
873
2960
3480
2904
3500
2906
2907
2908
2909
2910
2911
2915
2912
881
2918
3498
880
2922
2925
2919
879
2930
1947
2929
882
3448
1068
882
3001
882
2941
885
2945
352
2939
2944
886
2946
2946
1982
2939
3774
1981
4385
2944
4385
2949
3444
2999
2952
891
4392
2953
108
3022
29
111
860
2961
2877
3450
2962
2963
2964
2965
2966
2967
2968
2969
2970
2971
2971
2973
2974
2977
2990
2997
930
2975
49
169
49
903
2989
906
2984
3019
427
427
1976
1974
2992
2993
2994
2993
910
910
1984
3443
3443
885
3002
1983
913
49
916
49
366
1821
366
3008
49
150
154
107
103
2155
922
1974
2913
2913
896
3024
4822
926
3023
3023
3028
3029
365
3031
3032
1818
364
3037
361
2998
3040
3758
3758
2979
3042
3043
3044
1137
3789
3788
976
3788
3788
938
3055
3054
4850
3419
3058
3058
3417
940
3056
3062
4370
3061
942
935
3057
3052
3070
3068
3802
3067
1854
381
968
3130
3136
941
3063
3990
2796
2174
2796
2796
1137
1137
3969
1137
373
373
3086
3140
3140
3097
4403
3076
3095
3077
3129
3127
3126
3126
3099
967
4918
517
517
517
3784
3113
960
3411
6216
4905
3103
4898
3103
953
3101
3117
3101
6192
936
3124
3053
967
5183
3131
969
3130
969
4921
968
3134
3136
3137
3135
4926
3990
3990
3139
3091
3094
3092
3093
4374
4374
4373
3102
3100
4897
3176
3166
3176
2799
517
2799
2174
517
517
3788
3784
981
961
975
6215
3136
3166
3147
3171
4403
951
2018
1848
3176
3180
3182
976
981
3411
3194
961
3183
3193
985
986
516
3186
3107
979
3112
3192
4907
3194
3424
989
3165
3196
982
2176
3200
1803
3201
3203
3204
3205
3206
3207
3208
3209
3210
3211
3212
3213
3214
3215
3216
3217
3218
3219
3220
3221
3222
3223
3224
3225
3226
3227
3228
3229
3230
3231
3232
3233
3234
3235
3236
3237
3238
3239
3240
3241
3242
3243
3244
3245
3246
3247
3248
3249
3250
3251
3252
3253
3254
3255
3256
3257
3258
3259
3260
3261
3262
3263
3264
3265
3266
3267
3268
3269
3270
3271
3272
3273
3274
3275
3276
3277
3278
3279
3280
3281
3282
3283
3284
3285
3286
3287
3288
3289
3290
3291
3292
3293
3294
3295
3296
3297
3298
3299
3300
3301
3302
3303
3304
3305
3306
3307
3308
3309
3310
3311
3312
3313
3314
3315
3316
3317
3318
3319
3320
3321
3322
3323
3324
3325
3326
3327
3328
3329
3330
3331
3332
3333
3334
3335
3336
3337
3338
3339
3340
3341
3342
3343
3344
3345
3346
3347
3348
3349
3350
3351
3352
3353
3354
3355
3356
3357
3358
3359
3360
3361
3362
3363
3364
3365
1042
3367
3368
3371
3433
3534
5154
1046
5154
3374
5156
1049
5155
5156
5156
3382
5159
1050
810
4582
3388
3386
5162
3391
3391
5160
5157
1048
5166
5157
3398
1053
3510
3398
3396
5173
5175
5174
5173
5177
3408
5177
1583
1061
5181
3426
960
3137
4926
3135
969
1063
1063
5185
969
5186
3423
4849
3426
1064
5189
3427
3428
3429
3430
1054
1054
3431
3399
1794
3506
350
3506
3506
862
1070
1070
3509
3442
21
3447
21
885
3451
3449
3508
3452
3453
3454
3455
3456
3457
3458
3435
3435
3460
2880
3438
3436
3450
1069
3467
3468
3469
3470
3471
3472
1076
3475
4267
1949
1068
1068
3478
3481
3481
3482
3483
3484
3485
3486
3487
3488
2923
2914
2923
1077
1948
3493
878
1083
3496
4130
1083
3500
3501
1085
3776
3503
1085
3507
3773
908
2995
3027
4823
3512
3513
3514
3515
3516
3517
3518
3519
3520
3521
3522
3523
3524
3525
3526
3527
3528
3529
3530
3400
1052
3531
3533
1043
1952
3537
420
343
3540
3541
3542
3543
3544
3545
3368
3547
3548
3549
3550
3551
3552
3553
3554
3555
422
3497
113
3559
3560
3561
3562
2635
3563
3565
3566
3567
3568
2828
3569
835
3573
3781
1102
3576
3660
3577
3575
3576
1107
3582
1107
3659
3584
3585
3586
3587
3588
3589
3590
3591
3592
3593
3594
3595
3596
3597
3598
3599
3600
3601
3602
3603
3604
3605
3606
3607
3608
3609
3610
3611
3612
3613
3614
3615
3616
3617
3618
3619
3620
3621
3622
3625
866
3722
761
2888
3628
3627
2694
3713
3630
801
3632
3636
3819
1117
2158
512
3638
3641
3642
3643
3644
3645
2802
824
3646
3649
3650
3651
3652
838
2833
4382
3656
3656
3658
1119
3387
3661
3662
3663
3664
3665
3666
3667
3669
3963
753
3673
3672
3691
1125
3675
3676
3677
3678
3679
3680
3681
3682
3683
3684
2684
2684
3687
3687
3689
1121
1129
3692
3845
3693
3695
3696
3697
3698
3699
3740
2839
3741
3742
820
2849
3706
3707
3708
3709
3710
3711
3712
2806
799
827
3718
798
3765
1132
2883
863
3722
3724
5483
3725
2898
3727
3728
3729
3730
3731
3732
3733
3734
3735
3736
3737
2675
2836
2852
2840
2848
3744
4390
3745
3746
3747
2853
4652
3760
3753
927
3761
3407
3756
1981
889
3750
3750
5518
5510
3372
3373
3380
3376
3764
2771
3815
2770
3378
3405
3026
3752
1981
1135
3759
3759
2785
2773
3778
3780
1136
3788
3788
3789
2798
3572
3790
1138
3790
3792
3800
1105
3793
3794
3789
3798
3799
6212
3648
831
3802
1104
3632
1116
5167
5167
2757
3389
3809
3810
815
3811
3813
3814
3814
3766
816
2789
3820
3821
3822
3823
3824
3825
3826
1146
3828
3830
3848
3829
1143
3835
3833
3864
3688
3837
1128
3839
3840
3841
3843
4380
3582
3842
3582
3581
3851
1148
712
4369
3854
3869
3854
3855
3856
3857
3858
3859
3860
3861
3862
3863
2611
3865
3866
3867
3868
3869
3870
3871
3872
3873
3874
3875
3876
3877
3878
3879
3880
3881
3882
3883
3884
3885
3886
3887
3888
3889
3890
3891
3892
3893
3894
3895
3896
3897
3898
3899
3900
3901
3902
3903
3904
3905
3906
3907
3908
3909
3910
3911
3912
3913
3914
3915
3916
3917
3918
3919
3920
3921
3922
3923
3924
3925
3926
3927
3928
3929
3930
3931
3932
3933
3934
3935
3936
3937
3938
3939
3940
3834
3941
3943
1144
3947
3946
3954
3831
3948
3950
3951
1147
3846
2743
2767
2766
1839
517
517
3082
2795
3961
3962
373
948
1137
3788
1137
976
1137
1137
976
3971
3973
1166
3942
1162
1163
3979
3980
3981
3982
3983
3985
4367
3986
3987
3988
2692
3176
3176
3176
3992
3993
3994
3996
3997
3998
3999
4000
4001
4002
4003
4004
4005
4006
4007
4008
4009
4010
4011
4012
4013
4014
4015
4016
4017
4018
4019
4020
4021
4022
4023
4024
4025
4026
4027
4028
4029
4030
4031
4032
4033
4034
4035
4036
4037
4038
4039
4040
4041
4042
4043
4044
4045
4046
4047
4048
4049
4050
4051
4052
4053
4054
4055
4056
4057
4058
4059
4060
4061
4062
4063
4064
4065
4066
4067
4068
4069
4070
4071
4072
4073
4074
4075
4076
4077
4078
4079
4080
4081
4082
4083
4084
4085
4086
4087
4088
4089
4090
4091
4092
4093
4094
4095
4096
4097
4098
4099
4100
4101
4102
4103
4104
4105
4106
4107
4108
4109
4110
4111
4112
4113
4114
4115
4116
4117
4118
4119
4120
4121
4122
4123
4124
4125
4126
4127
4128
1078
1078
4131
4132
4133
4134
4135
4136
4137
4138
4139
4140
4141
4142
4143
4144
4145
4146
4147
4148
4149
4150
4151
4152
4153
4154
4155
4156
4157
4158
4159
4160
4161
4162
4163
4164
4165
4166
4167
4168
4169
4170
4171
4172
4173
4174
4175
4176
4177
4178
4179
4180
4181
4182
4183
4184
4185
4186
4187
4188
4189
4190
4191
4192
4193
4194
4195
4196
4197
4198
4199
4200
4201
4202
4203
4204
4205
4206
4207
4208
4209
4210
4211
4212
4213
4214
4215
4216
4217
4218
4219
4220
4221
4222
4223
4224
4225
4226
4227
4228
4229
4230
4231
4232
4233
4234
4235
4236
4237
4238
4239
4240
4241
4242
4243
4244
4245
4246
4247
4248
4249
4250
4251
4252
4253
4254
4255
4256
4257
4258
4259
4260
4261
4262
4263
4264
4265
4266
3444
4268
4269
4270
4271
4272
4273
4274
4275
4276
4277
4278
4279
4280
4281
4282
4283
4284
4285
4286
4287
4288
4289
4290
4291
4292
4293
4294
4295
4296
4297
4298
4299
4300
4301
4302
4303
4304
4305
4306
4307
4308
4309
4310
4311
4312
4313
4314
4315
4316
4317
4318
4319
4320
4321
4322
4323
4324
4325
4326
4327
4328
4329
4330
4331
4332
4333
4334
4335
4336
4337
4338
4339
4340
4341
4342
4343
4344
4345
4346
4347
4348
4349
4350
4351
4352
4353
4354
4355
4356
4357
4358
4359
4360
4361
4362
4363
4364
4365
4366
3949
4368
3885
3069
1852
3574
3095
3096
3096
3960
380
440
3795
3657
2129
4382
1119
4384
3509
4386
4387
4388
4389
2972
4391
1958
2815
1081
2144
4396
4397
4398
4399
4400
2134
2796
3078
3788
3136
4407
5635
1275
4406
1274
4411
4412
4413
4414
4415
4416
4417
4418
4419
4420
4421
4422
4420
4424
4425
4426
4427
4428
4429
4434
1289
4430
1292
5629
4435
4436
4437
4438
4439
4440
4441
4442
4443
4444
4449
1301
4447
4448
5325
4450
4451
4452
4453
4454
4455
4456
4457
4458
4459
4460
4461
4462
4463
4464
4465
4466
4467
4468
4469
4470
4471
745
4476
4473
1316
5631
4478
5655
1317
4477
5460
5462
1319
4483
4493
4487
1376
1322
4486
5500
4492
1395
5498
4483
4481
4489
1320
4496
2177
4494
4501
4502
4503
4504
4505
4506
4507
4508
4509
4510
4511
4512
4513
4514
4515
4516
4517
4518
4519
4520
4521
4522
4523
4525
4525
1342
4527
4531
4528
1345
5149
1346
1326
4500
4499
4536
4538
4538
4537
4540
4485
1321
1318
4494
1351
5435
5596
4547
4546
1355
4552
5304
5609
4553
2751
2754
4555
4558
4562
4560
4561
5478
4565
5384
5384
1361
6185
5341
2578
2578
1363
5572
4572
5571
5525
4577
5525
4586
1366
1368
4620
4581
5153
678
4587
678
2542
4590
1372
4590
1373
4588
5714
4597
6122
5716
1668
6129
5342
5415
5415
1382
1381
5408
5409
4606
4607
4608
5395
1360
5394
5395
5561
4617
4614
2548
2588
1387
2549
2554
5561
1384
5561
679
2540
4610
4629
1389
5332
4916
675
2536
2538
4633
4632
1512
4932
1393
4955
1513
4601
1380
1379
4601
5561
1399
5561
556
622
2247
4960
6192
6192
1396
4656
4672
1402
4655
4659
4659
4661
4662
1406
4664
4665
4666
4667
4668
4669
4670
4671
4672
4673
1408
4675
4679
1411
4679
4757
4680
4681
4682
4681
2397
4685
4686
4687
4688
4689
4690
4691
4692
1423
4694
4695
4696
4697
4698
684
684
4670
2543
2543
2547
2544
4707
5354
4707
4710
1429
5259
1430
5258
602
5253
2362
1433
2361
4718
2361
2365
2363
4727
4728
4724
1434
4728
4746
1434
4800
4800
5212
1437
4740
1439
4743
4743
4744
2391
4745
5531
2392
6131
5207
6131
4746
4747
6020
5352
5352
1442
199
2371
2557
2371
2372
1426
4758
1426
4700
5264
4761
1598
4705
4765
4766
4767
4768
4769
4770
4771
4772
4773
4778
1457
4774
1480
4795
4767
1453
223
4782
4785
1456
4788
1468
4787
4789
5513
1458
4791
4792
4793
4794
4795
4796
4797
4799
5205
4798
4801
4802
4803
223
223
1465
4818
4808
2384
2562
212
324
320
177
177
2560
273
1458
2370
5318
2370
4824
4824
5529
1478
4826
4827
4828
4829
4830
4831
4832
4833
5515
4835
4836
4837
4838
4839
4840
4841
4842
5547
4870
5545
5547
2578
5545
1485
1485
4852
4862
1487
6116
4854
4853
4864
1492
2251
1490
2255
4865
4868
4866
5560
558
4868
5560
5333
5333
1488
4858
1488
4855
4859
4859
2578
4598
2578
2578
4642
4642
4870
5547
4641
4869
4642
2399
1496
4929
608
4872
4894
4872
4860
1503
4893
4893
4892
1501
2578
2578
5545
2578
4908
1506
4908
4967
1501
4896
4899
4910
1504
6121
5559
1509
5559
1502
4922
4922
1510
4924
1488
1488
4860
4927
4953
608
608
608
1498
4886
4891
5721
4890
1499
6119
1500
4899
608
4970
4954
2578
2578
2578
2578
2578
5545
1517
4954
1517
4963
4954
4954
4958
4889
5721
6149
623
2431
4970
5555
4970
4969
1517
4954
4972
4967
1525
5556
6210
4971
695
5542
694
1519
4978
4951
1526
1526
4979
1522
4984
5749
2576
1524
4987
4988
4989
4990
4991
4992
4993
4994
4995
4996
4997
4998
4999
5000
5001
5002
5003
5004
5005
5006
5007
5008
5009
5010
5011
5012
5013
5014
5015
5016
5017
5018
5019
5020
5021
5022
5023
5024
5025
5026
5027
5028
5028
5029
5022
5032
5033
5034
5035
5036
5037
5038
5039
5040
5041
5042
5043
5044
5045
5046
5047
5048
5049
5050
5051
5052
5053
5054
5055
5056
5057
5058
5059
5060
5061
5062
5063
5064
5065
5066
5067
5068
5069
5070
5071
5072
5073
5074
5075
5076
5077
5078
5079
5080
5081
5082
5083
5084
5085
5086
5087
5088
5089
5090
5091
5092
5093
5094
5095
5096
5097
5098
5099
5100
5101
5102
5103
5104
5105
5106
5107
5108
5109
5110
5111
5112
5113
5114
5115
5116
5117
5118
5119
5120
5121
5122
5122
5124
5125
5126
5127
5128
5129
5130
5131
5132
5133
5134
5135
5136
5137
5138
5139
5140
5141
5142
5143
1576
5146
5148
1577
5294
5151
1578
5223
1579
5520
5165
1371
1371
5158
5521
4592
1374
4615
5421
5340
1374
4591
1580
5168
5523
5172
5169
1582
2191
4683
5178
1416
1583
5510
5509
1521
1506
4981
4927
1510
4953
4856
1489
1489
1486
4981
1531
5194
5192
1343
5308
5198
5195
1585
5199
5200
5203
1586
1413
5226
1412
5208
1588
1589
5208
298
298
204
4798
5213
5214
5215
5216
5217
5218
5219
4529
1344
5222
5225
1409
5228
4701
1427
5227
5229
5230
5231
5232
5248
5234
5235
5236
5240
1452
1593
5247
5243
1597
5243
4702
2544
1425
5245
4660
5249
5250
5251
5252
4762
4762
5257
4761
2375
4761
4762
5253
5254
4721
1600
4703
683
5268
5266
5268
5269
5267
1604
5272
5273
1477
5275
5276
5277
5278
5279
5280
5281
5282
5283
5284
5285
5286
5287
5288
5289
5290
5291
5292
5293
5170
1581
5196
5296
601
2368
5703
5300
1615
5328
5327
5303
5306
5307
5297
5309
5310
5311
5312
5313
5314
5315
5316
5317
2374
2370
2370
4655
4658
1403
5321
3564
1292
4433
5329
5486
5339
5336
5339
5414
5416
5416
1624
1624
5549
5338
5336
1626
5418
1626
1626
5345
5346
5347
5348
5349
5350
681
2377
4709
5348
5355
5356
5357
5358
5359
5360
5361
5362
5363
5364
5365
5366
5367
5368
5369
5370
5371
5372
5373
5374
4708
5377
680
5353
4751
5380
5381
5380
1634
5386
1330
5482
1418
5388
5389
5390
4505
5391
5393
1360
5385
1386
1384
5397
2566
4610
4611
5402
5403
5404
5405
5406
5557
5557
5337
5410
5410
5412
5413
1391
6128
4634
5404
5404
5419
5417
5340
5411
5422
1640
1349
5426
5427
5428
1350
1323
5433
1645
5434
1645
5595
5436
5437
5438
5439
5440
5441
5442
5443
5444
277
4493
5449
1641
5458
5447
5454
5453
5598
5450
5455
5456
5457
5458
5459
5499
5499
1394
4595
1377
4593
5466
5467
5468
5469
5470
5471
5472
5473
5474
5475
5476
5477
1652
5479
5480
5481
5482
5483
5484
5485
4539
1315
5488
5489
5490
5491
1654
5493
5494
5495
5496
4489
4637
4648
4636
4650
5503
6136
5504
5505
5506
4639
5512
606
5508
1655
5517
4796
1461
5515
5516
5517
5510
688
5566
5522
5522
5522
4625
5524
4625
5523
2397
5530
5532
2392
5532
5533
5534
1370
4635
4585
1392
5536
5545
5545
5545
4600
1380
5546
5546
1659
1367
5537
4579
1657
5539
5547
5555
1659
6210
5550
1365
1625
5552
5392
1636
1357
5564
1373
5569
1638
5398
5399
1637
5401
1388
2564
2564
689
5576
5577
5578
5579
5580
5581
5582
5583
5584
1356
1664
4554
5604
5590
5620
5589
5450
5448
1642
5423
1620
5328
6126
5601
5343
6126
5343
5341
1669
5662
1285
5610
1670
5612
5626
1291
4432
5613
5614
5615
5616
5617
5618
5619
4423
5621
5622
5621
1290
1290
5625
5627
5628
4474
1276
5623
1635
5633
5634
5382
1629
5637
5638
5639
5640
5641
5642
5643
5644
5645
5644
5647
5648
5649
5650
5651
5652
5653
5654
4409
604
5657
5658
5659
5660
1673
5646
5663
5664
5665
5666
5667
5668
5669
5670
5671
5672
5673
5370
5674
1555
5677
5678
5679
5680
5681
5682
5683
2494
5685
5686
5687
5688
5689
5690
5691
5692
5693
5694
5695
5696
5697
5698
1665
5700
5701
1354
5305
4551
1353
5704
5707
5708
5600
5344
1352
553
695
1495
2578
552
1375
5452
1644
4642
4869
5547
4870
5547
5545
5547
1658
5555
5541
5553
5729
5732
5733
5734
5735
5736
5737
5738
5739
5740
5741
5742
5743
5744
520
608
1516
1516
1516
4962
5750
5752
5753
5754
5755
5756
5757
5758
5759
5760
5761
5762
5763
5764
5765
5766
5767
5768
5769
5770
5771
5772
5773
5774
5775
5776
5777
5778
5779
5780
5781
5782
5783
5784
5785
5786
5787
5788
5789
5790
5791
5792
5793
5794
5795
5796
5797
5798
5799
5800
5801
5802
5803
5804
5805
5806
5807
5808
5809
5810
5811
5812
5813
5814
5815
5816
5817
5818
5819
5820
5821
5822
5823
5824
5825
5826
5827
5828
5829
5830
5831
5832
5833
5834
5835
5836
5837
5838
5839
5840
5841
5842
5843
5844
5845
5846
5847
5848
5849
5850
5851
5852
5853
5854
5855
5856
5857
5858
5859
5860
5861
5862
5863
5864
5865
5866
5867
5868
5869
5870
5871
5872
5873
5874
5875
5876
5877
5878
5879
4720
2362
5882
5883
5884
5885
5886
5887
5888
5889
5890
5891
5892
5893
5894
5895
5896
5897
5898
5899
5900
5901
5902
5903
5904
5905
5906
5907
5908
5909
5910
5911
5912
5913
5914
5915
5916
5917
5918
5919
5920
5921
5922
5923
5924
5925
5926
5927
5928
5929
5930
5931
5932
5933
5934
5935
5936
5937
5938
5939
5940
5941
5942
5943
5944
5945
5946
5947
5949
5048
5950
5951
5952
5953
5954
5955
5956
5957
5958
5959
5960
5961
5962
5963
5964
5965
5966
5967
5968
5969
5970
5971
5972
5973
5974
5975
5976
5977
5978
5979
5980
5981
5982
5983
5984
5985
5986
5987
5988
5989
5990
5991
5992
5993
5994
5995
5996
5997
5998
5999
6000
6001
6002
6003
6004
6005
6006
6007
6008
6009
6010
6011
6012
6013
6014
6015
6016
6017
6018
6019
5231
6021
6022
6023
6024
6025
6026
6027
6028
6029
6030
6031
6032
6033
6034
6035
6036
6037
6038
6039
6040
6041
6042
6043
6044
6045
6046
6047
6048
6049
6050
6051
6052
6053
6054
6055
6056
6057
6058
6059
6060
6061
6062
6063
6064
6065
6066
6067
6068
6069
6070
6071
6072
6073
6074
6075
6076
6077
6078
6079
6080
6081
6082
6083
6084
6085
6086
6087
6088
6089
6090
6091
6092
6093
6094
6095
6096
6097
6098
6099
6100
6101
6102
6103
6104
6105
6106
6107
6108
6109
6110
6111
6112
6113
4480
1674
6125
5334
5335
4895
4895
1500
2250
2421
2233
5538
5420
677
5405
1639
6130
6131
6132
6133
6134
6135
4771
4667
2377
6141
5318
1364
6142
6143
6144
6145
6146
676
4598
608
2578
4954
6152
6153
6154
6155
6156
6157
6158
6159
517
2578
6162
6163
6164
6165
6166
6167
6168
6169
6170
6171
6172
6173
6174
6175
6176
6177
6178
6179
6180
6181
4986
992
984
1524
6186
6187
6188
6189
6190
6191
4976
6193
6194
6195
6196
6197
6198
6199
6200
6201
6202
6203
6204
6205
4904
6207
3188
6209
6209
6211
6211
6213
6214
6215
6216
6217
6218
6219
6220
6221
6222
6223
6224
6225
6226
6227
6228
6229
6230
6231
6232
6233
6234
5181
6215
6237
6238
6218
6240
6241
6242
6243
6244
6245
6246
6247
6248
6249
6250
6251
6252
6232
6254
4969
6256
6257
6258
6259
6260
6261
6262
6263
6264
6265
6266
6267
6268
6270
6270
6274
6273
6273
6274
6275
6276
6277
6278
6279
6280
6281
6282
6283
6284
6285
6287
6287
6288
6273
6274
6270
