0
162
3
4
102
5
6
7
8
53
59
3446
132
13
14
72
80
81
75
19
354
352
97
2155
922
368
26
104
106
110
30
118
122
1068
130
35
36
136
38
39
164
41
42
168
44
147
138
44
48
49
50
51
52
56
54
16
165
16
57
17
81
64
61
18
83
65
65
12
73
69
69
71
72
74
131
75
76
76
70
78
15
79
79
75
47
0
1799
91
95
92
96
95
98
1822
100
99
100
2155
3018
4
3018
3018
102
107
5
103
6
107
111
106
7
6
115
112
114
115
119
117
9
133
58
120
10
3478
3478
3446
3445
3447
128
128
130
129
34
40
134
137
36
137
135
139
140
141
141
143
144
146
146
145
148
149
150
151
52
152
41
156
163
157
158
159
144
138
145
163
164
158
159
166
38
169
169
238
2193
318
331
313
176
177
178
179
227
5242
5211
302
222
241
186
250
229
254
243
530
529
2217
1474
4817
545
220
278
281
281
201
202
1597
1587
299
206
310
306
209
221
211
329
337
338
307
217
307
309
223
212
219
185
223
225
336
224
227
226
187
229
226
188
253
189
5241
237
244
183
5209
241
241
241
186
190
190
190
185
242
186
186
249
249
251
252
217
2194
2194
2197
2389
318
318
2389
4817
331
4817
2560
4817
331
4817
4817
545
313
545
275
275
280
274
176
280
178
178
281
284
284
285
283
287
288
289
290
291
5242
291
5243
5211
5243
5209
5210
247
184
248
301
301
304
305
205
303
300
308
300
210
2223
2223
220
2223
207
207
311
319
320
321
322
212
337
324
326
327
328
209
330
311
303
309
334
335
336
209
209
338
320
320
2690
343
1783
345
346
347
348
349
350
6
352
353
354
0
356
357
1803
1805
1807
3036
6
1819
364
3033
920
367
368
1846
1846
444
1845
3090
4378
1833
4378
1164
4378
3169
3173
942
3068
445
1845
104
26
387
388
389
390
391
392
393
394
395
396
397
398
399
400
401
402
403
404
405
406
407
408
409
410
411
412
413
414
415
416
417
418
419
420
2152
3490
423
424
425
426
2991
1986
3151
3078
431
432
433
434
435
436
437
438
439
379
1846
1849
4378
3144
971
2020
447
448
449
450
451
452
453
454
455
456
457
458
459
460
461
462
463
464
465
466
467
468
469
470
471
472
473
474
475
476
477
478
479
480
481
482
483
484
485
486
487
488
489
490
491
492
493
494
495
2835
497
2134
499
2811
3592
1963
503
2901
2906
506
507
508
509
510
3636
3635
2160
514
515
4377
380
4498
2179
520
521
522
523
524
525
526
4756
4754
529
530
208
238
533
534
2198
4987
5515
4833
177
2213
4829
542
2561
174
545
2247
2247
623
2246
1498
2247
2233
1685
2247
2247
4956
4960
4864
1490
622
2429
278
563
564
565
566
567
568
569
570
571
572
573
574
575
576
577
578
579
580
581
582
583
584
585
586
587
588
589
590
591
592
593
594
595
596
597
598
599
600
601
1600
603
604
605
2397
4940
1493
609
610
611
612
613
614
615
616
617
556
2248
2247
6124
1512
4933
2434
625
626
627
628
629
630
631
632
633
634
635
636
637
638
639
640
641
642
643
644
645
646
647
648
649
650
651
652
653
654
655
656
657
658
659
660
661
662
663
664
665
666
667
668
669
670
671
672
673
674
4632
2539
677
678
4626
5353
2377
682
1428
4702
685
2550
687
688
5399
689
5396
692
693
4974
2250
2581
697
698
2222
700
701
702
703
704
705
706
707
708
709
710
711
712
713
714
715
716
717
3728
719
720
721
722
723
724
725
726
727
728
2754
730
2636
2638
733
734
735
736
737
738
739
740
741
742
743
744
745
746
2666
748
2673
2689
2688
2675
3670
2679
2682
2684
787
2691
759
760
2694
2696
763
764
765
766
767
768
769
770
771
772
773
774
775
776
777
778
779
780
781
782
783
784
785
786
2737
2740
2742
790
2744
792
793
794
795
796
797
798
799
800
3634
4377
803
804
805
806
807
2819
2778
810
2818
812
3377
2787
815
816
2795
2791
3742
3704
2798
3574
2804
2802
2813
3385
827
829
512
3639
2815
832
3423
2827
835
836
3780
3654
2836
2838
3740
3741
430
1845
2847
2848
2853
3749
3560
850
2138
852
853
854
855
856
2140
858
859
860
3440
862
863
864
865
866
867
868
3031
870
2910
872
3482
874
875
3501
2908
1083
2922
1078
3498
882
883
85
2941
887
2937
1973
2998
1982
2950
2955
2953
894
54
155
7
110
106
900
3494
3476
903
904
905
2985
2989
908
1809
1976
911
2945
3004
151
151
1970
51
918
2987
3009
97
922
2155
30
925
5518
3753
928
3028
2978
3040
932
3153
3975
3055
3053
937
938
3056
3129
3059
3061
3065
4370
945
3076
1846
3151
3091
3170
4375
3147
957
3096
953
3150
3149
3115
3973
3414
3415
965
964
3119
3121
3123
958
945
1062
3076
3168
3146
3181
3181
3180
3174
3973
3190
3192
3415
981
3196
3788
2176
3195
3184
6208
6208
989
3197
3191
6183
993
994
995
996
997
998
999
1000
1001
1002
1003
1004
1005
1006
1007
1008
1009
1010
1011
1012
1013
1014
1015
1016
1017
1018
1019
1020
1021
1022
1023
1024
1025
1026
1027
1028
1029
1030
1031
1032
1033
1034
1035
1036
1037
1038
1039
1040
1041
1042
1043
1044
1045
3373
1047
3395
3379
3382
1051
1052
1053
1054
1055
5175
5174
1058
5177
3414
1061
1062
1063
1064
1065
1066
1067
1068
1069
1070
1071
1072
59
1074
1075
1950
878
122
2965
1080
924
924
118
1961
1085
1086
1087
1088
1089
1090
1091
1092
1093
1094
1095
1096
1097
1098
1099
1100
3571
3803
1103
3577
1105
3955
1840
1108
1109
1110
1111
1112
3618
1114
1115
1116
1117
3814
3653
1120
3690
3837
1123
3671
3674
1126
1127
1129
817
3702
1131
1132
1133
1134
3751
3793
1166
3799
1139
1140
1141
1142
3832
3944
1145
1146
818
1148
1149
1150
1151
1152
1153
1154
1155
1156
1157
1158
1159
1160
1161
3977
1163
2850
3153
3994
1167
2840
1169
1170
1171
1172
1173
1174
1175
1176
1177
1178
1179
1180
1181
1182
1183
1184
1185
1186
1187
1188
1189
1190
1191
1192
1193
1194
1195
1196
1197
1198
1199
1200
1201
1202
1203
1204
1205
1206
1207
1208
1209
1210
1211
1212
1213
1214
1215
1216
1217
1218
1219
1220
1221
1222
1223
1224
1225
1226
1227
1228
1229
1230
1231
1232
1233
1234
1235
1236
1237
1238
1239
1240
1241
1242
1243
1244
1245
1246
1247
1248
1249
1250
1251
1252
1253
1254
1255
1256
1257
1258
1259
1260
1261
1262
1263
1264
1265
1266
1267
1268
1269
1270
1271
1272
1273
1274
1275
1276
1277
1278
1279
1280
1281
1282
1283
1284
1285
1286
1287
1288
1289
1290
1291
5629
1293
1294
1295
1296
1297
1298
1299
1300
1301
4446
1303
1304
1305
1306
1307
1308
1309
1310
1311
1312
1313
1314
4474
1316
1317
1321
4483
4496
4495
4488
5430
4493
4500
1326
1327
1328
1329
4505
1331
1332
1333
1334
1335
1336
1337
1338
1339
1340
1341
1342
1343
1344
1345
1346
1347
1348
1349
4549
1351
1352
1353
1354
1355
1356
1357
1358
1359
5395
4563
6123
4571
1364
1365
4578
1367
1368
1369
4585
5158
1372
1373
4592
4594
1376
5501
1377
4642
5334
4615
4604
1383
4622
1637
691
1387
5572
4628
4630
5416
5536
4636
5498
5500
4639
608
2249
4646
4648
683
1402
5323
1404
1405
1406
1407
1408
1409
2545
1411
1412
1413
1414
1415
1416
4684
5384
1419
1420
1421
4692
4708
1424
5245
1426
1427
5265
4710
4721
1602
1597
4722
4729
1435
171
258
333
260
4796
4739
4750
1443
5211
5262
5263
281
281
178
1450
5257
5238
1453
1454
1455
4784
4785
273
2205
1460
2383
4744
1463
4802
2224
320
320
196
699
272
219
220
2217
4817
1474
201
1477
5508
4826
4774
4838
1482
4941
5730
4850
4851
4853
4871
4922
1488
4852
1487
6151
5183
2247
4888
4941
4957
4935
6121
4910
1501
6119
4937
5730
5180
1508
4914
4916
5183
6151
4955
4936
4966
4966
5747
4949
5730
4978
5180
4908
4982
5545
2576
1526
4980
6206
6206
4977
1530
5190
4983
6182
1534
1535
1536
1537
1538
1539
1540
1541
1542
1543
1544
1545
1546
1547
1548
1549
1550
1551
1552
1553
1554
1555
1556
1557
1558
1559
1560
1561
1562
1563
1564
1565
1566
1567
1568
1569
1570
1571
1572
1573
1574
1575
1576
1577
1578
1579
1580
1581
1582
5509
1584
1585
1586
1587
1588
1589
1590
1591
5242
1593
1594
2365
2363
1597
4763
1599
1476
1476
202
2375
1604
1605
1606
1607
1608
1609
1610
1611
1612
1613
1614
1615
1616
1617
1618
1619
1620
4629
5560
5409
5336
5339
2239
5712
1628
1629
1630
1631
1632
1633
1634
1635
1636
5570
5568
5414
1640
5448
5594
1643
1644
1645
1646
1647
5593
5453
5461
1651
1652
1653
1654
5517
544
5549
1687
5556
1660
1661
1662
1663
5586
5699
1666
1667
1378
1669
1670
1671
1672
1673
1674
1675
1676
1677
1678
1679
1680
1681
1682
5734
1684
1400
4941
5750
1688
5751
1690
1691
1692
1693
1694
1695
1696
1697
1698
1699
1700
1701
1702
1703
1704
1705
1706
1707
1708
1709
1710
1711
1712
1713
1714
1715
1716
1717
1718
1719
1720
1721
1722
1723
1724
1725
1726
1727
1728
1729
1730
1731
1732
1733
1734
1735
1736
1737
1738
1739
1740
1741
1742
1743
1744
1745
1746
1747
1748
1749
1750
1751
1752
1753
1754
1755
1756
1757
1758
1759
1760
1761
1762
1763
1764
1765
1766
1767
1768
1769
1770
1771
1772
1773
1774
1775
1776
1777
1778
1779
1780
1782
2692
343
1782
1785
1786
1787
1788
1789
1790
1791
1792
1793
1794
1795
1796
44
162
1799
0
44
1803
1803
1802
357
1810
361
1806
358
3201
107
107
151
107
6
1818
1816
3033
365
1821
2153
1822
1823
2156
1846
1846
4378
1846
2016
1845
1846
2016
444
1846
1846
1846
4378
1846
4378
1832
4378
1846
3188
4378
3142
3172
379
3142
971
3062
4370
3069
3061
3064
1846
1846
1846
445
1859
1860
1861
1862
1863
1864
1865
1866
1867
1868
1869
1870
1871
1872
1873
1874
1875
1876
1877
1878
1879
1880
1881
1882
1883
1884
1885
1886
1887
1888
1889
1890
1891
1892
1893
1894
1895
1896
1897
1898
1899
1900
1901
1902
1903
1904
1905
1906
1907
1908
1909
1910
1911
1912
1913
1914
1915
1916
1917
1918
1919
1920
1921
1922
1923
1924
1925
1926
1927
1928
1929
1930
1931
1932
1933
1934
1935
1936
1937
1938
1939
1940
1941
1942
1943
1944
1945
2921
2918
2923
1946
879
1952
3536
1952
3557
4394
924
3557
2955
1962
1959
901
1955
421
1964
1965
1966
1967
144
1968
39
141
1972
1974
3010
367
427
92
1978
92
1984
888
887
889
2996
1805
1986
1985
429
3048
429
3079
1992
1993
1994
1995
1996
1997
1998
1999
2000
2001
2002
2003
2004
2005
2006
2007
2008
2009
1846
1846
1846
379
1846
4378
3142
3141
3144
1952
420
1953
2022
2023
2024
2025
2026
2027
2028
2029
2030
2031
2032
2033
2034
2035
2036
2037
2038
2039
2040
2041
2042
2043
2044
2045
2046
2047
2048
2049
2050
2051
2052
2053
2054
2055
2056
2057
2058
2059
2060
2061
2062
2063
2064
2065
2066
2067
2068
2069
2070
2071
2072
2073
2074
2075
2076
2077
2078
2079
2080
2081
2082
2083
2084
2085
2086
2087
2088
2089
2090
2091
2092
2093
2094
2095
2096
2097
2098
2099
2100
2101
2102
2103
2104
2105
2106
2107
2108
2109
2110
2111
2112
2113
2114
2115
2116
2117
2118
2119
2120
2121
2122
2123
2124
2125
2126
2127
2128
2129
2130
4401
2135
2132
500
2823
2137
2904
2906
2136
504
2141
2142
2143
2144
2145
2146
2147
2148
6
6
2150
111
2154
2154
2155
920
2158
3636
2158
511
2161
2162
2163
2164
2165
2166
2167
2168
3187
3187
6183
988
1842
3784
2174
1844
2180
2180
520
4499
2181
2182
2183
2184
2185
2186
2187
2188
2189
2190
2191
2192
217
2194
2195
217
2197
2201
534
2201
4988
2204
4834
4987
536
2202
275
275
320
275
177
2214
541
4831
2212
2561
2560
4816
2561
174
2221
331
2223
220
2221
2247
2247
2247
2247
2429
2246
2246
4886
2401
2247
2247
2247
2247
2234
6124
2247
6124
6124
4974
2247
4932
4959
1512
4932
556
4858
6116
4859
4858
1487
2246
2430
2246
2246
2260
2261
2262
2263
2264
2265
2266
2267
2268
2269
2270
2271
2272
2273
2274
2275
2276
2277
2278
2279
2280
2281
2282
2283
2284
2285
2286
2287
2288
2289
2290
2291
2292
2293
2294
2295
2296
2297
2298
2299
2300
2301
2302
2303
2304
2305
2306
2307
2308
2309
2310
2311
2312
2313
2314
2315
2316
2317
2318
2319
2320
2321
2322
2323
2324
2325
2326
2327
2328
2329
2330
2331
2332
2333
2334
2335
2336
2337
2338
2339
2340
2341
2342
2343
2344
2345
2346
2347
2348
2349
2350
2351
2352
2353
2354
2355
2356
2357
2358
2359
2360
2362
4720
1433
2361
1430
2368
2368
2368
5320
2369
4756
5319
1600
2378
1451
2374
1619
5318
2379
2380
2381
2382
269
271
2562
267
316
316
2389
193
1438
4741
2385
5514
2199
2395
2199
4940
4940
607
4844
2402
2403
2404
2405
2406
2407
2408
2409
2410
2411
2412
2413
2414
2415
2416
2417
2418
2419
2246
2248
2246
2247
2247
2247
6124
2247
2247
4931
1512
4931
2367
2367
601
2435
2436
2437
2438
2439
2440
2441
2442
2443
2444
2445
2446
2447
2448
2449
2450
2451
2452
2453
2454
2455
2456
2457
2458
2459
2460
2461
2462
2463
2464
2465
2466
2467
2468
2469
2470
2471
2472
2473
2474
2475
2476
2477
2478
2479
2480
2481
2482
2483
2484
2485
2486
2487
2488
2489
2490
2491
2492
2493
2494
2495
2496
2497
2498
2499
2500
2501
2502
2503
2504
2505
2506
2507
2508
2509
2510
2511
2512
2513
2514
2515
2516
2517
2518
2519
2520
2521
2522
2523
2524
2525
2526
2527
2528
2529
2530
2531
2532
2533
2534
4632
6147
2535
4631
2540
4625
4624
678
4703
4705
684
2544
4704
2548
2549
2550
2551
2552
2552
2554
4756
280
1449
4753
4816
4817
4816
4816
5399
689
2566
5399
2567
2568
2569
2570
4975
1528
6182
4975
2245
2243
2578
5542
2553
2580
686
2582
2583
2584
2585
2586
2589
2589
2589
2590
2591
2592
2593
2594
2595
2596
2597
2598
2599
2600
2601
2602
2603
2604
2605
2606
2607
2608
2609
2610
2611
2612
2613
2614
2615
2616
2617
2618
2619
3873
718
2622
2623
2624
2625
2626
2627
2628
2629
2630
2631
2632
2633
2635
3563
730
2634
729
2639
2640
2641
2642
2643
2644
2645
2646
2647
2648
2649
2650
2651
2652
2653
2654
2655
2656
2657
2658
2659
2660
2661
2662
2663
2664
2665
2666
2667
2668
2669
2670
2671
2674
750
2686
751
2672
2678
3738
3670
2677
2685
749
2681
757
2736
2687
2691
342
758
2690
2691
2692
2693
760
2693
2696
2697
2698
2699
2700
2701
2702
2703
2704
2705
2706
2707
2708
2709
2710
2711
2712
2713
2714
2715
2716
2717
2718
2719
2720
2721
2722
2723
2724
2725
2726
2727
2728
2729
2730
2734
2732
2731
2734
2738
2735
788
2739
2739
2740
2743
446
3954
790
2741
2746
2747
2748
2749
2750
2751
2751
2753
796
2755
2756
2757
2758
2759
2760
2761
2763
3633
4377
4378
4377
1164
2768
2769
2770
2771
2772
2773
2774
2775
2776
2781
808
2779
2781
2819
2782
2783
2784
2785
2786
813
2788
2789
2790
2794
2791
2794
3742
820
2842
3572
3787
2843
2803
2800
825
2817
826
2805
2806
2807
830
512
2822
2824
830
2816
2813
2815
2586
2816
2818
2819
2158
2159
3638
832
3640
2825
2826
2827
2826
2829
2830
2832
2832
837
2831
812
2839
2836
841
3739
2839
3072
1990
1848
3073
2159
2845
2160
842
3741
2849
2840
2854
848
3748
2852
3559
3561
849
2856
2860
2861
2862
2863
2864
2865
2866
2867
2868
2869
2870
2871
2872
2873
2874
851
2876
2877
2878
861
3438
2881
2882
2883
2884
2885
2886
2887
2888
2889
2890
3722
2892
2893
2894
2895
2896
2897
2898
2899
2900
873
2902
3480
2905
3500
876
2909
502
3590
501
2907
119
155
3499
9
134
4129
4129
3479
55
2918
880
1083
3477
2925
2926
61
2928
2929
2928
2931
2932
0
2934
1801
2935
353
2936
2936
887
884
1978
2942
2938
2941
2944
2947
2948
2949
2953
2953
2151
351
111
7
106
6
2958
2959
2960
2961
2963
3492
2962
902
2966
2967
2968
2969
2970
2971
2972
2973
2974
2979
906
2975
363
2979
3012
151
3012
1970
2985
2985
2986
2984
2984
2988
2989
919
1808
909
360
2992
930
2990
930
3001
3000
3448
3003
3757
890
49
51
49
3009
3009
3009
426
41
151
42
107
103
3017
3018
3010
115
3557
115
3023
926
3025
3026
3027
762
3030
2696
762
3031
3033
3034
1817
364
3035
1804
3038
359
3042
3043
365
3029
3048
3048
1845
3151
1846
1846
3051
3051
3053
3054
3055
3058
935
3058
940
3056
941
3060
3077
3063
3052
3057
3052
3065
3066
3067
3067
1991
430
3075
955
945
3074
946
946
1846
1846
1846
1845
444
3048
3079
2018
3141
445
3143
3171
952
3147
972
3102
3117
4373
953
3102
3116
3149
3116
3101
962
4378
1846
4377
3973
3112
3413
3112
3189
979
3149
965
3120
3149
2855
840
3118
847
936
3124
3422
3100
3104
3103
3416
945
3416
1062
945
3076
945
3413
3415
3414
946
3152
951
971
3169
971
3146
964
3119
964
3119
3118
3121
3152
4405
973
4378
4378
4378
1846
1846
4378
1846
1849
978
980
3165
3190
3415
4405
840
2837
3144
3145
839
2851
973
3178
3164
3174
3179
3111
981
980
3183
3193
985
3182
3974
6208
3974
3191
991
3191
3192
3194
3194
989
991
3197
3197
2172
2170
3202
3202
3203
3204
3205
3206
3207
3208
3209
3210
3211
3212
3213
3214
3215
3216
3217
3218
3219
3220
3221
3222
3223
3224
3225
3226
3227
3228
3229
3230
3231
3232
3233
3234
3235
3236
3237
3238
3239
3240
3241
3242
3243
3244
3245
3246
3247
3248
3249
3250
3251
3252
3253
3254
3255
3256
3257
3258
3259
3260
3261
3262
3263
3262
3265
3266
3267
3268
3269
3270
3271
3272
3273
3274
3275
3276
3277
3278
3279
3280
3281
3282
3283
3284
3285
3286
3287
3288
3289
3290
3291
3292
3293
3294
3295
3296
3297
3298
3299
3300
3301
3302
3303
3304
3305
3306
3307
3308
3309
3310
3311
3312
3313
3314
3315
3316
3317
3318
3319
3320
3321
3322
3323
3324
3325
3326
3327
3328
3329
3330
3331
3332
3333
3334
3335
3336
3337
3338
3339
3340
3341
3342
3343
3344
3345
3346
3347
3348
3349
3350
3351
3352
3353
3354
3355
3356
3357
3358
3359
3360
3361
3362
3363
3364
3365
3366
3367
3368
3369
3370
3371
3375
1045
3372
3375
3378
1047
3392
1048
3376
3380
1049
2787
811
810
3386
3387
3388
814
3390
3383
3392
3393
3394
3395
3396
3397
3398
3399
3400
3401
3402
1057
5173
3408
3406
3407
5176
3109
3410
3411
3412
3413
3414
3415
3416
3417
3418
3419
3127
3131
3053
937
3424
3425
3426
3427
3428
3429
3430
3431
3432
3433
3434
3435
3436
3437
3436
3439
1067
3441
3442
912
3444
3445
3446
3447
2932
3449
3450
3451
3452
3453
3454
3455
3456
3457
3458
3459
3460
3461
3462
3463
3464
3465
3466
3467
3468
3469
3470
3471
857
1949
3473
1076
1948
3477
3478
10
3481
3481
1079
3483
3484
3485
3486
3487
3488
3499
924
3499
3495
3489
1082
3499
116
114
9
117
2964
1084
3502
3503
3504
3505
3506
3507
3508
4385
3510
3511
3512
3513
3514
3515
3516
3517
3518
3519
3520
3521
3522
3523
3524
3525
3526
3527
3528
3529
3530
3531
3532
3533
3534
3535
3536
3537
3538
3539
3540
3541
3542
3543
3544
3545
3546
3547
3548
3549
3550
3551
3552
3553
3554
3555
4394
115
112
3561
877
3562
1960
3563
3564
3566
3727
3567
3568
2828
3569
835
1853
4379
1852
1101
3660
3570
3577
3579
1838
1164
2767
2798
3584
3585
3586
3587
3588
3589
3591
2956
2951
3593
3594
3595
3596
3597
3598
3599
3600
3601
3602
3603
3604
3605
3606
3607
3608
3609
3610
3611
3612
3613
3615
3617
3616
2951
893
3619
1115
3621
3622
3626
3624
761
3630
3627
3628
3629
3630
3631
3804
2812
828
3637
1117
3637
3637
1118
3815
3641
3642
3659
3644
3645
2814
3646
831
3649
3650
3651
3652
3573
1102
822
1107
3582
3657
2797
3387
3661
3662
1122
3664
3665
3666
3667
1953
2021
344
2745
791
3671
789
3675
3676
3677
3678
3679
3680
3681
3682
3683
3016
2735
2737
3688
3836
3687
1128
3694
3673
3694
1125
3695
3696
3697
3698
3699
2676
3700
752
2680
754
3703
3706
3707
3708
3709
3710
3711
3712
3713
3714
3715
3719
3716
3718
3817
3720
3721
2695
3723
3724
3725
3726
2733
747
3729
3730
3731
3732
3733
3734
3735
3736
3737
1784
3701
755
1130
3705
1969
1969
3745
3746
3747
2683
756
3754
428
3750
3753
3754
427
1976
3037
1987
3758
3760
5177
3762
3763
3764
3765
3766
3767
3768
3769
3770
2884
3772
3773
2942
3775
931
3039
3778
3779
1136
3782
3794
3973
3796
3975
1988
1991
3968
3972
3789
3791
3792
3578
1104
1104
933
3993
3185
986
3800
3801
966
3070
2846
3805
3806
3807
3808
3809
3810
3811
3812
3813
3814
3815
803
3818
3819
3819
3820
3821
3822
3823
3824
3825
3826
3827
3828
3831
3830
3831
1144
3834
3941
3835
1124
3672
3693
3839
3840
3841
3952
3845
818
2792
3956
4376
3848
3849
3850
3851
3852
3853
3854
3855
3856
3857
3858
3859
3860
3861
3862
3863
3864
3865
3866
3867
3868
3869
3870
3871
3872
3873
3874
3875
3876
3877
3878
3879
3880
3881
3882
3883
3884
3885
3886
3887
3888
3889
3890
3891
3892
3893
3894
3895
3896
3897
3898
3899
3900
3901
3902
3903
3904
3905
3906
3907
3908
3909
3910
3911
3912
3913
3914
3915
3916
3917
3918
3919
3920
3921
3922
3923
3924
3925
3926
3927
3928
3929
3930
3931
3932
3933
3934
3935
3936
3937
3938
3939
3940
3942
3976
3943
1162
3945
3946
3947
3949
4367
3950
3951
2791
2793
3947
2793
2850
4376
4377
4378
846
3962
3963
3668
3094
3094
3048
1845
3975
3151
3975
3975
3994
1168
2849
3995
2637
732
3978
3979
3980
3981
3982
3983
2752
3984
3986
3987
3988
3989
3152
973
982
3198
990
990
3996
3997
3998
3999
4000
4001
4002
4003
4004
4005
4006
4007
4008
4009
4010
4011
4012
4013
4014
4015
4016
4017
4018
4019
4020
4021
4022
4023
4024
4025
4026
4027
4028
4029
4030
4031
4032
4033
4034
4035
4036
4037
4038
4039
4040
4041
4042
4043
4044
4045
4046
4047
4048
4049
4050
4051
4052
4053
4054
4055
4056
4057
4058
4059
4060
4061
4062
4063
4064
4065
4066
4067
4068
4069
4070
4071
4072
4073
4074
4075
4076
4077
4078
4079
4080
4081
4082
4083
4084
4085
4086
4087
4088
4089
4090
4091
4092
4093
4094
4095
4096
4097
4098
4099
4100
4101
4102
4103
4104
4105
4106
4107
4108
4109
4110
4111
4112
4113
4114
4115
4116
4117
4118
4119
4120
4121
4122
4123
4124
4125
4126
4127
4128
58
120
4131
4132
4133
4134
4135
4136
4137
4138
4139
4140
4141
4142
4143
4144
4145
4146
4147
4148
4149
4150
4151
4152
4153
4154
4155
4156
4157
4158
4159
4160
4161
4162
4163
4164
4165
4166
4167
4168
4169
4170
4171
4172
4173
4174
4175
4176
4177
4178
4179
4180
4181
4182
4183
4184
4185
4186
4187
4188
4189
4190
4191
4192
4193
4194
4195
4196
4197
4198
4199
4200
4201
4202
4203
4204
4205
4206
4207
4208
4209
4210
4211
4212
4213
4214
4215
4216
4217
4218
4219
4220
4221
4222
4223
4224
4225
4226
4227
4228
4229
4230
4231
4232
4233
4234
4235
4236
4237
4238
4239
4240
4241
4242
4243
4244
4245
4246
4247
4248
4249
4250
4251
4252
4253
4254
4255
4256
4257
4258
4259
4260
4261
4262
4263
4264
4265
4266
4267
4268
4269
4270
4271
4272
4273
4274
4275
4276
4277
4278
4279
4280
4281
4282
4283
4284
4285
4286
4287
4288
4289
4290
4291
4292
4293
4294
4295
4296
4297
4298
4299
4300
4301
4302
4303
4304
4305
4306
4307
4308
4309
4310
4311
4312
4313
4314
4315
4316
4317
4318
4319
4320
4321
4322
4323
4324
4325
4326
4327
4328
4329
4330
4331
4332
4333
4334
4335
4336
4337
4338
4339
4340
4341
4342
4343
4344
4345
4346
4347
4348
4349
4350
4351
4352
4353
4354
4355
4356
4357
4358
4359
4360
4361
4362
4363
4364
4365
4366
3985
4368
4369
939
3062
942
963
3148
3148
819
2848
2851
3803
3844
2833
3653
822
4384
2946
4386
4387
4388
4389
4390
2139
2149
4393
3557
4395
4396
4397
4398
4399
4400
2133
1846
3093
1846
3415
4406
4407
4408
4409
4410
4411
4412
4413
4414
4415
4416
4417
4418
4419
4420
4421
4422
4423
4424
4425
4426
4427
4428
4429
4430
4431
4432
4434
4434
4435
4436
4437
4438
4439
4440
4441
4442
4443
4444
4449
4446
4445
4448
4449
4450
4451
4452
4453
4454
4455
4456
4457
4458
4459
4460
4461
4462
4463
4464
4465
4466
4467
4468
4469
4470
4471
4472
4473
4474
4475
4476
4477
4478
4479
4480
4484
4481
1320
4494
4495
4489
4486
1323
5497
4491
4543
4490
1318
4497
1325
518
4498
4498
4499
4500
4501
4502
4503
4504
4505
4506
4507
4508
4509
4510
4511
4512
4513
4514
4515
4516
4517
4518
4519
4520
4521
4522
4523
4524
4525
4526
4527
4528
4529
4530
4531
4532
4533
4534
4535
4536
4537
4538
1315
4540
4542
4544
4541
4544
4548
4546
4547
5711
624
4550
4551
4552
4553
4554
4555
4556
4557
4558
4559
4560
4561
4562
2537
2541
4564
4566
6124
1685
6124
6124
4573
4573
2588
4571
4575
4576
4576
4578
4579
4580
4581
4582
4583
4584
4585
4586
4587
4589
5521
4590
4591
1371
4595
1376
5501
1377
4593
4641
5543
1397
5333
4603
5161
1381
4602
4606
4607
4608
5400
1385
4626
5397
691
4616
1369
4616
4617
4614
4619
4620
5396
5398
2566
1388
5526
5401
4627
4628
4627
4630
4635
1370
1392
1392
5535
1395
4638
5498
1395
4639
4869
4870
2429
2398
2563
2564
2565
1394
4637
4651
5499
4654
4652
5507
5321
4655
1403
5322
4659
4660
4661
4662
4663
4664
4665
4666
4667
4668
4669
4699
4671
4672
4673
1401
4675
4676
4677
4678
4679
4680
4681
4682
4683
4684
4685
4686
5386
4688
4689
4690
4691
4692
4693
4694
4695
4696
4697
4698
4700
5244
4701
1425
5264
1428
5264
4709
4706
680
5351
681
5260
5262
5261
5263
5260
5880
5242
4718
5880
4720
4721
4722
5241
4724
5241
5211
4727
4727
4729
5209
4731
5209
2197
217
531
215
216
258
260
4736
264
2387
4737
4738
4740
4746
4747
4748
1447
4755
4749
4752
280
177
281
178
4757
4758
4759
4760
4762
5256
1452
4761
4765
4766
4767
4768
4769
4770
4771
4772
4773
4776
4783
4839
540
4775
4811
2224
4811
4813
196
4787
196
196
4787
4786
1468
4810
2206
4791
1464
2394
1457
1458
4778
4800
4798
5212
2393
2391
4797
4811
329
2224
272
699
272
272
329
337
320
275
274
272
545
4810
5319
5319
284
1478
4823
5511
5510
1329
4828
4828
4829
4829
4831
4832
2215
4777
542
536
2200
1459
4840
4841
4830
4842
1483
4941
2429
1483
2246
2246
4849
4850
4851
4849
4856
4855
1489
5185
1485
4855
4872
1503
4853
4852
4852
4857
4862
4857
1486
4863
6149
4875
4874
4873
1494
1502
1493
4942
2247
2249
2246
2247
4844
4844
4940
4844
4931
1513
4957
4958
1513
4938
4958
1504
4899
1501
6120
4910
4911
4909
1507
4939
2247
2247
5730
5729
4907
5182
4976
4907
4913
4937
4913
4653
4912
1396
1486
5188
1390
4897
4898
4918
5183
4893
1494
5184
6151
5182
5182
4942
4890
4942
1512
4956
4936
1512
4914
4914
4914
1508
4912
1514
1514
6151
2247
2247
2247
2247
2246
622
1519
1520
4978
4951
5184
6151
1396
4640
4933
4935
1393
1393
4952
4941
4952
4965
4968
1520
1521
4908
4979
4972
4980
4979
5731
5731
6206
4977
4977
1529
4981
1531
5189
1529
1529
4983
2572
2574
4988
4988
4989
4990
4991
4992
4993
4994
4995
4996
4997
4998
4999
5000
5001
5002
5003
5004
5005
5006
5007
5008
5009
5010
5011
5012
5013
5014
5015
5016
5017
5018
5019
5020
5021
5022
5023
5024
5025
5026
5027
5028
5029
5030
5031
5032
5033
5034
5035
5036
5037
5038
5039
5040
5041
5042
5043
5044
5045
5046
5047
5048
5049
5050
5051
5052
5053
5053
5055
5056
5057
5058
5059
5060
5061
5062
5063
5064
5065
5066
5067
5068
5069
5070
5071
5072
5073
5074
5075
5076
5077
5078
5079
5080
5081
5082
5083
5084
5085
5086
5087
5088
5089
5090
5091
5092
5093
5094
5095
5096
5097
5098
5099
5100
5101
5102
5103
5104
5105
5106
5107
5108
5109
5110
5111
5112
5113
5114
5115
5116
5117
5118
5119
5120
5121
5122
5123
5124
5125
5126
5127
5128
5129
5130
5131
5132
5133
5134
5135
5136
5137
5138
5139
5140
5141
5142
5143
5144
5145
5146
5147
5148
5149
5150
5151
5152
5153
5154
5157
5155
5166
1580
5156
5159
4582
5162
5162
5164
5165
5166
5167
5168
5169
5170
5171
5172
4683
1417
1416
5178
1583
5528
4905
5182
5181
5182
5183
5182
5185
4920
4919
4851
5189
5190
5191
5192
5193
5194
5195
5196
5197
5198
5199
5200
5201
5202
5203
5204
4799
5206
1462
5208
5209
5210
5211
297
5213
5214
5215
5216
5217
5218
5219
5220
5221
5222
5223
5224
5225
5226
5227
5228
5229
5230
5231
5232
5233
5234
5235
1410
2364
1595
1596
5240
5241
5242
5243
5246
1598
5247
5247
5248
5249
5250
5251
5252
5261
5253
1476
5258
2373
5254
5254
287
290
289
285
4764
1603
5266
5267
5268
5269
5270
5271
5272
6131
5274
5275
5276
5277
5278
5279
5280
5281
5282
5283
5284
5285
5286
5287
5288
5289
5290
5291
5292
5293
5294
5295
5296
5297
5298
5299
5300
5301
5302
5303
5304
5305
5306
5307
5308
5309
5310
5311
5312
5313
5314
5315
5316
5317
2370
283
283
5322
5324
1429
2376
5325
1292
5327
5328
5487
4629
1389
1390
2254
2255
6125
5340
1623
5336
5330
5421
4643
4600
4568
1685
5345
5346
5347
5348
5349
5350
5352
1448
1442
5354
5355
5356
5357
5358
5359
5360
5361
5362
5363
5364
5365
5366
5367
5368
5369
5370
5371
5372
5373
5374
5377
5376
5378
4751
5379
5380
5381
5382
1635
1360
5392
5385
4565
5388
5389
5390
5391
5561
5393
4609
1384
1638
5398
5568
1638
1637
5571
5402
5403
5418
5405
5406
4618
5408
1382
5410
5411
5412
5413
5335
1380
1622
1626
4601
5420
5343
5163
5422
5423
1642
5425
5426
5427
5428
2433
519
5429
4546
1350
5434
5435
5436
5437
5438
5439
5440
5441
5442
5443
5444
4815
4541
5450
1648
5447
5592
5452
5452
1375
5451
5455
5456
5457
5449
5459
4482
1319
5460
5463
5464
5465
5466
5467
5468
5469
5470
5471
5472
5473
5474
5475
5477
5573
5478
5476
5480
5481
5482
5483
5484
5485
4539
5629
5488
5489
5490
5491
5492
5493
5494
5495
5496
2178
5462
1650
1324
5464
2225
2225
5504
5505
5506
4492
5512
606
5508
1655
606
4818
270
1480
2396
1481
1583
5519
5520
5521
5522
5523
5524
4577
4572
5527
4684
5530
5532
263
5533
5534
4792
5535
1657
5537
5552
5551
2429
1687
5727
2398
2399
1658
5547
1516
5548
5338
5550
1625
5559
1483
5749
4963
1525
5557
5558
4917
4867
4647
1399
5563
5564
5565
5566
5567
696
5569
696
4574
1363
5574
5575
5575
5576
5577
5578
5579
5580
5581
5582
5583
5584
5587
1665
5705
5585
5591
5589
5698
5454
1649
5594
5595
5596
5597
5709
4597
1378
5599
5714
6122
5604
5605
5606
5607
5608
5609
5610
5611
5612
5613
5614
5615
5616
5617
5618
5619
5620
5621
5622
5623
5624
5625
5626
5627
5628
5629
5630
5631
5632
5633
5634
5635
5636
5637
5638
5639
5640
5641
5642
5643
5644
5645
5646
5647
5648
5649
5650
5651
5652
5653
5654
5655
5656
5657
5658
5659
5660
5661
5662
5663
5664
5665
5666
5667
5668
5669
5670
5671
5672
5673
5674
5675
5676
5677
5678
5679
5680
5681
5682
5683
5684
5685
5686
5687
5688
5689
5690
5691
5692
5693
5694
5695
5696
5697
5701
1683
5700
5732
5702
5703
5704
5706
6113
5707
5708
4597
4596
5711
6122
6123
4650
6123
4960
5717
5719
5431
4889
4889
1483
4941
1483
2429
5730
5730
5750
1689
5751
4648
4447
5733
1302
5735
5736
5737
5738
5739
5740
5741
5740
5743
5744
5745
1514
1514
1522
4984
1532
1532
5752
5753
5754
5755
5756
5757
5758
5759
5760
5761
5762
5763
5764
5765
5766
5767
5768
5769
5770
5771
5772
5773
5774
5775
5776
5777
5778
5779
5780
5781
5782
5783
5784
5785
5786
5787
5788
5789
5790
5791
5792
5793
5794
5795
5796
5797
5798
5799
5800
5801
5802
5803
5804
5805
5806
5807
5808
5809
5810
5811
5812
5813
5814
5815
5816
5817
5818
5819
5820
5821
5822
5823
5824
5825
5826
5827
5828
5829
5830
5831
5832
5833
5834
5835
5836
5837
5838
5839
5840
5841
5842
5843
5844
5845
5846
5847
5848
5849
5850
5851
5852
5853
5854
5855
5856
5857
5858
5859
5860
5861
5862
5863
5864
5865
5866
5867
5868
5869
5870
5871
5872
5873
5874
5875
5876
5877
5878
5879
5880
291
5882
5883
5884
5885
5886
5887
5888
5889
5890
5891
5892
5893
5894
5895
5896
5897
5898
5899
5900
5901
5902
5903
5904
5905
5906
5907
5908
5909
5910
5911
5912
5913
5914
5915
5916
5917
5918
5919
5920
5921
5922
5923
5924
5925
5926
5927
5928
5929
5930
5931
5932
5933
5934
5935
5936
5937
5938
5939
5940
5941
5942
5943
5944
5945
5946
5947
5948
5949
5950
5951
5952
5953
5954
5955
5956
5957
5958
5959
5960
5961
5962
5963
5964
5965
5966
5967
5968
5969
5970
5971
5972
5973
5974
5975
5976
5977
5978
5979
5980
5981
5982
5983
5984
5985
5986
5987
5988
5989
5990
5991
5992
5993
5994
5995
5996
5997
5998
5999
6000
6001
6002
6003
6004
6005
6006
6007
6008
6009
6010
6011
6012
6013
6014
6015
6016
6017
6018
6019
6020
6021
6022
6023
6024
6025
6026
6027
6028
6029
6030
6031
6032
6033
6034
6035
6036
6037
6038
6039
6040
6041
6042
6043
6044
6045
6046
6047
6048
6049
6050
6051
6052
6053
6054
6055
6056
6057
6058
6059
6060
6061
6062
6063
6064
6065
6066
6067
6068
6069
6070
6071
6072
6073
6074
6075
6076
6077
6078
6079
6080
6081
6082
6083
6084
6085
6086
6087
6088
6089
6090
6091
6092
6093
6094
6095
6096
6097
6098
6099
6100
6101
6102
6103
6104
6105
6106
6107
6108
6109
6110
6111
6112
5742
6114
6115
4857
4854
4860
1507
4937
1508
1377
4649
4649
4865
5600
4634
5416
1380
6130
4743
6132
6133
6134
6135
5503
2546
527
6139
5319
698
6142
6143
6144
6145
6146
4587
2246
1499
2246
5184
6152
6153
6154
6155
6156
6157
6158
6159
4378
2247
6162
6163
6164
6165
6166
6167
6168
6169
6170
6171
6172
6173
6174
6175
6176
6177
6178
6179
6180
6181
6182
6183
2176
2576
6186
6187
6188
6189
6190
6191
1530
6193
6194
6195
6196
6204
6198
6199
6200
6201
6202
6203
6204
6205
6206
6207
6208
6210
6210
6212
6212
6213
6214
6215
6216
6217
6218
6219
6220
6221
6222
6223
6224
6225
6226
6227
6228
6229
6230
6231
6232
6233
6234
6235
6236
6237
6204
6239
6240
6241
6242
6243
6244
6245
6246
6247
6248
6249
6250
6251
6252
6253
6254
6255
6256
6257
6258
6259
6260
6261
6262
6263
6264
6265
6266
6267
6268
6269
6291
6271
6272
6289
6290
6275
6276
6277
6278
6279
6280
6281
6282
6283
6284
6285
6286
6287
6288
6272
6271
6269
