0
1
2
3
4
5
6
2955
8
9
10
11
12
13
14
15
16
17
18
19
20
21
93
1822
2155
25
143
27
28
29
30
31
32
33
34
35
36
37
38
39
40
41
42
43
44
45
46
47
48
49
50
51
52
53
54
55
56
57
58
59
60
61
62
63
64
65
66
67
68
69
70
71
72
73
74
75
76
77
78
79
80
81
82
83
84
85
86
87
88
89
90
91
92
921
94
95
96
923
98
99
100
101
102
103
104
105
106
107
2956
109
110
2954
112
113
114
115
116
117
118
119
120
878
122
123
124
125
126
127
128
129
130
131
132
133
134
135
136
137
138
139
140
141
142
143
144
145
146
147
148
149
150
151
152
153
154
155
156
157
158
159
160
161
162
163
164
165
3014
167
168
169
170
171
172
173
174
175
176
177
178
179
180
181
182
183
184
185
186
187
188
189
190
191
192
193
194
195
196
314
198
200
200
201
202
203
204
205
206
207
208
209
210
211
212
213
214
215
216
217
218
219
220
221
222
223
224
225
226
227
228
229
230
231
232
233
234
235
236
237
238
239
240
241
242
243
244
245
246
247
248
249
250
251
252
253
254
255
256
257
258
259
260
261
262
263
264
265
266
267
268
269
270
271
272
273
274
275
276
277
176
4756
280
281
200
283
284
285
286
287
288
289
290
291
292
293
294
295
296
297
298
299
300
301
302
303
304
305
306
307
308
309
310
311
312
313
314
315
316
317
318
319
320
321
322
323
324
325
326
327
328
329
330
331
332
333
334
335
336
337
338
339
340
341
1782
343
1783
345
346
347
348
349
350
2950
21
1801
20
2934
356
2883
1803
1805
1807
3036
351
363
3034
365
1973
1975
25
440
1847
3088
440
1989
1847
1832
2013
1837
1847
2851
4378
381
382
1848
2017
27
143
387
388
389
390
391
392
393
394
395
396
397
398
399
400
401
402
403
404
405
1912
1914
408
409
410
411
412
413
414
415
416
417
418
419
420
1963
901
423
1965
3900
426
2977
1986
3048
430
1993
432
433
434
435
436
437
438
439
1846
440
1845
380
3142
3172
2020
447
448
449
450
451
452
453
454
455
456
457
458
459
460
461
462
463
464
465
466
467
468
469
470
471
472
473
474
475
476
477
478
479
480
481
482
483
484
485
486
487
488
489
490
491
492
493
494
495
496
497
2760
4401
2134
501
502
503
504
505
2147
2585
4395
509
3813
2160
512
513
514
515
1164
2011
2180
2179
520
521
522
523
524
525
2192
2371
2211
192
191
531
532
533
4685
2199
2201
2203
4835
539
2213
4829
4832
1458
2386
196
618
2250
2431
619
5544
2250
5543
2238
2420
2250
4648
6124
558
559
2249
2249
198
563
564
565
566
567
568
569
570
571
572
573
574
575
576
577
578
579
580
581
582
583
584
585
586
587
588
589
590
591
592
593
594
595
596
597
598
599
600
601
5257
603
604
605
2397
1498
608
609
610
611
612
613
614
615
616
617
2247
2247
2250
557
4959
4932
2434
625
626
627
628
629
630
631
632
633
634
635
636
637
638
639
640
641
642
643
644
645
646
647
648
649
650
651
652
653
654
655
656
657
658
659
660
661
662
663
664
665
666
667
668
669
670
671
672
673
674
675
676
677
678
679
680
681
682
683
684
2554
2579
2551
688
689
2564
2566
692
693
1685
2422
696
2583
2588
4786
700
701
2596
3874
2598
705
706
707
708
709
710
711
712
713
714
715
716
2623
2621
3856
3870
721
722
723
724
725
726
727
728
2638
730
731
732
733
734
735
736
737
738
739
740
741
742
743
744
745
2666
3728
2670
750
2689
2688
751
3670
2679
2682
2684
787
2691
2728
760
761
762
763
764
765
766
767
768
769
770
771
772
773
774
4527
776
777
778
3535
780
781
2753
2752
2730
785
3662
2737
2740
2742
790
791
792
793
794
795
2754
797
798
799
800
801
1164
3815
3768
2772
2785
2784
3762
2778
2777
2818
2835
3377
814
815
3766
3961
2791
2794
3704
2798
3572
2803
2814
2816
2780
827
828
829
830
507
2823
836
3571
3647
823
837
838
3741
3740
3740
3741
1854
1829
845
2849
3749
3749
849
850
851
852
853
854
855
856
857
858
859
860
861
862
863
2885
865
866
867
868
869
870
871
872
873
874
875
876
877
3492
3473
3473
31
2948
2947
2932
2999
886
887
1984
1807
3004
3592
29
893
11
118
114
892
29
28
900
901
2965
903
904
905
906
2977
908
1809
1984
4267
3441
913
3013
915
916
51
918
2989
2156
93
2155
1822
30
925
3761
3753
928
929
3037
3040
932
933
3088
3124
3569
833
3423
943
3052
3060
4371
966
1852
955
3152
2013
3048
3143
3141
3147
3146
963
3093
3102
965
964
962
1848
3137
3136
3121
3119
2838
848
3570
3104
955
967
3152
2840
3168
970
3167
975
976
4378
3190
3192
3136
981
3198
983
2175
985
986
3187
2793
989
990
991
2171
993
994
995
996
997
998
999
1000
1001
1002
1003
1004
1005
1006
1007
1008
1009
1010
1011
1012
2085
1014
1015
1016
1017
3919
1019
1020
1021
1022
1023
1024
1025
4237
1027
1028
1029
1030
1031
1032
1033
1034
1035
1036
1037
1038
1039
1040
1041
1042
1043
1044
1045
1046
3393
3395
1049
1050
1051
1052
1053
1054
1055
5175
5173
3406
5176
3137
1061
967
3054
6204
1065
1066
1067
33
3466
1070
1071
1072
10
3474
1075
3474
902
32
1079
1080
3556
3556
31
1084
1085
1086
1087
1088
1089
1090
1091
1092
1093
3985
1095
1096
1097
1098
1099
1100
3576
1102
3801
3578
3791
1106
1107
1108
3880
1110
1111
1112
1113
1114
3876
1116
3636
3638
1119
1120
1121
3837
1123
3673
1125
1126
1127
3838
3693
3702
1131
1132
1133
1134
3751
1136
3966
1138
1139
1140
1141
1142
1143
1144
1145
1146
3953
1148
1149
1150
1151
1152
1153
1154
1155
1156
1157
1158
1159
1160
1161
1162
1163
4376
933
3975
1167
2849
1169
1170
1171
1172
1173
1174
1175
1176
1177
1178
1179
1180
1181
1182
1183
1184
1185
1186
1187
1188
1189
1190
1191
1192
1193
1194
1195
1196
1197
1198
1199
1200
1201
1202
1203
1204
1205
1206
1207
1208
1209
1210
1211
1212
1213
1214
1215
1216
1217
1218
1219
1220
1221
1222
1223
1224
1225
1226
1227
1228
1229
1230
1231
1232
1233
1234
1235
1236
1237
1238
1239
1240
1241
1242
1243
1244
1245
1246
1247
1248
1249
1250
1251
1252
1253
1254
1255
1256
1257
1258
1259
1260
1261
1262
1263
1264
1265
1266
1267
1268
1269
1270
1271
1272
1273
1274
1275
1276
1277
1278
1279
1280
1281
1282
1283
1284
1285
1286
1287
1288
1289
1290
1291
1292
1293
1294
1295
1296
1297
1298
1299
1300
4446
1302
1303
1304
1305
1306
1307
1308
1309
1310
1311
1312
1313
1314
1315
1316
1317
1321
4483
4496
4495
4488
5430
4493
4500
4535
1327
1328
1329
1330
1331
1332
1333
1334
1335
1336
1337
1338
1339
1340
4607
1342
1343
1344
4531
5297
4557
1348
1349
4549
1351
1352
1353
1354
1355
1356
1357
1358
1359
1360
1361
5713
1363
1364
4576
1366
1367
5153
4581
1370
1371
1372
1373
1374
1375
5465
4595
4593
4600
5333
1369
1381
1383
4613
1385
4621
4617
1388
1382
1389
1391
1392
1394
5499
5500
1395
2253
2234
4646
4651
1401
1402
1403
1404
1405
1406
1407
1408
5224
1410
1411
5204
1586
4679
1415
4682
4683
1418
1419
1420
1421
1422
1423
1424
1425
4701
4671
4704
1429
1595
1595
203
1596
4747
1435
1436
1437
1438
2391
5515
4802
1442
1443
182
289
4714
200
200
281
1450
1451
1452
1453
1454
1455
4776
4778
1457
2205
1460
4797
1462
5206
1464
1465
2209
320
4775
4787
4790
221
314
193
195
194
201
1477
5510
1479
4833
4837
1482
1483
2431
4916
4629
4864
1488
4852
6117
1509
2255
4895
5184
2421
2430
4886
2248
4933
1513
1507
4899
4890
1508
2249
4927
4914
4639
5332
1502
4895
4637
4956
4954
4954
1516
1517
6124
4978
4927
1521
4984
1523
1524
1525
1526
4597
4596
1529
1530
1531
1532
1533
1534
1535
1536
1537
1538
1539
1540
1541
1542
1543
1544
1545
1546
1547
1548
1549
1550
1551
1552
1553
1554
1555
1556
1557
1558
1559
1560
1561
1562
1563
1564
1565
1566
1567
1568
1569
1570
1571
1572
1573
1574
1575
1576
1577
1578
1579
5168
1581
1582
5178
1584
5197
5201
204
1588
1589
1590
1591
181
1593
1594
5238
5239
203
1598
1599
602
2373
202
1603
1604
1605
1606
1607
1608
1609
1610
1611
1612
5742
1614
1615
1616
1617
1618
1619
1620
5340
6125
5408
5550
5338
1626
1627
1628
1629
1630
1631
1632
1633
1634
1635
1636
1637
1638
1639
1640
1641
1642
1643
5433
1645
1646
1647
1648
1649
5461
1651
1652
1653
1654
5512
1461
1657
5722
1659
1660
1661
1662
1663
1664
1665
1666
1667
5710
1669
1670
1671
1672
1673
1674
1675
1676
1677
1678
1679
1680
1681
1682
1683
1684
6122
1496
5730
1688
4651
1690
1691
1692
1693
1694
1695
1696
1697
1698
1699
1700
1701
1702
1703
1704
1705
1706
1707
1708
1709
1710
1711
1712
1713
1714
1715
1716
1717
1718
1719
1720
1721
1722
1723
1724
1725
1726
1727
1728
1729
1730
1731
1732
1733
1734
1735
1736
1737
1738
1739
1740
1741
1742
1743
1744
1745
1746
1747
1748
1749
1750
1751
1752
1753
1754
1755
1756
1757
1758
1759
1760
1761
1762
1763
1764
1765
1766
1767
1768
1769
1770
1771
1772
1773
1774
1775
1776
1777
1778
1779
1780
1782
2692
343
1781
1785
1786
1787
1788
1789
1790
1791
1792
1793
1794
1795
1796
355
1801
86
2934
355
357
1803
1802
357
1810
361
1806
358
3201
3015
3015
3013
1814
2151
1818
1816
1818
1819
367
1820
921
1978
1973
1847
440
1847
440
3088
440
440
1833
3088
440
440
440
3160
442
3959
3083
380
1847
3958
3960
3173
846
4378
3173
2851
1851
1851
382
1850
1854
440
440
440
2017
1859
1860
1861
1859
1863
1864
1865
1866
1867
1868
1869
1870
1871
1872
1873
1874
1875
1876
1877
1878
1879
1880
1881
1882
1883
1884
1885
1886
1887
1888
1889
1890
1891
1892
1893
1894
1895
1896
1897
1898
1899
1900
1901
1902
1903
1904
1905
1906
1907
1908
1910
1910
1911
1909
1912
1913
1912
1917
1920
1918
1919
1922
1921
3337
1923
1924
1925
1926
1927
1928
1929
1930
1931
1932
1933
1934
1935
1936
1937
1938
1939
1940
1941
1942
1943
1944
1945
3476
3476
3492
902
3473
1952
1952
1951
421
1962
3494
421
29
1959
1960
1961
1959
502
1967
423
1964
1967
160
1969
1970
142
1972
2997
3755
888
2996
353
1978
89
1983
1980
890
3002
889
357
357
1985
950
1989
1988
1991
1992
1993
1994
1992
1996
1997
1998
1999
2000
2001
2002
2003
2004
2005
2006
2007
2008
2009
440
440
440
1846
440
1847
379
379
3172
1953
420
1953
2022
2023
2024
2025
2026
2027
2028
2029
2030
2031
2032
2033
2034
2035
2036
2037
2038
2039
2040
6156
2042
2043
2040
2045
2046
2047
2048
2049
2050
2051
2052
2053
2054
2055
2056
2057
2058
2059
2060
2061
2062
2063
2064
2065
2066
2067
2068
2069
2070
2071
2072
2073
2074
2075
2076
2077
2079
3928
2080
2081
2082
2083
2084
2085
2086
2087
2088
2089
2090
2091
2092
2093
2094
2095
2096
2097
2098
2099
2100
2101
2102
2103
2104
2105
2106
2107
2108
2109
2110
2111
2112
2113
2114
2115
2116
2117
2118
2119
2120
2121
2122
2123
2124
2125
2126
2127
2130
2129
2130
2130
498
2131
2763
2132
2136
2137
2138
2139
2140
506
506
2144
2770
2148
2148
510
3811
899
106
2952
892
1821
2153
923
1974
2157
2157
2159
2160
2161
2162
2163
2164
2165
2166
2167
2168
987
2172
987
818
2174
4402
983
517
520
2177
520
4499
2181
2182
2183
2184
2185
2186
2187
2191
2188
2190
2191
1582
2196
257
531
2196
532
534
534
2201
4988
2204
538
4987
536
2202
2210
2207
320
2210
539
2214
541
4831
2214
2383
266
2384
2385
2386
331
268
315
210
5502
2250
2250
2250
557
2233
618
618
4885
2233
2421
2250
2421
4947
4643
2426
619
557
557
5715
2250
4960
1400
4649
4960
6124
2252
2252
559
2251
558
618
2249
618
618
2260
2261
2262
2263
2264
2265
2266
2267
2268
2269
2270
2271
2272
2273
2274
2275
2276
2277
2278
2279
2280
2281
2282
2283
2284
2285
2286
2287
2288
2289
2290
2291
2292
2293
2294
2295
2296
2297
2298
2299
2300
2301
2302
2303
2304
2305
2306
2307
2308
2309
2310
2311
2312
2313
2314
2315
2316
2317
2318
2319
2320
2321
2322
2323
2324
2325
2326
2327
2328
2329
2330
2331
2332
2333
2334
2335
2336
2337
2338
2339
2340
2341
2342
2343
2344
2345
2346
2347
2348
2349
2350
2351
2352
2353
2354
2355
2356
2357
2358
2359
2360
5237
2364
1596
5237
5238
2368
2368
5298
2370
5318
1619
2370
5257
2374
2375
2376
2377
2378
2379
2380
2381
2382
5513
1457
4796
1656
4741
4741
262
2394
1441
2390
5515
4803
534
2395
534
2398
2399
2400
2429
2402
2403
2404
2405
2406
2407
2408
2409
2410
2411
2412
2413
2414
2415
2416
2417
2418
2419
618
2247
618
618
2250
557
2250
2250
2250
4960
4959
556
2367
2367
601
2435
2436
2437
2438
2439
2440
2441
2442
2443
2444
2445
2446
2447
2448
2449
2450
2451
2452
2453
2454
2455
2456
2457
2458
2459
2460
2461
2462
2463
2464
2465
2466
2467
2468
2469
2470
2471
2472
2473
2474
2475
2476
2477
2478
2479
2480
2481
2482
2483
2484
2485
2486
2487
2488
2489
2490
2491
2492
2493
2494
2495
2496
2497
2498
2499
2500
2501
2502
2503
2504
2505
2506
2507
2508
2509
2510
2511
2512
2513
2514
2515
2516
2517
2518
2519
2520
2521
2522
2523
2524
2525
2526
2527
2528
2529
2530
2531
2532
2533
2534
2535
2535
2537
2538
2542
2540
2541
2542
2546
2544
2545
2546
2547
2552
2552
2549
685
2552
2553
688
2557
2557
2557
199
2384
270
2562
1458
689
2564
2563
689
2567
2568
2569
2570
1527
1378
1527
2572
2578
695
2577
5542
2580
5567
2581
2146
509
2146
2146
2582
2550
686
2587
2590
2591
2592
2593
2594
2597
703
3899
2598
2595
2600
2601
2602
2603
2604
2605
2606
2607
2608
2609
2610
2611
2612
2613
2614
2615
2616
2617
2618
2622
2619
719
3868
720
2624
2625
2626
2627
2628
2629
2630
2631
2632
2633
2634
2634
2636
2637
732
2639
2640
2641
2642
2643
2644
2645
2646
2647
2648
2649
2650
2651
2652
2653
2654
2655
2656
2657
2658
2659
2660
2661
2662
2663
2667
2664
747
3873
2669
4368
431
2668
2686
2689
2686
2688
2674
2678
3738
753
2677
3685
2673
2681
3686
2736
2687
2690
342
758
2692
759
2692
2693
2694
2695
2696
2697
2698
2699
2700
2701
2702
2703
2704
2705
2706
2707
2708
2709
2710
2711
2712
2713
2714
2715
2716
2717
2718
2719
2720
2721
2722
779
2724
2725
2727
2751
783
2726
782
2733
786
3727
2731
2738
2735
788
2739
2729
784
2743
446
3954
2744
2745
2746
2747
2748
2749
2750
2754
729
796
729
2755
2756
2757
2758
2759
2760
2761
2762
2762
3958
380
3960
3957
2769
3814
2768
3816
807
2774
2782
3769
4395
808
3375
2778
2781
2819
2783
4401
2783
812
2786
2787
2788
816
3764
2795
2795
2794
820
3961
2798
2798
2844
2796
2817
825
2813
811
3384
2805
2806
2807
2808
829
2810
2811
2812
2586
507
2142
2586
2818
697
2583
2820
2821
2822
2823
2824
2135
3386
2829
3660
2801
3388
2831
2832
2833
2834
496
3739
3739
3740
3739
3741
373
373
1832
3787
2845
2846
2847
3742
3742
3742
2849
3748
3749
3748
3748
2856
2857
2858
2859
2860
2861
2862
2863
2864
2865
2866
2867
2868
2869
2870
2871
2872
2873
2874
2875
2876
2877
2878
2879
2880
2881
2886
863
2882
865
2886
2887
2888
2889
2890
2891
2892
2893
2894
2895
2896
2897
2898
2899
2900
2901
2902
2903
2904
2905
2906
2907
2908
2907
2910
2911
116
114
117
118
116
120
1077
122
58
3476
3473
31
123
1076
125
62
1076
2948
3475
2926
883
2931
66
2933
884
2937
2945
2945
2940
2999
2942
2943
2944
3000
2946
3475
1074
4267
891
3592
891
2950
899
110
109
106
2958
2959
2960
2961
2962
2963
2964
2965
2966
2967
2968
2969
2970
2971
2972
2973
2974
2978
2975
930
2978
2979
2980
2981
2982
2983
2984
2985
2986
2987
2976
2976
2977
907
2992
2993
2994
2995
2998
2996
3037
911
3444
2949
360
1807
3004
3007
3006
41
3008
920
2991
3011
154
151
42
3016
105
2154
101
427
112
113
112
3023
926
3760
927
3027
3028
3029
3030
3031
3032
3033
3034
1817
364
3035
1804
3038
359
3041
3042
3043
3044
3045
3046
2017
933
440
440
3422
3124
2827
3423
3422
3065
3067
936
3057
939
3062
4370
3063
942
3122
3071
3123
3070
3068
3802
3570
3072
4372
3076
3075
4405
946
3079
3151
2013
2013
442
3161
1989
3045
3048
445
379
1849
3142
3144
3144
3145
971
4374
963
4375
3096
957
3149
3120
3148
3116
3150
1847
440
3188
3971
3110
3135
961
3189
960
3120
965
3118
964
2854
841
2854
848
3570
3569
3569
3114
3115
3100
3127
3099
3127
3126
3095
3152
3098
3128
3129
3131
3151
3151
3171
839
2840
3169
839
2837
2836
3168
840
2852
2853
3153
973
3153
380
1847
2013
1847
440
1847
440
1848
3163
3134
974
3196
3132
973
2839
842
3169
3146
842
2848
3174
3167
3176
3177
3163
961
3180
3134
3182
3183
3184
3185
988
988
4376
3191
991
3191
1530
3193
3194
3195
3197
3197
990
516
3199
3202
3720
3203
3204
3205
3206
3207
3208
3209
3210
3211
3212
3213
3214
3215
3216
3217
3218
3219
3220
3221
3222
3223
3224
3225
3226
3227
3228
3229
3230
3231
3232
3233
3234
3235
3236
3238
3239
3239
3240
3241
3242
3243
3244
3245
3246
3247
3248
3249
3250
3251
3252
3253
3254
3255
3256
4198
3258
3259
3260
3261
3262
3263
3264
3265
3266
3267
3268
3269
3270
3271
3272
3273
3274
3275
3276
3277
3278
3279
3280
3281
3282
3283
3284
3285
3286
3287
3288
3289
3290
3291
3292
3293
3294
3295
3296
3297
3298
3299
3300
3301
3302
3303
3304
3305
3306
3307
3308
3309
3310
3311
3312
3313
3314
3315
3316
3317
3318
3319
3320
3321
3322
3323
3324
3325
3326
3327
3328
3329
3330
3330
3332
3333
3334
3335
3336
1914
3338
3339
3340
3341
3342
3343
3344
3345
3346
3347
3348
3349
3350
3351
3352
3353
3354
3355
3356
3357
3358
3359
3360
3361
3362
3363
3364
3365
3366
3367
3368
3369
3370
3371
3372
3373
3374
3763
3378
1047
3392
1048
3380
3381
3382
3383
811
2780
2802
3646
2804
3389
3390
3391
3392
3393
3394
3395
3396
3397
3398
3399
3400
3402
3402
3401
1056
3403
864
3405
5174
3110
3410
3411
3135
3128
3131
3129
3127
3053
3051
937
3420
3421
2826
2830
3424
3425
3426
3427
3428
3429
3430
3431
3432
3433
3434
3435
3436
3437
3438
3439
3440
3444
1069
3441
3466
126
11
127
2949
3449
3450
3451
3452
3453
3454
3455
3456
3457
3458
3459
3460
3461
3462
3463
3464
3465
1074
3467
3468
3469
3470
3471
3472
902
902
3474
902
62
124
10
3480
3481
3482
3483
3484
3485
3486
3487
3488
3492
3556
3492
2963
2963
901
3492
116
114
118
117
3500
3501
3502
3503
3504
3505
3506
3507
3508
3509
3510
3511
3512
3513
3514
3515
3516
3517
3518
3519
3520
3521
3522
3523
3524
3525
3526
3527
3528
3529
3530
3531
3532
3533
3534
3535
3536
4367
3538
3539
3540
3541
3542
3543
3544
3545
3546
3547
3548
3549
3550
3551
3552
3553
3554
3555
1962
112
113
3559
3560
3561
3562
3563
3564
3568
3565
3567
3855
3571
1101
1103
3572
3573
3574
3579
3800
3575
1105
3800
2799
3846
3582
3583
3584
3585
3586
3587
3588
3589
2909
3590
501
3593
3594
3595
3596
3597
3598
3599
3600
3601
3602
3603
3604
3605
3606
3918
3608
1109
3610
3611
3612
3613
3614
3615
3616
3615
3618
3621
1115
3879
3622
3623
3624
3625
3626
3627
3628
3629
3630
3631
3632
3633
3634
2158
511
3635
3638
3639
3640
3641
3642
3643
3644
3645
2815
831
4393
3649
3650
3651
3652
822
3573
2797
3656
3657
3658
3659
3648
3664
3662
1122
3839
3665
3666
3667
2021
3668
344
3671
3671
3673
789
3675
3676
3677
3678
3679
3680
3681
3682
3683
3684
2735
2737
3688
3836
3689
1128
3691
3691
817
3694
3695
3696
3697
3698
3699
2676
3700
752
2680
754
3703
3706
3707
3708
3709
3710
3711
3712
3713
3714
3715
3716
3717
3718
3716
3721
3721
3722
3723
5483
3725
3726
3566
718
3729
3730
3731
3732
3733
3734
746
3736
3737
1784
3701
755
1130
3705
3743
3744
3745
3746
3747
2683
756
3754
428
3750
1058
3771
2996
1984
361
1987
3758
3407
1059
3763
3763
3765
3770
1132
2825
2825
3767
3770
2884
3752
1135
1980
3775
3776
3777
3778
3779
3780
3781
3782
934
934
3087
1833
843
3784
3789
3790
806
2773
3793
3794
3795
1165
1165
3798
3799
805
2143
3577
3803
3804
3805
3806
3807
3808
3809
3810
3812
3819
1117
3637
1118
832
3817
3817
3818
3820
3821
3822
3823
3824
3825
3826
3827
3828
3829
3830
3831
3832
3833
3834
3835
3692
1124
1129
3672
791
3841
3845
3842
1147
3952
3955
3955
3848
3849
3850
3851
3852
3853
2748
794
3854
3857
3858
3859
3860
3861
3862
3863
3864
3865
3875
3867
1149
3869
3870
3871
3872
2620
717
2665
702
3877
3878
2599
704
3881
3882
3883
3884
3885
3886
3887
3888
3889
3890
3891
3892
3893
3894
3895
3896
3897
3898
2671
748
3901
3902
3903
3904
3905
3906
3907
3908
3909
3910
3911
3912
3913
3914
3915
3916
3917
3920
1156
3920
3921
3922
3923
3924
3925
3926
3927
3928
3929
3930
3931
3932
3933
3934
3935
3936
3937
3938
3939
3940
3941
3942
3943
3944
3945
3946
3947
3948
3949
3950
3951
2792
818
3954
818
2793
3956
1164
1847
4377
3962
3963
3669
1849
3143
3045
2017
3046
933
1166
3975
3993
3974
819
1168
3976
3977
3978
3979
3980
3981
3982
3983
2638
732
3984
3987
3988
3989
3153
3153
3990
3994
3995
3995
3996
3997
3998
3999
4000
4001
4002
4003
4004
4005
4006
4007
4008
4009
4010
4011
4012
4013
4014
4015
4016
4017
4018
4019
4020
4021
4022
4023
4024
4025
4026
4027
4028
4029
4030
4031
4032
4033
4034
4035
4036
4037
4038
4039
4040
4041
4042
4043
4044
4045
4046
4047
4048
4049
4050
4051
4052
4053
4054
4055
4056
4057
4058
4059
4060
4061
4062
4063
4064
4065
4066
4067
4068
4069
4070
4071
4072
4073
4074
4075
4076
4077
4078
4079
4080
4081
4082
4083
4084
4085
4086
4087
4088
4089
4090
4091
4092
4093
4094
4095
4096
4097
4098
4099
4100
4101
4102
4103
4104
4105
4106
4107
4108
4109
4110
4111
4112
4113
4114
4115
4116
4117
4118
4119
4120
4121
4122
4123
4124
4125
4126
4127
4128
120
878
4131
4132
4133
4134
4135
4136
4137
4138
4139
4140
4141
4142
4143
4144
4145
4146
4147
4148
4149
4150
4151
4152
4153
4154
4155
4156
4157
4158
4159
4160
4161
4162
4163
4164
4165
4166
4167
4168
4169
4170
4171
4172
4173
4174
4175
4176
4177
4178
4179
4180
4181
4182
4183
4184
4185
4186
4187
4188
4189
4190
4191
4192
4193
4194
4195
4196
4197
4196
4199
4200
4201
4202
4203
4204
4205
4206
4207
4208
4209
4210
4211
4212
4213
4214
4215
4216
4217
4218
4219
4220
4221
4222
4223
4224
4225
4226
4227
4228
4229
4230
4231
4232
4233
4234
4235
4236
4237
4238
4239
4240
4241
4242
4243
4244
4245
4246
4247
4248
4249
4250
4251
4252
4253
4254
4255
4256
4257
4258
4259
4260
4261
4262
4263
4264
4265
4266
1074
4268
4269
4270
4271
4272
4273
4274
4275
4276
4277
4278
4279
4280
4281
4282
4283
4284
4285
4286
4287
4288
4289
4290
4291
4292
4293
4294
4295
4296
4297
4298
4299
4300
4301
4302
4303
4304
4305
4306
4307
4308
4309
4310
4311
4312
4313
4314
4315
4316
4317
4318
4319
4320
4321
4322
4323
4324
4325
4326
4327
4328
4329
4330
4331
4332
4333
4334
4335
4336
4337
4338
4339
4340
4341
4342
4343
4344
4345
4346
4347
4348
4349
4350
4351
4352
4353
4354
4355
4356
4357
4358
4359
4360
4361
4362
4363
4364
4365
4366
3977
4368
4369
3069
944
1853
3148
3145
3146
819
2850
2850
4379
4380
4381
4382
2797
4384
4385
4386
4387
4388
1966
4390
4391
3591
2141
113
804
4396
4397
4398
4399
4400
2131
442
972
440
3132
4406
4407
4408
4409
4410
4411
4412
4413
4414
4415
4416
4417
4418
4419
4420
4421
4422
4423
4424
4425
4426
4427
4428
4429
4430
4431
4432
4433
4434
4435
4436
4437
4438
4439
4440
4441
4442
4443
4444
4445
1302
4447
4448
4449
4450
4451
4452
4453
4454
4455
4456
4457
4458
4459
4460
4461
4462
4463
4464
4465
4466
4467
4468
4469
4470
4471
4472
4473
4474
4475
4476
4477
4478
4479
4480
4494
4484
4496
4494
4495
4489
4486
1323
5497
4491
4543
4490
1318
4497
1325
518
4498
4499
5745
1326
4501
4502
4503
4504
4505
4506
4507
4508
4509
4510
4511
4512
4513
4514
4515
4516
4517
4518
4519
4520
4521
4522
4523
4525
4606
4526
1341
4532
4529
4528
1346
4532
4536
4533
1347
4555
4537
4538
4539
4540
4542
4544
4541
4534
4548
4546
4547
5711
624
4550
4551
4552
4553
4554
4556
4556
1301
4558
4559
4560
4561
4562
4563
4564
4565
4566
5715
5715
5716
2423
4571
4572
4571
4574
4577
698
4577
4578
4575
4583
1368
4580
4583
4584
4585
4586
4587
4588
4589
4590
4591
4592
4594
5717
1376
4593
1375
4644
4598
4642
4600
5161
4582
4615
4603
4606
4607
4608
1385
4609
4611
4622
4621
4619
1369
4619
687
4616
4620
4620
2565
691
2563
4624
4625
4626
5162
4605
5163
4628
4631
4632
4633
4634
4635
5498
5499
5498
5500
4638
5544
5544
2234
550
2565
2564
4645
5501
4651
1377
5501
5507
5507
5507
4655
4656
4657
4658
4659
4660
4661
4662
5149
4664
4665
4666
4667
4669
5235
4668
1409
4672
4673
4674
4675
4678
1412
5202
1413
4676
4682
4682
1416
4681
1415
4686
4687
4688
4689
4690
4691
4692
4693
4694
4695
4696
4696
4698
4670
4699
1427
4702
4703
683
4705
4706
4707
4708
4709
4710
287
289
5258
1601
287
291
292
2361
231
2364
1595
2363
294
4724
235
295
4746
4746
1434
4730
4731
239
4733
4734
4735
4736
4737
4738
1439
4743
4741
5531
4745
4744
4745
4748
1463
6020
4750
6138
4751
4752
2557
539
200
281
4759
4758
5226
1426
4761
4762
4763
4764
4765
4766
4767
4768
4769
4770
4771
4772
4773
4777
4774
540
2215
4777
4779
4780
212
4782
1456
4839
4775
4785
1455
4775
4778
1457
2206
1459
4793
537
1480
4795
4834
4799
4799
4800
537
4802
2203
223
212
221
4785
1469
4788
1468
324
213
320
2210
277
1470
273
4789
4820
2369
283
4822
4823
4824
5518
4826
4827
4828
4829
4830
4503
1328
2215
4833
542
2200
535
4836
4840
4840
4841
4842
2429
5721
2249
5720
618
618
4630
5188
4630
1390
4862
1487
4857
1486
4863
4861
1490
4860
6116
4915
4917
1491
4868
4865
5332
5559
4869
6118
4873
1493
4894
4874
4876
6149
619
4948
619
2421
2429
2429
623
2429
556
4932
2429
4931
4932
4933
4934
6120
4910
6119
1499
4938
4939
4911
4937
4913
2250
618
2247
1685
4906
4926
4976
4908
4913
1508
4912
4654
4654
1395
5330
4629
5331
4909
4897
4898
4920
1502
4892
4894
1500
4921
1510
4888
4889
4891
4649
4648
1393
4959
4955
4636
1396
4955
4652
4929
4930
1503
557
2421
2250
618
618
2249
4949
4953
4982
1515
4923
1503
4638
1394
4932
1512
4648
4648
5746
4962
4963
1515
4950
4953
4967
1506
4969
4970
4971
4972
5714
6122
4975
4977
4977
1529
4979
4980
4981
4983
4983
1532
694
4985
4988
5480
4989
4990
4991
4992
4993
4994
4995
4996
4997
4998
4999
5000
5001
5002
5003
5004
5005
5006
5007
5008
5009
5010
5011
5012
5013
5014
5015
5016
5017
5018
5019
5020
5021
5022
5023
5024
5025
5026
5027
5028
5029
5030
5031
5032
5033
5034
5035
5036
5037
5038
5039
5040
5041
5042
5043
5044
5045
5046
5047
5048
5049
5050
5051
5052
5053
5054
5055
5056
5057
5058
5059
5060
5061
5062
5063
5064
5065
5066
5067
5068
5069
5070
5071
5072
5073
5074
5075
5076
5077
5078
5079
5080
5081
5082
5083
5084
5085
5086
5087
5088
5089
5090
5091
5092
5093
5094
5095
5096
5097
5098
5099
5100
5101
5102
5103
5104
5105
5106
5107
5108
5109
5110
5111
5112
5113
5114
5115
5116
5117
5118
5119
5120
5121
5122
5123
5124
5125
5126
5127
5128
5129
5130
5131
5132
5133
5134
5135
5136
5137
5138
5139
5140
5141
5142
5143
5144
5145
5146
5147
5148
5150
5150
5151
5152
5153
5154
5157
5156
5166
1580
5159
5160
4582
4602
4604
5164
5165
5166
5167
5168
5169
5170
5171
5172
1416
4683
1416
1417
5178
1417
5179
4926
5181
4921
4919
1510
4851
4849
5187
4627
5189
6204
5191
5192
5193
5194
5195
5196
5197
5195
5198
5199
1585
5200
1586
526
5205
5206
5207
5208
297
298
295
5212
5213
5214
5215
5216
5217
5218
5219
5220
5221
5222
5223
5224
5223
5227
5228
5225
5229
5230
5231
5232
5233
5234
5235
5236
5240
1452
1593
5240
235
181
296
5244
5245
5246
5247
5248
5249
5250
5251
5252
5258
5258
602
4762
1451
5256
5256
4711
290
289
4714
5264
5265
5266
5270
5268
5269
2189
5271
5272
5273
5274
5275
5276
5277
5278
5279
5280
5281
5282
5283
5284
5285
5286
5287
5288
5289
5290
5291
5292
5293
5294
5295
5296
5297
5298
1613
5300
6113
5302
5303
5304
5305
5306
5307
5308
5309
5310
5311
5312
5313
5314
5315
5316
5317
5318
283
286
4658
5322
5323
5324
5325
5326
5327
5328
5329
5331
5421
1621
559
5334
5334
5337
5557
1624
5336
1623
4599
5342
5343
5344
5345
5346
5347
5348
5349
5350
5351
5352
5353
5354
5355
5356
5357
5358
5359
5360
5361
5362
5363
5364
5365
5366
5367
5368
5369
5370
5371
5372
5373
5374
5375
5376
5377
5378
5379
5380
5381
5382
5383
5384
5385
5386
5387
5388
5389
5390
5391
5392
5393
5394
5395
5396
5396
5398
5399
5400
5401
5402
5403
5404
5405
5406
4614
1387
5407
5410
5411
5412
5413
1380
1380
5335
5417
5418
5419
5420
5409
5422
5423
5424
5425
5426
5427
5428
2433
519
5429
5432
1350
5434
5435
5436
5437
5438
5439
5440
5441
5442
5443
5444
5445
4541
5447
5448
5449
5450
5451
1644
5453
5454
5455
5456
5457
5458
5459
4482
1319
5460
4487
5463
1322
5466
5467
5468
5469
5470
5471
5472
5473
5474
5475
5476
5477
5478
5479
5481
5481
5482
4697
5484
5485
5486
5487
5488
5489
5490
5491
5492
5493
5494
5495
5496
2178
5462
1650
1324
5464
5502
5503
5504
5505
5506
4492
5509
5528
1583
5508
606
4795
2393
538
2396
5516
1583
5520
5520
5521
5522
5523
5524
5525
5526
5527
4684
5529
1655
2390
5517
1481
4838
5535
5536
5537
1622
5539
618
4881
1484
550
1397
5542
5546
5547
5548
5549
1365
5551
5552
5553
1686
5555
5556
5558
6139
5339
5560
5561
5562
5563
5564
5565
5566
5567
5568
5569
5570
5571
5572
5573
5574
5575
5576
5577
5578
5579
5580
5581
5582
5583
5584
5585
5586
5587
5588
5589
5590
5591
5592
5593
5594
5595
5596
5597
5598
5599
1668
5601
5603
5712
5604
5605
5606
5607
5608
5609
5610
5611
5612
5613
5614
5615
5616
5617
5618
5619
5620
5621
5622
5623
5624
5625
5626
5627
5628
5629
5630
5631
5632
5633
5634
5635
5636
5637
5638
5639
5640
5641
5642
5643
5644
5645
5646
5647
5648
5649
5650
5651
5652
5653
5654
5655
5656
5657
5658
5659
5660
5661
5662
5663
5664
5665
5666
5667
5668
5669
5670
5671
5672
5673
5674
5675
5676
5677
5678
5679
5680
5681
5682
5683
5684
5685
5686
5687
5688
5689
5690
5691
5692
5693
5694
5695
5696
5697
5698
5699
5700
5701
5702
5703
5704
5705
5706
5707
5708
4597
1378
5703
1378
5714
4596
1685
6123
5718
5719
5431
2429
622
2429
5721
2429
2249
2429
5729
5723
5731
1689
1377
5732
5733
5734
5735
5736
5737
5738
5739
4446
5740
1302
5743
5744
5741
4929
4930
5747
5750
5751
5751
5752
5753
5754
5755
5756
5757
5758
5759
5760
5761
5762
5763
5764
5765
5766
5767
5768
5769
5770
5771
5772
5773
5774
5775
5776
5777
5778
5779
5780
5781
5782
5783
5784
5785
5786
5787
5788
5789
5790
5791
5792
5793
5794
5795
5796
5797
5798
5799
5800
5801
5802
5803
5804
5805
5806
5807
5808
5809
5810
5811
5812
5813
5814
5815
5816
5817
5818
5819
5820
5821
5822
5823
5824
5825
5826
5827
5828
5829
5830
5831
5832
5833
5834
5835
5836
5837
5838
5839
5840
5841
5842
5843
5844
5845
5846
5847
5848
5849
5850
5851
5852
5853
5854
5855
5856
5857
5858
5859
5860
5861
5862
5863
5864
5865
5866
5867
5868
5869
5870
5871
5872
5873
5874
5875
5876
5877
5878
5879
291
293
5882
5883
5884
5885
5886
5887
5888
5889
5890
5891
5892
5893
5894
5895
5896
5897
5898
5899
5900
5901
5902
5903
5904
5905
5906
5907
5908
5909
5910
5911
5912
5913
5914
5915
5916
5917
5918
5919
5920
5921
5922
5923
5924
5925
5926
5927
5928
5929
5930
5931
5932
5933
5934
5935
5936
5937
5938
5939
5940
5941
5942
5943
5944
5945
5946
5947
5948
5949
5950
5951
5952
5953
5954
5955
5956
5957
5958
5959
5960
5961
5962
5963
5964
5965
5966
5967
5968
5969
5970
5971
5972
5973
5974
5975
5976
5977
5978
5979
5980
5981
5982
5983
5984
5985
5986
5987
5988
5989
5990
5991
5992
5993
5994
5995
5996
5997
5998
5999
6000
6001
6002
6003
6004
6005
6006
6007
6008
6009
6010
6011
6012
6013
6014
6015
6016
6017
6018
6019
5231
6021
6022
6023
6024
6025
6026
6027
6028
6029
6030
6031
6032
6033
6034
6035
6036
6037
6038
6039
6040
6041
6042
6043
6044
6045
6046
6047
6048
6049
6050
6051
6052
6053
6054
6055
6056
6057
6058
6059
6060
6061
6062
6063
6064
6065
6066
6067
6068
6069
6070
6071
6072
6073
6074
6075
6076
6077
6078
6079
6080
6081
6082
6083
6084
6085
6086
6087
6088
6089
6090
6091
6092
6093
6094
6095
6096
6097
6098
6099
6100
6101
6102
6103
6104
6105
6106
6107
6108
6109
6110
6111
6112
5734
6114
6115
4866
1492
2254
4935
4935
4936
4596
4650
4650
6125
6126
6127
6128
4601
6130
6131
6132
6133
6134
6135
6136
6137
6138
2589
2370
4573
6142
6143
6144
6145
6146
2536
619
4957
618
4923
6152
6153
6154
6155
2046
6157
6158
6159
1847
2250
6162
6163
6164
6165
6166
6167
6168
6169
6170
6171
6172
6173
6174
6175
6176
6177
6178
6179
6180
6181
1533
2171
2175
1524
6186
6187
6188
6189
6190
6191
1530
6193
6194
6195
6196
6197
6198
6199
6200
6201
6202
6203
6197
6205
4596
6207
2793
6209
6210
6211
6212
6213
6214
6236
6216
6217
6239
6219
6220
6221
6222
6223
6224
6225
6226
6227
6228
6229
6230
6231
6232
6233
6234
979
982
6237
6197
6239
6240
6241
6242
6243
6244
6245
6246
6247
6248
6249
6250
6251
6252
6253
6254
6255
6256
6257
6258
6259
6260
6261
6262
6263
6264
6265
6266
6267
6268
6269
6291
6271
6272
6289
6290
6275
6276
6277
6278
6279
6280
6281
6282
6283
6284
6285
6286
6287
6288
6272
6271
6269
