0
1
2
3
4
104
6
7
8
895
3479
125
12
13
14
15
16
17
18
19
20
21
93
97
2155
25
26
27
28
109
30
31
32
33
34
35
36
37
38
39
40
41
42
43
44
45
46
47
48
49
50
51
52
53
54
55
56
57
4129
59
60
62
3477
11
64
65
66
67
68
69
70
71
72
73
74
75
76
77
78
79
80
81
82
83
84
85
86
87
88
1979
92
91
94
23
96
95
98
24
100
99
3018
3018
102
105
27
105
106
107
108
28
110
111
112
113
114
115
116
117
118
119
120
121
32
124
124
33
127
127
128
129
130
131
132
133
134
135
136
137
138
139
140
141
142
26
144
145
146
147
148
149
150
151
152
153
154
155
156
157
158
159
160
161
162
163
164
165
166
167
168
170
170
171
172
173
174
175
278
177
178
5253
180
292
295
183
184
185
186
187
188
189
190
191
192
266
270
195
196
197
198
199
200
201
202
1433
204
205
206
207
208
209
210
211
212
213
214
215
216
217
218
219
220
221
222
223
224
225
226
227
228
229
181
231
235
232
182
294
236
237
238
239
240
241
242
243
244
245
246
247
248
249
250
251
252
253
254
255
256
257
258
259
260
261
262
265
264
267
194
269
268
271
195
271
272
273
274
275
276
277
278
279
280
281
282
283
284
285
286
287
4721
289
290
293
4722
2362
296
204
296
298
298
299
300
301
302
303
288
305
306
307
308
309
310
311
312
313
197
315
316
317
318
319
320
321
322
323
324
325
326
327
328
329
330
331
332
333
334
335
336
337
338
339
340
341
2688
1782
3670
345
346
347
348
3775
3439
2957
21
2937
20
2933
356
357
358
359
360
361
897
363
364
365
366
1975
25
376
3156
3049
1837
373
1839
1840
377
3581
3154
3090
2014
3574
3069
3049
3049
27
26
387
388
389
390
391
392
393
394
395
396
397
398
399
400
401
402
403
404
405
406
407
408
409
410
411
412
413
414
415
416
417
418
419
420
421
901
423
424
425
426
427
428
3048
1991
431
432
433
434
435
436
437
438
439
1858
2765
1830
2767
949
3965
2742
447
448
449
450
451
452
453
454
455
456
457
458
459
460
461
462
463
464
465
466
467
468
469
470
471
472
473
474
475
476
477
478
479
480
481
482
483
484
485
486
487
488
489
490
491
492
493
494
495
496
497
498
499
500
501
877
503
504
2138
506
507
508
509
510
511
512
513
514
515
516
517
4494
5430
2180
521
522
4515
524
5532
1412
2372
539
192
191
1438
1436
533
534
535
536
537
2204
177
2213
541
542
2383
4742
196
2241
2241
2234
552
1397
553
4599
5344
553
554
623
2424
4865
5334
2234
2231
198
563
564
565
566
567
568
569
570
571
572
573
574
575
576
577
578
579
580
581
582
583
584
585
586
587
588
589
590
591
592
593
594
595
596
597
598
599
600
2434
2375
603
604
605
606
2398
608
609
610
611
612
613
614
615
616
617
2420
2234
2241
553
1498
1496
624
625
626
627
628
629
630
631
632
633
634
635
636
637
638
639
640
641
642
643
644
645
646
647
648
649
650
651
652
653
654
655
656
657
658
659
660
661
662
663
664
665
666
667
668
669
670
671
672
673
674
675
676
677
678
4611
5353
681
682
2547
2545
4620
686
2551
688
689
2564
2566
692
693
4568
695
696
697
698
699
700
701
702
703
704
705
706
707
708
709
710
711
712
713
714
715
716
717
718
719
720
721
722
723
724
725
726
727
728
729
730
731
732
733
734
735
736
737
738
739
740
741
742
743
744
745
746
747
748
3685
750
2674
2672
753
3704
2682
757
3686
2689
2691
760
761
762
763
764
765
766
767
768
2706
770
771
772
773
774
775
776
777
3428
3535
2723
2725
782
783
2740
785
786
787
2737
3674
2744
791
792
793
3542
3541
4556
797
798
799
800
801
802
803
804
805
806
807
808
809
810
811
812
813
814
815
816
2792
3956
3173
2794
3583
2797
3388
824
825
826
827
828
829
830
2814
832
938
3051
2828
2830
2833
4382
3144
3119
2838
839
381
1840
845
1849
3121
2853
849
850
851
852
853
854
855
856
4391
3461
859
2879
3440
862
863
864
865
866
3628
2889
869
870
871
872
2901
2869
2902
2906
3560
902
3475
1076
3476
911
2949
885
2945
886
2940
3756
889
890
3591
898
893
2926
881
1081
111
109
28
2959
1961
2965
903
2967
905
906
907
908
909
910
3444
3443
913
3013
915
916
917
918
919
920
93
2155
97
30
925
926
3752
3773
929
3037
931
932
933
3050
3418
3417
3419
1063
3059
3416
3076
3064
3056
944
3413
4405
377
3048
3048
429
954
3097
955
4405
3413
3126
3099
967
1826
3414
3412
958
953
3102
3104
3067
3414
3413
3414
4405
952
3093
3181
973
3175
933
959
3136
6235
3412
3179
3167
2174
2173
3183
3185
988
3973
3194
3164
3111
987
993
994
995
996
997
998
999
1000
1001
1002
1003
1004
1005
1006
1007
1008
1009
1010
1011
1012
1013
1014
1015
1016
1017
1018
1019
1020
1021
1022
1023
1024
1025
1026
1027
1028
1029
1030
1031
1032
1033
1034
1035
1036
1037
1038
1039
1040
1041
1042
1043
1044
1045
1046
1047
1048
1049
1050
1051
1052
1053
1054
1055
1056
1057
1058
1059
1060
3410
3414
1062
3426
1065
1066
1067
33
3450
1070
1071
1072
3479
3467
1075
1074
902
32
873
1080
422
3494
31
876
3503
1086
1087
1088
1089
1090
1091
1092
1093
1094
1095
3567
1097
1098
1099
1100
3569
1102
3660
1104
1105
1106
3657
1108
1109
1110
1111
1112
1113
1114
1115
1116
1117
1118
1119
1120
1121
1122
1123
1124
3694
1126
1127
1128
1129
1130
1131
1132
1133
1134
3759
1136
3785
3798
1139
1140
1141
1142
1143
1144
1145
1146
1147
1148
3856
1150
1151
1152
1153
3888
1155
1156
1157
1158
1159
1160
1161
1162
1163
3960
3046
3969
1167
3994
1169
1170
1171
1172
1173
1174
1175
1176
1177
1178
1179
1180
1181
1182
1183
1184
1185
1186
1187
1188
1189
1190
1191
1192
1193
1194
1195
1196
1197
1198
1199
1200
1201
1202
1203
1204
1205
1206
1207
1208
1209
1210
1211
1212
1213
1214
1215
1216
1217
1218
1219
1220
1221
1222
1223
1224
1225
1226
1227
1228
1229
1230
1231
1232
1233
1234
1235
1236
1237
1238
1239
1240
1241
1242
1243
1244
1245
1246
1247
1248
1249
1250
1251
1252
1253
1254
1255
1256
1257
1258
1259
1260
1261
1262
1263
1264
1265
1266
1267
1268
1269
1270
1271
1272
1273
1274
1275
1276
1277
1278
1279
1280
1281
1282
1283
1284
1285
1286
1287
1288
1289
1290
1291
1292
1293
1294
1295
1296
1297
1298
1299
1300
4446
5734
1303
1304
1305
1306
1307
1308
1309
1310
1311
1312
1313
1314
1315
1316
1317
5446
1319
4484
4543
1322
1323
4493
4541
4500
1327
1328
1329
1330
1331
1332
1333
1334
1335
4513
1337
1338
1339
1340
1341
1342
5194
4529
4531
5297
1347
1348
1349
1350
1351
4547
1353
5305
5304
4553
1357
1358
1359
1360
1361
4568
4574
1364
1365
1366
1367
1368
1369
1370
1371
1372
1373
1374
1375
1376
4650
5714
5342
4601
4603
5162
1383
4613
4622
4621
4618
1388
4627
4849
6128
4634
1512
4637
4639
4914
559
552
1399
556
1401
1402
1403
4660
4662
5151
1407
1408
5223
4669
5213
4677
1413
1414
1415
1416
1417
1418
1419
1420
1421
1422
1423
1424
4702
4701
4671
4704
1429
1452
1452
2363
2363
1434
1434
4744
4744
2391
1441
4803
4802
6138
4752
295
5238
285
199
200
4819
4760
2375
4763
4766
1454
4773
4776
1457
1458
1459
4793
2393
1462
5231
1464
4780
2209
1467
4785
1469
1470
1471
197
266
195
270
201
5529
1478
1479
4834
4838
4842
4843
2231
5186
5185
4874
4873
5183
1490
4856
2255
6151
5182
2239
2398
2401
2398
4895
1503
1502
5182
1493
4893
2231
5180
1501
4899
4852
5182
6151
1499
4890
1514
1514
4962
4964
2424
6235
5180
4968
6255
2578
2575
4970
4972
1528
5731
4908
979
4981
4952
1527
1534
1535
1536
1537
1538
1539
1540
1541
1542
1543
1544
1545
1546
1547
1548
1549
1550
1551
1552
1553
1554
1555
1556
1557
1558
1559
1560
1561
1562
1563
1564
1565
1566
1567
1568
1569
1570
1571
1572
1573
1574
1575
1576
1577
1578
1579
1580
1581
1582
1583
5192
5197
1586
204
5229
5208
5222
1591
292
5230
5233
4763
1593
1433
5245
1599
1451
1451
202
5265
1460
1605
1606
1607
1608
1609
1610
1611
1612
1613
1614
5328
1616
1617
1618
2378
1620
5330
1622
5421
1624
1625
5420
1627
1628
1629
1630
1631
1632
5379
1634
1635
1636
5570
1638
1639
1640
1641
1642
1643
1644
1645
1646
1647
1648
1649
5461
1651
1652
1653
1654
5517
5514
1657
1658
5555
1660
1661
1662
1663
1664
1665
1666
1667
5600
5610
5612
1671
1672
5625
5646
1675
1676
1677
1678
1679
1680
1681
1682
1683
1684
5716
4843
5722
1688
5750
1690
1691
1692
1693
1694
1695
1696
1697
1698
1699
1700
1701
1702
1703
1704
1705
1706
1707
1708
1709
1710
1711
1712
1713
1714
1715
1716
1717
1718
1719
1720
1721
1722
1723
1724
1725
1726
1727
1728
1729
1730
1731
1732
1733
1734
1735
1736
1737
1738
1739
1740
1741
1742
1743
1744
1745
1746
1747
1748
1749
1750
1751
1752
1753
1754
1755
1756
1757
1758
1759
1760
1761
1762
1763
1764
1765
1766
1767
1768
1769
1770
1771
1772
1773
1774
1775
1776
1777
1778
1779
1780
1784
342
1781
3738
1787
1786
1787
1788
1789
1790
1791
3506
3506
350
1792
3773
2936
1798
86
884
2935
1805
1802
1804
1805
1806
1807
1808
1809
1810
1812
1812
914
1814
897
1816
1817
1818
1819
1820
1821
23
1823
1824
3156
3156
3156
3156
2843
3083
1838
2842
3786
1837
1837
1837
377
377
2767
377
1841
1841
516
1844
3964
3089
383
3087
950
1851
4379
1852
1850
381
372
1834
3080
3049
1859
1860
1861
1862
1863
1864
1865
1866
1867
1868
1869
1870
1871
1872
1873
1874
1875
1876
1877
1878
1879
1880
1881
1882
1883
1884
1885
1886
1887
1888
1889
1890
1891
1892
1893
1894
1895
1896
1897
1898
1899
1900
1901
1902
1903
1904
1905
1906
1907
1908
1909
1910
1911
1912
1913
1914
1915
1916
1917
1918
1919
1920
1921
1922
1923
1924
1925
1926
1927
1928
1929
1930
1931
1932
1933
1934
1935
1936
1937
1938
1939
1940
1941
1942
1943
1944
1945
3474
3474
902
3474
1074
1951
1951
1953
3556
3556
3494
3556
421
3562
3561
3501
1959
502
1964
1965
1966
1967
1968
1969
1970
142
1972
1976
1974
888
3755
1977
2942
1979
1980
1981
1982
1983
1984
1985
1986
1987
3045
3047
1989
429
1992
1993
1994
1995
1996
1997
1998
1999
2000
2001
2002
2003
2004
2005
2006
2007
2008
2009
3158
441
3158
1855
441
443
3087
3087
3965
2021
446
3668
2022
2023
2024
2025
2026
2027
2028
2029
2030
2031
2032
2033
2034
2035
2036
2037
2038
2039
2040
2041
2042
2043
2044
2045
2046
2047
2048
2049
2050
2051
2052
2053
2054
2055
2056
2057
2058
2059
2060
2061
2062
2063
2064
2065
2066
2067
2068
2069
2070
2071
2072
2073
2074
2075
2076
2077
2078
2079
2080
2081
2082
2083
2084
2085
2086
2087
2088
2089
2090
2091
2092
2093
2094
2095
2096
2097
2098
2099
2100
2101
2102
2103
2104
2105
2106
2107
2108
2109
2110
2111
2112
2113
2114
2115
2116
2117
2118
2119
2120
2121
2122
2123
2124
2125
2126
2127
2128
2129
2130
2131
2132
2133
2134
2135
2139
2137
851
2139
2140
2141
2142
2141
2144
2145
2146
2147
2148
2152
2955
2956
1957
2153
2154
24
2156
2157
2158
2159
2160
2161
2162
2163
2164
2165
2166
2167
2168
3186
2172
3187
3186
2174
2174
2173
2176
2178
5497
2177
518
2183
2182
5488
2181
2184
2186
2187
5270
5267
5530
2188
526
255
257
1438
4736
258
2198
2199
2200
534
2202
2203
2204
2205
2206
2210
2210
1467
2210
1449
2214
541
2214
542
544
194
2219
2386
4741
313
2222
315
2224
2225
2241
2241
2241
2238
4641
552
4643
5543
4641
2238
2238
2239
553
5341
5344
2239
2240
2240
4568
2241
4885
2429
4886
4887
2423
2252
6125
559
2251
558
1398
2234
4643
1398
2260
2261
2262
2263
2264
2265
2266
2267
2268
2269
2270
2271
2272
2273
2274
2275
2276
2277
2278
2279
2280
2281
2282
2283
2284
2285
2286
2287
2288
2289
2290
2291
2292
2293
2294
2295
2296
2297
2298
2299
2300
2301
2302
2303
2304
2305
2306
2307
2308
2309
2310
2311
2312
2313
2314
2315
2316
2317
2318
2319
2320
2321
2322
2323
2324
2325
2326
2327
2328
2329
2330
2331
2332
2333
2334
2335
2336
2337
2338
2339
2340
2341
2342
2343
2344
2345
2346
2347
2348
2349
2350
2351
2352
2353
2354
2355
2356
2357
2358
2359
2360
5240
5240
1596
5247
4763
2366
2367
2366
5318
1451
2369
5318
1451
2374
1603
2376
2377
2375
2379
2380
2381
2382
1656
2383
5513
1656
4739
4739
262
2394
1441
2390
1440
4801
2397
2396
2397
2400
607
2400
548
2402
2403
2404
2405
2406
2407
2408
2409
2410
2411
2412
2413
2414
2415
2416
2417
2418
2419
1398
2234
1398
1398
2241
553
2240
4944
2238
5720
5721
4882
2433
5429
624
2435
2436
2437
2438
2439
2440
2441
2442
2443
2444
2445
2446
2447
2448
2449
2450
2451
2452
2453
2454
2455
2456
2457
2458
2459
2460
2461
2462
2463
2464
2465
2466
2467
2468
2469
2470
2471
2472
2473
2474
2475
2476
2477
2478
2479
2480
2481
2482
2483
2484
2485
2486
2487
2488
2489
2490
2491
2492
2493
2494
2495
2496
2497
2498
2499
2500
2501
2502
2503
2504
2505
2506
2507
2508
2509
2510
2511
2512
2513
2514
2515
2516
2517
2518
2519
2520
2521
2522
2523
2524
2525
2526
2527
2528
2529
2530
2531
2532
2533
2534
2535
2536
2537
2538
2539
2540
2541
2539
2546
2543
1410
6137
1401
2551
685
2548
4619
2552
2553
2554
4756
1449
2372
2557
2218
195
2561
4818
689
2564
2563
2566
2567
2568
2569
2570
2571
2572
4975
2571
2578
2576
2575
2578
2579
2580
2581
2582
2583
2584
2584
2586
2550
2588
687
2590
2591
2592
2593
2594
2595
2596
2597
2598
2599
2600
2601
2602
2603
2604
2605
2606
2607
2608
2609
2610
2611
2612
2613
2614
2615
2616
2617
2618
2619
2620
2621
2622
2623
2624
2625
2626
2627
2628
2629
2630
2631
2632
2633
2634
2635
2636
2637
2638
2639
2640
2641
2642
2643
2644
2645
2646
2647
2648
2649
2650
2651
2652
2653
2654
2655
2656
2657
2658
2659
2660
2661
2662
2663
2664
2665
2666
2667
2668
2669
2670
2671
2673
3685
750
2675
2673
2677
2678
2679
2680
2685
749
2685
757
3685
2674
2686
2688
750
2687
758
2690
2693
2694
2695
2696
2697
2698
2699
2700
2701
2702
2703
2704
2705
2706
2707
2708
2709
2710
2711
2712
2713
2714
2715
2716
2717
2718
2719
2720
2722
3546
779
2721
778
2726
2727
2728
2739
2730
2731
2732
2733
2734
2736
2736
787
2735
2738
788
2745
789
2741
791
2745
2749
2747
794
3540
2750
2753
2752
4555
796
2755
2756
2757
2758
2759
2760
2761
2762
2763
2767
2767
2767
3846
2768
2769
2770
2771
2772
2773
2774
2775
2776
2777
2778
2779
2780
2781
2782
2783
2784
2785
2786
2787
2788
2789
2790
4376
818
4377
2850
2791
2799
821
2796
3580
2800
3386
2802
2803
2804
2805
2806
2807
2808
829
2810
2811
2812
2816
2814
2815
2816
2817
2818
2819
2820
2845
2822
2823
2824
2825
3053
3055
3053
2826
937
2831
2832
838
2834
2835
3168
3146
840
2837
3169
2844
2844
1840
2798
2845
2846
2847
3142
3172
379
3141
2855
847
2852
3118
2856
2856
2858
2859
2860
2861
2862
2863
780
2865
2866
2867
2868
857
3472
858
2140
2873
2874
2875
2876
2877
2877
861
2880
2881
2882
2883
2884
2885
2886
2888
3627
867
2890
2891
2892
2893
2894
2895
2896
2897
2898
2899
2140
504
2869
2900
2137
2904
505
2911
877
2907
2910
2911
3495
3490
3493
1077
116
1949
3473
1950
2920
3474
3475
3476
2930
2948
2929
3477
2948
2949
4267
2932
2999
884
2931
2936
2938
887
2939
2944
886
2945
2943
3774
2946
912
4385
4267
3466
3444
2950
891
4392
2953
2955
110
28
897
2960
875
3462
2958
3500
2962
2905
1079
2966
2967
2968
2969
2970
2971
2972
2973
2974
2975
2976
2977
2978
2979
2980
2981
2982
2983
2984
2985
2986
2987
2988
2989
2990
2991
2992
2993
2994
2995
2996
2997
2998
3000
3441
2999
3002
3003
3004
3005
3006
41
3008
3009
3010
3011
154
3013
42
3015
105
3017
3018
3019
4394
1955
7
3023
3024
3025
3026
3027
3028
3029
3030
3031
3032
3033
3034
3036
3201
361
3038
3039
3040
3041
3042
3043
3044
934
934
3050
3048
3080
1825
3418
3418
3417
1063
3418
3075
940
3420
945
3074
3077
941
946
430
940
3056
3058
939
939
943
3057
1989
3073
3415
3416
3415
4405
3079
3151
1837
1837
1837
1840
3047
3047
3048
3047
3047
3047
1989
3140
3079
3097
4403
3415
3098
946
3415
3129
3127
3125
955
3127
967
374
1835
3105
4404
3412
3412
3412
6235
1060
3125
3126
3103
3099
3116
3147
3100
962
935
3052
3055
3128
3131
3413
3413
3413
3413
3414
3415
4405
3415
3413
3413
3414
3151
3151
3151
3091
3094
3092
3093
4373
4374
3096
3102
3103
958
3151
4405
3151
377
2764
377
376
376
2765
1834
1830
3181
980
973
3166
3415
4405
4375
3171
4403
951
3170
444
3153
973
3153
933
980
980
3178
980
3176
975
3182
976
3188
3188
977
3110
961
3109
960
3180
981
3193
3163
3162
974
1843
3199
1803
3202
3203
3204
3205
3206
3207
3208
3209
3210
3211
3212
3213
3214
3215
3216
3217
3218
3219
3220
3221
3222
3223
3224
3225
3226
3227
3228
3229
3230
3231
3232
3233
3234
3235
3236
3237
3238
3239
3240
3241
3242
3243
3244
3245
3246
3247
3248
3249
3250
3251
3252
3253
3254
3255
3256
3257
3258
3259
3260
3261
3262
3263
3264
3265
3266
3267
3268
3269
3270
3271
3272
3273
3274
3275
3276
3277
3278
3279
3280
3281
3282
3283
3284
3285
3286
3287
3288
3289
3290
3291
3292
3293
3294
3295
3296
3297
3298
3299
3300
3301
3302
3303
3304
3305
3306
3307
3308
3309
3310
3311
3312
3313
3314
3315
3316
3317
3318
3319
3320
3321
3322
3323
3324
3325
3326
3327
3328
3329
3331
3331
3332
3333
3334
3335
3336
3337
3338
3339
3340
3341
3342
3343
3344
3345
3346
3347
3348
3349
3350
3351
3352
3353
3354
3355
3356
3357
3358
3359
3360
3361
3362
3363
3364
3365
3366
3367
3368
3371
3370
3534
3372
3373
3374
3375
3376
3377
3378
3379
3380
3381
3382
3383
3384
3385
2829
835
836
3389
3390
3391
3392
3393
3394
3395
3396
3397
3398
3399
3400
3401
3402
3403
3404
3405
3406
3407
3408
3412
1060
3409
3412
3413
3414
3413
3413
3420
3416
3421
3413
1062
3055
3419
3411
3424
1061
3427
3428
3429
3430
3431
3432
3433
3434
3435
3438
3437
3438
862
3440
3442
3442
3443
1069
2932
3446
127
2999
2878
860
3451
3452
3453
3454
3455
3429
3457
3458
3459
3460
3461
3463
3464
3460
2961
3465
900
3468
3469
3470
3472
4391
3474
3483
1074
902
3477
124
122
2903
3480
2901
3481
2724
3485
3486
3487
3488
3492
3494
2963
2963
2963
901
2963
116
114
118
117
2904
2906
3502
3503
3504
3502
3505
1085
3508
3509
3510
3511
3512
3513
3514
3515
3516
3517
3518
3519
3520
3521
3522
3523
3524
3525
3526
3527
3528
3529
3530
3531
3532
3533
3534
1043
3536
3537
3538
3539
3543
790
1096
3841
3544
3545
3368
3547
3548
3549
3550
3551
3552
3553
3554
3555
1962
112
113
2857
849
3559
3559
3563
5325
3566
3566
1100
3565
3124
3123
2828
3572
822
3574
1101
3571
3570
3578
3576
3582
3581
3582
1107
3584
3585
3586
3587
3588
3589
3590
1963
3590
3593
3594
3595
3596
3597
3598
3599
3600
3601
3602
3603
3604
3605
3606
3607
3608
3609
3610
3611
3612
3613
3614
3615
3616
3592
3618
3619
3620
3621
3622
3623
3624
3625
3626
3627
3628
3629
3630
3631
3632
3633
3634
3635
3636
3637
3638
3639
3640
3641
3642
3643
3644
3645
2802
3387
3646
3649
3650
3651
3652
3655
3653
4383
3656
4380
3658
3659
835
3661
3662
3663
3664
3665
3666
3667
3669
3963
753
3671
3672
3673
1125
3675
3676
769
3678
3679
3680
3681
3682
3683
3684
3685
3686
3687
3688
3689
3690
3691
3692
3693
817
3696
3699
3695
3698
3699
749
3700
2676
3703
820
3742
3706
3707
3708
3709
3710
3711
3712
3713
3714
3715
3716
3717
3718
3719
3720
3721
3722
3723
3724
3725
3726
3727
3728
3729
3730
3731
3732
3733
3734
3735
3736
3737
3738
2839
3740
842
2848
3743
3743
3745
3746
3747
3748
3749
3750
3751
1135
3753
3754
2997
910
3757
3758
931
3760
3761
3762
3763
3764
3765
3766
3767
3768
3769
3770
3771
3775
3775
1981
3776
3777
3777
3778
3779
3780
3654
3782
370
3784
3050
2841
1854
3788
1137
3788
3791
3792
3793
3794
3795
934
3796
3797
3185
3648
3801
966
3070
3804
3805
3806
3807
3808
3809
3810
3811
3812
3813
3814
3815
3816
3817
3818
3819
3820
3821
3822
3823
3824
3825
3826
3827
3828
3829
3830
3831
3832
3833
3834
3835
3836
3837
3838
3839
3839
3840
3842
3843
3844
3845
3846
3847
3848
3849
3850
3851
3854
1149
3855
3568
719
3857
3858
3859
3860
3861
3862
3863
3864
3865
3866
3867
3868
3868
3870
3871
3872
3873
3874
3875
3876
3877
3878
3879
3880
3881
3882
3883
3884
3885
3886
3887
1152
3889
3890
3891
3892
3893
3894
3895
3896
3897
3898
3899
3900
3901
3902
3903
3904
3869
3905
3907
3908
3909
3910
3911
3912
3913
3914
3915
3916
3917
3918
3919
3920
3921
3922
3923
3924
3925
3926
3927
3928
3929
3930
3931
3932
3933
3934
3935
3936
3937
3938
3939
3940
3941
3942
3943
3944
3945
3946
3954
3948
3949
3950
3951
3953
3955
2743
3955
1164
3957
802
2766
380
2795
3961
3962
3047
429
934
3050
934
3048
934
3966
3046
3968
3975
1165
3976
3977
3978
3979
3980
3981
3982
3983
3984
3985
3986
3987
3988
3989
3151
3151
3153
3990
3991
3993
3996
3997
3998
3999
4000
4001
4002
4003
4004
4005
4006
4007
4008
4009
4010
4011
4012
4013
4014
4015
4016
4017
4018
4019
4020
4021
4022
4023
4024
4025
4026
4027
4028
4029
4030
4031
4032
4033
4034
4035
4036
4037
4038
4039
4040
4041
4042
4043
4044
4045
4046
4047
4048
4049
4050
4051
4052
4053
4054
4055
4056
4057
4058
4059
4060
4061
4062
4063
4064
4065
4066
4067
4068
4069
4070
4071
4072
4073
4074
4075
4076
4077
4078
4079
4080
4081
4082
4083
4084
4085
4086
4087
4088
4089
4090
4091
4092
4093
4094
4095
4096
4097
4098
4099
4100
4101
4102
4103
4104
4105
4106
4107
4108
4109
4110
4111
4112
4113
4114
4115
4116
4117
4118
4119
4120
4121
4122
4123
4124
4125
4126
4127
4128
120
121
4131
4132
4133
4134
4135
4136
4137
4138
4139
4140
4141
4142
4143
4144
4145
4146
4147
4148
4149
4150
4151
4152
4153
4154
4155
4156
4157
4158
4159
4160
4161
4162
4163
4164
4165
4166
4167
4168
4169
4170
4171
4172
4173
4174
4175
4176
4177
4178
4179
4180
4181
4182
4183
4184
4185
4186
4187
4188
4189
4190
4191
4192
4193
4194
4195
4196
4197
4198
4199
4200
4201
4202
4203
4204
4205
4206
4207
4208
4209
4210
4211
4212
4213
4214
4215
4216
4217
4218
4219
4220
4221
4222
4223
4224
4225
4226
4227
4228
4229
4230
4231
4232
4233
4234
4235
4236
4237
4238
4239
4240
4241
4242
4243
4244
4245
4246
4247
4248
4249
4250
4251
4252
4253
4254
4255
4256
4257
4258
4259
4260
4261
4262
4263
4264
4265
4266
3466
4268
4269
4270
4271
4272
4273
4274
4275
4276
4277
4278
4279
4280
4281
4282
4283
4284
4285
4286
4287
4288
4289
4290
4291
4292
4293
4294
4295
4296
4297
4298
4299
4300
4301
4302
4303
4304
4305
4306
4307
4308
4309
4310
4311
4312
4313
4314
4315
4316
4317
4318
4319
4320
4321
4322
4323
4324
4325
4326
4327
4328
4329
4330
4331
4332
4333
4334
4335
4336
4337
4338
4339
4340
4341
4342
4343
4344
4345
4346
4347
4348
4349
4350
4351
4352
4353
4354
4355
4356
4357
4358
4359
4360
4361
4362
4363
4364
4365
4366
4367
4368
4369
3060
942
4372
3098
3095
3096
4378
1846
2017
4379
3843
4381
1119
3659
4384
4385
4386
4387
4388
4389
4390
4391
1958
4393
1955
4395
4396
4397
4398
4399
4400
4401
377
3079
1835
3415
4406
4407
4408
4409
4410
4411
4412
4413
4414
4415
4416
4417
4418
4419
4420
4421
4422
4423
4424
4425
4426
4427
4428
4429
4430
4431
4432
4433
4434
4435
4436
4437
4438
4439
4440
4441
4442
4443
4444
4447
1302
4447
4448
4445
4450
4451
4452
4453
4454
4455
4456
4457
4458
4459
4460
4461
4462
4463
4464
4465
4466
4467
4468
4469
4470
4471
4472
4473
4474
4475
4476
4477
4478
4479
4480
4485
4485
4481
1321
5446
4486
4487
4488
1320
4491
5446
4490
1318
1321
4543
4494
4495
4497
4498
1325
4501
4502
4503
4504
4505
4506
4507
4508
4509
4510
4512
5426
1334
4511
1335
4516
4517
4518
4519
4520
4521
4522
4523
4524
4525
4526
4527
4532
1343
4528
1346
5308
4533
4544
4535
4536
4537
4538
4539
4540
4543
4541
4543
4542
4545
4546
4547
4545
4549
4552
1354
5302
1355
4554
4557
1301
5740
4558
4559
4560
4561
4562
4563
4564
4565
4566
5344
5344
553
553
4571
4572
4573
4574
4575
4576
4577
4578
4579
4580
4581
4582
4583
4584
4585
4586
4587
4588
4589
4590
4591
4592
4596
4594
1377
6122
1378
4599
5341
4600
1379
4602
4603
4602
4605
4606
4607
4608
1385
4609
1385
4622
1386
4615
4615
1369
4614
1381
4619
4620
2565
691
2565
4624
4625
5401
4630
4627
4851
938
4631
4632
4633
1391
4635
4640
1393
4636
1396
4936
2253
5333
552
4642
4645
4646
4647
4959
4932
4960
4648
4653
4912
4652
4655
4656
4657
4658
4663
1345
4659
1406
5149
4664
4665
4666
4667
1409
5224
4668
5225
4672
4673
4674
4675
4680
4680
4676
4679
4680
4681
4682
4683
4684
4685
4686
4687
4688
4689
4690
4691
4692
4693
4694
4695
4696
4697
4698
4670
4699
1427
684
2544
683
4703
4706
4707
680
4709
4710
4762
5238
4762
5257
5256
2364
203
2364
291
5240
1452
2363
4727
4728
294
4729
4728
4728
1434
5212
4800
4731
4738
4740
4739
4743
4743
4744
2391
4745
1439
2392
4745
1462
4745
4746
4747
4746
4755
1448
4749
528
279
276
282
281
4759
4757
5226
1426
4764
4761
1598
5264
4769
682
4765
4768
4769
4772
4770
4772
1482
4774
4775
540
4833
1480
4767
1453
4781
4782
4784
4839
1456
4783
1455
4788
4789
4788
2206
4791
4791
4794
4797
4796
5515
4798
5206
4798
4801
4802
4803
4805
4805
1471
4807
4808
1468
4810
4811
213
320
275
277
4816
273
4790
1600
5318
1600
4822
4823
4824
4825
4826
4827
4828
4829
4830
4831
4832
4835
538
4987
4836
4837
1459
4840
4841
4841
4842
548
2401
2231
548
4879
4877
1063
1063
3419
5186
4874
4874
1494
5187
1489
1488
4859
4872
4854
4856
1485
1489
4864
1487
1485
1491
4869
6118
5184
6151
5184
5182
4876
4940
2239
552
2239
553
548
2233
2398
548
4882
1496
2233
4929
6149
1503
4928
4923
4922
5184
1493
4894
4919
4920
1502
4918
4570
4879
4946
4569
1060
3414
6235
5180
4918
4893
4898
4911
4897
1507
1485
4850
1486
4920
3414
3414
3414
5182
5184
5184
6151
3414
5182
4876
4876
4940
4888
4889
4890
4891
6119
6120
4899
4896
4898
4940
4940
4942
553
553
2238
2241
1398
2234
4966
1520
4953
1514
1520
4942
4938
1513
6149
1500
4931
622
4941
4843
4941
1514
4966
1520
4965
5180
4963
1516
4969
1517
4973
4974
5731
4906
4905
1506
4967
4979
1521
4950
4949
1515
4985
4985
4988
4988
4989
4990
4991
4992
4993
4994
4995
4996
4997
4998
4999
5000
5001
5002
5003
5004
5005
5006
5007
5008
5009
5010
5011
5012
5013
5014
5015
5016
5017
5018
5019
5020
5021
5022
5023
5024
5025
5026
5027
5028
5029
5030
5031
5032
5033
5034
5035
5036
5037
5038
5039
5040
5041
5042
5043
5044
5045
5046
5047
5048
5049
5050
5051
5052
5053
5054
5055
5056
5057
5058
5059
5060
5061
5062
5063
5064
5065
5066
5067
5068
5069
5070
5071
5072
5073
5074
5075
5076
5077
5078
5079
5080
5081
5082
5083
5084
5085
5086
5087
5088
5089
5090
5091
5092
5093
5094
5095
5096
5097
5098
5099
5100
5101
5102
5103
5104
5105
5106
5107
5108
5109
5110
5111
5112
5113
5115
5115
5116
5117
5118
5119
5120
5121
5122
5123
5124
5125
5126
5127
5128
5129
5130
5131
5132
5133
5134
5135
5136
5137
5138
5139
5140
5141
5142
5143
5144
5145
5146
5147
5148
5150
5150
5151
5152
5153
5154
5155
5156
5157
5158
5159
5160
5161
4628
4628
5164
5165
5166
5167
5168
5169
5170
5171
5172
5173
5174
5175
5176
5177
5178
5180
3414
5179
3414
3414
5182
3421
1062
1062
3419
5181
5189
5144
5192
5191
1576
5195
5196
5197
5198
5199
5202
1585
4678
5203
4677
1588
5231
5207
1588
297
298
295
4798
5215
5213
5215
5216
5217
5218
5219
5193
5220
1584
5223
5223
5223
5227
5228
5225
4758
1450
5229
5221
1344
5234
5224
5235
5247
4763
5230
5247
296
203
296
4700
1425
5244
5246
4530
5248
5250
5251
5252
4762
4762
1451
4761
2375
4761
4761
287
290
1595
285
4705
1428
5268
5268
5214
4792
5266
5269
5272
5273
5274
5275
5276
5277
5278
5279
5280
5281
5282
5283
5284
5285
5286
5287
5288
5289
5290
5291
5292
5293
5294
5295
5296
1577
5298
5299
5300
5301
5303
5597
1615
1352
5306
5307
5147
5309
5310
5311
5312
5313
5314
5315
5316
5317
2375
283
286
5321
5321
5323
5324
4449
5329
5326
1620
5329
4916
4629
4917
5333
5334
5335
1621
5340
5338
5332
1389
5343
1626
6126
1627
5345
5346
5347
5348
5349
5350
2377
2371
5351
5354
5355
5356
5357
5358
5359
5360
5361
5362
5363
5364
5365
5366
5367
5368
5369
5370
5371
5372
5373
5374
5377
1633
5378
4751
1443
5380
5381
5382
5383
5384
5385
5386
5387
5388
5389
5390
5391
5392
5393
5394
5395
5396
5398
5398
5399
1637
5571
5402
5403
5404
5405
5406
4604
5407
5163
5410
5411
5412
5413
5415
6129
5414
5417
5417
5419
5420
1389
5422
5423
5424
5425
5426
5427
5428
5429
5430
5431
5432
5433
5434
5435
4514
1336
5438
5439
5440
5441
5442
5443
5444
2208
5446
5447
5448
5449
5450
5451
5452
5453
5454
5457
5456
5459
5449
4509
1318
4482
5460
5463
5464
5465
5466
5467
5468
5469
1647
5471
5472
5473
5474
5475
5476
5477
5478
5479
5480
5481
5482
5483
5484
5485
5486
5487
5490
5489
5490
5491
5492
5493
5494
5495
5496
4496
5498
5499
5500
5501
5502
5503
5504
5505
5506
5507
5508
5509
5510
1655
5512
4796
1461
5515
5516
1481
5518
5519
5520
5521
5522
5523
5524
5525
5526
5527
5528
5532
5533
2390
5534
4792
4792
5535
5536
5537
5538
5539
5540
2232
5542
4642
2253
5545
5547
5547
5548
5549
5557
5551
5552
4845
5553
5554
4970
5408
1387
1509
5560
5561
5562
5563
5564
5565
5566
5567
5568
5569
5570
5571
1363
5573
5574
5575
5576
5577
5578
5579
5580
5581
5582
5583
5584
5585
5586
5587
5588
5589
5590
5591
5592
5593
5594
5595
5596
5596
5598
5599
5600
5601
1627
5602
5604
5605
5606
5608
5609
5611
1670
5327
1291
5613
5614
5615
5616
5617
5618
5619
5620
5621
5622
5623
5624
5625
5624
5627
5628
5629
5630
5631
5632
5633
5634
5635
5636
5637
1674
5639
5640
5641
5642
5643
5644
5645
1673
5647
5648
5649
5650
5651
5652
5653
5654
5655
5656
5657
5658
5659
5660
5626
5661
5663
5664
5665
5666
5667
5668
5669
5670
5671
5672
5673
5674
5675
5676
5677
5678
5679
5680
5681
5682
5683
5684
5685
5686
5687
5688
5689
5690
5691
5692
5693
5694
5695
5696
5697
5698
5699
5700
5701
5702
5711
5704
5705
5706
5707
5708
5709
5712
4548
5713
1362
1685
4567
2426
5717
5718
5719
2233
2398
548
2401
548
2231
4845
561
4843
5727
1686
5730
5732
5733
5734
5735
5736
5737
5738
5739
5742
5741
5742
5743
5744
5745
4940
4844
4844
4844
5747
5749
5752
5753
5754
5755
5756
5757
5758
5759
5760
5761
5762
5763
5764
5765
5766
5767
5768
5769
5770
5771
5772
5773
5774
5775
5776
5777
5778
5779
5780
5781
5782
5783
5784
5785
5786
5787
5788
5789
5790
5791
5792
5793
5794
5795
5796
5797
5798
5799
5800
5801
5802
5803
5804
5805
5806
5807
5808
5809
5810
5811
5812
5813
5814
5815
5816
5817
5818
5819
5820
5821
5822
5823
5824
5825
5826
5827
5828
5829
5830
5831
5832
5833
5834
5835
5836
5837
5838
5839
5840
5841
5842
5843
5844
5845
5846
5847
5848
5849
5850
5851
5852
5853
5854
5855
5856
5857
5858
5859
5860
5861
5862
5863
5864
5865
5866
5867
5868
5869
5870
5871
5872
5873
5874
5875
5876
5877
5878
5879
291
2362
5882
5883
5884
5885
5886
5887
5888
5889
5890
5891
5892
5893
5894
5895
5896
5897
5898
5899
5900
5901
5902
5903
5904
5905
5906
5907
5908
5909
5910
5911
5912
5913
5914
5915
5916
5917
5918
5919
5920
5921
5922
5923
5924
5925
5926
5927
5928
5929
5930
5931
5932
5933
5934
5935
5936
5937
5938
5939
5940
5941
5942
5943
5944
5945
5946
5947
5948
5949
5950
5951
5952
5953
5954
5955
5956
5957
5958
5959
5960
5961
5962
5963
5964
5965
5966
5967
5968
5969
5970
5971
5972
5973
5974
5975
5976
5977
5978
5979
5980
5981
5982
5983
5984
5985
5986
5987
5988
5989
5990
5991
5992
5993
5994
5995
5996
5997
5998
5999
6000
6001
6002
6003
6004
6005
6006
6007
6008
6009
6010
6011
6012
6013
6014
6015
6016
6017
6018
6019
5231
6021
6022
6023
6024
6025
6026
6027
6028
6029
6030
6031
6032
6033
6034
6035
6036
6037
6038
6039
6040
6041
6042
6043
6044
6045
6046
6047
6048
6049
6050
6051
6052
6053
6054
6055
6056
6057
6058
6059
6060
6061
6062
6063
6064
6065
6066
6067
6068
6069
6070
6071
6072
6073
6074
6075
6076
6077
6078
6079
6080
6081
6082
6083
6084
6085
6086
6087
6088
6089
6090
6091
6092
6093
6094
6095
6096
6097
6098
6099
6100
6101
6102
6103
6104
6105
6106
6107
6108
6109
6110
6111
6112
6113
6114
5662
1487
1492
2254
4894
4892
4896
6123
6124
2246
6125
6126
6127
1639
5418
6130
6131
6132
6133
6134
6135
4771
6137
2371
4617
5318
6141
6142
6143
6144
6145
6146
6147
2239
4876
4879
1520
6152
6153
6154
6155
6156
6157
6158
6159
443
4880
6162
6163
6164
6165
6166
6167
6168
6169
6170
6171
6172
6173
6174
6175
6176
6177
6178
6179
6180
6181
1527
987
2173
2575
6186
6187
6188
6189
6190
6191
979
6193
6194
6195
6196
6197
6198
6199
6200
6201
6202
6203
1064
6205
5731
6207
3973
6209
1525
6211
986
6192
6214
6236
6235
6217
6218
6219
6220
6221
6222
6223
6224
6225
6226
6227
6228
6229
6230
6231
6232
6233
6255
6235
6236
985
6204
6239
6240
6241
6242
6243
6244
6245
6246
6247
6248
6249
6250
6251
6252
6253
6254
6255
6256
6286
6258
6259
6260
6261
6275
6263
6264
6265
6266
6267
6268
6270
6232
6274
6273
6218
6274
6278
6276
6277
6278
6279
6280
6281
6282
6283
6284
6285
6287
6287
6288
6273
6274
6270
