85
1
3
4
102
104
28
28
3022
31
2917
2927
65
50
3012
165
9
122
123
81
88
2931
923
922
3018
368
26
27
2951
2951
3558
2914
1947
2925
129
148
1968
37
151
386
8
159
43
170
47
45
46
84
49
3014
14
13
48
118
116
118
133
121
2915
32
58
1073
2919
124
124
33
894
66
11
15
80
69
158
63
18
61
69
71
16
57
56
57
59
62
86
2934
1797
91
92
92
96
2
922
2155
3018
99
3018
922
3018
4
368
368
368
105
27
893
28
105
2951
2951
28
28
29
29
3557
110
3497
924
2912
2916
2915
881
2918
880
880
2924
894
2926
77
19
128
73
12
117
114
135
136
137
161
130
139
144
144
26
1971
146
146
145
107
103
151
27
41
152
166
7
7
150
35
38
1971
0
147
6
163
40
168
168
169
27
27
258
172
174
268
272
278
276
199
284
202
4716
4725
183
222
4812
330
224
181
235
251
259
532
270
195
195
272
197
198
4751
4751
5320
4713
4718
4724
301
319
2221
208
320
221
305
329
214
341
215
255
217
218
223
212
184
185
4812
304
304
289
287
293
231
203
4712
296
181
294
1592
295
234
239
297
186
328
240
250
233
188
245
240
242
250
225
187
228
229
230
257
260
2193
4732
261
173
265
261
269
268
4817
195
4817
175
272
195
272
272
545
277
277
199
1443
198
4751
199
199
4751
281
281
5319
200
1446
290
4711
5263
4712
4716
1431
4717
4723
1432
1444
4726
248
299
190
246
303
290
285
306
307
308
309
1472
310
313
313
210
312
318
316
318
275
198
320
274
212
337
324
178
178
321
209
206
2223
332
317
177
334
335
338
340
338
198
198
342
343
344
345
346
347
348
349
3436
893
2931
353
88
21
3710
357
358
359
1807
3036
28
1819
3034
3030
2989
2990
368
1825
378
3047
369
373
3155
375
443
2767
378
3142
380
381
1852
3047
3047
27
26
387
388
389
390
391
392
393
394
395
396
397
398
399
400
401
402
403
404
405
406
407
408
409
410
411
412
413
414
415
416
417
418
419
420
891
3556
423
424
425
2986
2975
428
3991
430
431
432
433
434
435
436
437
438
439
1845
2015
440
3958
3091
3170
446
447
448
449
450
451
452
453
454
455
456
457
458
459
460
461
462
463
464
465
466
467
468
469
470
471
472
473
474
475
476
477
478
479
480
481
482
483
484
485
486
487
488
489
490
491
492
493
494
495
2835
2129
2132
3767
2824
3614
2909
3712
504
2906
506
2815
508
509
2147
511
2158
513
514
515
3107
3783
518
519
520
521
522
523
524
525
526
4751
5379
532
259
531
192
5470
534
535
536
2203
4835
1443
2213
4829
4832
4788
4818
272
6150
4902
5722
620
2400
2426
4643
4567
621
4902
4932
5716
6116
2254
5722
5724
198
563
564
565
566
567
568
569
570
571
572
573
574
575
576
577
578
579
580
581
582
583
584
585
586
587
588
589
590
591
592
593
594
595
596
597
598
599
600
601
5318
603
604
605
606
5747
4875
609
610
611
612
613
614
615
616
617
2246
618
2427
5715
4934
4889
2434
625
626
627
628
629
630
631
632
633
634
635
636
637
638
639
640
641
642
643
644
645
646
647
648
649
650
651
652
653
654
655
656
657
658
659
660
661
662
663
664
665
666
667
668
669
670
671
672
673
674
4632
679
2538
5524
1385
5375
4709
5472
4704
4702
2551
2550
4617
688
689
4646
2566
692
693
4904
2245
2581
2586
698
4787
700
701
702
703
704
705
706
707
708
709
710
711
712
713
714
715
716
717
718
719
720
721
722
723
724
725
726
727
728
729
730
731
732
733
734
735
736
737
738
739
740
741
742
743
744
745
746
747
748
749
750
751
752
753
754
755
756
757
758
759
760
3630
762
763
764
2699
2701
767
768
769
770
771
772
773
774
775
776
777
778
779
780
781
782
783
784
785
786
787
788
789
790
791
792
793
794
795
796
797
798
799
498
3634
3955
2768
4395
805
2773
2772
2781
809
3385
2817
2785
3377
2787
815
816
817
2793
819
820
821
822
3388
3387
2802
2804
827
829
2820
3638
3648
3816
3423
3124
2828
836
837
838
839
3119
2838
842
843
3083
845
2851
3121
2853
849
850
851
852
853
854
855
856
857
3461
2878
2958
3462
2880
863
2885
865
3623
867
868
869
870
2895
2896
873
874
2902
876
2911
3493
3473
1949
3495
4267
2948
2933
884
2943
2942
2996
3757
3002
3617
2951
3618
2924
2912
113
28
2951
2951
2959
1962
902
2969
356
2973
3041
2975
908
909
2998
3466
3443
2994
27
904
903
386
905
2979
2988
923
3018
922
3558
925
926
927
928
3032
3035
931
3044
3048
934
935
3052
3054
938
939
940
941
942
3066
4371
3136
3077
3155
3991
3991
3092
3097
3093
955
970
3136
958
953
967
934
1062
945
956
957
3148
3150
3067
3137
3136
960
3167
3144
952
946
946
3152
3174
3971
978
979
945
3179
3165
3790
2175
3193
3182
3187
3973
3194
3196
3189
2171
993
994
995
996
997
998
999
1000
1001
1002
1003
1004
1005
1006
1007
1008
1009
1010
1011
1012
1013
1014
1015
1016
1017
1018
1019
1020
1021
1022
1023
1024
1025
1026
1027
1028
1029
1030
1031
1032
1033
1034
1035
1036
1037
1038
1039
1040
1041
1042
1043
1044
1045
1046
1047
1048
3379
3382
1051
1052
1053
3399
1055
1056
3404
1058
3408
1062
3410
960
1063
3426
1065
3433
3464
2925
3465
1070
1071
1072
2917
3483
1075
3474
3492
1947
1079
1080
4394
1954
2914
1960
1085
1086
1087
1088
1089
1090
1091
1092
1093
1094
1095
1096
1097
1098
1099
1100
3569
1102
3660
3802
1105
1106
1107
1108
1109
1110
1111
1112
3616
1114
1115
1116
1117
3814
1119
1120
1121
1122
1123
1124
1125
1126
3682
1128
1129
1130
3708
1132
1133
1134
1135
1136
3796
3798
1139
1140
1141
1142
1143
1144
1145
1146
3953
1148
1149
1150
1151
1152
1153
1154
1155
1156
1157
1158
1159
1160
1161
1162
1163
4377
3048
3993
1167
3994
1169
1170
1171
1172
1173
1174
1175
1176
1177
1178
1179
1180
1181
1182
1183
1184
1185
1186
1187
1188
1189
1190
1191
1192
1193
1194
1195
1196
1197
1198
1199
1200
1201
1202
1203
1204
1205
1206
1207
1208
1209
1210
1211
1212
1213
1214
1215
1216
1217
1218
1219
1220
1221
1222
1223
1224
1225
1226
1227
1228
1229
1230
1231
1232
1233
1234
1235
1236
1237
1238
1239
1240
1241
1242
1243
1244
1245
1246
1247
1248
1249
1250
1251
1252
1253
1254
1255
1256
1257
1258
1259
1260
1261
1262
1263
1264
1265
1266
1267
1268
1269
1270
1271
1272
1273
1274
1275
1276
1277
1278
1279
1280
1281
1282
1283
1284
1285
1286
1287
1288
1289
1290
1291
1292
1293
1294
1295
1296
1297
1298
1299
1300
1301
1302
1303
1304
1305
1306
1307
1308
1309
1310
1311
1312
1313
1314
1315
1316
1317
1318
1319
1320
4543
1322
1323
1324
1325
1326
1327
1328
1329
4505
4522
4521
4508
4510
1335
4513
1337
1338
1339
1340
1341
1342
1343
1344
1345
1346
1347
1348
1349
4549
4547
5305
1353
1354
1355
1356
1357
1358
1359
5561
4564
5712
4571
6141
1365
4577
4579
4581
4615
4584
5158
1372
1373
4592
1375
1376
1377
4596
4601
5333
4604
5163
1383
4647
4622
4623
5408
5571
4629
5188
4634
5536
1393
1394
4639
4914
4870
2231
1399
4649
2547
1402
5323
1404
1405
1406
1407
1408
1409
1410
1411
1412
1413
1414
1415
1416
1417
5386
1419
1420
1421
4692
4691
1424
5245
1426
1427
5265
4707
5258
5259
2364
2364
4748
4746
4733
1436
4735
4742
4797
2390
5377
1633
204
4711
1449
4751
4751
199
1450
2378
4762
4766
533
4773
4839
4774
4775
1459
1460
4796
1462
6020
1464
1453
198
198
4784
1455
4785
221
197
270
195
195
5320
1477
1478
4826
4777
1481
4842
5748
5724
5185
4852
4853
4855
5186
4858
4862
4861
4954
4927
2428
5746
5747
4888
4890
1500
4893
4927
4925
1501
5724
1506
1504
1507
4863
4927
4954
1512
4958
1515
1515
4961
4965
5727
1519
5183
1520
1522
5546
1523
4969
4979
6206
5729
4976
3192
4981
4982
2573
1534
1535
1536
1537
1538
1539
1540
1541
1542
1543
1544
1545
1546
1547
1548
1549
1550
1551
1552
1553
1554
1555
1556
1557
1558
1559
1560
1561
1562
1563
1564
1565
1566
1567
1568
1569
1570
1571
1572
1573
1574
1575
1576
1577
1578
1579
1580
1581
1582
5176
1584
5197
1586
4724
1588
1589
1590
1591
293
1593
1594
5256
5237
4718
1598
1599
2369
2557
4713
2376
1604
1605
1606
1607
1608
1609
1610
1611
1612
1613
1614
1615
1616
1617
1618
1442
1620
5330
6125
5421
5336
5559
1626
5600
1628
1629
1630
1631
1632
1422
1634
1635
1636
5570
1638
1639
1640
1641
1642
1643
5433
5435
5437
5444
1648
1649
1650
1651
1652
1653
1654
1655
4789
1657
5553
5555
1660
1661
1662
1663
1664
1665
1666
1667
5710
1669
1670
1671
1672
1673
1674
1675
1676
1677
1678
1679
1680
1681
1682
1683
1684
6123
5748
5749
1688
5750
1690
1691
1692
1693
1694
1695
1696
1697
1698
1699
1700
1701
1702
1703
1704
1705
1706
1707
1708
1709
1710
1711
1712
1713
1714
1715
1716
1717
1718
1719
1720
1721
1722
1723
1724
1725
1726
1727
1728
1729
1730
1731
1732
1733
1734
1735
1736
1737
1738
1739
1740
1741
1742
1743
1744
1745
1746
1747
1748
1749
1750
1751
1752
1753
1754
1755
1756
1757
1758
1759
1760
1761
1762
1763
1764
1765
1766
1767
1768
1769
1770
1771
1772
1773
1774
1775
1776
1777
1778
1779
1780
1781
1782
1783
1784
1785
1786
1787
1788
1789
1790
1791
1794
350
3435
1795
1796
86
91
1797
21
84
1802
1803
1804
1805
1810
361
1806
1809
3201
3680
105
27
3680
893
1818
1818
3033
365
3019
2991
2155
2156
907
378
3106
378
1825
383
3049
3158
1832
1833
3159
374
1825
2765
2765
2764
1837
3105
378
1844
378
445
379
1845
2018
3143
1850
1851
944
1853
1854
3049
3049
3049
3047
1859
1860
1861
1862
1863
1864
1865
1866
1867
1868
1869
1870
1871
1872
1873
1874
1875
1876
1877
1878
1879
1880
1881
1882
1883
1884
1885
1886
1887
1888
1889
1890
1891
1892
1893
1894
1895
1896
1897
1898
1899
1900
1901
1902
1903
1904
1905
1906
1907
1908
1909
1910
1911
1912
1913
1914
1915
1916
1917
1918
1919
1920
1921
1922
1923
1924
1925
1926
1927
1928
1929
1930
1931
1932
1933
1934
1935
1936
1937
1938
1939
1940
1941
1942
1943
1944
1945
3476
1077
3493
3476
3473
1951
1952
1953
4392
4392
1955
4392
891
1963
502
1959
3591
3590
1964
1965
1966
1967
1971
1968
51
144
1972
2977
2975
2977
2977
1823
3010
92
889
1984
1980
3003
2998
1985
1986
1987
3969
1989
1990
3990
1992
1993
1994
1995
1996
1997
1998
1999
2000
2001
2002
2003
2004
2005
2006
2007
2008
2009
2014
2014
2014
1847
380
380
444
444
3094
2019
2020
2021
2022
2023
2024
2025
2026
2027
2028
2029
2030
2031
2032
2033
2034
2035
2036
2037
2038
2039
2040
2041
2042
2043
2044
2045
2046
2047
2048
2049
2050
2051
2052
2053
2054
2055
2056
2057
2058
2059
2060
2061
2062
2063
2064
2065
2066
2067
2068
2069
2070
2071
2072
2073
2074
2075
2076
2077
2078
2079
2080
2081
2082
2083
2084
2085
2086
2087
2088
2089
2090
2091
2092
2093
2094
2095
2096
2097
2098
2099
2100
2101
2102
2103
2104
2105
2106
2107
2108
2109
2110
2111
2112
2113
2114
2115
2116
2117
2118
2119
2120
2121
2122
2123
2124
2125
2126
2127
4401
496
4401
4401
2825
499
2811
2825
2137
2904
2138
2139
2140
2143
2142
4393
2144
2145
2146
2147
2148
2951
28
2951
2950
2154
922
922
2976
2157
2158
2157
2160
2161
2162
2163
2164
2165
2166
2167
2168
3186
3186
3187
3188
2174
3788
983
517
2177
2178
2179
2180
2181
2182
2183
2184
2185
2186
2185
2188
2189
2190
2191
2192
255
2193
260
255
192
2198
2199
2200
2201
2204
538
4987
2205
2202
277
5439
198
277
1443
2214
541
4831
2214
2559
195
195
4790
2559
2223
175
312
221
6136
4902
4902
4902
4902
2257
2427
5725
4881
548
2228
555
2424
4570
2241
4569
2425
4901
4902
4901
4902
2248
556
4932
622
2246
1490
6117
4870
1490
4861
5725
5722
5725
5725
2260
2261
2262
2263
2264
2265
2266
2267
2268
2269
2270
2271
2272
2273
2274
2275
2276
2277
2278
2279
2280
2281
2282
2283
2284
2285
2286
2287
2288
2289
2290
2291
2292
2293
2294
2295
2296
2297
2298
2299
2300
2301
2302
2303
2304
2305
2306
2307
2308
2309
2310
2311
2312
2313
2314
2315
2316
2317
2318
2319
2320
2321
2322
2323
2324
2325
2326
2327
2328
2329
2330
2331
2332
2333
2334
2335
2336
2337
2338
2339
2340
2341
2342
2343
2344
2345
2346
2347
2348
2349
2350
2351
2352
2353
2354
2355
2356
2357
2358
2359
2360
5238
1595
5237
5238
5258
2366
2367
2368
6138
6138
4751
4750
2369
2377
2374
681
5353
5352
2379
2380
2381
2382
4788
4788
4775
4790
261
1470
261
2393
4742
5514
4795
1440
2397
2396
2397
1497
5746
1497
5723
2402
2403
2404
2405
2406
2407
2408
2409
2410
2411
2412
2413
2414
2415
2416
2417
2418
2419
557
618
6161
557
2427
2426
5716
557
2426
623
4889
623
2432
2433
2434
2435
2436
2437
2438
2439
2440
2441
2442
2443
2444
2445
2446
2447
2448
2449
2450
2451
2452
2453
2454
2455
2456
2457
2458
2459
2460
2461
2462
2463
2464
2465
2466
2467
2468
2469
2470
2471
2472
2473
2474
2475
2476
2477
2478
2479
2480
2481
2482
2483
2484
2485
2486
2487
2488
2489
2490
2491
2492
2493
2494
2495
2496
2497
2498
2499
2500
2501
2502
2503
2504
2505
2506
2507
2508
2509
2510
2511
2512
2513
2514
2515
2516
2517
2518
2519
2520
2521
2522
2523
2524
2525
2526
2527
2528
2529
2530
2531
2532
2533
2534
6147
2542
2542
675
4624
1388
4611
2540
4703
4705
684
2543
4704
687
2548
2550
2551
2549
2552
2554
4751
4751
4751
5378
195
195
195
4785
2564
2564
690
689
2567
2568
2569
2570
4973
4974
1527
4973
2578
2578
1523
5545
2553
2579
686
2582
2583
2585
507
507
2589
2589
2589
2590
2591
2592
2593
2594
2595
2596
2597
2598
2599
2600
2601
2602
2603
2604
2605
2606
2607
2608
2609
2610
2611
2612
2613
2614
2615
2616
2617
2618
2619
2620
2621
2622
2623
2624
2625
2626
2627
2628
2629
2630
2631
2632
2633
2634
2635
2636
2637
2638
2639
2640
2641
2642
2643
2644
2645
2646
2647
2648
2649
2650
2651
2652
2653
2654
2655
2656
2657
2658
2659
2660
2661
2662
2663
2664
2665
2666
2667
2668
2669
2670
2671
2672
2673
2674
2675
2676
2677
2678
2679
2680
2681
2682
2683
2684
2685
2686
2687
751
2689
2690
2691
2692
2693
2694
2695
2696
2697
2702
764
2698
767
2702
2703
2704
2705
2706
2707
2708
2709
2710
2711
2712
2713
2714
2715
2716
2717
2718
2719
2720
2721
2722
2723
2724
2725
2726
2727
2728
2729
2730
2731
2732
2733
2734
2735
2736
2737
2738
2739
2740
2741
2742
2743
2744
2745
2746
2747
2748
2749
2750
2751
2752
2753
2754
2755
2756
2757
2758
2759
2132
2128
3633
500
802
2766
3957
802
2770
2768
508
2770
805
2773
2772
2776
2776
2780
2778
810
3384
811
2774
2784
807
806
2790
813
2786
2789
3764
2791
2792
2793
2794
2795
2796
2797
2798
2799
2801
3386
824
2800
823
2805
2806
2807
2822
2820
512
3639
830
2814
3646
831
2813
825
2816
2818
2159
2159
512
832
1118
3768
2827
3422
834
2826
833
2832
3778
2833
2831
812
2837
3168
840
2836
2840
2841
2842
2843
2844
2845
2845
2847
2848
2849
819
2851
2855
847
2852
3118
2856
2857
2858
2859
2860
2861
2862
2863
2864
2865
2866
2867
2868
2869
2870
2871
2872
2873
2874
2875
2876
861
2879
2960
3440
2877
2882
2883
2884
2885
2886
2887
3624
2889
2890
2891
2893
2893
2894
2892
2896
2897
2898
2899
2900
2901
874
2903
2905
3500
2906
2910
2907
2910
2895
871
2913
3020
3490
2914
2913
881
1948
1946
2915
1077
3473
3495
1076
1076
2948
2919
3475
2948
3475
2926
911
21
127
86
2935
2937
2936
2939
2942
884
1973
1976
2944
912
2946
1074
1074
4267
3617
3617
3617
3618
2951
28
2951
28
2960
875
3462
2958
2962
901
2964
2965
2970
356
2966
503
3711
2974
2971
932
3747
363
2979
2978
1817
3042
2966
2967
2968
903
3041
3041
2973
2985
2979
2979
2975
2975
2992
2993
360
2995
930
930
3037
3444
1069
911
1807
361
2994
3014
2983
3014
2985
2984
906
2986
159
27
43
105
893
3017
368
2976
2151
2151
108
3023
3024
3025
3026
3027
762
3028
3030
3031
3032
2696
3034
1817
364
3035
3038
3039
3040
3042
3043
3029
929
3045
3045
934
429
3106
3106
3055
935
3051
938
3055
3056
3057
3058
3059
3060
3061
3062
3063
3064
3057
939
3065
3066
4370
943
3065
3072
3073
3074
3075
3166
941
3078
974
374
443
374
372
1989
1989
3991
1989
3090
950
3091
3092
4403
951
3091
3134
3095
954
3166
968
3125
3103
3099
3127
3126
3106
3106
977
3108
3109
3416
3111
3112
3113
3100
3104
3101
3102
3120
964
3149
965
3067
936
936
3130
969
3135
3135
3136
3110
3137
3166
3167
3166
3110
961
960
974
974
974
3141
3141
3170
3171
4375
3145
4374
3117
3114
962
3079
3077
3079
443
443
443
1825
1828
3959
2014
3047
4405
3076
3152
3162
3163
3077
3146
3169
3094
3093
3172
3172
3079
946
3174
3048
3076
3415
3178
3076
975
3183
3183
3176
3188
3188
3973
3112
978
3189
979
3180
981
3193
3165
3190
982
516
3199
3201
3202
3203
3204
3205
3206
3207
3208
3209
3210
3211
3212
3213
3214
3215
3216
3217
3218
3219
3220
3221
3222
3223
3224
3225
3226
3227
3228
3229
3230
3231
3232
3233
3234
3235
3236
3237
3238
3239
3240
3241
3242
3243
3244
3245
3246
3247
3248
3249
3250
3251
3252
3253
3254
3255
3256
3257
3258
3259
3260
3261
3262
3263
3262
3265
3266
3267
3268
3269
3270
3271
3272
3273
3274
3275
3276
3277
3278
3279
3280
3281
3282
3283
3284
3285
3286
3287
3288
3289
3290
3291
3292
3293
3294
3295
3296
3297
3298
3299
3300
3301
3302
3303
3304
3305
3306
3307
3308
3309
3310
3311
3312
3313
3314
3315
3316
3317
3318
3319
3320
3321
3322
3323
3324
3325
3326
3327
3328
3329
3330
3331
3332
3333
3334
3335
3336
3337
3338
3339
3340
3341
3342
3343
3344
3345
3346
3347
3348
3349
3350
3351
3352
3353
3354
3355
3356
3357
3358
3359
3360
3361
3362
3363
3364
3365
3366
3367
3368
3369
3370
3371
3372
3373
3374
3375
3378
3377
3378
1048
3376
3380
1049
3381
2803
826
2829
835
836
3383
3390
1050
3392
3393
3394
3395
3396
3397
3398
3399
3400
3401
3402
3401
3404
3403
864
3405
1057
3413
3414
3409
3416
3110
960
961
3420
3417
3418
3419
3420
1063
3053
937
3411
3424
1061
3427
3428
3429
3430
3434
3431
1044
3434
1066
3437
3460
1067
3438
3463
1069
3450
3443
3466
2926
2924
2926
911
3450
2961
3451
3452
3453
3454
3455
3456
3457
3458
3459
3459
3461
3463
3464
3460
2961
3467
900
3468
3469
3470
3471
3472
902
902
3474
3492
2919
880
2918
3480
3481
3482
3483
3484
3485
3486
3487
3488
1082
1957
1956
3494
422
3556
422
2913
3557
2912
924
3500
3501
2881
3503
3504
2881
3439
3507
3508
3509
3510
3511
3512
3513
3514
3515
3516
3517
3518
3519
3520
3521
3522
3523
3524
3525
3526
3527
3528
3529
3530
3531
3532
3533
3534
3535
3536
3537
3538
3539
3540
3541
3542
3543
3544
3545
3546
3547
3548
3549
3550
3551
3552
3553
3554
3555
421
29
29
3559
3560
3561
2908
3563
3564
3565
3566
3567
3568
834
3123
2828
3572
3573
3574
1101
3571
3570
3577
3575
3580
3846
3582
3583
3584
3585
3586
3587
3588
3589
501
3592
3615
2894
3594
3595
3596
3597
3598
3599
3600
3601
3602
3603
3604
3605
3606
3607
3608
3609
3610
3611
3612
3613
2895
3614
872
3615
1113
3619
3620
3621
3622
801
2762
3626
3632
800
3628
2761
3630
3631
3804
2808
828
1117
3636
3813
3637
1118
3815
3641
3642
3643
3644
3645
3647
3387
1103
3649
3650
3651
3652
3653
3654
3655
3656
3657
3658
3659
835
3661
3662
3663
3664
3665
3666
3667
3668
3669
3670
3671
3672
3673
3674
3675
3676
3677
3679
3709
3678
3676
1126
3681
3678
3685
3686
3687
3688
3689
3690
3691
3692
3693
3694
3695
3696
3697
3698
2700
3700
3701
3702
3703
3704
3705
3706
3706
3708
3683
1127
3707
1131
3713
3714
3715
3716
3717
3718
3719
3720
3721
761
3723
3724
3725
3726
3727
3728
3729
3730
3731
3732
3733
3734
3735
3736
3737
3738
3739
3740
3741
3742
4390
2972
3745
3746
3746
3748
3749
3750
3751
3752
3753
3754
930
2996
361
3758
3759
3760
1059
3762
3763
3764
3765
3766
3769
804
2775
3770
3771
3772
3773
1984
3775
3776
3777
3779
3791
3780
3781
3782
3108
3785
3970
3786
3787
3789
3798
1138
3791
3792
3793
3794
3803
3045
3177
976
3185
3579
3801
3071
3070
2846
3805
3806
3807
3808
3809
3810
3811
3812
510
510
2769
2771
3817
3818
3819
3820
3821
3822
3823
3824
3825
3826
3827
3828
3829
3830
3831
3832
3833
3834
3835
3836
3837
3838
3839
3840
3841
3842
3843
1147
3952
3847
3955
3848
3849
3850
3851
3852
3853
3854
3855
3856
3857
3858
3859
3860
3861
3862
3863
3864
3865
3866
3867
3868
3869
3870
3871
3872
3873
3874
3875
3876
3877
3878
3879
3880
3881
3882
3883
3884
3885
3886
3887
3888
3889
3890
3891
3892
3893
3894
3895
3896
3897
3898
3899
3900
3901
3902
3903
3904
3905
3906
3907
3908
3909
3910
3911
3912
3913
3914
3915
3916
3917
3918
3919
3920
3921
3922
3923
3924
3925
3926
3927
3928
3929
3930
3931
3932
3933
3934
3935
3936
3937
3938
3939
3940
3941
3942
3943
3944
3945
3946
3947
3948
3949
3950
3951
2792
818
3954
3956
4376
3956
3958
3958
4378
3961
3962
3963
950
3092
3045
934
3045
429
3972
1166
3992
3975
3975
3993
3976
3977
3978
3979
3980
3981
3982
3983
3984
3985
3986
3987
3988
3989
3079
3079
3151
982
982
3198
3996
3997
3998
3999
4000
4001
4002
4003
4004
4005
4006
4007
4008
4009
4010
4011
4012
4013
4014
4015
4016
4017
4018
4019
4020
4021
4022
4023
4024
4025
4026
4027
4028
4029
4030
4031
4032
4033
4034
4035
4036
4037
4038
4039
4040
4041
4042
4043
4044
4045
4046
4047
4048
4049
4050
4051
4052
4053
4054
4055
4056
4057
4058
4059
4060
4061
4062
4063
4064
4065
4066
4067
4068
4069
4070
4071
4072
4073
4074
4075
4076
4077
4078
4079
4080
4081
4082
4083
4084
4085
4086
4087
4088
4089
4090
4091
4092
4093
4094
4095
4096
4097
4098
4099
4100
4101
4102
4103
4104
4105
4106
4107
4108
4109
4110
4111
4112
4113
4114
4115
4116
4117
4118
4119
4120
4121
4122
4123
4124
4125
4126
4127
4128
2915
881
4131
4132
4133
4134
4135
4136
4137
4138
4139
4140
4141
4142
4143
4144
4145
4146
4147
4148
4149
4150
4151
4152
4153
4154
4155
4156
4157
4158
4159
4160
4161
4162
4163
4164
4165
4166
4167
4168
4169
4170
4171
4172
4173
4174
4175
4176
4177
4178
4179
4180
4181
4182
4183
4184
4185
4186
4187
4188
4189
4190
4191
4192
4193
4194
4195
4196
4197
4198
4199
4200
4201
4202
4203
4204
4205
4206
4207
4208
4209
4210
4211
4212
4213
4214
4215
4216
4217
4218
4219
4220
4221
4222
4223
4224
4225
4226
4227
4228
4229
4230
4231
4232
4233
4234
4235
4236
4237
4238
4239
4240
4241
4242
4243
4244
4245
4246
4247
4248
4249
4250
4251
4252
4253
4254
4255
4256
4257
4258
4259
4260
4261
4262
4263
4264
4265
4266
1074
4268
4269
4270
4271
4272
4273
4274
4275
4276
4277
4278
4279
4280
4281
4282
4283
4284
4285
4286
4287
4288
4289
4290
4291
4292
4293
4294
4295
4296
4297
4298
4299
4300
4301
4302
4303
4304
4305
4306
4307
4308
4309
4310
4311
4312
4313
4314
4315
4316
4317
4318
4319
4320
4321
4322
4323
4324
4325
4326
4327
4328
4329
4330
4331
4332
4333
4334
4335
4336
4337
4338
4339
4340
4341
4342
4343
4344
4345
4346
4347
4348
4349
4350
4351
4352
4353
4354
4355
4356
4357
4358
4359
4360
4361
4362
4363
4364
4365
4366
4367
4368
4369
4370
4371
4372
3096
4373
4373
2850
846
3173
4379
4380
2834
4382
4383
4384
4385
4386
4387
4388
4389
2972
4391
2951
3801
2151
508
4396
4397
4398
4399
4400
499
3154
4403
3106
3163
4406
4407
4408
4409
4410
4411
4412
4413
4414
4415
4416
4417
4418
4419
4420
4421
4422
4423
4424
4425
4426
4427
4428
4429
4430
4431
4432
4433
4434
4435
4436
4437
4438
4439
4440
4441
4442
4443
4444
4445
4446
4447
4448
4449
4450
4451
4452
4453
4454
4455
4456
4457
4458
4459
4460
4461
4462
4463
4464
4465
4466
4467
4468
4469
4470
4471
4472
4473
4474
4475
4476
4477
4478
4479
4480
4485
4482
4483
4484
5446
4486
4487
4488
4489
4490
4491
4492
4493
4494
4495
4496
4497
4498
4499
4500
4501
4502
4503
4501
1327
4507
4520
1332
4506
1331
4512
4512
1334
4514
4515
4516
4517
4518
4519
4520
4521
4522
4523
4524
4525
4526
4527
4528
4529
4530
4531
4532
4533
4534
4535
4536
4537
4538
4539
4540
4541
4542
787
4544
4548
4545
1352
5711
624
4550
4551
4552
4553
4554
4555
4556
4557
4558
4559
4560
4561
4562
2541
5394
5394
2537
1362
5603
5713
4569
4573
4573
2588
2581
4576
4576
4576
4575
1365
4582
1369
5161
4583
1366
4578
1366
4586
4589
5521
4590
4588
1371
4593
4594
4595
4593
4597
4598
4599
4642
4601
4605
4602
1382
5162
4606
4607
4608
1386
4613
5400
4621
4623
4618
1381
4614
1387
5407
4616
4620
2565
691
690
5401
5526
1637
4630
4627
1390
4851
4635
4587
4631
1392
5535
4640
4637
4636
1396
4640
5544
1397
4878
550
4646
4646
1399
4648
4649
4648
4651
4653
4912
4652
4658
4655
4657
5321
4659
4660
4661
4662
4663
4664
4665
4666
4667
4668
4669
4670
4671
4672
4673
1401
4675
4676
4677
4678
4679
4680
4681
4682
4683
4684
4685
4686
5482
4688
4689
4690
4695
524
4691
4691
4695
4696
4697
4698
4700
5244
4701
1425
4705
1428
5264
1423
1423
4693
4708
4706
1601
4713
1600
2557
201
1431
4718
2365
4712
1595
5259
2364
1432
1596
4717
4723
1596
1596
4748
298
1435
298
192
2196
531
4734
4734
4733
4741
4736
544
2386
4743
1436
4745
5239
6020
5239
5378
5378
5377
5379
4751
199
4751
199
4757
4758
4759
4760
2375
1451
4763
4761
4769
682
4765
5470
5471
4772
4770
5506
1482
540
4776
4840
540
4777
4765
4766
4767
4768
4784
4839
4784
4784
4773
1456
4775
1456
4791
4792
4793
537
1480
4778
1480
1463
5206
4747
4803
2394
5515
329
329
4780
4783
4787
4783
4783
329
337
198
277
1443
4817
545
4785
4749
4750
279
4822
4823
4824
4825
1329
4828
4828
4503
4829
4831
4832
2215
4833
542
4836
4837
4838
4840
4841
4830
1479
1686
5747
5724
1686
1505
1505
4850
4850
4849
1485
4856
4855
1489
5185
4856
1488
4860
1488
4854
1485
4852
4857
4864
1487
4862
1491
2399
608
4953
1511
4953
5187
4875
4930
2428
2259
2428
2426
5723
1498
5747
1686
4886
4888
4886
4888
4888
1500
4891
4923
1510
4924
1503
4892
4918
4919
1501
4898
4903
1505
5726
1518
4905
4906
4907
4908
4897
4899
4900
4913
4939
1508
4852
1486
1486
4921
4926
4926
4906
4927
4953
4953
1511
4906
1506
4928
4928
4930
4933
4959
1513
4957
6121
4935
4910
6120
4909
5746
4952
4954
621
621
555
6150
5725
618
4949
4950
4951
4952
4950
4954
4936
4956
4889
1499
4959
4959
4942
5748
4964
1493
5184
4950
6151
5184
1517
4963
4972
4967
4974
5729
5731
4907
4976
1519
1521
4981
1521
4951
4978
1522
4985
4985
4988
4988
4989
4990
4991
4992
4993
4994
4995
4996
4997
4998
4999
5000
5001
5002
5003
5004
5005
5006
5007
5008
5009
5010
5011
5012
5013
5014
5015
5016
5017
5018
5019
5020
5021
5022
5023
5024
5025
5026
5027
5028
5029
5030
5031
5032
5033
5034
5035
5036
5037
5038
5039
5040
5041
5042
5043
5044
5045
5046
5047
5048
5049
5050
5051
5052
5053
5054
5055
5056
5057
5058
5059
5060
5061
5062
5063
5064
5065
5066
5067
5068
5069
5070
5071
5072
5073
5074
5075
5076
5077
5078
5079
5080
5081
5082
5083
5084
5085
5086
5087
5088
5089
5090
5091
5092
5093
5094
5095
5096
5097
5098
5099
5100
5101
5102
5103
5104
5105
5106
5107
5108
5109
5110
5111
5112
5113
5114
5115
5116
5117
5118
5119
5120
5121
5122
5123
5124
5125
5126
5127
5128
5129
5130
5131
5132
5133
5134
5135
5136
5137
5138
5139
5140
5141
5142
5143
5144
5145
5146
5147
5148
5149
5150
5151
5152
5153
5154
5157
5155
5157
1580
5156
5159
4603
4628
4628
5160
5165
5166
5167
5168
5169
5170
5171
5172
5173
5173
5175
5174
5176
1417
5182
1062
5180
4906
4926
1506
5185
5186
5187
4851
5181
5189
5191
5192
5193
5194
5195
5196
1578
5195
5199
5200
5201
5202
5203
5204
5205
5231
5207
5208
1444
4726
4723
4747
5213
5214
5215
5216
5217
5218
5219
5220
5221
5222
5151
5224
5223
5226
5227
5228
5229
5230
5231
5232
5233
5234
5235
5236
5238
5256
5240
1452
4717
4716
1432
5244
1598
5246
5247
5248
5249
5250
5251
5252
2373
602
2369
5257
2378
5257
602
4714
5263
4711
286
4764
1603
5266
5267
5268
5269
5270
5271
5272
5273
5274
5275
5276
5277
5278
5279
5280
5281
5282
5283
5284
5285
5286
5287
5288
5289
5290
5291
5292
5293
5294
5295
5296
5297
5298
5299
5300
5301
5302
5302
5304
1354
5306
5307
5308
5309
5310
5311
5312
5313
5314
5315
5316
5317
6138
279
200
5322
5324
5323
4710
5325
5326
5327
1615
5329
1390
4629
4917
559
2252
5334
1621
5340
5339
5332
5331
4599
1379
5343
5602
5345
5346
5347
5348
5349
5350
680
5378
5377
4694
5355
5356
5357
5358
5359
5360
5361
5362
5363
5364
5365
5366
5367
5368
5369
5370
5371
5372
5373
5374
4693
1422
5375
5375
5376
5380
5381
5382
5383
5385
5391
1330
5384
5388
5389
1333
5393
1636
5393
1384
5561
5399
5396
5568
5399
5398
5570
5402
5403
5404
6127
5406
5409
1623
5163
5410
5411
5412
5413
5414
5414
5416
5417
5418
5419
5420
1389
5422
5423
5424
5425
5426
5427
5428
5429
5430
5431
4546
1350
5432
1351
5436
1336
5438
5469
5469
5440
5438
5442
1646
5439
5446
5447
5448
5449
5450
5434
5452
5453
1645
5455
5456
5459
5458
4509
5460
5461
5462
5463
5464
5465
5456
5467
5466
5443
1647
5468
1651
5473
5474
5475
5476
5476
5478
5479
5480
5481
4504
5483
5484
5485
5486
5487
5488
5489
5490
5491
5492
5493
5494
5495
5496
5497
5498
5499
5500
5501
6136
4771
5504
5505
5506
5507
5508
5509
5510
5511
5512
4775
1457
4834
5516
5517
5177
5519
5520
5521
5522
5523
1364
4577
4572
5527
5528
5529
5530
1656
5532
5533
5534
5537
5536
5548
5538
5539
1484
5724
5541
2233
4869
5547
5547
5554
5550
5549
5550
1625
5560
1686
4962
1516
4970
5557
5558
4867
4865
5562
5562
5563
5564
5565
5566
5567
696
5569
696
4574
1363
5573
5574
5575
5576
5577
5578
5579
5580
5581
5582
5583
5584
5585
5586
5587
5588
5589
5590
5591
5592
5593
5594
5596
5597
5303
5598
5709
1668
5601
5603
5712
5604
5605
5606
5607
5608
5609
5610
5611
5612
5613
5614
5615
5616
5617
5618
5619
5620
5621
5622
5623
5624
5625
5626
5627
5628
5629
5630
5631
5632
5633
5634
5635
5636
5637
5638
5639
5640
5641
5642
5643
5644
5645
5646
5647
5648
5649
5650
5651
5652
5653
5654
5655
5656
5657
5658
5659
5660
5661
5662
5663
5664
5665
5666
5667
5668
5669
5670
5671
5672
5673
5674
5675
5676
5677
5678
5679
5680
5681
5682
5683
5684
5685
5686
5687
5688
5689
5690
5691
5692
5693
5694
5695
5696
5697
5698
5699
5700
5701
5702
5703
5704
5705
5706
5707
5708
4597
1378
5703
1378
5714
6122
1685
6124
5717
5718
5719
1498
4891
1686
5747
5728
5724
5728
1687
5748
5730
5750
5730
5732
5733
5734
5735
5736
5737
5738
5739
5740
5741
5742
5743
5744
5745
5746
4952
4952
1522
4984
4984
5752
5753
5754
5755
5756
5757
5758
5759
5760
5761
5762
5763
5764
5765
5766
5767
5768
5769
5770
5771
5772
5773
5774
5775
5776
5777
5778
5779
5780
5781
5782
5783
5784
5785
5786
5787
5788
5789
5790
5791
5792
5793
5794
5795
5796
5797
5798
5799
5800
5801
5802
5803
5804
5805
5806
5807
5808
5809
5810
5811
5812
5813
5814
5815
5816
5817
5818
5819
5820
5821
5822
5823
5824
5825
5826
5827
5828
5829
5830
5831
5832
5833
5834
5835
5836
5837
5838
5839
5840
5841
5842
5843
5844
5845
5846
5847
5848
5849
5850
5851
5852
5853
5854
5855
5856
5857
5858
5859
5860
5861
5862
5863
5864
5865
5866
5867
5868
5869
5870
5871
5872
5873
5874
5875
5876
5877
5878
5879
4712
1431
5882
5883
5884
5885
5886
5887
5888
5889
5890
5891
5892
5893
5894
5895
5896
5897
5898
5899
5900
5901
5902
5903
5904
5905
5906
5907
5908
5909
5910
5911
5912
5913
5914
5915
5916
5917
5918
5919
5920
5921
5922
5923
5924
5925
5926
5927
5928
5929
5930
5931
5932
5933
5934
5935
5936
5937
5938
5939
5940
5941
5942
5943
5944
5945
5946
5947
5948
5949
5950
5951
5952
5953
5954
5955
5956
5957
5958
5959
5960
5961
5962
5963
5964
5965
5966
5967
5968
5969
5970
5971
5972
5973
5974
5975
5976
5977
5978
5979
5980
5981
5982
5983
5984
5985
5986
5987
5988
5989
5990
5991
5992
5993
5994
5995
5996
5997
5998
5999
6000
6001
6002
6003
6004
6005
6006
6007
6008
6009
6010
6011
6012
6013
6014
6015
6016
6017
6018
6019
1593
6021
6022
6023
6024
6025
6026
6027
6028
6029
6030
6031
6032
6033
6034
6035
6036
6037
6038
6039
6040
6041
6042
6043
6044
6045
6046
6047
6048
6049
6050
6051
6052
6053
6054
6055
6056
6057
6058
6059
6060
6061
6062
6063
6064
6065
6066
6067
6068
6069
6070
6071
6072
6073
6074
6075
6076
6077
6078
6079
6080
6081
6082
6083
6084
6085
6086
6087
6088
6089
6090
6091
6092
6093
6094
6095
6096
6097
6098
6099
6100
6101
6102
6103
6104
6105
6106
6107
6108
6109
6110
6111
6112
6113
6114
6115
1487
4858
4859
4896
6119
6119
4650
1400
4960
558
6126
4633
1391
5415
6130
6131
6132
6133
6134
6135
4770
2546
5378
6139
4750
698
6142
6143
6144
6145
6146
678
2236
6149
1505
4950
6152
6153
6154
6155
6156
6157
6158
6159
3959
557
6162
6163
6164
6165
6166
6167
6168
6169
6170
6171
6172
6173
6174
6175
6176
6177
6178
6179
6180
6181
2573
2171
2175
1523
6186
6187
6188
6189
6190
6191
3192
6193
6194
6195
6196
6238
6198
6199
6200
6201
6202
6203
1064
6205
5729
6207
3973
6209
4971
6211
986
6192
3197
6215
6216
6217
6218
6219
6220
6221
6222
6223
6224
6225
6226
6227
6228
6229
6230
6231
6232
6233
6234
6235
6236
6237
6238
6239
6240
6241
6242
6243
6244
6245
6246
6247
6248
6249
6250
6251
6252
6253
6254
6255
6256
6257
6258
6259
6260
6261
6262
6263
6264
6265
6266
6267
6268
6269
6270
6271
6272
6273
6274
6275
6276
6277
6278
6279
6280
6281
6282
6283
6284
6285
6286
6287
6288
6272
6271
6269
