2926
1
2
3
4
103
2152
897
3497
2923
121
124
73
50
72
158
53
57
61
79
20
2949
1975
1973
24
1972
903
105
4392
4392
924
1083
4130
3478
128
163
137
46
151
2983
8
159
43
170
46
44
161
2931
49
159
14
48
41
119
116
118
133
2918
1947
120
57
879
879
62
59
63
125
65
18
15
80
72
158
83
75
82
69
71
80
16
56
60
60
17
2932
2929
1800
87
88
89
90
91
92
367
94
95
96
97
98
99
100
101
102
28
105
28
2151
106
892
4392
899
2152
1957
898
3497
3022
3496
3499
3498
3489
4129
1083
4129
3479
1078
3477
33
3446
76
19
77
19
131
2914
30
132
135
34
12
130
139
144
141
903
140
145
36
147
6
7
148
5
154
154
166
1081
113
150
35
38
140
67
45
113
155
40
169
170
151
2981
2981
238
218
316
268
312
274
200
1449
4714
4712
293
235
246
222
328
330
224
228
233
249
2195
258
544
195
273
196
323
277
6138
6138
5263
5253
5880
5241
299
322
311
306
320
220
179
337
214
341
217
217
332
208
212
212
219
223
329
304
211
180
287
180
226
231
289
181
230
232
292
234
245
237
182
186
328
241
186
253
253
190
185
242
250
336
187
187
229
229
216
172
216
297
173
317
264
2387
174
174
267
270
269
175
2222
195
2222
315
2222
276
276
2555
199
277
527
2557
2371
6138
4820
4819
1601
2372
4713
4711
290
5255
202
5880
5262
5242
294
5242
295
5211
247
184
248
190
301
4711
285
205
303
300
308
221
210
314
1471
323
2221
207
309
331
274
278
319
177
324
337
4779
286
286
321
209
206
311
183
317
178
334
335
340
341
341
198
198
342
343
344
1788
1787
347
348
1792
3432
2953
2949
2935
20
2926
3710
2883
3202
357
1810
364
29
365
3034
3030
2978
930
1972
3967
959
3968
3967
371
1858
1830
3160
2767
959
3141
2016
3072
3062
3968
3968
105
903
1861
388
1904
2118
3340
1869
2057
2039
4240
3288
397
1879
2111
3354
3356
3244
4252
3241
1910
6156
1922
1919
1918
3251
411
476
417
2100
414
1934
3247
413
1892
420
421
901
423
424
425
905
2978
428
3990
1991
431
432
433
434
3305
436
437
438
439
3968
384
3968
2014
3092
3094
2742
447
448
449
450
451
452
3283
454
2094
2053
2030
2032
3280
2043
461
2061
463
464
465
2068
2077
468
469
470
471
4241
2088
1897
2099
1255
4243
1027
1266
1258
4256
484
1037
483
418
1907
4263
3350
1875
1929
1925
398
4264
1865
495
2835
2129
2133
2782
2825
501
502
1131
857
2138
2143
2815
2776
509
2147
1117
3637
3636
514
515
977
3106
4496
5430
520
2182
522
5488
2185
2188
5198
1447
4752
258
2195
208
238
1647
4685
535
2201
538
4835
199
541
4829
4832
4783
4807
196
2257
561
4884
2257
4883
2421
2232
4569
2421
618
4931
2246
4858
2400
4884
4884
277
563
564
565
566
567
568
569
570
571
572
573
574
575
576
577
578
579
580
581
582
583
584
585
586
2331
588
589
590
591
592
593
594
595
596
597
598
599
600
601
1451
603
604
605
5512
5746
1511
609
610
611
612
613
614
615
616
617
2429
4881
619
618
4957
4888
4549
625
626
627
628
629
630
631
632
633
634
635
636
637
2457
639
640
641
642
643
644
645
646
647
648
649
650
651
652
653
654
655
656
657
658
659
660
661
662
663
664
665
666
667
668
669
670
671
672
673
674
4631
6147
6127
4585
4625
680
681
1651
2547
1410
2551
6139
4617
688
1638
5399
5398
692
693
5716
6150
4573
2818
1365
5503
700
701
702
703
704
705
706
707
708
709
710
711
712
713
714
715
716
717
718
719
720
721
722
723
724
725
726
727
728
2754
730
731
732
733
734
735
736
737
738
739
740
741
742
743
744
745
746
747
748
749
750
751
752
2679
754
755
756
757
758
759
760
3626
2695
763
3666
3665
2701
767
3736
2703
770
771
772
3650
774
775
776
777
778
779
780
781
782
783
784
2734
786
787
788
3674
2744
791
792
2748
794
3541
796
797
798
799
2761
500
3955
804
2772
3792
806
2773
2781
809
3385
2817
2785
3377
2787
815
816
2795
2793
1168
820
821
3572
823
824
825
826
827
3639
3638
1118
831
804
3054
834
2828
2830
837
838
3169
3119
2838
2840
1833
3049
513
3172
3121
2853
849
850
2875
852
853
854
855
856
853
852
3437
2871
3460
1066
863
2885
865
2762
3628
2889
3722
870
871
872
2140
3471
2869
505
877
2965
3481
3483
2965
2959
4267
1069
3450
3509
2946
3037
361
2995
891
1958
893
124
1948
1082
899
4392
4392
2872
1961
3482
3712
2967
3043
1819
363
350
3038
3037
2959
2879
2995
5
104
48
48
932
363
2979
1975
24
1973
924
3511
926
3025
3510
3031
1817
931
3029
3990
3968
940
935
938
1063
3059
3075
3074
430
3056
3061
3130
3134
1858
3990
3139
3140
3098
951
3099
3132
3128
3104
953
3126
3968
6235
3130
3115
3117
3148
3150
3067
3131
3130
6235
3134
3144
952
6236
6236
3181
3153
3970
3135
6235
3130
980
6236
3790
983
3195
3183
988
3974
3425
3196
3189
3187
993
994
995
996
2059
3264
999
1000
1001
1002
1003
1004
1005
1006
1007
3224
1009
4214
1011
1012
1871
1894
475
1888
3258
3257
4265
3259
1002
1022
3266
1024
3270
1255
1882
478
4258
415
1031
3311
1033
1034
1035
1036
3287
1038
1039
1040
1041
1042
1043
1044
1045
1046
3393
3395
3379
3382
1051
1052
3397
3399
1055
1056
1057
1058
3761
6235
1060
6235
3421
1064
1065
1044
3459
3478
875
861
1071
1072
1946
3480
1075
3481
1079
4130
2901
1080
422
901
1083
3501
1794
1086
1087
1088
1089
1090
1091
1092
1093
1094
1095
1096
1097
1098
1099
1100
3569
4379
1103
3802
3578
3844
1107
1108
1109
1110
1111
1112
1113
1114
1115
3805
3813
803
1119
1120
1121
1122
3733
1124
1125
3677
1127
1128
3693
1130
3708
1132
3867
3866
3752
1136
934
3185
1139
1140
1141
1142
1143
1144
1145
1146
3953
1148
1149
1150
1151
1152
1153
1154
1155
1156
1157
1158
1159
1160
1161
1162
1163
4378
3990
3992
1167
3994
1169
1170
1171
1172
1173
1174
1175
1176
1177
1178
1179
1180
1181
1182
1183
1184
1185
1186
1187
1188
1189
1190
1191
1192
1193
1194
1195
1196
1197
1198
1199
1200
1201
1202
1203
1204
1205
1206
1207
1208
1209
1210
1211
1212
1213
1214
1215
1216
1217
1218
1219
1220
1221
1222
1223
1224
1225
1226
1227
1228
1229
1230
1231
1232
1233
1234
1235
1236
1237
1238
1239
1240
1241
1242
1243
1244
1245
1246
1247
1248
1249
1250
1251
1252
1253
1254
4202
1256
1257
4208
3265
4238
4221
3277
3273
3283
1023
1258
1267
1268
1269
1270
1271
1272
1273
1274
1275
1276
1277
1278
1279
1280
1281
1282
1283
1284
1285
1286
1287
1288
1289
1290
1291
1292
1293
1294
1295
1296
1297
1298
1299
1300
1301
1302
1303
1304
1305
1306
1307
1308
1309
1310
1311
1312
1313
1314
5487
4476
1317
1318
5461
4483
4485
5465
4488
1324
1325
1326
1327
1328
4504
5384
6130
4521
1332
1331
5495
4512
1337
1338
5419
5410
1341
1342
1343
1344
1345
1346
1347
4537
5486
5433
1351
4547
1353
1354
1355
1356
1357
1358
5478
2541
2537
5716
5525
4579
5337
1367
5537
4581
4615
5535
5158
1372
1373
4592
4593
4595
1689
6122
4642
559
1381
1382
1383
5400
5572
1637
5408
4586
4627
4852
1380
5335
4955
4637
4639
4913
2398
2257
2563
4959
1401
1402
1403
1404
4661
4663
1407
1408
1406
1405
1586
5201
5225
5226
1415
1416
1417
1361
4687
4689
1333
4692
1423
1424
684
4670
5235
4704
1429
1452
5254
2362
5247
4746
4728
4731
4798
4737
4739
5515
4802
1442
5379
4723
5253
1601
6138
6138
4755
4700
2375
4763
1651
5470
4842
4840
4776
1456
5534
1412
4795
5205
5229
5272
219
198
278
4773
1482
4783
219
323
544
273
195
5263
5274
4822
1419
540
5271
4827
5746
5722
1489
4856
1488
4871
4874
4875
4853
4860
4924
4921
619
4930
5746
6149
6119
4892
4919
4920
4923
4898
5722
4921
4909
4911
4857
4921
4924
4935
6121
6255
6255
4844
6255
5724
4906
4921
1520
6255
5546
2578
4972
4967
5731
5730
4976
3192
1531
4982
1528
1534
1535
1536
1537
1538
1539
1540
1541
1542
1543
1544
1545
1546
1547
1548
1549
1550
1551
1552
1553
1554
5048
1556
5052
1558
1559
1560
1561
1562
1563
1564
1565
1566
1567
1568
1569
1570
1571
1572
1573
1574
1575
1576
1577
5150
1579
1580
1581
5171
5510
1584
1578
5223
5241
4758
5213
1590
1591
4718
5246
1594
4763
5247
5880
5245
1599
1451
5257
5253
5265
526
1605
1606
1607
1608
1609
1610
1611
1612
1613
1614
1615
1616
1617
1618
1619
1620
4917
2252
5331
5559
4868
5341
4568
1628
5370
1630
1631
1632
5376
1634
1635
4645
1363
696
6129
5424
6126
1642
5491
5452
1645
5437
1646
5598
5709
5499
1420
1652
5622
5623
5529
5514
5560
6253
4971
1660
1661
1662
1663
5606
1665
1666
1667
5714
1669
1670
1671
1672
1673
1674
1675
1676
1677
1678
1679
1680
1681
1682
1683
1684
6124
5746
5748
1688
5750
1690
1691
1692
1693
1694
1695
1696
1697
1698
1699
1700
1701
1702
1703
1704
1705
1706
1707
1708
1709
1710
1711
1712
1713
1714
1715
1716
1717
1718
1719
1720
1721
1722
1723
1724
1725
1726
1727
1728
1729
1730
1731
1732
1733
1734
1735
1736
1737
1738
1739
1740
1741
1742
1743
1744
1745
1746
1747
1748
1749
1750
1751
1752
1753
1754
1755
1756
1757
1758
1759
1760
1761
1762
1763
1764
1765
1766
1767
1768
1769
1770
1771
1772
1773
1774
1775
1776
1777
1778
1779
1780
1781
1782
1783
1784
1785
1785
1787
1788
1786
345
1789
1054
3432
3431
1054
1795
2931
1801
1800
883
2931
2883
2883
1802
2883
3201
3036
1809
1803
3202
106
106
5
106
2151
3033
3033
3033
3030
2996
2977
367
1975
2978
959
959
959
959
3966
3968
3967
3085
3047
384
384
384
3160
1831
3959
844
3108
959
3105
3108
2018
445
2016
444
3170
3073
3064
3061
3072
1990
3968
3967
3967
3968
1862
1859
388
3239
1864
1902
1016
1863
389
391
1869
1868
1871
1873
411
411
488
397
482
1892
482
2124
396
3286
396
3285
1885
6166
1887
390
2117
6162
3295
2114
1891
402
402
1894
1899
1901
3243
1901
4252
1903
3323
404
3333
1908
2109
3300
1911
392
2045
406
406
3338
1914
410
410
3254
3253
1916
1916
409
1887
1923
400
1927
400
3298
1928
3246
3246
3245
2100
3292
1937
1937
2097
412
1884
1884
1881
4255
1945
3247
479
1079
1079
1079
1079
3481
1953
1952
2019
1962
1962
901
3556
421
1959
1960
1084
1961
1963
1964
1965
1966
1967
140
2972
52
141
3011
930
2978
3037
3037
2937
2942
89
1807
1807
3509
1807
3037
2884
2884
1986
3969
3969
3045
3139
1992
1993
1994
1995
1996
1997
1998
1999
2000
2001
2002
2003
2004
2005
2006
2007
2008
2009
3968
3968
3968
3968
3089
3089
3090
3965
3091
2019
2020
3668
2022
2023
2024
2025
2026
2027
2028
2029
2030
2051
455
2030
4214
2089
2035
2089
2087
393
1019
2044
3259
3261
3343
2047
460
3341
2048
2049
454
2096
2052
461
2054
2055
2057
998
2057
2056
461
1008
2062
2053
2063
2066
3241
2065
458
2069
2070
2071
2072
2073
2076
2074
4230
468
2078
2079
2080
2081
2082
2083
2084
2085
2086
477
472
2090
2104
472
4238
2092
1901
2094
3283
4237
3282
4237
4237
477
477
2104
4253
2104
2103
4241
402
3244
2108
2115
1883
2115
2116
1881
1940
1906
486
492
398
492
1929
2114
2111
2125
2126
2127
2131
496
2131
4401
499
2783
2135
499
4391
2139
851
4391
3472
4393
2815
4393
2776
506
2584
2144
2145
892
892
4392
1958
919
919
97
2975
1117
1117
3635
3636
2161
2161
2163
2161
2165
2166
2167
2168
3188
3188
988
3973
3784
3784
3790
517
2177
5497
2179
2180
2183
2182
5488
2183
2184
523
521
1582
5198
2191
1582
5195
215
216
218
217
171
534
534
2198
4988
2204
538
4987
4838
4792
276
5445
278
276
199
4831
4829
4831
2214
4807
270
4807
4786
544
311
313
2221
220
4770
619
2257
2257
2421
4882
2257
5722
4881
4882
619
619
619
2421
4878
618
4948
618
618
6161
5725
622
2248
4934
2430
2429
608
608
2398
2399
4860
5722
4884
5724
4885
2260
2261
2262
2260
2264
2265
2266
2267
2268
2269
2270
2269
2272
2273
2274
2275
2276
2277
2278
2279
2280
2281
2282
2283
2284
2285
2286
2287
2288
2289
2290
2291
2292
2293
2294
2295
2296
2297
2298
2299
2300
2301
2302
2303
2304
2305
2306
2307
2308
2309
2310
2311
2312
2313
2314
2315
2316
2317
2318
2321
2320
2321
570
586
2323
5123
2328
2327
2328
2326
2329
590
2330
2333
2334
2335
2336
2337
2338
2339
2340
2341
2342
2343
2344
2345
2346
2347
2348
2349
2350
2351
2352
2353
2354
2355
2356
2357
2358
2359
2360
4763
4763
5247
4763
4763
2367
2432
2368
2378
2378
1619
2378
1451
2376
1603
2376
2377
2374
2379
2380
2381
2382
1456
4784
1456
2386
2388
2388
2387
2394
2391
2390
4797
4801
2395
5516
2397
1497
4930
1497
5723
2402
2403
2404
2405
2406
2407
2408
2409
2410
2411
2412
2413
2414
2415
2416
2417
2418
2419
2431
4885
2431
2431
618
618
2249
2249
2421
623
4889
4886
2433
5429
624
2435
2436
2437
2438
2439
2440
2441
2442
2443
2444
2445
2446
2447
2448
2449
2450
2451
2452
2453
2453
2455
5050
1557
2460
638
5124
2461
2462
2463
2464
2465
2466
2467
2468
2469
2470
2471
2472
2473
2474
2475
2476
2477
2478
2479
2480
2481
2482
2483
2484
2485
2486
2487
2488
2489
2490
2491
2492
2493
2494
2495
2496
2497
2498
2499
2500
2501
2502
2503
2504
2505
2506
2507
2508
2509
2510
2511
2512
2513
2514
2515
2516
2517
2518
2519
2520
2521
2522
2523
2524
2525
2526
2527
2528
2529
2530
2531
2532
2533
2534
4632
4632
675
4631
4587
4587
678
4587
2546
2543
5236
6137
1401
687
687
6139
687
2548
2548
2554
527
527
1447
6138
4807
195
4810
4783
5398
5399
5398
5398
2567
2568
2569
2570
5729
5729
1378
1518
2245
2245
5545
5540
2553
2579
698
2586
697
507
507
2816
5558
1365
5558
2590
2591
2592
2593
2594
2595
2596
2597
2598
2599
2600
2601
2602
2603
2604
2605
2606
2607
2608
2609
2610
2611
2612
2613
2614
2615
2616
2617
2618
2619
2620
2621
2622
2623
2624
2625
2626
2627
2628
2629
2630
2631
2632
2633
2634
2635
2636
2637
729
2639
2640
2641
2642
2643
2644
2645
2646
2647
2648
2649
2650
2651
2652
2653
2654
2655
2656
2657
2658
2659
2660
2661
2662
2663
2664
2665
2666
2667
2668
2669
2670
2671
2672
2673
2674
2675
2676
2677
2677
754
2680
2681
2682
2683
2684
2685
2686
2687
751
2689
2690
2691
2692
2694
3630
761
2697
2697
2702
764
2698
767
2702
768
3730
2704
2707
3667
2708
2709
2710
2711
2712
2713
4384
2715
2716
2717
2718
2719
2720
2721
2722
2723
2724
2725
2726
2727
2728
2729
2730
2731
2731
2733
746
2735
2736
2737
2738
2739
2740
2745
789
2741
2744
2745
2749
2747
2748
3540
2750
2751
2751
2753
796
2755
2756
2757
2758
2759
2130
2128
2760
2132
3958
6160
380
3957
2775
2770
2776
2775
2773
3791
806
2772
805
2780
2778
2779
3384
811
806
2785
2774
3779
2790
813
2786
2789
3764
2794
2791
2850
2849
2795
2841
2798
2844
3580
2800
2801
2802
2803
2804
2805
2806
2807
3640
3638
1118
832
3640
2813
2814
831
2813
2817
2816
2818
3637
3635
1118
3767
3816
2784
2827
3422
834
2826
833
2832
3778
2833
2831
812
2837
3168
840
2836
839
371
1829
1830
1833
3635
2159
511
2851
2848
2851
3169
2855
847
2852
3118
2856
2857
2858
2859
2860
2861
2862
2863
2864
2865
2866
2867
2868
3471
2862
3461
857
2873
2874
2875
2876
3464
3464
2871
1066
3437
2882
863
2882
2885
2886
2888
3627
867
2887
3623
2892
2893
2894
2895
2896
2897
2898
2899
857
857
2870
2140
2136
2137
505
2907
2908
2909
2910
2911
3493
422
2963
1077
3495
1949
2965
3474
1947
1079
3481
2965
1074
3467
124
1076
3467
3465
3467
3466
3465
3444
4267
3000
3441
2935
3442
3442
2946
1069
3757
360
3449
860
3449
3467
900
2959
891
2951
3591
893
892
899
4392
2151
2871
2869
858
2871
3500
2964
2905
873
3711
356
2970
3712
3711
3747
3747
3029
3746
1819
363
1817
1816
1819
2966
904
159
503
3042
3043
932
3042
363
363
363
363
909
3777
1806
3502
3035
3035
3035
2961
2958
2961
1808
361
2995
159
48
159
3041
2985
2979
2973
168
5
43
106
28
3008
101
2978
1954
1955
1957
3027
925
3025
3023
3510
762
762
2696
2695
3031
763
763
1818
3034
364
1802
3038
359
365
365
3030
3028
1165
1165
3968
3990
959
959
3417
3058
3055
3419
3418
3075
940
3075
3075
3074
3077
941
3078
430
3058
3056
935
939
3060
3066
3057
1989
1990
945
3416
968
3076
970
970
384
1858
1858
3049
3969
1165
3139
3969
3965
3086
4403
3097
954
3095
3097
955
955
3098
3129
3127
3103
3100
953
3125
958
3970
959
3971
3970
6235
6235
3135
3135
6235
3101
956
3114
957
3120
964
3149
965
935
936
3124
3127
967
3128
3128
3128
6235
3131
3129
3132
968
6235
3130
6235
970
970
3133
972
3144
3171
3171
3147
3145
4375
963
3116
962
3167
3134
3167
3160
442
1856
384
384
384
3967
3968
3136
968
6236
961
968
3134
3146
971
952
3093
971
3142
6236
6236
973
3990
6236
3415
4405
968
3175
3178
985
3174
3973
3974
3973
3109
3109
3189
3113
3179
3179
989
3111
3190
3162
3107
516
3720
3720
3203
3204
3205
3206
3207
3208
3209
3210
3211
3212
3213
3214
3215
3216
3217
3218
3219
3220
3221
3222
3223
3224
3223
3226
3227
2034
3229
3230
1896
1014
3233
3234
3235
3236
1870
1870
1870
1014
2110
1015
3293
1936
3246
4246
4244
4251
4209
4245
2121
3280
459
3251
1915
3255
3257
407
488
1875
3351
3213
1002
3213
3266
1024
3266
3269
1023
3270
3271
3272
3273
3274
3275
3275
3277
3278
1028
1028
2099
1255
4203
4203
4248
4249
4250
4247
3291
399
2112
2097
2099
1942
1943
1944
1878
1878
1877
1030
1935
1030
3301
1921
3305
3304
3307
3308
3309
3310
3311
3313
4224
3314
3276
1022
3317
3318
3319
3321
3225
3322
2110
3324
3325
3326
3327
3328
3329
3330
3331
3331
1029
4257
2036
2036
409
2041
3341
487
4262
3254
2122
1263
3312
3346
3347
3348
1036
1926
491
1931
1930
419
401
1893
3358
3353
485
3360
3361
3362
3363
3364
3365
3366
3367
3368
3369
3370
3371
3372
3373
3374
3375
3378
1047
3392
1048
3376
3380
1049
3381
3384
826
3386
3387
3388
3383
814
1050
3392
3393
3394
3395
3396
3397
3396
1055
3400
3401
3402
3403
3404
3405
864
3407
1059
6235
6235
3412
6235
6235
6235
3130
6235
3420
3420
3421
3420
3421
3055
938
3409
3425
3410
3427
3428
3429
3430
3434
3431
1044
3434
3433
1066
3459
1066
3432
3460
2958
2960
2879
875
33
124
3446
2961
3463
874
1067
3452
3453
3454
3455
3456
3457
3458
3370
3370
852
858
3461
3461
2902
2959
2900
3468
3469
3470
2862
853
3482
3482
3480
1079
1950
1078
4129
504
2901
504
873
3484
3485
3486
3487
3488
2962
901
2962
2962
2962
1961
2962
3491
1082
878
3499
2137
2906
3435
350
3436
3435
3435
1792
3438
2880
3398
1053
3512
3513
3514
3515
3516
3517
3518
3519
3520
3521
3522
3523
3524
3525
3526
3527
3528
3529
3530
3531
3532
3533
3534
3535
3536
3537
3538
3539
3540
790
3542
3543
3544
3545
3546
3547
3548
3549
3550
3551
3552
3553
3554
3555
1962
1957
898
3559
3560
3561
3562
3563
3564
3565
3566
3567
3568
834
3123
2828
1854
3574
1853
3577
3571
3570
1104
3579
3582
1106
3582
3583
3584
3585
3586
3587
3588
3589
3590
3591
3592
3593
3594
3595
3596
3597
3598
3599
3600
3601
3602
3603
3604
3605
3256
1018
1017
3609
3610
3611
3612
3613
3614
3615
3616
3617
3618
3619
3620
3621
3622
2763
2760
3623
3633
3629
766
3645
3804
1116
828
2823
830
3813
3813
2769
3814
3815
2771
3641
3642
3643
3644
3644
3646
3647
3648
2732
785
3651
3652
822
3573
3655
3656
3657
3658
3659
3387
3661
3662
3663
3664
3667
1123
3736
3669
3963
753
3671
3672
3673
3674
1791
3676
769
3678
3679
3678
3681
3682
3683
3680
3685
3686
3687
3688
3689
3690
3691
3692
817
3694
3696
3699
3695
3698
2700
3700
3701
3702
3703
3704
3705
3697
3706
868
3709
1127
3707
1131
3713
3714
3715
3719
3716
3718
3817
3721
3721
3625
3723
3724
3725
3726
3727
3728
3731
1133
3731
3735
1134
3732
3875
3737
3865
2678
2839
841
842
2849
2971
2974
2891
3745
3746
2854
848
3750
3751
927
3753
3754
3035
3037
3036
3758
3759
3760
926
3762
3763
3765
3770
3766
2774
807
2772
3770
2884
928
1796
360
349
3507
1085
3778
3779
3780
3781
1102
3968
3050
3968
1829
371
3785
3796
1138
3791
1105
3794
3795
382
1165
6239
3177
3182
3800
3801
3071
3069
2809
2847
3806
3807
3808
3809
3810
2148
3811
510
2769
2771
3769
3818
3819
3812
3820
3821
3822
3823
3824
3825
3826
3827
3828
3829
793
3831
3832
3833
3834
3835
3836
3837
3838
3839
3840
3841
3845
3843
3953
3952
1147
3953
3849
3852
3850
3851
3852
3853
3854
3855
3856
3857
3858
3859
3860
3861
3862
3863
3864
3620
1115
3867
3868
3869
3870
3871
3872
3873
3874
3875
3876
3877
3878
3879
3880
3881
3882
3883
3884
3885
3886
3887
3888
3889
3890
3891
3892
3893
3894
3895
3896
3897
3898
3899
3900
3901
3902
3903
3904
3905
3906
3907
3908
3909
3910
3911
3912
3913
3914
3915
3916
3917
3919
4198
3920
3306
3922
3923
3924
3925
3926
3927
3928
3929
3930
3931
3932
3933
3934
3935
3936
3937
3938
3939
3940
3941
3942
3943
3944
3945
3946
3947
3948
3949
3950
3951
2792
818
2743
818
4376
3956
3960
440
1845
3961
3962
3962
3969
3138
1165
3968
1165
3990
1165
3972
3991
1166
3975
3993
3976
3977
3978
3979
3980
3981
3982
3983
3984
3985
3986
3987
3988
3989
3167
3167
3167
974
3164
3198
3996
3997
3998
3999
4000
4001
4002
4003
4004
4005
4006
4007
4008
4009
4010
4011
4012
4013
4014
4015
4016
4017
4018
4019
4020
4021
4022
4023
4024
4025
4026
4027
4028
4029
4030
4031
4032
4033
4034
4035
4036
4037
4038
4039
4040
4041
4042
4043
4044
4045
4046
4047
4048
4049
4050
4051
4052
4053
4054
4055
4056
4057
4058
4059
4060
4061
4062
4063
4064
4065
4066
4067
4068
4069
4070
4071
4072
4073
4074
4075
4076
4077
4078
4079
4080
4081
4082
4083
4084
4085
4086
4087
4088
4089
4090
4091
4092
4093
4094
4095
4096
4097
4098
4099
4100
4101
4102
4103
4104
4105
4106
4107
4108
4109
4110
4111
4112
4113
4114
4115
4116
4117
4118
4119
4120
4121
4122
4123
4124
4125
4126
4127
4128
31
1083
4131
4132
4133
4134
4135
4136
4137
4138
4139
4140
4141
4142
4143
4144
4145
4146
4147
4148
4149
4150
4151
4152
4153
4154
4155
4156
4157
4158
4159
4160
4161
4162
4163
4164
4165
4166
4167
4168
4169
4170
4171
4172
4173
4174
4175
4176
4177
4178
4179
4180
4181
4182
4183
4184
4185
4186
4187
4188
4189
4190
4191
4192
4193
4194
1860
4196
4197
4198
4199
4218
4201
4202
4201
4204
4205
4207
4207
1257
4206
1260
4222
3272
4212
2063
4215
4216
4217
2059
1024
4219
1025
4223
4225
4224
4226
4226
4227
4228
4229
2067
4231
4232
4234
4235
4266
4201
1255
4240
1265
1023
1265
4240
4242
4209
1258
4209
4213
4213
4213
1258
4209
3283
395
2112
480
416
1935
1934
1938
3352
3296
1924
494
3289
491
1866
900
4268
4269
4270
4271
4272
4273
4274
4275
4276
4277
4278
4279
4280
4281
4282
4283
4284
4285
4286
4287
4288
4289
4290
4291
4292
4293
4294
4295
4296
4297
4298
4299
4300
4301
4302
4303
4304
4305
4306
4307
4308
4309
4310
4311
4312
4313
4314
4315
4316
4317
4318
4319
4320
4321
4322
4323
4324
4325
4326
4327
4328
4329
4330
4331
4332
4333
4334
4335
4336
4337
4338
4339
4340
4341
4342
4343
4344
4345
4346
4347
4348
4349
4350
4351
4352
4353
4354
4355
4356
4357
4358
4359
4360
4361
4362
4363
4364
4365
4366
4367
4368
4369
3060
3064
3072
3096
3096
4373
846
379
1849
944
4380
2834
4382
4383
3734
3451
4386
4387
4388
4389
2974
2866
3591
3801
3556
2772
4388
4397
4398
4399
4400
2783
1858
3133
959
968
4406
4407
4408
4409
4410
4411
4412
4413
4414
4415
4416
4417
4418
4419
4420
4421
4422
4423
4424
4425
4426
4427
4428
4429
4430
4431
4432
4433
4434
4435
4436
4437
4438
4439
4440
4441
4442
4443
4444
4445
4446
4447
4448
4449
4450
4451
4452
4453
4454
4455
4456
4457
4458
4459
4460
4461
4462
4463
4464
4465
4466
4467
4468
4469
4470
4471
4472
4474
5629
1315
1274
4477
4478
4479
4480
4482
4482
1319
4481
1318
4487
5463
1322
4486
4490
4491
4492
4493
4484
1321
1320
4497
4498
4499
4500
4501
4502
4503
1330
5385
4520
4523
4521
4507
5428
1335
5427
5426
4515
5490
4516
4517
4518
4519
5458
1339
5413
5449
4524
4524
4526
4527
4528
4529
4530
4531
4532
4533
4534
4535
4536
1315
4475
5486
4539
4541
4542
4543
4544
4546
5432
4547
4545
1350
4550
4551
4552
4553
4554
4555
4556
4557
4558
4559
4560
4561
4562
2535
676
676
2538
2250
557
2250
618
4575
4579
1365
6141
5548
5550
4579
1367
5548
4582
1369
5161
4583
5537
1657
1367
5535
4589
5521
4590
4588
1371
1377
4593
1377
4650
4596
4644
552
2233
4642
4602
4603
4604
5162
4525
4607
4608
5401
1388
5526
1637
1637
4618
1381
4614
1387
5407
4616
4619
5398
1637
5398
5524
4584
5526
4630
4627
4630
4849
5538
4635
5416
5335
5538
4914
4955
4636
4912
1508
548
548
2232
4882
5396
5399
5397
4956
4956
4959
4648
4653
4912
4652
4655
4656
4657
4658
4660
4660
4661
4659
1345
4664
4665
4666
4667
5235
4662
4669
1406
4672
4673
4674
4675
5228
5201
5201
5227
1586
4681
4682
4683
4684
4685
4690
1418
4686
1421
5389
4695
524
4693
4694
5484
4696
4697
4698
4668
4670
4669
2545
2544
683
4703
4706
4707
4708
4709
4710
5258
5254
4762
602
201
1430
2362
1430
4721
1430
1452
2362
4722
1433
4717
4724
1433
2363
4746
4726
4729
182
4730
4733
4734
4738
1437
4800
4740
4744
4741
4742
1462
4799
5207
5230
4746
5230
4749
5352
4751
1443
527
4753
6138
2371
1427
4701
4671
4699
4764
4761
1598
5264
5468
1651
5471
5470
5468
5505
5505
5505
1479
540
4840
4841
2213
540
5471
5472
329
4768
1482
4841
4840
4773
4842
4839
4776
4784
1460
5266
5268
4791
4777
4774
4777
1463
5206
4747
4794
1464
4834
329
329
219
1455
6136
4784
1469
338
214
278
276
199
699
2222
4784
2369
2378
4820
4823
5274
4823
4822
4828
4687
5482
1329
4828
4503
4832
2212
2215
542
1481
1481
1604
4830
4830
4826
4827
5723
5746
5722
5723
5724
5724
5185
5186
5185
4856
4874
4871
4871
4874
1489
4872
4875
1493
4872
1489
4856
4855
4854
1488
4853
1487
4883
2398
1494
4924
1510
1494
1511
1511
4948
2257
4948
619
5723
1497
5746
5723
4886
4891
5721
1500
4890
4896
4895
1502
4920
4922
4894
1502
4898
4918
4918
4897
5726
5724
5724
5726
6235
6235
6235
4926
4900
4897
4909
4913
4939
4913
1485
1485
4852
4919
3131
3131
6235
4921
4922
1510
4924
6235
4921
1511
1511
1511
1513
4933
4938
4958
4910
1507
4909
4910
4911
4954
4954
4924
2421
619
619
4948
4885
4884
4927
1510
1506
6255
1510
4924
4937
4936
1499
6120
1512
4932
6255
5746
6255
6255
6151
1510
6151
5184
4964
4961
4980
1514
5729
1687
5731
4905
4976
4905
4966
1531
4968
4908
4978
4949
4901
2574
4988
5480
4989
4990
4991
4992
4993
4994
4995
4996
4997
4998
4999
5000
5001
5002
5003
5004
5005
5006
5007
5008
5009
5010
5011
5012
5013
5014
5015
5016
5017
5018
5019
5020
5021
5022
5023
5024
5025
5026
5027
2271
2271
5030
5031
5032
5033
5034
5035
5036
5037
5038
5039
5040
5041
5042
5043
5044
5045
2324
587
5048
5046
5050
5051
5052
5053
5053
5055
5056
5057
5058
5059
5060
5061
5062
5063
5064
5065
5066
5067
5068
5069
5070
5071
5072
5073
5074
5075
5076
5077
5078
5079
5080
5081
5082
5083
5084
5085
5086
5087
5088
5089
5090
5091
5092
5093
5094
5095
5096
5097
5098
5099
5100
5101
5102
5103
5104
5105
5106
5107
5108
5109
5110
5111
5112
5113
5114
5115
5116
5117
5118
5119
5120
5121
5123
6157
5124
5125
5126
5127
5128
5129
5130
5131
5132
5133
5134
5135
5136
5137
5138
5139
5140
5141
5142
5143
5144
5145
5146
5147
5148
5149
5150
5149
5152
5153
5154
5157
5155
5166
1580
5156
5159
5161
5162
4628
5160
1374
5166
5167
5168
5170
5170
1581
5169
5173
5174
5175
5176
5518
5178
6235
6235
5180
6235
6235
4921
5187
5187
5183
4850
5179
5190
5191
5192
5193
5194
5196
5196
1578
5196
5197
5197
5151
1585
5225
1585
5215
5229
5208
1414
1444
5211
4725
1434
1413
4676
4757
5216
5217
5218
5219
5220
5221
5222
5151
4663
5151
1409
5224
1406
4760
5244
1450
5232
5233
5234
4662
1405
4763
4763
5247
4763
1432
4720
5242
4702
4702
5244
1598
5248
5249
5250
5251
5252
4762
4762
1451
4761
2375
4761
4761
201
5255
5253
1601
4705
1428
5200
5199
5202
5204
5199
2192
1411
5214
5172
5275
5276
5277
5278
5279
5280
5281
5282
5283
5284
5285
5286
5287
5288
5289
5290
5291
5292
5293
5294
5295
5296
5297
5298
5299
5300
5301
5302
5303
5304
5305
5306
5307
5308
5309
5310
5311
5312
5313
5314
5315
5316
5317
2378
4820
2372
5321
5322
5323
5324
5325
5326
5327
5328
5329
4916
4629
4915
5544
4870
2254
5332
5332
5559
1509
5330
2239
4598
5344
4568
5345
5346
5347
5348
5349
5350
5351
5352
5353
5354
5355
5356
5357
5358
5359
5360
5361
5362
5363
5364
5365
5366
5049
5368
5369
1555
5371
5372
5373
5374
4693
1422
5375
5377
1633
5380
5381
5382
5383
4564
5394
4565
4566
5406
5403
4508
5395
1384
1636
4624
4611
5570
5571
4574
5568
5571
4572
5404
5402
5418
6128
5403
5409
5409
5163
1349
5422
1640
4540
5333
5333
5334
1626
5342
1641
5343
1389
5425
5423
1642
5486
1643
5494
5493
5431
1323
5719
5432
1644
5434
5435
523
4514
5436
5469
5469
5439
5438
5442
5437
5441
5446
5450
5601
5447
5450
5453
1375
4597
5453
5459
5455
4509
5449
4506
5460
5461
5462
5464
5501
1376
5455
4689
5456
5443
5444
5466
5467
5473
5474
5564
5573
5573
1652
5477
5480
5481
5386
5483
5484
5485
5329
1292
5489
5489
1653
5492
5631
4538
1654
5496
5621
4489
4638
1394
1395
4651
4772
5506
4686
4688
5504
4654
1478
5508
1478
4824
1655
4774
4795
4833
5517
5530
4825
5519
5520
5521
5522
5523
1367
4579
4578
5527
5528
1477
2190
2392
2190
2189
5267
5539
1622
1657
5334
6125
5724
5722
5722
4882
2401
5541
1525
5553
5549
5560
5339
5560
558
5723
5723
4962
4969
1623
1623
1491
6116
4612
690
5563
5479
4591
5566
2580
696
5567
4571
1364
1366
5574
5575
5569
5576
5577
5578
5579
5580
5581
5582
5583
5584
5585
5586
5587
5607
5589
5590
5591
1649
5599
5594
5595
5596
5597
1668
5710
5603
5602
5713
1685
1669
5605
5606
5610
5608
5609
5610
5611
5612
5613
5614
5615
5616
5617
5618
5619
5620
5383
5622
1635
5624
5625
5626
5627
5628
5630
5630
5632
5632
5633
5634
5635
5674
5637
5638
5639
5640
5641
5642
5643
5644
5645
5646
5647
5648
5649
5650
5651
5652
5653
5654
5655
5656
5657
5658
5659
5660
5661
5662
5663
5664
5665
5666
5667
5668
5669
5670
5671
5672
5673
5676
5675
5949
5677
5678
5679
5680
5681
5682
5683
5684
5685
5686
5687
5688
5689
5690
5691
5692
5693
5694
5695
5696
5697
5698
5699
5700
5701
5702
5703
5704
5705
5706
5707
5708
1378
5714
4548
1685
6124
6123
2247
2247
4594
5717
5718
4883
4929
5723
5746
1686
4884
1686
5728
5747
1687
5749
5730
5732
5733
5734
5735
5736
5737
5738
5739
5740
5741
5742
5743
5744
5745
4954
4954
1515
1515
1522
4984
5752
5753
5754
5755
5756
5757
5758
5759
5760
5761
5762
5763
5764
5765
5766
5767
5768
5769
5770
5771
5772
5773
5774
5775
5776
5777
5778
5779
5780
5781
5782
5783
5784
5785
5786
5787
5788
5789
5790
5791
5792
5793
5794
5795
5796
5797
5798
5799
5800
5801
5802
5803
5804
5805
5806
5807
5808
5809
5810
5811
5812
5813
5814
5815
5816
5817
5818
5819
5820
5821
5822
5823
5824
5825
5826
5827
5828
5829
5830
5831
5832
5833
5834
5835
5836
5837
5838
5839
5840
5841
5842
5843
5844
5845
5846
5847
5848
5849
5850
5851
5852
5853
5854
5855
5856
5857
5858
5859
5860
5861
5862
5863
5864
5865
5866
5867
5868
5869
5870
5871
5872
5873
5874
5875
5876
5877
5878
5879
4721
5262
5882
5883
5884
5885
5886
5887
5888
5889
5890
5891
5892
5893
5894
5895
5896
5897
5898
5899
5900
5901
5902
5903
5904
5905
5906
5907
5908
5909
5910
5911
5912
5913
5914
5915
5916
5917
5918
5919
5920
5921
5922
5923
5924
5925
5926
5927
5928
5929
5930
5931
5932
5933
5934
5935
5936
5937
5938
5939
5940
5941
5942
5943
5944
5945
5946
5947
5948
5949
5950
5951
5952
5953
5954
5955
5956
5957
5958
5959
5960
5961
5962
5963
5964
5965
5966
5967
5968
5969
5970
5971
5972
5973
5974
5975
5976
5977
5978
5979
5980
5981
5982
5983
5984
5985
5986
5987
5988
5989
5074
5991
5992
5993
5994
5995
5996
5997
5998
5999
6000
6001
6002
6003
6004
6005
6006
6007
6008
6009
6010
6011
6012
6013
6014
6015
6016
6017
6018
6019
5230
6021
6022
6023
6024
6025
6026
6027
6028
6029
6030
6031
6032
6033
6034
6035
6036
6037
6038
6039
6040
6041
6042
6043
6044
6045
6046
6047
6048
6049
6050
6051
6052
6053
6054
6055
6056
6057
6058
6059
6060
6061
6062
6063
6064
6065
6066
6067
6068
6069
6070
6071
6072
6073
6074
6075
6076
6077
6078
6079
6080
6081
6082
6083
6084
6085
6086
6087
6088
6089
6090
6091
6092
6093
6094
6095
6096
6097
6098
6099
6100
6101
6102
6103
6104
6105
6106
6107
6108
6109
6110
6111
6112
6113
6114
6115
1488
4875
2399
4893
1501
1504
1400
4960
556
1490
1627
5416
1380
4600
1348
1589
6132
6133
6134
6135
5506
4667
5352
5557
2378
1365
6142
6143
6144
6145
6146
1370
4948
4925
5724
1510
6152
6153
6154
6155
2040
2454
2162
6159
440
2249
3294
6163
6164
3355
6165
6172
6168
6169
6166
6171
485
6173
6174
6175
6176
6177
6178
6179
6180
6181
1528
3187
983
2578
6186
6187
6188
6189
6190
6191
3192
6193
6183
6195
6196
6238
6198
6199
6182
6201
6202
6203
6238
6205
5730
6207
3974
6209
6210
6240
6240
6213
6214
6215
6216
6217
6218
6219
6220
6221
6222
6223
6224
6225
6226
6227
6228
6229
6230
6231
6232
6233
6234
6216
6215
6237
6238
6218
6240
6241
6242
6194
6244
6245
6246
6247
6248
6249
6250
6251
6252
6253
6254
6234
6256
6257
6258
6259
6260
6261
6262
6263
6264
6265
6266
6267
6268
6269
6270
6271
6272
6273
6274
6275
6276
6277
6278
6279
6280
6281
6282
6283
6284
6285
6286
6287
6288
6289
6290
6291
