1801
96
922
3017
368
385
351
2957
896
2915
3477
2934
137
916
2982
50
69
74
132
130
921
45
1821
366
922
368
386
385
2950
2950
924
2923
2922
3447
140
159
1968
99
154
386
158
2980
153
154
145
3
145
1798
26
2980
26
386
26
15
895
2920
72
1073
1073
2927
19
894
894
2934
12
138
355
136
135
48
13
51
3007
34
137
34
51
917
76
77
14
129
129
131
1798
1797
91
1979
923
923
2155
101
922
366
922
922
922
2153
922
3018
3018
3018
368
3016
385
3016
2953
3015
2950
2950
2151
351
3557
3558
3497
3022
2914
3499
881
2912
2918
2921
880
3446
1068
3445
352
352
917
139
917
139
140
2916
2916
160
426
1969
36
141
1968
1971
1971
386
1971
1972
1972
3017
43
1812
3013
385
26
26
153
896
896
3014
49
3014
1971
136
98
151
157
72
3014
3014
154
385
385
2196
173
2216
2561
4816
340
539
4821
4715
1592
4723
4730
307
221
222
240
251
233
237
301
262
4736
194
195
4789
4817
1472
562
2558
527
5261
5881
4724
5212
310
330
331
316
337
1472
336
4811
4812
213
531
172
208
2388
221
197
2224
221
4811
187
250
229
4719
229
253
232
4717
234
189
236
4726
238
238
332
4733
247
185
248
242
183
244
303
184
300
190
243
190
253
245
244
172
259
256
4734
266
263
270
266
195
2559
195
270
273
4816
1474
195
1474
4817
1474
4815
4814
1449
4815
341
4756
4821
5320
527
5263
5263
5261
1476
1602
1445
4716
1602
4717
4723
1597
1435
4730
1435
258
1436
300
310
205
205
308
1445
1445
207
309
331
318
311
2221
2223
2223
1472
2223
268
174
2222
320
338
329
319
197
4812
197
4715
4715
223
212
241
315
208
264
206
330
250
324
324
324
4813
214
2687
1782
1784
1786
2704
347
1791
349
1793
2953
45
1978
921
2935
1127
357
1803
1985
1807
3036
351
3043
1818
3029
2975
2977
368
377
377
2842
1840
381
377
2799
3581
3582
377
3170
6160
3574
3070
2843
2843
385
386
424
2081
4230
1888
3238
4196
2039
4199
395
396
1876
2120
3290
1925
3355
1895
1901
1904
3919
3257
3256
3304
1914
1920
1872
412
413
414
4259
3244
417
4261
3354
420
105
3494
3917
1964
2597
2985
2975
428
429
4371
4368
3890
1994
3902
3306
3913
437
438
439
1855
377
844
3581
3092
3092
446
447
448
449
450
451
452
453
454
2031
456
3229
2068
3335
1909
461
2163
4215
4231
2071
2073
4232
467
3928
2082
2079
472
2089
2095
3281
3282
2101
2106
479
4250
1907
1879
2116
2114
485
2118
391
460
2045
3342
1019
2119
3253
3340
495
496
497
2133
2782
2823
3614
502
3712
504
505
2142
2813
4393
2583
2147
3636
3635
511
514
515
1843
517
518
2178
2180
521
522
523
524
2190
2189
1448
528
4736
262
4741
4734
533
534
2395
2201
2203
4835
4754
2213
4829
4832
1457
4796
4817
552
552
559
4642
559
552
4600
4599
2239
552
4889
2233
4868
6125
2253
4642
562
5949
2492
605
2268
2266
2311
2498
563
571
572
573
2277
2275
2526
5080
2281
2290
5021
6155
5117
583
2306
2310
5046
1554
5092
2326
587
5126
2338
2508
594
595
596
597
598
599
600
601
5258
2380
4409
2381
5528
607
1492
4480
2404
5644
612
2407
5668
615
616
617
2233
2253
552
2239
4891
608
624
625
626
627
628
629
630
631
632
2444
634
635
2480
2449
2320
639
2472
5951
642
5983
2490
2483
2485
5984
2488
2494
2495
2491
653
5028
654
655
5991
5072
658
2513
2517
6004
662
663
2293
665
666
2456
638
5128
5127
5043
2525
2529
674
4632
2539
677
4586
4624
680
681
682
683
684
685
686
687
688
5399
690
5396
692
693
2244
5542
2581
2818
4576
4783
3329
2591
2665
2667
2599
705
706
707
708
709
710
2610
3850
713
714
2617
3882
2620
3566
3568
2622
721
722
723
724
725
726
727
728
2638
730
731
732
733
734
735
736
737
738
3603
740
741
2656
743
744
745
2734
2733
2668
2685
2736
2674
2676
2678
2680
2683
756
757
2738
759
760
761
3031
2696
764
2699
2701
767
3667
2706
770
2711
772
773
774
775
4526
2719
3428
3535
2723
2725
782
783
784
785
786
787
2737
789
790
791
792
2747
2749
795
796
3394
798
799
800
801
3844
2768
2775
3800
3791
2773
2778
4583
4582
2780
2785
3380
814
815
816
817
818
2849
3705
821
822
4605
2801
2803
4603
827
2810
3638
1118
2814
3768
833
2826
2829
836
837
838
3144
3117
3119
2840
381
1840
2847
3172
962
847
849
850
851
3370
853
2864
855
856
857
3460
3504
2878
2880
3505
863
2885
865
866
3628
2889
869
870
2895
2896
873
874
875
876
877
1077
1076
1950
1948
3001
2932
2936
2939
3774
2943
2996
3037
1983
3617
2952
3618
2931
2915
2913
2149
2950
2950
900
901
902
503
2967
932
3041
2978
908
1809
930
3000
2944
2994
2981
904
903
903
905
2979
2976
1821
922
366
924
925
926
927
928
3032
2978
931
3044
933
2843
3055
3422
3423
938
3065
3420
3074
1852
3123
3070
3416
3076
377
429
1991
430
3077
3095
3420
3077
3420
958
953
3421
844
3414
3413
958
953
3102
3104
834
1062
3416
1062
3076
952
3096
4405
3152
3181
3176
3105
6235
6235
3413
3409
3151
3790
983
3194
3183
988
2793
3424
3166
3135
2171
993
994
995
996
4200
2057
999
1000
1001
3263
3216
3936
1005
3222
1007
2061
2593
2161
3234
2080
4195
3240
1015
1865
3606
3918
6156
1911
1021
1022
1023
1024
1025
4237
2103
3280
3334
3301
1031
1032
3326
1034
1035
1036
1037
1038
1039
1040
1041
1042
3367
3434
1045
5154
3378
5157
5156
5160
5167
1052
1053
1054
1055
1056
3404
1058
3408
3414
3410
1062
1063
6204
3430
3432
3436
3447
3442
3509
1071
3457
2919
1074
1075
3475
3476
2922
1079
1080
1082
1956
2923
1084
3775
3512
1087
1088
1089
1090
1091
1092
1093
1094
1095
3543
1097
1098
1099
1100
835
1102
824
3577
3579
4380
1107
3601
3879
3619
1111
3878
3616
3865
3875
1116
3813
3814
1119
1120
1121
1122
1123
1124
1125
3677
3682
3690
1129
3701
3708
1132
3737
1134
1135
1136
3797
3185
1139
1140
1141
1142
3832
1144
1145
1146
3842
3849
3854
1150
1151
3869
3884
3906
1155
3920
1157
1158
1159
1160
1161
1162
1163
3955
933
3045
1167
3992
1169
1170
1171
1172
1173
1174
1175
1176
1177
1178
1179
1180
1181
1182
1183
1184
1185
1186
1187
1188
1189
1190
1191
1192
1193
1194
1195
1196
1197
1198
1199
1200
1201
1202
1203
1204
1205
1206
1207
1208
1209
1210
1211
1212
1213
1214
1215
1216
1217
1218
1219
1220
1221
1222
1223
1224
1225
1226
1227
1228
1229
1230
1231
1232
1233
1234
1235
1236
1237
1238
1239
1240
1241
1242
1243
1244
1245
1246
1247
1248
1249
1250
1251
1252
1253
1254
1255
1256
1257
1258
1259
2092
1261
1262
1263
2096
1265
4245
1267
1268
1269
1270
1271
1272
1273
4476
4407
4474
1277
1278
1279
1280
1281
1282
4424
1284
5606
5641
4427
1288
4434
4432
5327
5329
1293
1294
1295
1296
1297
1298
1299
1300
1301
1302
1303
1304
1305
1306
1307
1308
1309
5363
1311
1312
1313
1314
4539
4538
4478
1318
1319
4484
1321
1322
4489
1324
1325
1326
1327
1328
1329
1330
1331
1332
1333
1334
1335
1336
1337
1338
1339
1340
1341
1342
5194
4529
4531
5297
1347
1348
1349
4549
1351
1352
1353
1354
5302
4554
1357
1358
1359
1360
1361
553
4572
4577
1365
4575
1367
4620
4616
4585
1371
1372
1373
1374
1375
1376
4650
1378
4601
5335
4618
1382
1383
4613
5400
4621
1387
5526
1389
4629
1391
1392
1513
4637
1396
4910
2252
4642
1399
4960
1401
1402
1403
4660
4662
5151
1407
1408
5225
1410
5266
5267
4678
4680
1415
1416
4683
1418
1419
1420
1421
1422
1423
1424
1425
4759
5227
1428
1429
2361
2362
296
4748
4799
4798
4737
4743
2390
2394
5515
4801
1442
1443
239
4716
4711
2558
527
4819
4758
4762
5240
1453
1454
4773
4776
4777
4778
4836
5534
4797
6131
5205
4794
1465
1466
4813
4774
4784
4775
2224
1472
194
4789
195
5261
1477
1478
4827
4833
5516
4842
4962
5541
4852
1390
1491
4854
4874
2255
4915
4865
1493
5183
2239
607
607
2399
1500
4860
4874
1494
4872
1501
5541
5182
1501
4899
5330
5183
1493
4890
4890
4942
4942
4963
4965
4845
6235
5182
4968
6255
1659
5546
4969
4979
2572
4974
4927
3137
4981
4953
1533
1534
1535
1536
1537
1538
1539
1540
1541
5004
1543
1544
1545
1546
1547
2299
1549
5027
2493
1552
5084
5369
5370
2454
2459
1558
1559
1560
1561
1562
5070
1768
1565
1566
1567
1568
2298
5950
1571
1572
1573
1574
1575
1576
5148
5196
1579
1580
5170
1582
1583
5192
5198
5200
5212
5208
5273
5222
1591
4723
5231
5233
5237
6020
4724
1598
1599
179
5253
5881
1603
5532
5275
1606
1607
1608
1609
1610
1611
1612
1613
1614
5303
1616
1617
1618
1619
1620
5331
5552
1623
1624
5339
5418
5343
5365
5382
5380
1631
1632
1633
5622
5623
1636
5571
5568
1639
5412
5419
1642
1643
1644
1645
1646
1647
5448
5593
1650
1651
1652
1653
1654
5508
4795
1657
5554
6210
1660
1661
1662
1663
5586
1665
1666
1667
5600
5607
5609
1671
1672
5626
5662
5639
1676
5675
1678
1679
1680
1681
1682
1683
1684
6161
4962
4962
1688
5747
1690
1691
1692
1693
1694
1695
1696
1697
1698
1699
1700
1701
1702
1703
1704
1705
1706
1707
1708
1709
1710
1711
1712
1713
1714
1715
1716
1717
1718
1719
1720
1721
1722
1723
1724
1725
1726
1727
1728
1729
1730
1731
1732
1733
1734
1735
1736
1737
1738
1739
1740
1741
1742
1743
1744
1745
1746
1747
1748
1749
1750
1751
1752
1753
1754
1755
1756
1757
1758
1759
1760
1761
1762
1763
1764
1765
1766
1767
5954
1769
1770
1771
2506
1773
1774
1775
1776
5989
1778
6000
1780
342
2687
1781
342
1787
346
3729
1785
346
1789
346
1792
349
1792
1795
1796
353
1978
91
2935
353
357
1803
1802
357
1810
361
1806
358
3201
3684
3684
2981
3684
2953
365
1816
365
3029
2990
2990
366
427
2977
377
377
377
377
375
1840
1840
375
2844
377
377
377
3581
1840
3581
3580
3581
377
3581
377
3086
3086
1856
3086
3091
382
382
3070
1852
1851
1840
1837
1840
2843
4197
4197
2081
4195
468
1863
494
4234
2074
1860
3238
1860
2085
2046
1876
1875
2046
2045
398
3297
398
4264
1883
1882
1939
1884
1887
397
1923
1016
1885
1893
1890
1878
6172
1896
1896
3240
474
1900
1898
2094
1901
1864
1902
2067
1906
2117
486
1906
4198
4196
405
3257
3257
3255
1018
407
3258
407
1921
3258
3258
3255
3340
2047
491
488
1926
1929
490
1930
1931
1932
1933
1936
416
3242
1937
1938
1941
1940
2112
1942
3294
1944
1945
3473
1949
3476
3473
3475
1783
1952
1951
107
898
422
2954
4392
1959
1960
1961
6
1963
425
1967
425
3900
1971
2972
386
1971
2984
2977
2975
2977
930
1824
427
923
889
1984
1980
889
2998
1986
2884
1986
3073
373
1853
1991
432
4368
3889
1993
1997
3921
435
1999
434
2004
436
433
3914
2005
2006
2007
2008
2009
1837
1837
1837
3083
1837
1839
3086
3085
3092
1953
2020
344
2022
2023
2024
2025
2026
2027
2028
2029
2033
2031
458
4229
3228
2036
3335
459
2035
394
406
1913
1911
2046
1914
405
1912
1910
2048
2049
2050
2051
2052
2053
2054
2055
2059
2056
2059
4218
2064
462
2062
2064
2161
466
2065
2073
466
464
4217
464
2069
2070
4216
4216
467
4232
1965
1965
2079
424
2081
2086
2082
2081
2081
473
2087
3279
2089
2088
472
2088
2051
455
453
2099
2099
2099
2100
2105
2105
2106
2101
2106
1028
2107
1014
2108
3241
2124
2113
2124
482
2112
484
390
390
490
2121
3254
3343
398
1880
2125
2126
2127
2128
2129
2128
4401
499
499
2135
2825
2136
2137
2138
2139
2140
2815
507
2815
4393
2146
2582
506
2146
2953
2151
2950
2151
2989
2989
2153
2975
3636
1117
2158
511
2162
2592
1033
1009
2165
2166
2167
2168
2169
2170
987
2172
2174
3788
3790
2173
518
518
2177
518
2181
2182
2183
2184
2185
2186
2187
2191
525
1477
5274
2188
4735
256
4741
4735
4734
534
534
2199
534
2204
538
4987
536
2202
4814
198
4813
4814
4754
2214
541
4831
2214
1457
270
1457
1457
5513
2221
4816
2223
1472
2225
552
552
552
552
4642
4642
4642
559
4642
552
552
552
4599
4598
4599
4598
2239
552
695
5542
1498
1498
4891
2400
2233
558
558
5334
558
4868
4642
4642
4642
4642
5946
5946
2492
5947
2267
2264
648
5986
591
5030
569
5030
5029
2275
2273
2275
638
2276
576
6017
2278
5086
2282
2283
2284
2285
2289
2287
6168
2337
592
2292
6163
673
2294
2295
2299
2296
581
6159
2300
2301
1552
2300
2307
2305
2306
5988
2265
2308
567
566
2312
2313
2312
2315
2318
568
2318
5048
5048
5048
5949
5048
5049
5046
5092
2332
2331
5092
5047
5047
5047
2335
2333
5124
2527
2340
670
2338
1556
1556
2342
593
2342
2345
2346
2347
2348
2349
2350
2351
2521
2353
2354
2355
2356
2357
2358
2359
664
203
203
4748
5239
2364
2366
2366
2368
327
326
2371
327
179
2374
2375
2376
2377
2378
604
5656
604
2380
4778
4778
4778
4795
1656
2385
266
4803
2394
1440
5515
4803
2397
2397
4684
2251
6117
2251
2401
611
2405
611
6114
2406
612
2408
2409
2406
2412
5670
610
2414
2415
2416
2417
2418
2419
4641
2233
4642
4641
552
2239
552
552
552
2400
4891
2400
2367
2433
2434
2435
2436
2437
2438
2441
2440
2441
2442
2443
2444
2445
5981
2443
2448
2449
5951
2451
2452
2325
2325
5122
2459
586
563
2320
570
2461
2462
2463
2464
2465
2466
2467
2468
2470
5970
2470
571
2473
2474
1549
2476
2477
2481
2478
645
5982
2486
644
2482
643
5968
647
5985
2490
5969
2382
605
2494
2382
565
2497
2492
565
2495
2500
2500
2502
2500
2503
2503
2506
2507
5073
2509
2509
2515
2511
660
2515
2501
2516
1563
2518
2519
2520
2522
2523
6008
5081
5042
671
5128
5042
2278
5080
578
2532
2533
2534
2536
6147
2536
2538
2540
4625
679
678
2543
2544
2545
2546
2547
2548
2549
2550
2551
2552
2553
2554
4753
4756
4756
2558
1457
195
4789
1457
2566
689
2566
5396
2567
2568
2569
2570
2571
694
2571
4985
5546
2578
5546
5545
2579
2580
2581
697
2819
2586
2586
2818
2589
698
6139
2594
700
2590
1011
3233
2596
2664
703
2595
702
2600
2601
2602
2603
2604
2605
2606
2607
2608
2611
712
3864
2612
2609
2618
2615
2616
716
3886
2621
718
3565
719
2619
2624
2625
2626
2627
2628
2629
2630
2631
2632
2633
2634
2634
2636
2637
732
2639
2640
2641
2642
2643
2644
2645
2646
2647
2648
2649
3927
2651
2652
2653
2654
2655
738
2657
2658
2659
2660
2661
2662
2663
2666
746
2731
747
2623
720
2669
717
2673
3685
750
2672
749
2675
751
2677
752
2684
2681
756
4490
757
2689
758
2686
2735
2691
2738
2690
2695
2694
3722
762
2697
2698
2699
2698
2701
2702
2707
768
2703
765
3665
1788
2709
2710
345
2712
2713
2714
2715
2718
2717
2718
776
2716
2722
3546
779
2721
778
2726
2727
2728
2729
2730
2732
2732
786
2734
2737
787
2737
2737
788
788
2741
2742
2743
2744
2745
2746
2747
2746
2749
2750
2751
729
2753
729
2755
2756
2757
2758
3806
2760
2761
2763
2134
3581
3581
3581
1106
2144
2768
508
2770
805
3792
2773
805
3801
2779
809
4580
810
2777
806
2785
2774
3779
2786
3381
2788
2789
2790
2791
2792
2793
3742
2795
2796
2797
2798
3580
2804
823
2800
826
4602
2805
2806
2807
2824
2822
3638
2824
2811
2817
825
2814
811
3384
811
2781
3635
2158
3637
2825
3640
3767
2826
2826
2826
836
2830
2831
2832
2833
2834
812
3145
3147
3148
3168
839
2844
2844
1840
3572
2159
2821
2160
3169
2840
2851
3144
3149
3150
2855
3114
2856
2857
2858
2859
2861
3369
852
2860
780
2865
2866
2867
2868
2869
2870
3464
2872
2873
2874
2875
2876
2881
859
2877
862
3502
2882
2883
2882
2885
2886
2887
2888
867
2887
2891
2892
1790
2892
2896
348
2897
2898
2899
2900
2901
2902
2903
2904
2905
2906
2907
2908
501
2895
2911
2914
1081
3495
881
2912
2918
1946
880
2917
1949
1076
1077
65
2947
0
894
2948
3001
2948
884
2941
2935
2933
2937
887
2942
887
2940
2943
2938
3755
2997
886
2944
1982
4267
4267
2999
2951
3617
2951
893
2151
2151
2950
2953
2879
2959
2879
860
2962
2963
2964
2965
3711
356
2970
3712
3707
3747
2974
932
3747
363
363
2978
1819
3042
2966
2967
2968
2969
3041
3041
2973
3041
3041
2979
2975
2975
2992
2993
360
2995
2978
2978
3037
2945
912
885
3003
3757
1983
2968
903
2980
2979
906
2979
905
2968
385
153
3684
3016
2988
3018
2975
2955
2954
897
3023
3024
3025
3026
3027
3032
929
3028
869
869
3030
3033
1816
364
3035
1804
3040
1987
3042
3043
3029
929
1833
1833
2843
3048
1840
1840
3053
3053
2827
3054
3055
3058
3052
3417
3075
3056
3069
943
3077
944
936
3122
3124
966
966
3570
3123
1850
1851
3075
3420
945
3074
3078
3079
1840
377
1840
1840
373
373
1991
373
373
373
430
430
3063
3063
951
3075
3075
3077
3075
3420
3125
3103
3099
3421
958
1841
1837
1844
3783
6235
3414
3413
6235
6235
3103
958
3103
953
3100
3102
3100
956
834
2828
2827
3421
3421
1062
1062
3416
1062
1062
3075
3077
945
1062
3416
1062
3079
3079
3078
3093
952
951
3096
4373
4373
3096
953
3103
3104
3079
3076
3151
377
377
377
377
377
377
1837
2843
3415
3415
3152
4405
945
3076
4374
3171
951
3095
972
3141
3151
4405
3175
933
3415
3413
980
3415
975
3180
3193
3176
3186
818
3188
3135
3136
3137
4921
981
3411
3194
3136
3136
3166
2176
3200
3202
3720
3203
3204
3205
3206
3207
3208
3209
3210
3211
3212
3264
3214
3217
1004
3935
3215
3218
3220
3219
1003
3223
3224
3321
3226
3230
3227
465
4204
2066
404
3235
471
2079
469
4195
4195
4195
404
404
403
403
402
3245
3246
3249
3248
4251
3250
410
3253
1919
1918
1018
3607
3919
3256
2046
2045
460
3264
1021
3264
3265
3266
3267
3268
3269
3270
3271
3272
3273
3274
3275
3276
3277
3278
459
3252
4236
4237
3283
4236
3285
3286
3287
3288
4264
493
3289
3292
3283
3295
6162
418
2119
1928
492
1908
1029
3303
1908
1017
3306
3608
3307
3308
3309
3310
3311
3312
3313
3314
3315
3316
3317
3319
3324
3318
3320
1006
1903
3325
3936
701
3329
3329
2080
2078
2078
2078
1905
481
1919
3305
3255
3255
392
1868
1869
1922
2041
3344
3345
3346
3347
3348
3349
1875
2043
3352
4260
1928
400
3355
3302
1030
3359
3360
3361
3362
3363
3364
3365
3366
3367
3368
3371
1044
3534
3374
1046
5152
2778
3379
3376
1048
5155
1049
3382
5159
1050
3385
5161
3388
3386
3388
3391
3390
5164
3395
3392
1051
5166
3396
3397
3398
3399
3400
3401
3402
3401
3404
3403
864
3405
1057
1060
1060
3410
3414
1062
1062
3416
1062
3417
3418
3419
3421
3421
2827
833
1061
6204
1061
3362
1039
3427
3430
3399
3399
3431
1055
1794
350
3435
3439
3506
3438
3443
1070
2946
3441
2933
2931
352
885
3451
3449
3508
3452
3453
3454
3455
3429
1065
3456
3433
1066
3459
3440
1067
3437
3450
3466
3467
3458
3469
781
3471
3472
3474
3474
1074
902
2924
1068
880
3480
3481
3482
3483
2724
3484
3486
3487
3488
3493
1956
3493
133
3492
156
3492
2914
2913
881
3499
3500
3501
1085
3776
3503
1085
3507
3507
3508
913
3510
3511
431
2670
1995
3515
3516
3517
3518
3519
3520
3521
3522
3523
3524
3525
3526
3527
3528
3529
3530
3531
3532
3533
3533
1043
3536
3537
3538
3539
3543
3541
3540
790
3544
3545
3368
3547
3548
3549
3550
3551
3552
3553
3554
3555
1962
2955
3558
3559
3560
3561
3562
3563
3564
3567
3566
3841
1096
2828
2828
835
3574
3573
4379
3576
3387
1101
3575
1103
1107
3582
3657
3583
3584
3585
3586
3587
3588
3589
3592
891
3615
3593
3594
3595
3596
3597
3598
3599
3602
423
3513
1086
3600
3605
1109
3880
3609
3621
3612
3611
3877
1112
2895
3614
872
3615
1113
1115
3866
3876
3620
3623
3624
3625
3626
3629
766
3629
3630
3631
3632
500
3634
1117
1117
3813
3637
1118
803
3641
3642
3643
3644
3645
2800
2801
2802
3649
3650
3651
3652
3653
3654
3655
3656
3657
3658
3659
3387
3661
3662
3663
3664
3665
3666
3667
3670
753
3738
3671
3672
3673
3674
2705
3675
769
3679
3709
3678
3676
1126
3681
3680
3686
3686
3687
3688
3689
1121
3691
3692
3693
3694
3696
3699
3695
3698
2700
2682
755
3700
3702
3703
1130
3697
3706
868
3683
1127
3706
1131
3713
3714
3715
3719
3716
3718
3817
3720
3721
2891
3723
3724
1790
3726
3662
3727
3730
3736
1133
3732
3733
3734
3732
3736
3737
2688
3740
3748
3739
3741
2972
2972
2890
3745
3746
3748
3749
3750
3751
3752
3753
3754
930
930
3037
428
3759
3760
3761
808
3763
3764
3765
3766
807
804
2772
3770
2884
3772
3773
2996
3775
3776
3777
3778
3791
3780
3781
3782
3784
3784
1137
2844
381
3789
3798
1138
3792
3800
1105
3794
1104
3797
976
3185
3182
3648
3648
3569
3802
3804
3805
3807
5563
3808
3809
3810
2148
3811
510
2769
2769
2771
3818
3819
3812
3820
3821
3822
3823
3824
3825
3826
3827
3828
3829
3829
3831
3832
3833
3834
3835
3836
3837
1128
3839
3840
2744
3843
4380
3843
3842
1106
3844
3830
793
1143
3848
2748
3852
794
3542
3855
3857
3858
3859
3860
3861
3862
3863
3835
1134
1134
3865
3856
1149
3868
3871
3872
3728
3873
3735
3875
3877
1114
702
2599
3885
711
3881
1154
4369
2613
3888
3905
3887
1152
3891
3892
3901
3894
3895
3896
3897
3898
3874
2671
3622
3622
3903
3904
3853
1148
3907
3908
3909
3910
3883
3911
1153
3889
3915
3916
748
704
3918
704
1110
3922
3923
3924
3925
3926
3514
423
3928
3930
3931
3932
3933
3604
1108
3929
3937
3938
3939
3940
3941
3942
3943
3944
3945
3946
3947
3948
3949
3950
3951
3952
3845
3954
1147
3956
1147
2767
1839
3958
3704
754
2679
373
430
1833
2843
1833
3048
371
3047
3045
3972
3975
3991
3976
3977
3978
3979
3980
3981
3982
3983
2638
732
3986
3987
3988
3989
3079
3151
3151
3048
3167
974
3996
3997
3998
3999
4000
4001
4002
4003
4004
4005
4006
4007
4008
4009
4010
4011
4012
4013
4014
4015
4016
4017
4018
4019
4020
4021
4022
4023
4024
4025
4026
4027
4028
4029
4030
4031
4032
4033
4034
4035
4036
4037
4038
4039
4040
4041
4042
4043
4044
4045
4046
4047
4048
4049
4050
4051
4052
4053
4054
4055
4056
4057
4058
4059
4060
4061
4062
4063
4064
4065
4066
4067
4068
4069
4070
4071
4072
4073
4074
4075
4076
4077
4078
4079
4080
4081
4082
4083
4084
4085
4086
4087
4088
4089
4090
4091
4092
4093
4094
4095
4096
4097
4098
4099
4100
4101
4102
4103
4104
4105
4106
4107
4108
4109
4110
4111
4112
4113
4114
4115
4116
4117
4118
4119
4120
4121
4122
4123
4124
4125
4126
4127
4128
2918
2921
4131
4132
4133
4134
4135
4136
4137
4138
4139
4140
4141
4142
4143
4144
4145
4146
4147
4148
4149
4150
4151
4152
4153
4154
4155
4156
4157
4158
4159
4160
4161
4162
4163
4164
4165
4166
4167
4168
4169
4170
4171
4172
4173
4174
4175
4176
4177
4178
4179
4180
4181
4182
4183
4184
4185
4186
4187
4188
4189
4190
4191
4192
4193
4194
4197
3920
4389
3918
3305
4199
4201
4202
4203
4205
3234
4206
4207
4208
4209
4210
4211
4212
4213
1010
470
2084
2083
4200
4219
4220
4221
4222
4223
4224
4223
4226
4227
4228
2072
2074
471
2085
1013
1871
4233
4203
1255
4238
4241
4240
4243
4242
4243
4209
4245
4244
4247
4248
4249
1266
4246
1264
4253
399
4255
2109
4256
4257
4258
3358
485
1869
391
493
2040
4233
3466
3551
4269
4270
4271
4272
4273
4274
4275
4276
4277
4278
4279
4280
4281
4282
4283
4284
4285
4286
4287
4288
4289
4290
4291
4292
4293
4294
4295
4296
4297
4298
4299
4300
4301
4302
4303
4304
4305
4306
4307
4308
4309
4310
4311
4312
4313
4314
4315
4316
4317
4318
4319
4320
4321
4322
4323
4324
4325
4326
4327
4328
4329
4330
4331
4332
4333
4334
4335
4336
4337
4338
4339
4340
4341
4342
4343
4344
4345
4346
4347
4348
4349
4350
4351
4352
4353
4354
4355
4356
4357
4358
4359
4360
4361
4362
4363
4364
4365
4366
4367
3870
3851
3071
3068
1851
3096
3096
3096
4376
3173
3173
3803
3657
4381
4382
4383
4384
890
4386
4387
4388
2598
2971
4391
891
831
2954
2776
4396
4397
4398
4399
4400
2783
1840
3078
1837
945
4410
1274
4406
1276
4473
4411
4412
4413
4414
4415
4416
4417
4418
4419
4423
4420
4422
4423
1285
4426
5642
1286
4428
4429
4433
4430
1291
5326
1292
4435
4436
4437
4438
4439
4440
4441
4442
4443
4444
4445
4446
4447
4448
4449
4450
4451
4452
4453
4454
4455
4456
4457
4458
4459
4460
5683
4462
4463
4464
4465
4466
4467
4468
4469
4470
4471
4472
4475
1315
4537
1316
4431
1289
4477
1290
4481
4482
4483
4484
4485
4483
4487
4488
1320
4490
4491
4492
4493
4494
4495
4494
4497
4497
4499
1325
4501
4502
4503
4504
4505
4506
4507
4508
4509
4510
4511
4512
4513
4514
4515
4516
4517
4518
4519
4520
4521
4522
4523
4524
4525
4526
4527
4532
1343
4528
1346
5308
4533
4534
4535
4536
4537
4538
1349
4540
4541
4542
4543
4542
4545
4546
4547
4548
4549
4550
4551
4552
4550
4554
4555
4556
4557
4558
4559
4560
4561
4562
676
2541
4564
4566
2239
5344
2239
2239
4573
1364
6141
4571
4575
4576
4575
4579
4579
4581
4619
1369
1368
1367
1367
4578
4584
4588
4589
4590
4591
4592
4593
4594
4595
6122
4597
4600
5342
5333
4601
4604
1381
5407
4605
4606
4607
4608
1385
4609
4626
4622
1386
4614
4614
4616
4617
4618
2551
4620
691
5397
4623
1388
5524
5401
4627
4628
4629
4627
4631
1370
4633
4634
4635
4935
1512
4640
4937
6121
5333
5333
4642
559
4645
4646
4647
4649
4932
1400
4648
4939
4909
4653
4655
4656
4657
4658
4663
1345
4659
1406
5149
4664
4665
4666
4667
4671
1409
1427
5228
4672
4673
4674
4675
4677
5266
1412
4676
1411
4681
4682
4683
4681
4685
4686
4687
4688
4689
4690
4691
4692
4693
4694
4695
4696
4697
4698
4701
1426
5226
4702
4703
4704
4705
4706
4707
4708
4709
4710
1431
4718
1430
4713
4712
181
235
292
4717
203
2361
4746
295
204
182
297
4747
1463
4798
258
192
258
4736
1438
4742
4739
2391
4743
2390
2391
1461
2393
1441
4745
4802
1463
4799
5206
4749
4750
4751
4752
4756
2556
527
4756
4679
1414
1413
4757
4761
1452
5247
4764
4765
4766
4767
4768
4769
4772
4770
5506
1482
540
4777
540
2215
4777
4779
4780
4781
4782
4776
4839
4776
1456
1455
4774
4778
4774
1459
4838
4792
537
4834
1480
4834
1462
5207
4744
537
4794
2203
4811
4811
1471
1456
4783
4775
4788
4812
4812
338
278
4815
4790
1474
4778
334
327
4714
4822
4823
4822
4825
4826
4827
4828
1329
4826
4831
4832
2215
4833
542
535
2396
4837
4840
4841
4830
1479
5553
4844
5541
5553
4642
5540
4851
4850
5188
4916
4856
4864
1489
4856
4852
4866
2255
6116
4866
1486
4916
4863
1509
4867
4917
1509
2252
2252
1494
4872
1494
4874
4875
4876
552
4642
552
2239
2401
2398
607
2401
2400
608
2400
608
608
4860
4875
4871
4874
4873
4872
4871
4918
5187
1501
4898
552
552
1484
2229
5180
5182
6235
5180
4898
1501
4898
4900
4897
4899
1390
1390
4629
5187
5187
5183
5183
5183
1494
1494
1493
5183
5183
4876
4875
4876
4888
4957
4890
4888
4896
6119
1501
4896
4898
4940
4941
4942
2239
2239
552
552
4642
2253
4966
5184
4966
1514
5184
4942
6119
4958
4895
1500
4931
4934
4961
1516
1517
1514
1520
5184
4968
5180
4972
4969
4972
4967
4904
1518
4973
4921
4926
4927
1521
4981
5181
4924
4953
1511
2576
2576
4988
5480
4989
4990
4991
4992
4993
4994
4995
4996
4997
4998
5054
5000
5001
5002
5003
1543
5005
1542
5007
5008
5009
5010
5011
5012
2297
2297
1569
1548
5017
5955
646
2447
633
5032
5026
5023
1551
2493
651
5948
2263
5946
5032
5111
5033
6006
5035
5036
5037
5040
5039
6005
5041
589
637
2328
2327
1555
1554
5370
5367
638
2453
2459
5054
5054
1558
5056
5057
5058
5059
5060
5061
5062
5063
5064
5065
5066
5067
5068
5069
2452
5043
5953
5991
5953
5075
5076
5077
5078
5079
5082
1563
6017
2510
5072
672
2526
2339
5090
5089
5118
5091
1554
5677
5093
5095
5096
5097
5098
5099
5100
5101
5102
5069
5104
5105
5108
5107
5112
5109
5110
2309
5113
6155
2491
2491
2491
649
2314
5119
2327
5094
5046
5046
570
2458
2272
590
2455
5129
5130
5131
5132
5133
5134
5135
5136
5085
5137
5091
5140
5141
5142
5143
5144
5145
5146
5146
5148
5150
5296
1578
5153
5519
1579
5155
5156
5157
5158
5159
1374
4615
5162
5163
5165
5165
5166
5167
5168
5169
5170
5169
5172
5173
5173
5175
5174
5176
1417
5180
5182
5179
5183
5183
5183
5185
5186
5187
4630
5181
5189
5144
5192
5191
1576
5171
1581
5195
5171
2192
526
5199
5204
5202
5270
1589
5208
5273
1589
258
1436
297
4744
5214
5272
5213
5218
1590
6021
5219
5193
5220
1584
5197
5223
1585
5203
1586
5201
5215
5229
1588
5221
1344
5234
5224
5235
5239
5237
6020
1593
4726
4723
1435
4760
5245
1450
5230
4530
5248
5250
5251
5252
2365
2365
179
5238
5256
5238
1595
4712
1602
4716
5260
5264
5265
1604
5271
5269
5533
525
5530
1460
4793
5274
609
2403
4479
5278
5279
5280
5281
5282
5283
5284
5285
5286
5287
5288
5289
5290
5291
5292
5293
5294
5294
5295
1577
5298
5299
5300
5301
5303
5303
5302
5305
5306
5307
5147
5309
5310
5311
5312
5313
5314
5312
5316
5317
5257
5263
1476
5321
5322
5323
5324
5325
5328
1615
5597
5329
4629
1389
5330
5334
1622
1622
5340
5337
5336
1621
5421
5342
1379
1626
5341
5345
5346
5347
5348
5349
5350
5351
5352
5353
5354
5355
5356
5357
5358
5359
5360
5364
5361
1605
5673
603
5366
5368
5382
1630
1629
5371
5372
5373
5374
5375
5376
5377
5378
5379
1635
5383
1635
5621
5384
5385
5386
5387
5388
5389
5390
5391
5392
5393
5394
5395
5398
5398
5570
1638
1637
5571
5402
5403
5404
5405
5406
5407
5408
5409
5410
5411
5412
5413
5414
5415
5416
5417
5418
5419
5417
5421
5422
5423
5424
5425
5426
5427
5428
5429
5497
5429
5432
5433
5434
5435
5436
5437
5438
5439
5440
5441
5442
5443
5444
5445
5446
5449
1641
5458
5447
5451
5452
5453
5454
5455
5456
5457
5458
5459
5460
5461
5462
5463
5464
5465
5466
5467
5468
5469
5470
5471
5472
5473
5474
5475
5477
5573
5478
5479
5480
5481
5482
5483
5484
5485
5425
5486
5488
5489
5490
5491
5492
5493
5494
5495
5496
4496
5498
5499
5500
5501
5503
6136
5504
5505
5506
5507
5508
5178
5510
1478
5509
1480
4797
538
606
5512
5518
5519
5520
5521
5522
5523
1366
4575
1364
5527
4684
4824
5529
1440
1655
5517
1481
5535
5536
5537
5538
5539
5541
5541
1658
559
2252
5547
1659
5555
5548
5549
5550
5551
1625
5553
1516
4970
6210
5557
5558
5332
5559
5561
5562
5563
5564
5565
5566
5567
696
5569
4574
1363
4572
5574
5575
5569
5576
5577
5578
5579
5580
5581
5582
5583
5584
5585
5586
5587
5585
5589
5590
5591
5450
1648
5594
5595
5596
5597
5601
5598
1627
6126
5344
5602
5588
5604
1664
1356
4553
1355
5608
5304
5611
5613
5614
5615
5616
5617
5618
5619
5620
5496
5622
1654
5612
5624
1670
5627
5628
5487
5629
5492
5631
5633
5634
5632
5635
5638
6115
1674
5637
1283
4421
5646
1673
5643
5661
5647
5648
5649
5650
5651
5652
5653
5654
5630
5655
5657
5381
5659
5660
5610
1669
5663
5664
5665
5666
5640
1675
5667
5645
5671
5672
1317
5636
1275
5674
1630
5678
5679
5680
5681
5682
5276
603
5684
5686
5687
5688
5689
5690
5691
5691
5025
5694
5695
5696
5697
5698
5699
5700
5701
5702
5703
5704
5705
5706
5707
5708
5599
1668
5711
5603
4569
1685
2241
2259
5717
5718
5431
2398
2399
5553
4844
5553
5541
5553
4846
4962
5724
5746
1687
5732
5733
5734
5735
5736
5737
5738
5739
5740
5741
5742
5743
5744
5745
4940
4941
4961
4961
5746
1515
5752
5753
5754
5755
5756
5757
5758
5759
5760
5761
5762
5763
5764
5765
5766
5767
5768
5769
5770
5771
5772
5773
5774
5775
5776
5777
5778
5779
5780
5781
5782
5783
5784
5785
5786
5787
5788
5789
5790
5791
5792
5793
5794
5795
5796
5797
5798
5799
5800
5801
5802
5803
5804
5805
5806
5807
5808
5809
5810
5811
5812
5813
5814
5815
5816
5817
5818
5819
5820
5821
5822
5823
5824
5825
5826
5827
5828
5829
5830
5831
5832
5833
5834
5835
5836
5837
5838
5839
5840
5841
5842
5843
5844
5845
5846
5847
5848
5849
5850
5851
5852
5853
5854
5855
5856
5857
5858
5859
5860
5861
5862
5863
5864
5865
5866
5867
5868
5869
5870
5871
5872
5873
5874
5875
5876
5877
5878
5879
4717
1597
5882
5883
5884
5885
5886
5887
5888
5889
5890
5891
5892
5893
5894
5895
5896
5897
5898
5899
5900
5901
5902
5903
5904
5905
5906
5907
5908
5909
5910
5911
5912
5913
5914
5915
5916
5917
5918
5919
5920
5921
5922
5923
5924
5925
5926
5927
5928
5929
5930
5931
5932
5933
5934
5935
5936
5937
5938
5939
5940
5941
5942
5943
5944
5945
5947
6135
1677
5674
2410
5951
5952
5952
5954
5956
5983
5024
5958
5959
5960
5961
5962
5963
5964
5965
5966
650
2496
2499
5951
5971
5972
5973
5974
5975
5976
5975
5978
5979
5980
2484
2489
651
2498
569
2270
5985
2462
631
5953
1768
5992
5993
5994
5995
5996
5997
5959
5998
1770
6001
6002
6003
1779
5998
6006
6007
5081
6009
6010
6011
6012
6013
6014
2460
5126
671
2455
5986
1588
5315
6022
6023
6024
6025
6026
6027
6028
6029
6030
6031
6032
6033
6034
6035
6036
6037
6038
6039
6040
6041
6042
6043
6044
6045
6046
6047
6048
6049
6050
6051
6052
6053
6054
6055
6056
6057
6058
6059
6060
6061
6062
6063
6064
6065
6066
6067
6068
6069
6070
6071
6072
6073
6074
6075
6076
6077
6078
6079
6080
6081
6082
6083
6084
6085
6086
6087
6088
6089
6090
6091
6092
6093
6094
6095
6096
6097
6098
6099
6100
6101
6102
6103
6104
6105
6106
6107
6108
6109
6110
6111
6112
6113
5625
5605
4865
558
6125
4892
4896
4896
6123
2247
2246
5560
5420
6127
6128
6129
6130
1464
6132
6133
6134
4408
4771
6137
6138
6139
327
4576
6142
6143
6144
6145
6146
4587
552
4875
4642
5184
6152
6153
5025
582
1915
2324
2592
582
377
4641
1891
6163
6164
6166
6170
6165
6168
6169
1873
2334
6167
6173
6174
6175
6176
6177
6178
6179
6180
6181
1533
2171
983
5546
6186
6187
6188
6189
6213
6191
3137
6229
6194
6195
6196
6197
6198
6199
6248
6201
6202
6203
6238
6231
4974
6217
2793
6209
4971
6211
3184
3192
991
6236
6235
6208
6239
6220
6184
6222
6268
6261
6277
6258
6227
6266
6228
6230
6251
6232
6253
1529
6255
6235
6236
6237
6238
6239
6240
6241
6242
6243
6244
6245
6246
6247
6248
6249
6250
6251
6252
6253
6254
6255
6256
6287
6258
6259
6264
6261
6278
6263
6264
6265
6266
6267
6268
6270
6253
6274
6273
6239
6235
6278
6276
6277
6278
6279
6280
6281
6282
6283
6284
6285
6287
6263
6288
3993
4977
5749
