47
353
1977
96
1972
38
148
3496
3498
1073
2925
126
161
51
13
71
82
63
65
131
887
884
1975
1824
2156
3018
386
168
3557
3557
1083
1078
2930
2949
137
157
146
147
41
1970
80
52
153
3014
1
91
44
1801
51
48
51
917
26
60
1073
17
79
61
62
62
64
125
125
66
63
0
2931
0
67
77
77
128
50
12
132
68
13
130
19
75
19
75
73
68
2935
2933
2936
2937
1977
2942
1823
1977
1823
1824
1821
94
2154
366
2154
100
922
922
1972
151
168
151
148
151
149
3557
3497
148
3496
3499
3498
3496
4129
4130
3479
4129
2922
879
2925
33
33
882
2932
3448
130
34
139
132
135
2920
53
136
145
36
37
140
144
1968
1971
386
1968
3
99
95
150
150
49
159
26
26
152
3498
164
14
69
3012
1968
46
88
35
15
70
3012
3014
154
166
166
258
172
173
174
175
320
334
326
288
291
4723
204
238
184
185
243
229
232
234
190
191
1436
266
194
195
196
1472
320
178
5319
5261
5881
1596
4747
205
330
207
208
329
210
224
4811
324
337
216
255
217
218
219
219
221
222
185
228
187
228
180
181
188
294
203
294
235
295
296
239
236
171
298
242
240
247
243
237
189
246
248
248
251
249
253
253
233
189
4734
256
4736
4733
259
260
544
262
263
264
265
194
267
268
269
270
271
272
273
319
319
4821
319
320
5319
327
284
5319
5263
179
287
1476
5262
289
293
1602
4717
4723
1432
4746
1435
4746
298
5212
299
300
301
302
303
180
304
306
332
308
309
310
311
312
2221
210
315
316
317
318
206
209
328
335
220
212
323
305
305
241
223
186
331
332
333
305
225
250
212
329
324
209
338
2690
3539
1783
345
346
347
348
1796
3436
148
884
89
887
84
356
357
1802
1985
1806
3201
148
1816
3034
3033
930
2998
3018
4377
4377
379
4378
445
4377
1845
4377
1164
4377
3742
846
3073
3062
3173
3173
168
386
387
388
389
390
391
392
393
394
395
396
397
398
399
400
401
402
403
404
405
406
407
408
409
410
411
412
413
414
415
416
417
418
419
420
155
116
423
1965
3900
3011
3037
428
972
952
1993
432
433
434
435
436
437
438
439
846
4377
3173
4377
971
3169
2020
447
448
449
450
451
452
453
454
455
456
457
458
459
460
461
462
463
464
465
466
467
468
469
470
471
472
473
474
3281
476
477
478
479
4250
481
482
483
484
485
486
487
488
489
490
491
492
493
494
495
2831
4381
2133
2782
832
2951
1959
503
2140
505
2141
2815
2776
509
2147
3819
1117
511
514
515
4376
4377
4498
2179
5299
521
522
523
524
2190
2192
4821
275
1436
191
256
192
533
534
2395
2198
2202
4987
322
2212
4831
4832
4789
193
196
6123
6123
4960
6124
622
6123
2246
5714
6123
6123
5501
4650
4861
4891
4960
4960
320
563
564
565
566
567
568
569
570
571
572
573
574
575
576
577
578
579
580
581
582
583
584
585
2320
2325
2329
589
5123
591
592
593
2343
595
596
597
598
599
600
5300
5259
603
5656
2382
606
4933
1499
2405
610
611
612
613
614
615
616
617
1400
4960
6123
6122
1393
4956
2434
625
626
627
628
629
630
631
632
633
634
635
636
637
2459
639
640
641
642
643
644
645
646
647
648
649
650
651
652
653
654
655
656
5072
658
659
660
6004
5039
663
664
665
666
2276
668
669
670
671
672
673
674
4631
2542
6127
4584
1388
5353
2377
682
683
2545
4616
2589
4617
2554
5575
689
1638
692
693
4596
6123
2581
2586
4576
4808
700
701
2596
3874
2598
705
706
707
708
709
710
711
712
713
714
715
716
2623
2621
3856
3870
721
722
723
724
725
726
727
728
2638
730
731
732
733
734
735
736
737
738
739
740
741
742
743
744
745
2666
3728
2670
750
758
342
751
344
753
749
757
787
2691
2728
760
3630
2693
763
2714
2699
2701
2715
3667
769
770
771
3658
3651
774
775
776
777
778
779
780
781
2753
2752
2730
2732
3662
788
2740
2742
3541
2744
792
793
2748
2750
2754
797
798
799
2760
3634
818
2768
2772
3792
3791
2773
2781
2779
826
825
3778
813
814
815
2789
3961
2795
3705
754
2841
1854
3388
835
2802
2804
827
512
3635
3637
3648
2771
938
3052
834
833
1102
822
3701
755
755
3701
3090
1846
2160
3742
756
756
3560
2858
851
852
853
854
855
856
3472
858
2877
860
3462
3438
863
864
865
3623
867
868
3722
2894
2910
872
2901
2871
2902
2905
2908
3473
2948
2948
32
3444
3444
912
3443
2994
890
3757
361
2994
103
149
3016
127
58
3498
3497
3557
3557
2959
3492
3483
903
2981
2973
2978
3035
3503
3038
1807
1069
1070
2992
159
159
916
917
2986
2978
907
1975
2156
1824
1083
925
926
927
928
3028
3036
3759
3029
3144
3173
3058
935
938
3419
3098
955
3096
951
3056
3061
3101
4375
4378
3144
3144
971
3145
3146
3116
4375
3114
3150
3149
3150
3173
3115
3114
756
3120
755
756
3057
3115
3101
3115
4375
3739
3146
4375
4375
4374
3171
2850
3149
3150
3101
3102
3146
372
1843
3181
3153
2795
2794
980
3739
2854
817
993
994
995
996
997
998
999
1000
1001
1002
1003
1004
1005
1006
1007
1008
1009
1010
1011
1012
1013
1014
1015
1016
1017
1018
1019
1020
1021
1022
1023
1024
1025
4237
1027
1028
1029
1030
1031
1032
1033
1034
1035
1036
1037
1038
1039
1040
1041
1042
1043
1044
1045
1046
1047
1048
1049
1050
1051
1052
1053
1054
1055
1056
1057
1058
1059
956
958
956
967
3410
1065
3433
3464
2949
3450
3451
1071
1072
123
3467
1075
3467
3474
2930
3480
1080
1083
119
1078
2964
3505
1086
1087
1088
1089
1090
1091
1092
1093
3985
1095
3542
1097
1098
1099
3567
3123
4371
3571
3068
3577
3845
3582
1108
3880
1110
1111
1112
3618
3620
3876
3805
3811
3814
4383
3663
3690
3837
3734
3671
3674
1126
1127
3838
3691
752
1131
3766
3737
3735
3752
3795
1849
3797
1139
1140
1141
1142
1143
1144
1145
1146
2792
1148
3853
1150
1151
3888
1153
1154
1155
1156
1157
1158
1159
1160
1161
1162
1163
819
3141
3172
1167
3741
1169
1170
1171
1172
1173
1174
1175
1176
1177
1178
1179
1180
1181
1182
1183
1184
1185
1186
1187
1188
1189
1190
1191
1192
1193
1194
1195
1196
1197
1198
1199
1200
1201
1202
1203
1204
1205
1206
1207
1208
1209
1210
1211
1212
1213
1214
1215
1216
1217
1218
1219
1220
1221
1222
1223
1224
1225
1226
1227
1228
1229
1230
1231
1232
1233
1234
1235
1236
1237
1238
1239
1240
1241
1242
1243
1244
1245
1246
1247
1248
1249
1250
1251
1252
1253
1254
1255
1256
1257
1258
1259
1260
1261
1262
1263
1264
1265
4245
1267
1268
1269
1270
1271
1272
1273
4410
4408
5630
1277
1278
1279
1280
1281
1282
1283
1284
1285
1286
1287
1288
4431
5625
5612
4433
1293
1294
1295
1296
1297
1298
1299
1300
1301
1302
1303
1304
1305
1306
1307
1308
1309
1310
1311
1312
1313
1314
5487
4475
4479
4541
4494
4497
4542
1323
2178
4491
4544
4535
1327
1328
4501
5391
4522
4521
4508
4510
5427
1336
1337
1338
5419
5412
1341
1342
1343
1344
1345
1346
4557
4540
5425
4549
4547
5305
1353
4551
4553
1356
1357
1358
1359
5395
4563
4596
4571
4575
5550
4579
5548
4581
1381
5535
1371
4590
1373
1374
5717
1322
5464
4594
4641
2253
4604
5163
1383
691
1637
5396
5408
4572
4630
4849
5335
1622
5462
5462
4492
4492
4889
2247
2564
5501
1401
4657
5323
1404
1405
1406
1407
1408
5224
5236
4677
5204
5203
4679
1415
1416
1417
5384
5482
1420
1421
1422
4708
1424
4702
4701
4671
4704
4710
2364
2361
5239
1593
5206
5206
1462
5207
2391
4802
2203
4794
1448
4752
204
293
287
178
5319
326
4760
4762
4763
1453
4782
1455
4776
1480
4778
4836
1460
5515
1589
1588
4791
1465
1467
209
4775
4787
4788
1471
1472
266
195
194
5261
1477
1478
4826
4833
1481
4841
4933
4960
4856
1485
4853
6119
1502
1500
4853
4858
6121
4900
6124
1512
4933
1512
4936
4935
4939
4909
4938
4939
4960
4909
4913
4492
4857
4909
6121
5462
4955
6121
4938
1513
6120
4650
4939
4900
4899
4936
4878
2244
4940
4966
4594
4595
4654
3749
1520
5498
1375
1534
1535
1536
1537
1538
1539
1540
1541
1542
1543
1544
1545
1546
1547
1548
1549
1550
1551
1552
1553
5049
5676
2456
1557
1558
1559
1560
1561
1562
1563
5991
1565
1566
1567
1568
1569
1570
1571
1572
1573
1574
1575
1576
1577
1578
1579
1580
1581
1582
1583
1584
5197
5201
4747
5215
5214
1590
1591
203
5230
1594
5237
1593
1596
5245
1599
5253
4713
5881
5265
5271
1605
1606
1607
1608
1609
1610
1611
1612
5742
5706
5304
1616
1617
1618
2369
5328
4917
6117
5331
5339
1491
5343
5599
1628
5636
5368
1631
5634
5379
5383
5632
5562
4574
5567
6129
5424
5448
5594
5493
5433
5432
1646
1647
1649
5451
1319
1651
5522
5496
5492
1655
2393
5560
556
2398
1660
1661
1662
1663
1664
1665
1666
1667
4597
1669
5610
1671
1672
5646
1674
1675
1676
5947
1678
1679
1680
1681
1682
1683
1684
1377
1512
1393
1688
5499
1690
1691
1692
1693
1694
1695
1696
1697
1698
1699
1700
1701
1702
1703
1704
1705
1706
1707
1708
1709
1710
1711
1712
1713
1714
1715
1716
1717
1718
1719
1720
1721
1722
1723
1724
1725
1726
1727
1728
1729
1730
1731
1732
1733
1734
1735
1736
1737
1738
1739
1740
1741
1742
1743
1744
1745
1746
1747
1748
1749
1750
1751
1752
1753
1754
1755
1756
1757
1758
1759
1760
1761
1762
1763
1764
1765
1766
1767
1768
1769
1770
1771
1772
1773
1774
1775
1776
1777
1778
6000
1780
343
2692
343
1782
1785
1786
1787
1788
1789
1790
1791
1794
350
3435
1795
1796
87
89
2936
84
87
1805
357
359
1805
358
1810
1809
1804
1803
151
150
159
151
148
3034
364
3034
3033
2997
2997
1824
888
2998
4377
4377
4377
4377
379
4378
4378
379
1849
4378
4378
4377
4378
4378
1164
1846
4377
4377
3956
4377
2851
2851
846
3172
839
3140
3064
3061
3140
950
4378
4378
4378
3173
1859
1860
1861
1859
1863
1864
1865
1866
1867
1868
1869
1870
1871
1872
1873
1874
1875
1876
1877
1878
1879
1880
1881
1882
1883
1884
1885
1886
1887
1888
1889
1890
1891
1892
1893
1894
1895
1896
1897
1898
1899
1900
1901
1902
1903
1904
1905
1906
1907
1908
1909
1910
1911
1909
1912
1914
1915
1917
1920
1918
1919
1920
1921
1922
1923
1924
1925
1926
1927
1928
1929
1931
1931
1932
1933
1934
1935
1936
1937
1938
1939
1940
1941
1942
1943
1944
1945
3475
3475
3474
1074
3467
1952
3536
1952
8
8
116
3496
156
901
1961
2962
114
1955
1967
423
1964
3917
1968
3743
1970
1971
426
3037
930
3757
3037
2942
888
2942
360
360
2994
360
1807
1986
1986
1987
3141
3142
3143
3171
1994
432
1994
1992
1996
1997
1998
1999
2000
2001
2002
2003
2004
2005
2006
2007
2008
2009
4377
4377
4377
3173
4377
4377
3172
3172
3169
1952
420
1953
2022
2023
2024
2025
2026
2027
2028
2029
2030
2031
2032
2033
2034
2035
2036
2037
2038
2039
2040
2041
2042
2043
2044
2045
2046
2047
2048
2049
2050
2051
2052
2053
2054
2055
2056
2057
2058
2059
2060
2061
2062
2063
2064
2065
2066
2067
2068
2069
2070
2071
2072
2073
2074
2075
2076
2077
2079
3928
2080
2081
2082
2083
2084
2085
2086
2087
2088
2089
2090
2091
2092
2093
2094
2095
2096
2097
2097
2099
2100
2101
2102
2103
2104
2105
2106
2107
2108
2109
2110
2111
2112
2113
2114
2115
2116
2117
2118
2119
2120
2121
2122
2123
2124
2125
2126
2127
496
2834
496
2835
499
499
2823
2825
2139
2136
2138
2139
857
4393
2815
4393
4393
2146
2584
506
2146
149
149
107
149
427
3019
366
2977
3636
3636
3636
3819
2161
2162
2163
2164
2165
2166
2167
2168
2791
2792
817
2791
3959
1847
517
3957
520
2180
520
4499
2181
2182
2183
2184
2184
2186
2187
2188
2188
1477
2191
2192
257
4736
256
255
192
2199
2199
535
534
536
2204
2201
2200
2205
319
319
209
319
322
542
2214
4832
542
2385
194
1458
5513
193
2221
699
315
2224
5502
6123
6123
6123
6123
556
6124
4960
2248
556
6123
6123
6124
6124
2247
6123
6124
6122
6122
6122
6123
4649
4648
4637
4649
1400
4929
4858
4888
6149
4861
4960
4960
4960
4960
2263
2260
565
2263
2264
2265
2266
2267
2268
2271
2270
5029
2272
2273
2274
2275
2276
2277
2278
2279
2280
2281
2282
2283
2284
2285
2286
2287
2288
2289
2290
2291
2292
2293
2294
2295
2296
2297
2298
2299
2300
2301
2302
2303
2304
2305
2306
2307
2308
2309
2310
2311
2312
2313
2314
2315
2316
2317
2318
2322
2319
2322
2322
2320
2320
2323
2330
588
590
2330
2331
5122
2331
2333
2334
2335
2336
2337
2338
2339
2277
667
2345
593
2342
2345
2346
2347
2348
5083
2350
2351
2352
2353
2354
2355
2356
2357
2358
2359
2360
1596
1596
1593
5240
2364
2368
2368
5298
1601
1600
4819
4714
5254
2375
2375
2376
2378
602
2380
5673
2379
603
4795
1457
4795
1461
4741
262
262
537
4802
4801
2203
537
2397
2396
2397
4931
1513
4934
4932
2402
2402
2404
611
2406
2407
2408
2409
2410
2411
2412
2413
2414
2415
2416
2417
2418
2419
1400
1400
1400
1400
6122
6123
6122
1400
6123
4649
1393
4959
2368
2366
601
2435
2436
2437
2438
2439
2440
2441
2442
2443
2444
2445
2446
2447
2448
2449
2450
2451
2452
2454
6157
2453
1557
638
2458
2321
2460
2461
2462
2463
2464
2465
2466
2467
2468
2469
5970
2471
2472
2473
2474
2475
2476
2477
2478
2479
2480
2481
2482
2483
2484
2485
2486
2487
2488
2489
2490
2494
2492
2493
5684
2495
2496
2497
2498
2499
2500
2501
2502
2503
2504
2505
2506
2507
2508
2509
2507
2511
2512
2513
2514
2515
2516
2517
2518
2519
2520
2521
2522
2523
2524
2525
2526
2527
2528
2280
2530
2531
2532
2533
2534
675
4632
675
4633
678
4625
2540
4587
2546
2543
1410
6137
2547
4617
687
6139
4614
2548
2549
685
4821
4821
284
1449
1458
270
4818
4789
5399
5575
5399
1638
2567
2568
2569
2570
4593
4593
1375
4597
2426
1685
2245
2250
2553
2553
686
2584
697
507
507
2813
6139
6139
6139
2590
2591
2592
2593
2594
2597
703
3899
425
2595
2600
2601
2602
2603
2604
2605
2606
2607
2608
2609
2610
2611
2612
2613
2614
2615
2616
2617
2618
2622
2619
719
3868
720
2624
2625
2626
2627
2628
2629
2630
2631
2632
2633
2637
2634
2636
2637
732
2639
2640
2641
2642
2647
735
2645
737
2647
2648
2649
2650
2651
2652
2653
2654
2655
2656
2657
2658
2659
2660
2661
2662
2663
2667
2664
747
3873
2669
4368
431
2668
2686
2689
2687
2688
2674
3738
1784
3670
2678
3685
2673
2685
3686
2736
2687
2690
342
758
2692
759
3989
2693
2694
2694
2697
2697
2702
764
2698
767
2712
2703
2704
2705
2706
3665
2708
2709
2710
2711
2713
3698
773
772
2716
2717
2718
2719
2720
2721
2722
2723
2724
2725
2727
2751
783
2726
782
2733
786
3727
2731
2738
2738
788
2739
2729
784
2743
446
3954
790
2741
2746
2747
2748
2746
2750
2754
729
2754
729
2755
2756
2757
2758
2759
2131
2128
2763
2134
3956
4377
4376
818
508
2768
2776
4395
805
3792
2773
805
805
2780
2777
810
2803
2817
806
2785
806
3779
2786
2787
2788
2789
2790
3704
2795
820
3704
3704
3088
2844
3089
440
2801
3386
824
2800
823
2805
2806
2807
3639
3635
3635
3640
3639
2814
3646
831
2813
825
2813
2818
3635
2158
3637
3768
3815
3767
3053
3055
936
2827
3054
837
3780
3573
2833
2832
755
755
755
3700
3701
2018
445
1845
3090
2157
2157
2160
1130
1130
3705
1130
2683
756
2683
2683
2857
3559
849
2856
2860
2861
2862
2863
2864
2865
2866
2867
2868
2870
2870
2871
2869
2859
2874
2875
2876
861
2879
2879
3440
2880
2882
2883
2884
2885
2886
2887
2888
2889
2890
3625
2892
2893
871
3614
2896
2897
2898
2899
2872
504
874
2900
2137
873
2904
3590
1960
3591
3592
2909
2917
3498
2918
58
2920
1076
1076
124
10
3475
2948
3473
33
3466
911
33
3466
3444
3466
21
3000
86
21
87
2946
89
2946
4385
890
912
889
3003
4385
3443
3509
3466
3466
1069
107
351
107
3016
149
3497
3557
148
2960
875
3462
2958
1079
902
3482
3483
2966
904
2968
2969
2970
2974
2971
3043
3747
1817
2978
3035
1817
1817
2980
915
2982
2983
2979
363
905
2975
2978
2978
3037
930
909
3777
1808
2993
361
3037
361
3441
3442
3441
1806
1810
1808
3007
916
52
2988
919
2977
918
152
159
153
151
151
920
922
930
3496
3496
3496
3023
3024
3025
3026
3027
762
3030
2696
2695
3031
763
763
364
3202
3036
3040
931
3758
1819
365
3030
3028
3142
3142
3173
3144
4378
4378
3055
935
3055
938
3417
3098
3056
955
3102
3098
3097
954
4374
3093
3057
3056
3057
939
3060
939
3057
3170
3091
957
3100
957
4374
4375
3171
4378
4377
4378
1846
3142
3142
3144
3142
3172
3142
971
3146
3145
3145
971
963
3148
3147
3117
3116
3149
3149
3149
3116
3150
4377
4377
4376
846
3114
3114
3116
3149
3115
3120
965
2683
3120
2683
755
2683
756
3057
935
935
3116
962
3114
3101
3114
3101
3115
3117
4375
3117
3101
3101
956
3147
972
3147
839
3741
3169
3739
3740
755
964
2683
2683
756
972
4375
972
4377
4377
4378
4377
4377
4377
4378
3173
963
3117
3147
964
3117
4375
755
3701
971
3146
1130
3742
3171
4375
952
3144
3117
3101
3102
3117
974
3163
973
3991
2791
2795
819
3118
3118
2854
3121
3163
961
3181
840
841
2837
818
2169
3202
3720
3203
3204
3205
3206
3207
3208
3209
3210
3211
3212
3213
3214
3215
3216
3217
3218
3219
3220
3221
3222
3223
3224
3225
3226
3227
3228
3229
3230
3231
3232
3233
3234
3235
3236
3238
3239
3239
3240
3241
3242
3243
3244
3245
3246
3249
3248
4251
3250
3251
3252
3253
3254
3255
3256
3257
3258
3259
3260
3261
3262
3263
3264
3265
3266
3267
3268
3269
3270
3271
3272
3273
3274
3275
3276
3277
3278
3279
3280
3281
1026
3283
4236
3285
3286
3287
3288
3289
3290
3291
2098
3293
3294
3295
3296
3297
3298
3299
3300
3301
3302
3303
3304
3305
3306
3307
3308
3309
3310
3311
3312
3313
3314
3315
3316
3317
3318
3319
3320
3321
3322
3323
3324
3325
3326
3327
3328
3329
3330
3331
3332
3333
3334
3335
3336
1914
3338
3339
3340
3341
3342
3343
3344
3345
3346
3347
3348
3349
3350
3351
3352
3353
3354
3355
3356
3357
3358
3359
3360
3361
3362
3363
3364
3365
3366
3367
3368
3369
3370
3371
3372
3373
3374
3375
3376
3377
3378
3379
3380
3381
3382
3383
2803
826
2826
2828
836
3389
3390
3391
3392
3393
3394
3395
3396
3397
3398
3399
3400
3401
3402
3403
3404
3405
3406
3407
3408
3101
956
3103
3101
3101
956
3101
3101
3127
3127
967
3100
3104
3055
938
3110
3412
960
3427
3428
3429
3430
3431
3432
3433
3434
3437
3437
3460
1067
3436
3463
3442
3449
1070
1069
2932
2949
3448
3441
3449
860
3451
3452
3453
3454
3455
3456
3457
3458
3459
3460
3461
3463
3463
3464
2961
3465
900
3468
3469
3470
3471
3472
1074
1074
3467
3474
33
33
124
2903
3480
873
3481
3484
3485
3486
3487
3488
2921
119
1947
902
3476
116
1947
4129
3498
3479
4130
3482
3500
2881
1085
3504
862
3439
3506
3508
2995
3510
3511
1995
3513
3514
3515
3516
3517
3518
3519
3520
3521
3522
3523
3524
3525
3526
3527
3528
3529
3530
3531
3532
3533
3534
3535
3537
4367
1095
1094
2749
795
794
3540
3544
3545
3546
3547
3548
3549
3550
3551
3552
3553
3554
3555
3489
3496
3499
3561
877
3501
1084
2635
3564
3568
3565
1096
3855
936
3067
834
3072
4372
4372
3570
3569
3071
3802
1101
3958
3953
3844
2796
3585
3593
3586
3587
3588
3589
1958
897
2950
2911
3594
3595
3596
3597
3598
3599
3600
3601
3602
3603
3604
3605
3606
3607
3608
3609
3610
3611
3612
3613
3615
3618
1113
893
3680
3621
1115
3879
3622
801
2762
3626
3632
3627
3628
2761
3632
3631
3804
2811
2809
1117
3812
3813
3637
3814
803
1119
4382
3659
3644
3645
3647
835
1103
3652
3649
1120
3661
3572
381
2798
1107
4380
1121
3583
2828
3664
1100
1122
3839
3666
4384
1123
2021
2021
344
2745
2745
3674
789
3675
3676
3677
3680
3678
385
3681
3682
3683
151
2735
2737
3688
3836
3687
1128
1125
3673
3694
1125
3695
3696
3697
3689
3699
2672
2676
2675
2677
2679
2680
3706
3707
3708
3709
3710
3711
3712
3713
3714
3715
3817
3716
1132
3818
3721
3721
761
3723
3724
3725
3726
3566
718
3729
3736
3731
2734
3732
785
746
3733
1134
1781
3700
2682
3702
3703
3744
4390
2890
3745
3746
2681
2684
3750
3751
927
3753
3754
3037
1807
3036
3758
1135
3760
3761
3762
3763
3764
3765
816
807
3769
2772
3770
3771
3026
3772
360
3773
3775
3776
1136
3793
1102
1851
4379
4378
1846
3173
1849
2018
3970
3972
1137
3578
3575
1104
3803
4370
3142
3143
3992
3048
3579
3800
3066
4370
2846
845
3806
3807
3808
3809
3810
2148
3811
510
510
2769
2771
3818
3819
3812
3820
3821
3822
3823
3824
3825
3826
3827
3828
3829
3830
3831
3832
3833
3834
3835
1124
3672
1129
791
3841
3543
3693
3845
3952
817
818
818
3848
3849
3850
3851
3849
1148
3852
3854
1149
3857
3858
3859
3860
3861
3862
3863
3864
3866
3875
3865
3869
3905
1152
3871
3872
2620
717
2665
702
3877
3878
2599
704
3881
3882
3883
3884
3885
3886
3887
3888
3889
3887
3891
3892
3893
3894
3895
3896
3897
3898
2671
748
3901
3902
3903
3904
3905
3906
3907
3908
3909
3910
3911
3912
3913
3914
3915
3916
3917
3920
1156
3920
3921
3922
3923
3924
3925
3926
3927
3928
3929
3930
3931
3932
3933
3934
3935
3936
3937
3938
3939
3940
3941
3942
3943
3944
3945
3946
3945
3948
3949
3950
3951
817
2791
3947
2791
2791
2793
4376
4377
2850
3962
3669
3668
3142
3144
3142
3173
3142
3144
3172
2851
3142
2848
3742
2840
3976
3977
3978
3979
3980
1167
3982
3983
2638
732
3984
3988
3988
3986
972
972
3144
971
839
3739
3996
3997
3998
3999
4000
4001
4002
4003
4004
4005
4006
4007
4008
4009
4010
4011
4012
4013
4014
4015
4016
4017
4018
4019
4020
4021
4022
4023
4024
4025
4026
4027
4028
4029
4030
4031
4032
4033
4034
4035
4036
4037
4038
4039
4040
4041
4042
4043
4044
4045
4046
4047
4048
4049
4050
4051
4052
4053
4054
4055
4056
4057
4058
4059
4060
4061
4062
4063
4064
4065
4066
4067
4068
4069
4070
4071
4072
4073
4074
4075
4076
4077
4078
4079
4080
4081
4082
4083
4084
4085
4086
4087
4088
4089
4090
4091
4092
4093
4094
4095
4096
4097
4098
4099
4100
4101
4102
4103
4104
4105
4106
4107
4108
4109
4110
4111
4112
4113
4114
4115
4116
4117
4118
4119
4120
4121
4122
4123
4124
4125
4126
4127
4128
880
879
4131
4132
4133
4134
4135
4136
4137
4138
4139
4140
4141
4142
4143
4144
4145
4146
4147
4148
4149
4150
4151
4152
4153
4154
4155
4156
4157
4158
4159
4160
4161
4162
4163
4164
4165
4166
4167
4168
4169
4170
4171
4172
4173
4174
4175
4176
4177
4178
4179
4180
4181
4182
4183
4184
4185
4186
4187
4188
4189
4190
4191
4192
4193
4194
4195
4196
4197
4196
4199
4200
4201
4202
4203
4204
4205
4206
4207
4208
4209
4210
4211
4212
4213
4214
4215
4216
4217
4218
4219
4220
4221
4222
4223
4224
4225
4226
4227
4228
4229
4230
4231
4232
4233
4234
4235
4203
1255
4238
4239
4240
4241
4242
4243
4209
1258
4244
4247
4248
4249
1266
4246
4252
4253
4254
4255
4256
4257
4258
4259
4260
4261
4262
4263
4264
4265
4266
3465
4268
4269
4270
4271
4272
4273
4274
4275
4276
4277
4278
4279
4280
4281
4282
4283
4284
4285
4286
4287
4288
4289
4290
4291
4292
4293
4294
4295
4296
4297
4298
4299
4300
4301
4302
4303
4304
4305
4306
4307
4308
4309
4310
4311
4312
4313
4314
4315
4316
4317
4318
4319
4320
4321
4322
4323
4324
4325
4326
4327
4328
4329
4330
4331
4332
4333
4334
4335
4336
4337
4338
4339
4340
4341
4342
4343
4344
4345
4346
4347
4348
4349
4350
4351
4352
4353
4354
4355
4356
4357
4358
4359
4360
4361
4362
4363
4364
4365
4366
4367
3890
4369
3060
3097
3092
3148
3148
964
2794
2794
819
942
3842
838
3653
2797
3650
3509
4386
4387
4388
1966
2972
4391
3022
3801
3496
2776
4396
4397
4398
4399
4400
2783
4378
3145
4378
3117
4409
4406
604
5655
1276
4411
4412
4413
4414
4415
4416
4417
4418
4419
4420
4421
4422
4423
4424
4425
4426
4427
4428
4429
4432
1290
5624
1291
4430
4435
4436
4437
4438
4439
4440
4441
4442
4443
4444
4445
4446
4447
4448
4449
4450
4451
4452
4453
4455
4455
4456
1307
4458
4459
4460
4461
4462
4463
4464
4465
4466
4467
4468
4469
4470
4471
4472
4474
5629
1315
4473
4480
4477
609
6114
4495
4495
4494
1325
4541
4496
4489
5430
518
4543
787
4491
4543
1325
4542
4498
4500
1326
5745
1326
4501
4502
4503
4505
4505
4507
4520
1332
4506
1331
4512
5426
1334
4514
4515
4516
4517
4518
4519
4523
1339
1340
5458
4524
4525
4526
4527
4528
4529
4530
4531
4532
4536
4533
1347
4555
4539
4537
5486
1349
788
2740
788
4534
4548
4545
1352
5711
624
4550
4551
4550
4553
4554
4556
4556
1301
4558
4559
4560
4561
4562
2536
2541
4564
677
6122
1378
6122
6123
698
4577
4576
4571
5550
1365
1365
5548
1624
5161
4615
4603
4580
5537
5537
1367
4585
4588
4589
4590
4591
4592
5465
5718
5463
1376
4594
4885
2421
5720
4642
4605
4602
1382
5162
4606
4607
4608
1637
5400
5401
5398
5396
4618
1381
4618
1387
5407
4614
4619
5399
5398
5399
5526
4586
5571
4849
4630
4851
4849
1392
4635
1392
5335
5536
1324
5462
1324
4492
1324
2430
4886
2246
622
2566
2564
2563
1650
1650
5464
1650
4492
4492
4492
4658
4655
1403
5321
4659
4660
4661
4662
4663
4664
4665
4666
4667
4669
5235
4668
1409
4672
1402
4674
4675
4678
1412
5202
1413
4676
4681
4682
4683
4684
4685
4686
5386
4688
4689
4690
4691
4692
4693
4694
4695
4696
4697
4698
4670
4699
1427
684
2544
683
4703
4709
4706
680
5351
681
4712
4716
1431
4711
1445
203
5239
2363
203
2363
2361
1593
6020
6020
296
1463
6020
5231
5206
298
4799
298
192
257
1438
4745
4745
1462
1441
6131
262
2390
6131
5207
5273
5231
1588
5231
2556
2557
2558
274
5319
4821
5319
284
4759
4757
5226
1426
4764
4761
1598
5264
4765
4766
4767
4768
4769
4770
4771
4772
4773
4777
4777
540
2215
4834
4779
4780
4804
4813
4784
4839
1456
4783
1455
4774
4778
4775
1459
4838
4792
2206
4834
4797
538
5208
5208
5205
537
4794
2203
4805
4805
4806
4786
1469
4788
1468
212
324
209
319
319
1470
273
1457
1446
4714
1446
4822
4823
4824
4825
1329
4828
4504
4503
4829
1328
5481
542
4835
4988
4837
4837
1481
2213
2213
541
4830
4932
4933
4960
4932
4960
4960
4850
5185
4850
1485
1502
4892
1502
1502
4853
4895
4890
6120
4854
1485
1485
4853
1487
4854
4857
1487
4957
4888
1504
6120
4910
1504
4938
4938
6124
2247
6124
6123
4932
4932
4933
4932
4959
1512
4959
4936
4936
4935
4936
1507
4911
1507
4935
4937
4939
4939
4939
4939
6122
1400
1400
4596
4909
4909
4939
4911
4913
4913
4492
4492
4492
4492
1485
1485
4852
4911
4909
4909
4909
4909
4910
4910
4938
4909
4909
4935
4935
4935
5498
5499
5498
1393
5500
1324
4492
1508
4492
4935
4935
6121
6123
6123
6123
6123
4960
4960
1507
4910
1508
4935
4910
6121
1324
5462
4955
4936
1650
5501
4935
4933
1499
6121
4910
4910
1504
1504
1515
5747
1514
4950
4593
1377
4594
4912
3749
4912
4950
4966
1506
1396
1395
4640
1378
2571
4988
5480
4989
4990
4991
4992
4993
4994
4995
4996
4997
4998
4999
5000
5001
5002
5003
5004
5005
5006
5007
5008
5009
5010
5011
5012
5013
5014
5015
5016
5017
5018
5019
5020
5021
5022
5023
5024
5025
5026
5027
5029
5030
5030
5031
5032
5033
5034
5035
5036
5037
5040
661
6005
5041
5042
5043
5044
5045
5048
5047
5949
1555
5052
5050
5052
5053
5054
5055
5056
5057
5058
5059
5060
5061
5062
5063
5064
5065
5066
5067
5068
5069
5070
5071
5072
5991
5990
5075
5076
5077
5078
5079
5080
5081
5082
2510
657
5085
5086
5087
5088
5089
5090
5091
5047
1554
5094
5095
5096
5097
5098
5099
5100
5101
5102
5103
5104
5105
5106
5107
5108
5109
5110
5111
5112
5113
5114
5115
5116
5117
5118
5119
5120
5121
2325
586
5124
5124
5126
2455
1556
5129
5130
5131
5132
5133
5134
5135
5136
5137
5138
5139
5140
5141
5142
5143
5144
5145
5146
5147
5148
5149
5150
5151
5152
5153
5154
5155
5156
5157
5158
5159
5160
4603
4628
4627
5164
5165
5166
5167
5168
5169
5170
5171
5172
5173
5174
5175
5176
5177
5178
4900
4900
4897
4909
4900
4909
4920
4897
4897
4850
4906
5180
5191
5192
5193
5194
5195
5196
1578
5195
5198
5199
1585
5200
1586
526
5208
1588
1589
5213
298
5212
204
5205
4680
5214
1414
5216
5217
5218
5219
5220
5221
5222
5151
1406
5223
5227
5228
5225
4758
1450
5229
5232
5233
5234
4662
1405
5247
5237
5230
5247
4746
4723
4746
4700
1425
5244
5246
5248
5249
5250
5251
5252
1430
2365
4713
5238
5258
1595
1595
5262
1602
4716
5260
4705
1428
5267
5270
5268
1604
2189
525
5272
4793
5274
5275
5276
5277
5278
5279
5280
5281
5282
5283
5284
5285
5286
5287
5288
5289
5290
5291
5292
5293
5294
5295
5296
5297
5301
1613
1614
6113
4552
5302
1355
1354
5306
5307
5308
5309
5310
5311
5312
5313
5314
5315
5316
5317
2373
5263
1476
5321
5322
1429
5324
5325
5327
5611
1615
5326
1486
1390
4863
4870
4859
6118
5332
1621
5559
1509
5330
5715
552
1668
5710
5345
5345
5347
5354
5349
5350
5352
2371
1442
4707
5355
5356
5357
5358
5359
5360
5361
5362
5363
5364
5365
5366
5370
1629
5367
5674
5371
5372
5633
5374
5377
5376
5378
4751
1443
5382
5380
5635
1635
1360
5392
5385
4565
5389
5406
5390
5392
5561
5393
4611
4612
1638
5570
5568
5569
5570
1363
5404
5402
5417
6128
5403
5409
1623
5163
5411
5422
1640
5410
5333
5333
559
5420
5342
1641
5601
4629
5423
5595
1642
1620
5428
1643
6130
2367
2179
2433
4546
1350
5433
1351
5436
5437
5438
5441
5440
5445
5442
5443
5444
4814
2737
5450
5593
5447
5592
1644
1644
5452
5434
5455
5456
5457
5449
5459
1321
4483
1318
4486
4487
4488
5466
5467
5468
5469
5470
5471
5472
5473
5474
5475
5573
5574
1652
5476
5481
5481
1330
5483
5484
5485
5329
1292
5488
5489
5495
4538
1316
1348
5491
5494
1654
2180
4493
5460
4490
5461
5502
5503
4688
5505
5506
4490
5508
5509
5510
5511
5512
4797
4797
538
5516
5517
5518
4620
5520
5521
1372
5523
4578
4579
5525
5527
5528
4824
5529
2394
5530
5533
5534
1657
6125
5549
2252
558
4960
4960
4960
2248
2430
4885
548
5728
5338
1625
5336
4865
6116
4932
4931
5748
607
5340
5557
4857
1487
4647
1399
5563
5479
5565
5566
2580
696
5567
696
4574
1364
5574
5575
5569
5576
5577
5578
5579
5580
5581
5582
5583
5584
5585
5586
5587
5588
5589
5590
5591
1645
5454
5435
1351
5597
5303
5453
1375
5709
1649
1378
4597
5604
5605
5606
5607
5608
5608
1669
5609
1670
5613
5614
5615
5616
5617
5618
5619
5620
5623
5621
5631
5626
1673
5661
5627
5628
4434
1289
4476
1274
5622
1634
4407
1275
5637
5638
5639
5640
5641
5642
5643
5644
5645
5646
5647
5657
5649
5650
5651
5652
5653
5654
4478
1317
5381
1630
5659
5660
5661
5662
5663
5664
5665
5666
5667
5668
5669
5670
5671
5672
5673
5675
6135
1677
5369
5678
5679
5680
5681
5682
5683
5684
5685
5686
5687
5688
5689
5690
5691
5692
5693
5694
5695
5696
5697
5698
5699
5700
5701
5704
5702
5704
5705
5706
5707
5708
1375
4593
5703
4593
4596
4593
4596
4650
5719
5431
5429
4959
1512
4932
4933
4959
4960
4959
4649
1512
4651
4637
5501
5732
5733
5734
5735
5736
1688
5738
5739
4446
5740
1302
5744
5744
5741
4935
4935
4936
4955
4636
5498
5752
5753
5754
5755
5756
5757
5758
5759
5760
5761
5762
5763
5764
5765
5766
5767
5768
5769
5770
5771
5772
5773
5774
5775
5776
5777
5778
5779
5780
5781
5782
5783
5784
5785
5786
5787
5788
5789
5790
5791
5792
5793
5794
5795
5796
5797
5798
5799
5800
5801
5802
5803
5804
5805
5806
5807
5808
5809
5810
5811
5812
5813
5814
5815
5816
5817
5818
5819
5820
5821
5822
5823
5824
5825
5826
5827
5828
5829
5830
5831
5832
5833
5834
5835
5836
5837
5838
5839
5840
5841
5842
5843
5844
5845
5846
5847
5848
5849
5850
5851
5852
5853
5854
5855
5856
5857
5858
5859
5860
5861
5862
5863
5864
5865
5866
5867
5868
5869
5870
5871
5872
5873
5874
5875
5876
5877
5878
5879
4717
1432
5882
5883
5884
5885
5886
5887
5888
5889
5890
5891
5892
5893
5894
5895
5896
5897
5898
5899
5900
5901
5902
5903
5904
5905
5906
5907
5908
5909
5910
5911
5912
5913
5914
5915
5916
5917
5918
5919
5920
5921
5922
5923
5924
5925
5926
5927
5928
5929
5930
5931
5932
5933
5934
5935
5936
5937
5938
5939
5940
5941
5942
5943
5944
5945
5946
5947
5948
5948
5950
5951
5952
5953
5954
5955
5956
5957
5958
5959
5960
5961
5962
5963
5964
5965
5966
5967
5968
5969
5970
5971
5972
5973
5974
5975
5976
5977
5978
5979
5980
5981
5982
5983
5984
5985
5986
5987
5988
5989
5953
1768
5992
5993
5994
5995
5996
5997
5959
5998
1770
6001
6001
6002
1779
5998
6006
6007
6008
6009
6010
6011
6012
6013
6014
6015
6016
6017
5051
6019
5231
6021
6022
6023
6024
6025
6026
6027
6028
6029
6030
6031
6032
6033
6034
6035
6036
6037
6038
6039
6040
6041
6042
6043
6044
6045
6046
6047
6048
6049
6050
6051
6052
6053
6054
6055
6056
6057
6058
6059
6060
6061
6062
6063
6064
6065
6066
6067
6068
6069
6070
6071
6072
6073
6074
6075
6076
6077
6078
6079
6080
6081
6082
6083
6084
6085
6086
6087
6088
6089
6090
6091
6092
6093
6094
6095
6096
6097
6098
6099
6100
6101
6102
6103
6104
6105
6106
6107
6108
6109
6110
6111
6112
6113
5644
6115
4854
4895
4891
4937
1508
1508
1376
4595
4651
4861
5598
4634
1380
4600
5413
5273
6132
6133
6134
2381
6136
6137
2557
5558
4714
4576
6142
6143
6144
6145
6146
1370
6124
4935
4960
4910
6152
6153
6154
6155
6156
586
6158
6159
4377
1400
6162
6163
6164
6165
6166
6167
6168
6169
6170
6171
6172
6173
6174
6175
6176
6177
6178
6179
6180
6181
1375
817
1843
2244
6186
6187
6188
6189
6190
6191
3749
6193
6194
6195
3790
6204
6198
5546
6200
6201
6202
6203
6238
6205
4595
6207
2794
6210
4970
6212
3185
3749
3740
3196
3192
6217
6239
6219
6220
6221
6222
6223
6224
6225
6226
6227
6228
6229
6230
6231
5750
5500
4982
962
3196
6237
6238
3994
6240
3973
6242
6243
6244
6245
6246
6247
6248
6249
6250
5729
6252
5730
6254
4982
6256
6257
6258
6259
6260
6261
6262
6263
6264
6265
6266
6267
6268
6233
6291
6213
6272
6289
6271
6275
6276
6277
6278
6279
6280
6281
6282
6283
6284
6285
6286
6286
6288
6272
6192
6269
