46
95
100
102
368
5
6
7
8
9
10
11
12
13
14
15
16
17
18
19
92
47
2155
922
3018
368
26
104
106
108
30
31
3479
1068
34
35
36
136
38
39
40
49
154
168
37
25
37
45
50
14
50
51
48
53
54
55
56
57
58
59
60
61
62
63
64
65
66
161
68
69
70
71
72
73
74
75
76
77
78
79
80
81
82
83
45
46
1
2
96
97
24
100
3018
2155
3018
100
3018
3018
368
368
368
368
368
107
5
103
6
107
106
108
111
111
112
113
114
115
116
117
118
119
4129
4130
3479
3477
3478
125
126
3447
128
129
130
131
132
133
134
137
36
137
135
139
140
144
144
26
1971
4
102
99
148
149
150
150
52
152
41
155
156
157
158
159
160
138
25
163
164
165
159
166
38
38
169
217
264
269
4817
272
320
274
178
179
180
230
236
303
2224
222
240
251
254
237
301
261
216
1474
1474
4817
545
197
320
276
276
201
289
292
297
310
330
2221
318
329
1472
211
219
324
337
317
218
208
316
219
219
2224
184
222
225
250
187
224
229
252
188
228
234
189
236
182
238
183
307
238
242
185
248
242
246
246
302
184
299
243
249
190
253
245
245
218
173
172
215
270
267
1474
270
4817
271
4817
1474
4817
272
545
4817
545
545
545
275
319
177
275
320
276
177
280
276
284
284
285
283
287
304
289
290
231
292
293
294
239
296
171
258
300
300
205
205
308
304
305
207
306
311
318
311
2221
312
2223
197
312
2222
268
2222
319
209
328
322
220
212
323
327
334
241
223
186
2223
306
174
334
335
250
212
329
324
209
338
1782
3539
1783
345
346
347
348
3775
3439
2957
47
94
92
46
356
2883
1810
1802
2998
3035
6
3042
1818
365
2154
2153
368
3785
3785
3796
1833
3072
3786
2844
3786
2796
3785
3141
371
1851
3070
3046
3046
104
26
2081
1861
389
390
391
1910
393
394
395
396
397
398
399
400
401
402
403
404
3257
1913
3258
408
1922
410
411
412
413
414
415
416
417
418
419
3538
1958
3490
1967
424
2597
1972
919
1986
3153
3078
431
432
433
434
435
436
437
438
439
3046
3785
3046
1832
3091
3170
2020
447
448
449
450
451
452
453
454
455
456
457
458
459
2046
461
462
463
464
465
466
467
468
469
470
471
472
473
474
475
476
477
478
479
480
481
482
483
484
485
486
487
488
489
490
491
492
493
494
495
2783
2128
500
804
3639
501
502
2969
2137
3559
2584
2586
2143
509
2145
511
3636
2160
514
515
3783
3788
2180
520
5299
521
522
2186
524
5530
526
2558
277
216
261
2388
217
533
4685
2198
4987
538
4835
274
2213
4829
4832
4788
4790
545
1658
1658
4846
4644
4869
5543
4642
4598
5543
5541
4932
548
4868
2252
4846
4846
320
5048
2262
2492
566
567
568
569
2322
571
572
573
574
575
576
577
578
579
580
581
582
583
584
585
2323
5047
588
589
2331
591
592
593
594
595
596
597
598
599
600
5300
5255
2380
4409
2381
2397
4941
4875
4480
2404
5644
612
613
614
615
616
617
4843
4843
548
2234
4934
4889
601
625
626
627
628
629
630
631
632
633
634
635
636
637
2459
639
640
641
642
643
644
645
646
647
648
649
650
651
652
2272
654
655
656
657
658
659
660
661
662
663
664
665
666
667
668
669
670
671
672
673
674
4587
679
2535
5526
5400
680
681
682
683
684
685
2549
2551
688
5575
2564
1638
692
693
5540
5545
2579
697
6139
2222
700
701
2665
2667
2599
705
706
707
708
709
710
711
712
713
714
715
716
2620
718
3855
2622
721
722
723
724
725
726
727
728
2638
2636
731
732
733
734
735
736
737
738
739
740
741
742
743
744
745
2734
2733
2671
2736
758
342
751
344
753
749
757
787
2691
2728
760
2694
762
763
2702
2700
3629
3644
2707
769
770
771
3643
2713
774
775
776
777
778
779
780
781
2751
3984
2730
3650
3652
788
2740
446
3541
2744
792
793
794
2750
2754
797
798
799
2763
3632
3083
2147
2770
3801
2773
2775
808
809
810
811
2774
3377
814
815
816
817
6208
2849
3704
822
3573
823
824
825
3385
827
2821
2159
3637
2814
2769
2830
2826
3387
3388
3780
837
2836
2854
755
3739
1853
2841
2847
2851
3749
756
849
850
2875
852
853
854
855
856
2136
858
859
860
861
862
863
2885
865
3625
867
3708
869
870
871
872
2905
874
875
3561
877
881
32
3479
31
1068
3446
1800
352
1977
1798
366
2997
2942
2950
2955
893
11
118
114
111
108
106
900
422
3476
386
385
905
2985
2988
2995
1808
1974
883
2941
1982
150
150
1970
51
918
2987
3017
2155
3018
922
30
3024
3761
3753
3026
929
2975
3038
932
3153
3796
3051
2827
833
937
3057
3418
3074
3062
3122
3069
3130
3134
3786
3153
3138
4403
4373
4375
3101
3132
3127
3150
3116
956
1137
6235
3110
965
3120
3118
3121
3569
967
3130
4920
3166
3168
3145
3163
3163
3180
3176
3966
3109
3113
3110
3179
3162
3790
983
3195
3184
3187
3974
3425
3197
3191
2169
993
994
995
996
997
998
999
1000
1001
1002
1003
1004
1005
1006
1007
1008
1009
1010
1011
1012
1013
1014
1015
1016
1017
3607
1019
2042
1021
1022
1023
1024
1025
1026
1027
1028
1029
1030
1031
1032
1033
1034
1035
1036
1037
1038
1039
1040
1041
1042
1043
1044
1045
1046
3393
3395
3379
3382
1051
1052
1053
1054
1055
1056
3404
3406
1057
6235
1061
1062
1063
1064
1065
1066
1067
1068
911
912
1071
1072
10
1076
1075
2922
878
3479
2964
1080
3497
3497
31
1960
3503
1086
1087
1088
1089
1090
1091
1092
1093
3985
3949
1096
1097
1098
1099
1100
835
3795
3647
3577
3579
2799
821
1108
1109
1110
1111
1112
1113
1114
3866
1116
3811
3813
4382
3689
3657
1122
3666
1124
3674
3682
1127
3843
3845
3702
3712
1132
3730
3733
3751
3793
3797
3799
1139
1140
1141
1142
1143
1144
1145
1146
1839
1148
3854
1150
1151
3869
1153
1154
1155
3920
1157
1158
1159
1160
1161
1162
1163
2017
3990
3992
1167
3995
1169
1170
1171
1172
1173
1174
1175
1176
1177
1178
1179
1180
1181
1182
1183
1184
1185
1186
1187
1188
1189
1190
1191
1192
1193
1194
1195
1196
1197
1198
1199
1200
1201
1202
1203
1204
1205
1206
1207
1208
1209
1210
1211
1212
1213
1214
1215
1216
1217
1218
1219
1220
1221
1222
1223
1224
1225
1226
1227
1228
1229
1230
1231
1232
1233
1234
1235
1236
1237
1238
1239
1240
1241
1242
1243
1244
1245
1246
1247
1248
1249
1250
1251
1252
1253
1254
1255
1256
1257
1258
1259
1260
1261
1262
1263
1264
1265
1266
1267
1268
1269
1270
1271
1272
1273
4476
4407
4474
1277
1278
1279
1280
1281
1282
1283
1284
5606
1286
1287
1288
4434
4432
5327
5487
1293
1294
1295
1296
1297
1298
1299
1300
1301
1302
1303
1304
1305
1306
1307
1308
1309
1310
1311
1312
1313
1314
4537
5491
4478
4495
4496
518
1325
5430
519
1318
4500
4535
1327
1328
1329
4505
4507
5403
5389
4509
4512
5457
1337
1338
5404
4523
1341
1342
5194
4529
4531
5297
4555
6130
5410
624
4547
5305
1353
1354
4552
4554
1357
1358
1359
5392
4564
1398
4571
4573
5558
4575
4579
1368
1369
4584
5158
1372
1373
1374
1375
5465
1377
6206
4601
5335
1381
1382
1383
4623
5398
2566
4618
1363
5162
4627
4634
5536
4638
1650
1324
5500
2254
4641
4646
4649
1401
1402
1403
1404
1405
5151
1407
1408
1409
1410
5214
4677
5203
1414
1415
1416
4683
5386
4828
5467
1421
1422
1423
1424
4705
4701
1427
5322
1429
202
289
5242
4717
5210
297
2193
2193
4741
1656
1480
2392
4751
1443
239
180
326
276
276
177
1450
602
1595
4766
1454
1482
4839
4776
4775
2202
4793
4778
4737
5209
4801
1472
209
209
4784
1455
4785
1472
197
1474
4817
1474
201
4824
5510
4826
540
4836
4842
5746
4846
4849
4630
4857
4871
5186
4861
4915
4866
6151
1510
5543
4928
4930
6149
1499
1500
1504
1502
4924
1507
1658
4927
1508
4914
5330
1510
4924
1512
1513
4950
4950
4963
4967
5722
4908
4927
4968
4949
5546
1523
4971
4980
4974
5731
1529
1530
1531
4983
2571
1534
1535
1536
1537
1538
1539
1540
1541
1542
1543
1544
1545
1546
1547
1548
1549
1550
1551
1552
1553
1554
5370
1556
2457
1558
1559
1560
1561
1562
1563
1564
1565
1566
1567
1568
1569
1570
1571
1572
1573
1574
1575
1576
5148
5196
1579
5168
1581
1582
1417
1584
1585
1586
297
5212
4743
1590
1591
230
1596
1594
1431
1432
292
4764
1599
5263
5263
289
2376
5534
5277
1606
1607
1608
1609
1610
1611
1612
5742
5706
1615
1616
1617
1618
1448
1620
5331
5552
5409
5337
5339
5342
5341
1628
1629
1630
1631
1632
1633
1634
5623
1636
5568
5567
6128
5449
5420
1642
5426
1350
1645
5444
1647
6126
5599
1319
1651
1652
5490
5494
5516
4789
5549
5554
5556
1660
1661
1662
1663
5586
1665
1666
1667
2240
5607
5609
1671
1672
5626
5662
5639
1676
5675
1678
1679
1680
1681
1682
1683
1684
2249
5746
5748
1688
5751
1690
1691
1692
1693
1694
1695
1696
1697
1698
1699
1700
1701
1702
1703
1704
1705
1706
1707
1708
1709
1710
1711
1712
1713
1714
1715
1716
1717
1718
1719
1720
1721
1722
1723
1724
1725
1726
1727
1728
1729
1730
1731
1732
1733
1734
1735
1736
1737
1738
1739
1740
1741
1742
1743
1744
1745
1746
1747
1748
1749
1750
1751
1752
1753
1754
1755
1756
1757
1758
1759
1760
1761
1762
1763
1764
1765
1766
1767
1768
1769
1770
1771
1772
1773
1774
1775
1776
1777
1778
1779
1780
343
2692
343
1781
1786
1786
1787
1788
1789
1790
1791
1793
3506
1794
1795
3773
45
95
1
46
45
1803
3201
1803
357
1807
3037
360
1806
361
107
107
150
107
6
1819
1819
365
3043
922
922
2155
2155
2154
3785
3785
3784
3785
3046
1137
1137
373
1989
3786
3786
3785
2842
2842
375
2798
3784
3784
3784
3784
3090
2018
3045
950
3143
1852
382
3068
944
1851
1137
3785
1137
3046
1860
4195
387
1860
1863
1864
1865
1866
1867
1870
392
3238
1871
1872
1873
1874
1875
1876
1877
1878
1879
1880
1881
1882
1883
1884
1885
1886
1887
1888
1889
1890
1891
1892
1893
1894
1895
1896
1897
1898
1899
1900
1901
1902
1903
1904
1905
1906
1907
1908
1912
405
1909
1912
1915
1914
3255
1917
1920
1916
1919
1921
3304
1922
1923
1924
1925
1926
1927
1928
1929
1930
1931
1932
1933
1934
1935
1936
1937
1938
1939
1940
1941
1942
1943
1944
1945
2921
2918
881
1947
880
1952
3536
1952
3557
4394
1081
3557
2955
1959
1960
901
1955
1963
425
1964
425
425
1971
1968
39
144
1972
2156
920
2156
3019
24
24
97
1975
367
2942
888
1973
357
357
1985
3048
933
3048
3151
1992
1993
1994
1992
1996
1997
1998
1999
2000
2001
2002
2003
2004
2005
2006
2007
2008
2009
3785
3785
3785
3046
3785
3785
3965
3965
3094
1952
420
1953
2022
2023
2024
2025
2026
2027
2028
2029
2030
2031
2032
2033
2034
2035
2036
2037
2038
2039
2041
6156
460
2043
2044
1911
406
2045
2048
2049
2050
2051
2052
2053
2054
2055
2056
2057
2058
2059
2060
2061
2062
2063
2064
2065
2066
2067
2068
2069
2070
2071
2072
2073
2074
2075
2076
2077
2078
2079
2078
2081
2082
2083
2084
2085
2086
2087
2088
2089
2090
2091
2092
2093
2094
2095
2096
2097
2098
2099
2100
2101
2102
2103
2104
2105
2106
2107
2108
2109
2110
2111
2112
2113
2114
2115
2116
2117
2118
2119
2120
2121
2122
2123
2124
2125
2126
2127
2133
2835
2132
2135
832
2825
2808
3816
505
505
851
4391
2136
2142
2585
507
2141
2146
2582
2145
2148
2955
111
2954
897
922
3017
3018
2154
511
3636
511
511
2161
2162
2163
2164
2165
2166
2167
2168
3107
1841
2172
977
3788
3788
3790
2174
520
2180
520
4499
2184
2182
2181
2185
2186
5436
2187
2189
5270
5529
2190
2192
218
172
264
218
215
534
534
2201
4988
2204
538
4987
2204
2204
319
4815
209
319
274
2214
541
4831
2214
1474
1474
1474
4788
2561
2223
2222
312
1472
2221
5541
1658
1658
5542
550
4644
1658
2400
550
5543
5543
5543
4644
4600
552
4644
5542
5542
5542
1658
2430
622
4931
4886
5720
2255
558
2251
1492
4865
1658
4846
1658
1658
2263
2263
565
5946
2264
2265
2266
2267
2268
5028
2270
5028
570
2273
2274
2275
2276
2277
2278
2279
2280
2281
2282
2283
2284
2285
2286
2287
2288
2289
2290
2291
2292
2293
2294
2295
2296
2297
2298
2299
2300
2301
2302
2303
2304
2305
2306
2307
2308
2309
2310
2311
2312
2313
2314
2315
2316
2317
2318
2320
2320
2319
563
2324
5046
2325
2329
2327
2326
2330
2332
2331
2332
2333
2334
2335
2336
2337
2338
2339
2340
2341
2342
2343
2344
2345
2346
2347
2348
2349
2350
2351
2352
2353
2354
2355
2356
2357
2358
2359
2360
4718
4718
1432
4718
1431
2368
2368
5298
4819
4820
1447
4821
5263
2374
2375
2376
5352
2369
604
604
604
2379
4788
4775
4775
4790
2561
1470
270
4796
1656
5513
4778
4797
534
2199
534
4844
4940
607
1483
2405
2405
611
6114
2406
2407
2408
2409
2410
2411
5670
2413
2414
2415
2416
2417
2418
2419
548
4843
1658
548
548
2234
548
548
2234
1498
4957
5721
2368
2366
601
2435
2436
2437
2438
2439
2440
2441
2442
2443
2444
2445
2446
2447
2448
2449
2450
2451
2452
2454
6157
2455
2456
638
2321
586
2458
2461
2462
2463
2464
2465
2466
2467
2468
2469
2470
2471
2472
2473
2474
2475
2476
2477
2478
2479
2480
2481
2482
2483
2484
2485
2486
2487
2488
2489
2490
2491
2492
2491
2494
2495
2496
2497
2498
2499
2500
2501
2502
2503
2504
2505
2506
2507
2508
2509
2510
2511
2512
2513
2514
2515
2516
2517
2518
2519
2520
2521
2522
2523
2524
2525
2526
2527
2528
2529
2530
2531
2532
2533
2534
2542
2540
2539
4632
1388
1388
4611
4625
2546
683
2545
6137
2547
2551
685
2548
4619
2552
2552
2554
177
177
177
4749
1474
4817
4817
4785
689
689
5399
5399
2567
2568
2569
2570
4904
2420
2572
2242
5545
2578
5546
5545
2553
2580
2579
2582
2583
2584
2586
2586
2550
2587
4617
2590
2591
2592
2593
2594
2596
2664
703
2595
702
2600
2601
2602
2603
2604
2605
2606
2607
2608
2609
2610
2611
2612
2613
2614
2615
2616
2617
2618
2621
718
3568
3856
2619
2624
2625
2626
2627
2628
2629
2630
2631
2632
2633
2637
2634
2636
2637
732
2639
2640
2641
2642
2643
2644
2645
2646
2647
2648
2649
2650
2651
2652
2653
2654
2655
2656
2657
2658
2659
2660
2661
730
2663
2666
746
2731
747
2623
720
2668
717
2686
2735
2687
2688
2674
3738
1784
3670
2678
3685
3685
2685
4543
787
2687
2690
342
758
2692
759
3989
2693
760
2695
2696
2697
2701
2698
766
3645
767
2706
2703
2705
2706
765
2708
2709
2710
2711
2715
772
2712
3641
2716
2717
2718
2719
2720
2721
2722
779
2724
2725
2727
2751
783
2726
782
2732
3649
786
785
2738
2738
788
2739
2729
784
3954
2020
3954
790
2743
2746
2747
2748
2749
792
729
2638
2754
729
2755
2756
2757
2758
2759
2134
498
801
3634
375
375
2843
375
2147
2147
2144
2768
2776
805
2772
2776
4393
2777
2778
2779
2780
2781
807
3769
3769
2774
2790
813
2788
2789
3764
2791
818
2850
2794
2795
3572
3573
3572
2798
2800
2801
2802
3384
2804
2805
2806
2807
2822
2159
512
1118
2822
2816
2814
2813
2818
811
2818
2819
2158
2157
3635
3815
3814
2771
2829
2826
2829
3386
836
3778
3779
3780
2832
2782
3740
841
3748
3701
2839
381
843
2844
381
513
845
2160
842
3741
2848
839
3748
3749
2683
3749
2856
2857
2858
2859
2860
2861
2862
2863
2864
2865
2866
2867
2868
2869
2870
2871
504
2873
2874
2875
2876
2877
2878
2879
2880
2881
2886
2883
2882
865
2886
2890
866
2889
3745
3722
2892
2893
2894
2895
2896
2897
2898
2899
2901
2904
2902
873
2906
876
3559
2907
2908
2909
2910
2911
116
3497
3496
118
116
120
121
122
120
2918
32
881
123
3477
3446
62
124
1068
3478
3445
3445
44
66
45
1797
1798
87
20
1977
352
1823
1823
2936
352
2938
2925
2925
883
2950
2951
899
2953
106
111
108
6
2958
2959
2960
2961
1961
3492
1084
2962
2966
2967
3014
903
2970
2971
2972
2973
2974
2979
906
2976
2979
3041
3014
3013
49
386
2985
2985
2986
2984
2984
906
2988
2988
2994
2992
1980
913
907
2991
2977
2932
2932
3447
3756
2996
2943
49
1970
49
3017
3017
3017
1972
49
151
154
107
103
3018
368
2154
3022
3557
115
3025
926
3760
927
3023
3028
3029
3030
3031
3032
3033
3034
363
1817
2978
358
909
1804
3041
3042
3043
3044
933
933
3796
3153
1137
1137
3053
3422
2827
3423
3051
3058
3052
3055
3075
3059
941
939
3077
3063
936
3065
3124
966
3071
966
3123
1991
942
945
3416
968
3076
3152
3152
2842
3786
2842
2841
933
933
3151
933
949
949
3092
3093
951
4374
952
3099
3102
3095
3129
3103
962
3150
3114
956
962
3785
3785
934
1137
960
960
3110
3113
6235
3150
965
965
3149
848
2852
3121
848
834
2828
2827
3104
3104
967
967
3128
969
4920
968
3134
968
3137
3135
3137
970
970
3133
3144
971
972
3146
964
3119
3148
3120
3121
3121
3167
3166
6236
3786
1832
3786
3785
3785
934
3785
3046
3111
961
3162
3111
3136
3166
840
2837
3171
3147
3169
3172
6236
3178
975
3174
3179
3409
981
961
3183
3193
985
3182
3108
988
3971
3192
3189
1530
3192
3194
3424
989
3190
991
3196
517
2176
3036
3202
3203
3204
3205
3206
3207
3208
3209
3210
3211
3212
3213
3214
3215
3216
3217
3218
3219
3220
3221
3222
3223
3224
3225
3226
3227
3228
3229
3230
3231
3232
3233
3234
3235
3236
3238
3238
1862
3240
3241
3242
3243
3244
3245
3246
3247
3248
3249
3250
3251
3252
3253
3254
3256
3606
1018
1017
3259
3260
3261
3262
3263
3264
3265
3266
3267
3268
3269
3270
3271
3272
3273
3274
3275
3276
3277
3278
3279
3280
3281
3282
3283
3284
3285
3286
3287
3288
3289
3290
3291
3292
3293
3294
3295
3296
3297
3298
3299
3300
3301
3302
3303
3304
3305
3306
3307
3308
3309
3310
3311
3312
3313
3314
3315
3316
3317
3318
3319
3320
3321
3322
3323
3324
3325
3326
3327
3328
3329
3332
3332
2080
3333
3334
3335
3336
407
3337
2047
3340
3341
3342
3343
3344
3345
3346
3347
3348
3349
3350
3351
3352
3353
3354
3355
3356
3357
3358
3359
3360
3361
3362
3363
3364
3365
3366
3367
3368
3371
3370
3371
3372
3373
3374
3375
3378
1047
3392
1048
3376
3380
1049
3381
2780
810
3386
3387
3388
3389
3390
3391
3394
797
3394
1051
3396
3397
3398
3399
3400
3402
3402
3401
1056
3403
864
3403
5174
3409
6235
3409
6235
3137
3137
3135
3413
3417
3420
938
3416
1062
2827
833
3424
3425
3426
3427
3428
3429
3430
3431
3432
3433
3434
3435
3436
3437
3438
3439
3440
3001
3000
885
882
126
125
3447
3447
3442
1069
1070
3452
3453
3454
3455
3456
3457
3458
3459
3460
3461
3462
3463
3464
3466
2948
1074
3468
3469
3470
3471
3472
1946
3473
1950
1948
123
3478
122
3482
1079
3500
3474
3484
3485
3486
3487
3488
3496
3497
2914
3495
3489
1956
2914
116
114
118
117
3501
3562
3504
908
3504
3502
3505
1085
3509
2944
3510
925
3512
3513
3514
3515
3516
3517
3518
3519
3520
3521
3522
3523
3524
3525
3526
3527
3528
3529
3530
3531
3532
3533
3534
3535
3537
4367
1095
1094
3540
795
3542
3543
3544
3545
3546
3547
3548
3549
3550
3551
3552
3553
3554
3555
1955
112
113
3559
3560
3561
3562
2635
3563
3565
3566
3567
3568
835
2828
835
3574
1102
4379
3576
3660
1101
3575
1103
821
2799
3583
2797
3584
3585
3586
3587
3588
3589
3590
899
3592
3593
3594
3595
3596
3597
3598
3599
3600
3601
3602
3603
3604
3605
3609
1109
3608
3609
3610
3611
3612
3613
3614
3615
3616
3617
3618
3619
3620
3621
3622
3626
3623
761
3630
3624
3628
800
3631
3631
1116
828
3804
1117
3812
3813
1117
3637
3814
3642
4381
1119
497
2761
2802
824
3646
3651
773
3698
1120
3781
3781
3654
3659
1107
3656
4383
3387
3661
3662
3687
3664
2699
764
3665
1953
2021
1783
2745
791
3671
2742
3675
3676
3677
3678
3679
3680
3681
3682
3683
3016
2737
2737
3690
3688
1121
4380
3691
3692
3952
3694
3697
3696
3706
3658
3699
2672
2676
2675
2680
754
3703
3707
3711
1131
3709
3710
2970
503
3713
3714
3715
3716
3717
3718
3719
3720
3721
2695
3723
3724
3725
3726
3727
3728
3729
768
3731
3734
1123
4384
3732
3667
3736
1781
3701
2682
1130
3705
1968
1968
3746
3747
3747
2681
2684
3754
428
3750
1058
3771
2991
1824
930
359
3758
3405
3408
3762
3763
3765
3770
3766
804
2768
4395
3770
2884
3752
1135
367
3776
3777
2993
3779
3791
1136
3782
3794
1137
1137
3796
843
4372
3789
3798
1138
3792
3800
1105
3578
1104
3177
976
3185
986
3648
831
3570
3802
3805
3805
3806
3807
3808
3809
3810
3811
3812
2148
510
510
2769
3817
3818
3819
3820
3821
3822
3823
3824
3825
3826
3827
3828
3829
3830
3831
3832
3833
3834
3835
3836
3837
3842
3839
3840
3543
3581
3582
377
3847
1840
1838
3848
3849
3850
3851
3852
3853
3854
3855
3855
3857
3858
3859
3860
3861
3862
3863
3864
3737
1134
3867
3856
1149
3868
3871
3872
3728
3873
3735
3875
3877
3878
3876
3879
3881
3882
3883
3884
3885
3886
3887
3888
3889
1152
3891
3892
3893
3894
3895
3896
3897
3898
3874
3899
3901
3902
3903
3904
3905
3906
3907
3908
3909
3910
3911
3912
3913
3914
3915
3916
3900
3880
3918
704
3921
3922
3923
3924
3925
3926
3927
3928
3929
3930
3931
3932
3933
3934
3935
3936
3937
3938
3939
3940
3941
3942
3943
3944
3946
3948
3945
3944
1162
3950
3951
3955
3958
3947
2011
4378
1830
3047
3047
3089
3962
3669
3668
3048
3140
933
3796
3796
3153
3796
1165
3991
3975
1168
3994
3976
3977
3978
3979
3980
3981
3982
3983
2638
732
3984
3987
3988
3986
3167
974
974
3164
3198
990
3996
3997
3998
3999
4000
4001
4002
4003
4004
4005
4006
4007
4008
4009
4010
4011
4012
4013
4014
4015
4016
4017
4018
4019
4020
4021
4022
4023
4024
4025
4026
4027
4028
4029
4030
4031
4032
4033
4034
4035
4036
4037
4038
4039
4040
4041
4042
4043
4044
4045
4046
4047
4048
4049
4050
4051
4052
4053
4054
4055
4056
4057
4058
4059
4060
4061
4062
4063
4064
4065
4066
4067
4068
4069
4070
4071
4072
4073
4074
4075
4076
4077
4078
4079
4080
4081
4082
4083
4084
4085
4086
4087
4088
4089
4090
4091
4092
4093
4094
4095
4096
4097
4098
4099
4100
4101
4102
4103
4104
4105
4106
4107
4108
4109
4110
4111
4112
4113
4114
4115
4116
4117
4118
4119
4120
4121
4122
4123
4124
4125
4126
4127
4128
120
4130
4131
4132
4133
4134
4135
4136
4137
4138
4139
4140
4141
4142
4143
4144
4145
4146
4147
4148
4149
4150
4151
4152
4153
4154
4155
4156
4157
4158
4159
4160
4161
4162
4163
4164
4165
4166
4167
4168
4169
4170
4171
4172
4173
4174
4175
4176
4177
4178
4179
4180
4181
4182
4183
4184
4185
4186
4187
4188
4189
4190
4191
4192
4193
4194
4195
3919
4389
3919
4199
4200
4201
4202
4203
4204
4205
4206
4207
4208
4209
4210
4211
4212
4213
4214
4215
4216
4217
4218
4219
4220
4221
4222
4223
4224
4225
4226
4227
4228
4229
4230
4231
4232
4233
4234
4235
4236
4237
4238
4239
4240
4241
4242
4243
4244
4245
4246
4247
4248
4249
4250
4251
4252
4253
4254
4255
4256
4257
4258
4259
4260
4261
4262
4263
4264
4265
4266
2930
4268
4269
4270
4271
4272
4273
4274
4275
4276
4277
4278
4279
4280
4281
4282
4283
4284
4285
4286
4287
4288
4289
4290
4291
4292
4293
4294
4295
4296
4297
4298
4299
4300
4301
4302
4303
4304
4305
4306
4307
4308
4309
4310
4311
4312
4313
4314
4315
4316
4317
4318
4319
4320
4321
4322
4323
4324
4325
4326
4327
4328
4329
4330
4331
4332
4333
4334
4335
4336
4337
4338
4339
4340
4341
4342
4343
4344
4345
4346
4347
4348
4349
4350
4351
4352
4353
4354
4355
4356
4357
4358
4359
4360
4361
4362
4363
4364
4365
4366
3977
3870
4369
3066
4370
4371
957
963
963
846
3173
1849
3803
1107
2831
2833
3653
2714
2939
4386
4387
4388
2598
3744
2866
899
2815
3557
2144
4396
4397
4398
4399
4400
2825
2842
954
1137
3136
4410
1274
4406
1276
4473
4411
4412
4413
4414
4415
4416
4417
4418
4419
4420
4421
4422
4423
1285
4425
4426
4427
4428
4429
4433
4430
1291
1292
1292
4435
4436
4437
4438
4439
4440
4441
4442
4443
4444
4445
4446
4447
4448
4449
4450
4451
4452
4453
4454
4455
4456
4457
4458
4459
4460
4461
4462
4463
4464
4465
4466
4467
4468
4469
4470
4471
4472
4475
1315
4538
1316
4431
1289
4477
1290
4494
4494
4496
4497
4495
2178
5497
519
2178
1321
4541
4491
4484
4497
1325
2180
4498
4499
5745
1326
4501
4502
4503
4501
1327
4508
1332
5406
1333
4506
4513
1334
5459
1336
4511
4516
4517
4518
4519
4521
5402
4520
1339
4524
4525
4526
4527
4532
1343
4528
1346
5308
4536
4533
1347
2753
1348
5493
4540
5413
4542
4544
4542
4534
5711
4548
1352
5711
2434
4550
4551
4552
4550
4554
796
796
4556
4558
4559
4560
4561
4562
2541
5395
1360
4563
552
552
4643
552
2581
4571
2588
2581
1365
6139
4576
4575
1365
4580
4581
4582
4583
1366
1367
5525
4586
4588
5521
4590
4591
1371
4593
4594
1376
1377
1378
4600
4600
5333
1380
4602
5161
4604
4605
4606
4607
4608
5397
4622
1637
5396
2565
4616
1369
4619
4614
1381
4619
4620
2566
5396
2563
5571
4572
5570
4628
5162
4628
4627
4635
4587
4631
1392
5535
5498
5499
5462
5500
5498
2253
559
4642
1397
690
2564
690
5499
1394
4651
5501
5507
5507
4492
4655
4656
4657
4658
4663
1345
4661
4662
5149
4664
4665
4666
4667
4668
4669
4670
4671
4672
4673
4674
4675
4676
1411
4678
4679
4680
4682
4682
1416
4681
4685
4686
5482
4688
1420
1418
4691
4692
4693
4694
4695
4696
4697
4698
4699
4700
1427
4703
4704
4704
1428
4706
4707
4708
4709
4710
287
289
5260
1446
288
231
181
5880
231
4716
202
5242
182
294
235
239
5241
5241
297
171
258
171
215
531
2388
2195
2195
2193
2386
1438
2384
2383
1438
4736
4739
5211
5209
5211
4751
4749
4751
1443
177
177
276
280
4759
4758
5226
4760
2375
5258
4761
1603
4765
4766
4767
4768
4769
4772
4770
4772
1482
540
4776
4840
2213
540
4779
1453
4812
4782
4839
4840
4839
4784
4773
4776
4776
1456
537
2206
4794
4803
4777
4774
4777
529
1436
529
4797
2390
4834
4812
223
1472
4784
4787
1456
4783
212
324
209
275
275
4817
545
1456
4821
4821
284
4825
4822
1478
5518
1329
4828
4828
4503
4826
4831
4832
2212
2215
542
536
2200
2205
4841
4841
4830
1479
1483
5746
4846
5554
1658
1658
5188
4849
4630
5188
4856
4855
4874
5185
4852
1488
4860
4872
1487
1486
4916
4862
1509
1491
4917
1509
2399
1490
1494
4873
5184
1494
4942
1511
4644
4641
4644
5543
2398
4883
4930
1483
5721
4891
1496
1499
4958
4890
1500
4892
1501
4894
4894
6119
4911
4900
4910
4939
5541
1658
1658
1484
4906
4926
4905
1506
4939
4937
4913
4654
4912
1396
1390
4630
4629
4897
4918
4920
4921
4922
4923
4923
4924
4926
4927
1511
4925
1511
1512
4956
4933
4933
4936
4936
1508
4935
4912
4954
4954
4953
5543
5543
5543
548
1658
4843
4950
1506
4949
6255
1520
4953
4955
4956
1513
4958
1393
4959
4964
4961
1517
6255
4968
1520
1521
4968
4972
4969
1526
4979
619
5727
4974
4976
4977
4978
4981
1531
4981
4978
4983
4982
695
2576
4988
5480
4989
4990
4991
4992
4993
4994
4995
4996
4997
4998
4999
5000
5001
5002
5003
5004
5005
5006
5007
5008
5009
5010
5011
5012
5013
5014
5015
5016
5017
5018
5019
5020
5021
5022
5023
5024
5025
5026
5027
5029
5029
2261
5031
5032
5033
5034
5035
5036
5037
5038
5039
5040
5041
5042
5043
5044
5045
5049
5047
1555
5367
5050
5051
1557
5053
5054
5055
5056
5057
5058
5059
5060
5061
5062
5063
5064
5065
5066
5067
5068
5069
5070
5071
5072
5073
5074
5075
5076
5077
5078
5079
5080
5081
5082
5083
5084
5085
5086
5087
5088
5089
5090
5091
5092
5093
5094
5095
5096
5097
5098
5099
5100
5101
5102
5103
5104
5105
5106
5107
5108
5109
5110
5111
5112
5113
5116
5116
2493
5117
5118
5119
5120
5121
587
5122
2460
5125
5126
5127
5128
5129
5130
5131
5132
5133
5134
5135
5136
5137
5138
5139
5140
5141
5142
5143
5144
5145
5146
5147
5148
5150
5296
1578
5152
5153
5154
5157
5155
5166
1580
5156
5159
4582
5162
5162
5164
5165
5167
5167
1357
5172
5170
5171
5274
5175
5173
5175
1417
5174
1417
5179
4926
5179
4926
4920
4927
4850
5187
5183
4630
5189
5190
5191
5192
5193
5194
5195
5196
5197
5198
5199
5200
5201
5202
1586
1412
1436
4731
4737
1437
171
258
239
192
5208
1589
1588
5216
5217
5218
5219
5220
5221
5222
5223
5224
5225
5227
5227
5228
5229
1593
4748
5232
5233
5234
5235
5236
2361
2365
2363
2364
235
181
296
5244
5264
5246
5240
5248
5249
5250
5251
5252
5260
5260
5263
5254
1600
5253
4713
287
290
289
285
5265
5324
5268
5266
5272
4792
5267
5533
5273
1441
5274
609
5276
1317
5278
5279
5280
5281
5282
5283
5284
5285
5286
5287
5288
5289
5290
5291
5292
5293
5294
5295
5295
1577
5301
1613
1614
6113
5302
5303
5304
1354
5306
5307
5147
5309
5310
5311
5312
5313
5314
5315
5316
5317
2372
284
283
5321
5322
5323
5324
5325
5329
5326
5328
5486
1389
1389
5331
5334
6125
1622
5340
1623
5336
1621
5421
1379
4601
5342
4599
5345
5346
5347
5348
5349
5350
5353
1442
5353
5354
5355
5356
5357
5358
5359
5360
5361
5362
5363
5673
5365
5366
5367
5368
5369
1629
5371
5372
5373
5374
5375
5376
5377
5378
5379
5380
5381
5382
5383
5385
5391
1330
5384
5387
1361
5388
5393
1636
5393
1384
4647
1638
5568
5568
5569
5398
5570
5405
677
1639
6127
4566
4604
5407
1382
1340
5412
4523
4522
5416
5414
5538
5418
6129
5417
1626
5163
5424
5423
5447
5422
4510
4512
4510
2367
2179
2432
4545
624
5432
1351
5436
5437
5438
5439
5440
5441
5442
5443
5444
5441
4541
5448
5420
1641
1648
5451
1644
5709
5454
5456
5456
5455
5419
5390
4484
4483
4482
4486
4487
4488
5468
5467
5468
5469
5470
5471
5472
5473
5474
5475
5476
5573
5478
5479
5480
5481
4504
5483
5484
5485
1349
4539
4515
5489
1335
1643
5494
5428
5427
5427
5495
2177
5460
5461
4493
5464
6136
4771
5504
5505
5506
4490
5509
5528
5509
5512
2396
4774
1457
4833
535
4837
1583
5519
5520
5523
5522
5527
1364
6141
4571
5527
4684
5511
1655
2385
1481
4838
1459
5537
1657
5548
5539
5551
1658
5553
5547
5544
6118
5547
1659
5555
5550
1624
5557
5338
1625
4962
1516
4970
1525
5408
1387
5332
5559
5562
1399
5563
5564
5565
5566
5567
2580
5569
696
4574
4574
5574
5574
5575
5576
5577
5578
5579
5580
5581
5582
5583
5584
5585
5586
5587
5585
5589
5590
5591
5593
5598
5594
5595
5596
5597
5344
5602
553
5343
2239
6148
5588
5604
1664
1356
4553
1355
5608
5304
5611
5613
5614
5615
5616
5617
5618
5619
5620
5621
5622
1654
5612
5624
1670
5627
5628
5487
5629
5492
5631
5633
5634
5635
5636
5638
6115
1674
5637
1283
5642
5646
1673
5643
5661
5647
5648
5649
5650
5651
5652
5653
5654
5630
5655
5657
5658
5659
5660
5610
1669
5663
5664
5665
5666
5640
1675
5669
5645
5671
5672
5656
5636
1275
5674
5677
5678
5679
5680
5681
5682
5683
5684
5685
5686
5687
5688
5689
5690
5691
5692
5693
5694
5695
5696
5697
5698
5699
5700
5701
5704
5702
5704
5705
1683
5707
5708
5712
5715
5703
2231
2232
6124
2230
4887
5719
5429
2433
1496
4929
1483
5746
5553
4846
5553
1686
5747
5730
5750
1689
5732
5733
5734
5735
5736
5737
5738
5739
1301
4557
1302
5743
5744
5741
4954
1515
1515
4952
4984
1532
5752
5753
5754
5755
5756
5757
5758
5759
5760
5761
5762
5763
5764
5765
5766
5767
5768
5769
5770
5771
5772
5773
5774
5775
5776
5777
5778
5779
5780
5781
5782
5783
5784
5785
5786
5787
5788
5789
5790
5791
5792
5793
5794
5795
5796
5797
5798
5799
5800
5801
5802
5803
5804
5805
5806
5807
5808
5809
5810
5811
5812
5813
5814
5815
5816
5817
5818
5819
5820
5821
5822
5823
5824
5825
5826
5827
5828
5829
5830
5831
5832
5833
5834
5835
5836
5837
5838
5839
5840
5841
5842
5843
5844
5845
5846
5847
5848
5849
5850
5851
5852
5853
5854
5855
5856
5857
5858
5859
5860
5861
5862
5863
5864
5865
5866
5867
5868
5869
5870
5871
5872
5873
5874
5875
5876
5877
5878
5879
231
293
5882
5883
5884
5885
5886
5887
5888
5889
5890
5891
5892
5893
5894
5895
5896
5897
5898
5899
5900
5901
5902
5903
5904
5905
5906
5907
5908
5909
5910
5911
5912
5913
5914
5915
5916
5917
5918
5919
5920
5921
5922
5923
5924
5925
5926
5927
5928
5929
5930
5931
5932
5933
5934
5935
5936
5937
5938
5939
5940
5941
5942
5943
5944
5945
1677
6135
5676
5676
5950
5951
5952
5953
5954
5955
5956
5957
5958
5959
5960
5961
5962
5963
5964
5965
5966
5967
5968
5969
5970
5971
5972
5973
5974
5975
5976
5977
5978
5979
5980
5981
5982
5983
569
5985
5986
5987
5988
5989
5990
5991
5992
5993
5994
5995
5996
5997
5998
5999
6000
6001
6002
6003
6004
6005
6006
6007
6008
6009
6010
6011
6012
6013
6014
6015
652
6017
6018
6019
4726
6021
6022
6023
6024
6025
6026
6027
6028
6029
6030
6031
6032
6033
6034
6035
6036
6037
6038
6039
6040
6041
6042
6043
6044
6045
6046
6047
6048
6049
6050
6051
6052
6053
6054
6055
6056
6057
6058
6059
6060
6061
6062
6063
6064
6065
6066
6067
6068
6069
6070
6071
6072
6073
6074
6075
6076
6077
6078
6079
6080
6081
6082
6083
6084
6085
6086
6087
6088
6089
6090
6091
6092
6093
6094
6095
6096
6097
6098
6099
6100
6101
6102
6103
6104
6105
6106
6107
6108
6109
6110
6111
6112
5734
5625
5605
4864
6116
6117
6120
6121
4938
1400
4960
556
5560
1626
4633
1391
5415
1331
2391
6132
6133
6134
4408
4771
6137
4749
4617
4821
2588
6142
6143
6144
6145
6146
4625
4644
1503
1658
1520
6152
6153
6154
6155
3338
5123
6158
6159
934
548
6162
6163
6164
6165
6166
6167
6168
6169
6170
6171
6172
6173
6174
6175
6176
6177
6178
6179
6180
6181
2571
2169
983
1523
6186
6187
6188
6189
6190
1952
1530
2368
6194
6195
6196
6197
6198
6199
6200
6201
6202
6203
6238
6205
5731
6207
3974
6209
6210
6211
6212
6213
6214
6215
6216
6217
6218
6219
6220
6221
6222
6223
6224
6225
6226
6227
6228
6229
6230
6231
6232
6233
6234
979
3165
6237
6238
6239
6240
6241
6242
6243
6244
6245
6246
6247
6248
6249
6250
6251
6252
6253
6254
6234
6256
6257
6258
6259
6260
6261
6262
6263
6264
6265
6266
6267
6268
6269
6270
6271
6272
6273
6274
6275
6276
6277
6278
6279
6280
6281
6282
6283
6284
6285
6286
6287
6288
6289
6290
6291
