85
1799
88
92
98
148
115
3497
116
120
880
125
67
129
71
79
60
61
63
75
20
21
1979
1979
921
101
143
148
3558
3558
3499
121
879
33
132
40
136
45
158
139
54
14
42
167
84
1
1800
86
77
69
77
130
13
57
9
57
55
1073
122
62
59
2924
2925
11
2927
66
126
2934
65
19
79
19
70
68
68
18
19
131
81
82
16
17
64
18
86
21
86
20
354
354
354
20
1979
1979
1979
90
23
1979
97
96
97
97
98
163
148
6
3557
163
113
3558
3557
112
30
924
117
114
1083
1083
121
118
32
32
879
2928
2930
33
127
127
131
74
132
12
12
118
119
138
37
135
46
137
36
4
4
139
146
162
147
91
164
134
165
35
48
153
49
3496
8
15
80
157
146
0
87
134
54
16
157
42
157
150
150
216
191
193
194
273
321
327
326
304
228
235
5211
332
300
248
243
252
233
236
246
530
529
2389
1473
2217
196
2224
320
178
5319
5261
293
294
1587
306
336
316
333
328
311
224
219
4811
213
172
256
215
256
221
221
310
184
222
229
187
229
226
230
188
232
181
234
234
239
182
171
238
217
258
190
242
299
190
183
237
183
299
301
190
251
253
254
245
237
2194
191
2194
2197
530
262
2389
530
2389
266
1473
1473
194
195
4816
2217
4816
273
2560
322
322
4821
322
320
5319
326
284
5319
5263
179
5260
5263
5262
180
231
1602
292
235
292
295
5211
5243
5209
5210
205
308
303
303
306
180
227
208
208
309
317
207
207
175
175
313
272
261
261
174
206
321
330
335
314
323
314
305
305
241
223
250
318
215
262
211
225
187
212
329
324
209
338
342
343
3670
345
2704
347
348
349
1794
7
21
2936
20
21
2967
357
358
1802
2994
1810
115
2978
3036
1816
2942
2943
101
2013
959
3966
3161
371
1847
1829
2014
3959
1847
3143
1845
4372
3068
3966
3966
148
143
387
388
389
390
391
392
393
394
395
396
397
398
399
400
401
402
403
404
405
406
407
408
409
410
411
412
413
414
415
416
417
418
419
420
1955
3492
423
424
425
24
2943
1985
3139
3079
431
432
433
434
435
436
437
438
439
3089
440
3084
380
3092
3091
2742
447
448
449
450
451
452
453
454
455
456
457
458
459
460
461
462
463
464
465
466
467
468
469
470
471
472
473
474
475
476
477
478
479
480
481
482
483
484
485
486
487
488
489
490
491
492
493
494
495
2835
2129
2133
2783
2135
3592
502
2969
504
505
2141
2815
2776
509
2147
511
3635
513
514
515
977
378
518
5430
520
2182
522
4515
2185
525
526
4819
539
529
530
531
2197
533
534
2198
2201
537
538
327
4777
2214
542
544
4741
196
5725
1505
5722
561
2401
2420
2230
621
2427
5725
4957
2246
4866
6118
5722
5722
320
563
564
565
566
567
568
569
570
571
572
573
574
575
576
577
578
579
580
581
582
583
584
585
586
587
588
589
590
591
592
593
594
595
596
597
598
599
600
601
5253
603
604
605
2397
5746
4876
609
610
611
612
613
614
615
616
617
4884
5722
5725
557
4888
6149
4549
625
626
627
628
629
630
631
632
633
634
635
636
637
638
639
640
641
642
643
644
645
646
647
648
649
650
651
652
653
654
655
656
657
658
659
660
661
662
663
664
665
666
667
668
669
670
671
672
673
674
4632
2542
2538
678
4624
5353
2377
682
683
684
685
686
4617
688
689
2564
5396
692
693
1518
555
696
697
4576
699
700
701
702
703
704
705
706
707
708
709
710
711
712
713
714
715
716
717
718
719
720
721
722
723
724
725
726
727
728
729
730
731
732
733
734
735
736
737
738
739
740
741
742
743
744
4472
746
747
748
2682
2673
2675
3702
2679
3704
3740
3749
2684
758
759
760
761
2696
763
2714
2699
2701
2715
3667
2706
770
771
772
3651
2807
2717
2719
777
778
779
780
781
782
783
784
2732
786
3686
788
3674
2744
3672
792
793
794
795
4556
797
798
799
2760
3633
3960
2771
3769
805
806
2774
808
809
3385
2817
812
3377
2787
815
816
2791
4376
2848
2794
2798
3572
823
824
2814
826
827
2810
2822
3639
831
3768
833
834
3387
3388
3780
3654
971
964
840
2840
1990
1858
2847
3142
6192
847
849
850
851
852
853
854
855
856
857
858
2881
2879
3440
3439
863
2882
2886
3624
3628
868
869
870
871
872
873
874
875
876
877
3476
3475
1076
1077
911
2949
2999
3441
2946
2944
1980
3002
913
4392
4394
2956
883
120
117
112
3558
3558
900
901
2965
3006
915
918
3010
888
908
1809
1983
1069
1070
2995
35
150
139
139
3011
367
1978
1979
921
1979
3499
925
3761
3753
928
3044
889
3040
2973
3990
3968
935
936
937
938
3056
3420
3074
3061
3067
3062
3416
4405
2013
3139
3138
3140
3098
3096
955
4405
3416
3126
953
967
3968
1060
3412
3104
3102
3117
956
3123
1062
3413
3414
4405
3147
4374
3181
3181
3180
3174
3971
961
6235
3412
3411
6236
3788
6184
3195
3184
988
3974
989
3196
3190
3187
993
994
995
996
997
998
999
1000
1001
1002
1003
1004
1005
1006
1007
1008
1009
1010
1011
1012
1013
1014
1015
1016
1017
1018
1019
1020
1021
1022
1023
1024
1025
1026
1027
1028
1029
1030
1031
1032
1033
1034
1035
1036
1037
1038
1039
1040
1041
1042
1043
1044
1045
1046
1047
1048
1049
3382
1051
1052
1053
1054
1055
3402
3404
3771
3408
1060
1061
1062
1063
1064
1065
1066
3437
33
3450
3451
1071
1072
2922
3467
1075
1074
902
879
1079
1080
3491
3495
121
1084
1085
1086
1087
1088
1089
1090
1091
1092
1093
1094
1095
1096
1097
1098
1099
1100
3571
4379
1103
1104
1105
3846
2799
1108
1109
1110
1111
1112
3618
1114
1115
1116
1117
3815
1119
3663
3690
1122
3734
1124
3694
3677
1127
3838
3952
3741
1131
1132
3737
3735
3758
1136
3796
3799
1139
1140
1141
1142
1143
1144
1145
1146
3956
1148
1149
1150
1151
1152
1153
1154
1155
1156
1157
1158
1159
1160
1161
1162
1163
4378
3990
3992
1167
3994
1169
1170
1171
1172
1173
1174
1175
1176
1177
1178
1179
1180
1181
1182
1183
1184
1185
1186
1187
1188
1189
1190
1191
1192
1193
1194
1195
1196
1197
1198
1199
1200
1201
1202
1203
1204
1205
1206
1207
1208
1209
1210
1211
1212
1213
1214
1215
1216
1217
1218
1219
1220
1221
1222
1223
1224
1225
1226
1227
1228
1229
1230
1231
1232
1233
1234
1235
1236
1237
1238
1239
1240
1241
1242
1243
1244
1245
1246
1247
1248
1249
1250
1251
1252
1253
1254
1255
1256
1257
1258
1259
1260
1261
1262
1263
1264
1265
1266
1267
1268
1269
1270
1271
1272
1273
1274
1275
1276
1277
1278
1279
1280
1281
1282
1283
1284
1285
1286
1287
1288
1289
1290
1291
1292
1293
1294
1295
1296
1297
1298
1299
1300
4446
5734
1303
4448
1305
1306
1307
1308
1309
1310
1311
1312
1313
1314
1315
1316
1317
4493
5461
4483
4485
5465
4488
5500
1325
1326
1327
1328
1329
1330
4522
4521
4508
4510
5427
4513
1337
1338
1339
5412
4607
1342
1343
1344
1345
1346
1347
4540
1349
5433
5435
4547
1353
1354
1355
1356
1357
1358
1359
5394
4563
5716
4572
5525
1365
4578
1367
1368
4615
1370
5158
5522
4590
4592
4593
4595
4649
6122
4600
5333
1381
1382
1383
4612
5400
691
1387
5526
5163
1390
5416
5536
4936
4640
1396
4939
4869
2257
4646
4932
1401
1402
1403
1404
1405
1406
1407
1408
1409
1410
1411
5204
1413
1414
1415
4682
4684
5387
1419
4689
5390
4692
1423
1424
1425
1426
1427
1428
4710
4720
291
1433
2363
1434
4729
1436
1437
1438
1439
4801
4802
2558
277
5211
231
4715
178
5319
284
1450
5257
1452
4780
4782
1455
4785
4796
2383
2205
1460
2390
1462
1463
1464
4806
1467
321
4809
4808
544
311
2224
2389
2217
1473
5261
1477
5510
1479
5515
4837
1482
5746
5724
1485
1486
4853
4871
1489
4858
4867
6116
6151
5183
2420
4930
5746
4928
4892
4894
4919
5183
6151
4918
5724
5180
4897
4900
4917
5182
6151
6121
6119
4966
4966
4963
4967
5727
4906
5180
1521
6255
5546
6185
4971
4980
1528
5731
4907
979
1531
4982
4975
1534
1535
1536
1537
1538
1539
1540
1541
1542
1543
1544
1545
1546
1547
1548
1549
1550
1551
1552
1553
1554
1555
1556
1557
1558
1559
1560
1561
1562
1563
1564
1565
1566
1567
1568
1569
1570
1571
1572
1573
1574
1575
1576
1577
1578
1579
1580
1581
1582
5528
1584
1585
1586
1587
1588
1589
1590
1591
4717
1593
1594
1595
5239
294
1598
1599
4713
4711
293
1603
1604
1605
1606
1607
1608
1609
1610
1611
1612
1613
1614
1615
1616
1617
1618
6140
1620
1621
6125
1623
1624
1625
4599
5602
1628
1629
1630
1631
1632
1633
1634
1635
1636
5570
1638
1639
5424
6126
1642
5493
5452
1645
5437
5444
5593
5709
5499
5467
1652
5496
1654
5512
5531
1657
5553
5556
1660
1661
1662
1663
1664
1665
1666
1667
5714
1669
1670
1671
1672
1673
1674
1675
1676
1677
1678
1679
1680
1681
1682
1683
1684
6124
5746
5748
1688
5750
1690
1691
1692
1693
1694
1695
1696
1697
1698
1699
1700
1701
1702
1703
1704
1705
1706
1707
1708
1709
1710
1711
1712
1713
1714
1715
1716
1717
1718
1719
1720
1721
1722
1723
1724
1725
1726
1727
1728
1729
1730
1731
1732
1733
1734
1735
1736
1737
1738
1739
1740
1741
1742
1743
1744
1745
1746
1747
1748
1749
1750
1751
1752
1753
1754
1755
1756
1757
1758
1759
1760
1761
1762
1763
1764
1765
1766
1767
1768
1769
1770
1771
1772
1773
1774
1775
1776
1777
1778
1779
1780
1784
1782
1783
3738
1787
1786
3729
1788
1786
1790
1791
1792
1793
1794
1795
1796
86
2938
86
21
884
1803
1803
1803
1803
1806
1806
1808
1809
1810
163
163
35
149
3022
3035
3036
364
1817
1977
1977
1979
2940
2943
1847
3967
1847
440
3085
3967
3161
3085
3084
2013
2013
1847
2011
2013
3959
372
3106
3106
1844
380
444
445
2017
3090
3094
942
944
4370
3064
3072
3967
3967
3967
3966
1859
1860
1861
1862
1863
1864
1865
1866
1867
1868
1869
1870
1871
1872
1873
1874
1875
1876
1877
1878
1879
1880
1881
1882
1883
1884
1885
1886
1887
1888
1889
1890
1891
1892
1893
1894
1895
1896
1897
1898
1899
1900
1901
1902
1903
1904
1905
1906
1907
1908
1909
1910
1911
1912
1913
1914
1915
1916
1917
1918
1919
1920
1921
1922
1923
1924
1925
1926
1927
1928
1929
1930
1931
1932
1933
1934
1935
1936
1937
1938
1939
1940
1941
1942
1943
1944
1945
3474
3474
902
3474
1074
1951
1952
1953
1956
422
3493
1082
1954
1959
1960
1961
901
1962
1964
1965
1966
1967
146
36
139
4
24
3774
2943
3774
1981
887
887
354
3004
890
4385
2994
3002
1802
357
1805
933
3969
3045
3151
1992
1993
1994
1995
1996
1997
1998
1999
2000
2001
2002
2003
2004
2005
2006
2007
2008
2009
440
440
440
3087
440
440
950
3965
3092
2021
446
3668
2022
2023
2024
2025
2026
2027
2028
2029
2030
2031
2032
2033
2034
2035
2036
2037
2038
2039
2040
2041
2042
2043
2044
2045
2046
2047
2048
2049
2050
2051
2052
2053
2054
2055
2056
2057
2058
2059
2060
2061
2062
2063
2064
2065
2066
2067
2068
2069
2070
2071
2072
2073
2074
2075
2076
2077
2078
2079
2080
2081
2082
2083
2084
2085
2086
2087
2088
2089
2090
2091
2092
2093
2094
2095
2096
2097
2098
2099
2100
2101
2102
2103
2104
2105
2106
2107
2108
2109
2110
2111
2112
2113
2114
2115
2116
2117
2118
2119
2120
2121
2122
2123
2124
2125
2126
2127
496
2834
2128
4401
2133
2133
2132
499
2136
2137
2138
2139
2140
2143
2143
4393
508
2145
2146
2147
2148
3557
112
110
112
1977
1977
1979
1978
2158
3635
2158
511
2161
2162
2163
2164
2165
2166
2167
2168
3188
3186
988
3188
517
3784
2174
517
2178
5497
2179
2180
2183
2182
5488
2181
2184
523
521
2188
2189
2190
2191
2192
2193
2194
2195
2196
2197
2201
534
2201
2201
2202
2203
2204
536
2206
319
319
321
319
334
2215
2212
2214
4833
2220
1473
2220
2386
2387
2221
195
272
311
2225
5725
5725
5725
6150
4884
561
5725
4884
4884
2420
2420
2420
2427
549
2426
2259
4902
4902
2243
4902
4886
2430
4888
5721
5726
1490
1492
4870
4859
6116
5725
5722
5725
5725
2260
2261
2262
2263
2264
2265
2266
2267
2268
2269
2270
2271
2272
2273
2274
2275
2276
2277
2278
2279
2280
2281
2282
2283
2284
2285
2286
2287
2288
2289
2290
2291
2292
2293
2294
2295
2296
2297
2298
2299
2300
2301
2302
2303
2304
2305
2306
2307
2308
2309
2310
2311
2312
2313
2314
2315
2316
2317
2318
2319
2320
2321
2322
2323
2324
2325
2326
2327
2328
2329
2330
2331
2332
2333
2334
2335
2336
2337
2338
2339
2340
2341
2342
2343
2344
2345
2346
2347
2348
2349
2350
2351
2352
2353
2354
2355
2356
2357
2358
2359
2360
2364
2361
1596
5237
2362
2366
2367
2368
1601
1601
4819
4714
4713
2378
2375
2376
1619
2373
2379
2380
2381
2382
2386
2386
1656
4742
2195
4735
530
2394
1441
2391
2394
4801
534
2199
534
5723
4940
2401
5723
2402
2403
2404
2405
2406
2407
2408
2409
2410
2411
2412
2413
2414
2415
2416
2417
2418
2419
5725
5722
5725
5725
2250
6161
2250
618
2250
5721
6149
1496
2433
5429
624
2435
2436
2437
2438
2439
2440
2441
2442
2443
2444
2445
2446
2447
2448
2449
2450
2451
2452
2453
2454
2455
2456
2457
2458
2459
2460
2461
2462
2463
2464
2465
2466
2467
2468
2469
2470
2471
2472
2473
2474
2475
2476
2477
2478
2479
2480
2481
2482
2483
2484
2485
2486
2487
2488
2489
2490
2491
2492
2493
2494
2495
2496
2497
2498
2499
2500
2501
2502
2503
2504
2505
2506
2507
2508
2509
2510
2511
2512
2513
2514
2515
2516
2517
2518
2519
2520
2521
2522
2523
2524
2525
2526
2527
2528
2529
2530
2531
2532
2533
2534
6147
6147
2536
4631
2540
4625
2539
2542
2543
2544
2545
2546
2547
2548
2549
2587
2551
2552
2553
2554
4821
4821
284
178
2220
2217
2220
544
2566
689
2566
2566
2567
2568
2569
2570
4974
4974
1528
4973
695
2244
2578
5542
2579
2580
2581
2582
2583
2585
507
2586
2589
698
6139
2590
2591
2592
2593
2594
2595
2596
2597
2598
2599
2600
2601
2602
2603
2604
2605
2606
2607
2608
2609
2610
2611
2612
2613
2614
2615
2616
2617
2618
2619
2620
2621
2622
2623
2624
2625
2626
2627
2628
2629
2630
2631
2632
2633
2634
2635
2636
2637
2638
2639
2640
2641
2642
2643
2644
2645
2646
2647
2648
2649
2650
2651
2652
2653
2654
2655
2656
2657
2658
2659
2660
2661
2662
2663
2664
2665
2666
2667
2668
2669
2670
2671
2676
749
2672
752
3700
2680
2677
754
3703
2683
755
3748
756
2681
2674
2687
751
750
2690
2691
2692
2693
2694
2695
2696
2697
2702
764
2698
767
2712
2707
768
2703
765
3665
2708
2709
2710
2711
2713
3698
773
772
2720
774
2716
777
2805
2721
2722
2723
2724
2725
2726
2727
2728
2729
2730
2731
786
2733
2731
2735
3685
2737
2738
2739
2740
2745
789
2741
791
3671
2746
2747
2748
2749
2750
796
2754
4556
796
2755
2756
2757
2758
2759
2130
2128
2763
498
380
380
380
3958
2770
2768
4395
804
2772
2773
2774
2772
2776
2780
2778
810
3384
811
2782
2783
2782
2785
2790
813
2786
2789
3764
819
2793
2850
2849
2795
2842
3572
2844
375
2800
2801
2802
2803
2804
2805
2806
2807
2811
2810
2822
2824
2811
2813
2814
2815
2813
825
2816
2819
512
2820
3638
2825
832
3767
2829
2827
835
3386
2830
2832
2832
837
2831
812
3168
3146
3119
2837
3169
1833
371
1830
373
2821
2845
513
3169
2848
3172
971
3120
1530
2855
3149
2856
2857
2858
2859
2860
2861
2862
2863
2864
2865
2866
2867
2868
2869
2870
2871
2872
2873
2874
2875
2876
2880
2877
861
3438
862
2883
2883
357
2882
863
2888
3627
867
2890
2891
2892
2893
2894
2895
2896
2898
2898
2897
2900
2901
2902
2903
2904
2905
2906
2907
2908
3590
2910
2911
31
3489
878
121
31
1946
1949
1950
2921
3473
1076
3476
2947
2948
2929
2925
2948
2949
4267
127
911
2999
127
885
2945
2939
912
912
2946
3000
2940
1982
3443
3441
3509
4267
3466
3444
2149
2151
1958
362
3557
112
3558
112
2960
2959
3462
2961
2962
2963
2964
2965
2980
904
2982
2983
2966
4390
3744
905
2971
1976
1975
888
2998
919
49
914
14
917
3008
2987
3011
1978
367
367
1975
367
2992
2993
1808
2995
1983
1980
3003
3000
3442
2999
2994
2994
913
14
139
72
1978
1977
1978
426
72
35
42
163
6
23
97
2942
1081
3490
3497
3025
926
3760
927
3027
3030
365
3033
762
929
3034
3034
361
1810
1807
1804
3038
1804
2984
2979
1819
932
3969
3969
3966
3990
3967
959
3051
3052
3053
3054
3055
940
3058
3058
3075
3059
941
3060
946
3078
3052
3057
936
3071
3066
3071
3122
1988
3072
945
3416
3415
3076
3152
973
442
1847
442
383
948
3969
3139
948
949
949
4403
3097
954
3095
951
3098
3098
3098
3415
955
3125
3125
3099
3127
3126
3108
959
977
3970
3410
1060
3409
6235
1060
3103
958
3100
953
3116
963
3114
962
3124
834
3124
3128
3131
1062
1062
3416
3414
1062
3415
4405
3415
3414
3413
3414
973
973
3133
3171
972
952
4374
4374
4375
4373
957
3101
956
973
3181
3175
1847
1847
1847
1847
440
1847
3967
3966
3179
980
6236
3163
3415
3181
3145
3145
3093
4373
3144
3141
3175
3178
975
3174
3179
3409
981
980
3183
3193
985
3182
3973
3974
3973
3109
3111
3112
3113
3194
3424
989
3162
3196
3162
516
3199
3201
3202
3203
3204
3205
3206
3207
3208
3209
3210
3211
3212
3213
3214
3215
3216
3217
3218
3219
3220
3221
3222
3223
3224
3225
3226
3227
3228
3229
3230
3231
3232
3233
3234
3235
3236
3237
3238
3239
3240
3241
3242
3243
3244
3245
3246
3247
3248
3249
3250
3251
3252
3253
3254
3255
3256
3257
3258
3259
3260
3261
3262
3263
3264
3265
3266
3267
3268
3269
3270
3271
3272
3273
3274
3275
3276
3277
3278
3279
3280
3281
3282
3283
3284
3285
3286
3287
3288
3289
3290
3291
3292
3293
3294
3295
3296
3297
3298
3299
3300
3301
3302
3303
3304
3305
3306
3307
3308
3309
3310
3311
3312
3313
3314
3315
3316
3317
3318
3319
3320
3321
3322
3323
3324
3325
3326
3327
3328
3329
3330
3331
3332
3333
3334
3335
3336
3337
3338
3339
3340
3341
3342
3343
3344
3345
3346
3347
3348
3349
3350
3351
3352
3353
3354
3355
3356
3357
3358
3359
3360
3361
3362
3363
3364
3365
3366
3367
3368
3369
3370
3371
3372
3373
3374
3375
3376
3377
3378
3379
3376
3380
1049
3381
2803
826
2801
824
823
3383
3390
1050
3392
3393
3394
3395
3396
3397
3398
3399
3400
2885
865
2885
1056
864
2884
3406
1057
3410
3410
3411
1060
3414
3414
3413
1062
3417
3418
3419
3420
3421
3422
937
3424
3425
3426
3427
3428
3429
3430
3431
3432
3433
3434
3432
3435
1066
3436
350
1067
3442
3449
1070
1069
127
33
127
3444
2878
860
859
3452
3453
3454
3455
3456
3457
3458
3459
3460
3461
3463
3463
3464
3465
3465
3467
3468
3469
3470
3471
3472
3474
3483
1074
902
2928
2930
2922
3480
3481
3482
3483
3484
3485
3486
3487
3488
1948
3491
1948
2963
3476
2963
1077
31
117
121
1083
3500
3501
3505
3503
3502
3506
1793
3507
3508
3508
3510
3511
3512
3513
3514
3515
3516
3517
3518
3519
3520
3521
3522
3523
3524
3525
3526
3527
3528
3529
3530
3531
3532
3533
3534
3535
3536
3537
3538
3539
3540
3541
3542
3543
3544
3545
3546
3547
3548
3549
3550
3551
3552
3553
3554
3555
3494
30
924
3559
3560
3561
3562
3563
5325
3565
3566
3567
3568
2828
3569
3660
381
3574
1851
3575
1103
1101
3578
3579
1840
2766
3581
2796
3584
3585
3586
3587
3588
3589
1963
421
891
3593
3594
3595
3596
3597
3598
3599
3600
3601
3602
3603
3604
3605
3606
3607
3608
3609
3610
3611
3612
3613
3614
3617
3616
2951
893
3619
3620
3621
3622
2762
800
3626
801
3629
766
3645
3630
3631
3804
500
2812
3637
3636
3814
3638
3640
3816
3641
3642
3643
3644
3644
3646
3647
3648
3652
3649
1120
3652
3573
3573
822
1107
3582
3658
821
3647
3661
3662
1122
3664
3666
4384
1123
3669
3963
753
3673
3672
3691
1125
2705
3675
769
3680
3678
3684
3676
3682
3683
1812
2685
757
3688
3836
3687
1128
817
3692
2792
2795
3696
3699
3695
3689
2700
3701
3739
1130
3705
820
3742
3706
3707
3708
3709
3710
2970
503
3713
3714
3715
3716
3717
3718
3719
3720
3721
3722
2899
3723
3725
3726
3727
3728
3730
3736
3731
2734
3732
785
3735
3733
1134
2678
2839
841
842
2849
36
160
3745
3747
2974
2854
848
428
1987
3751
3754
3771
1981
1983
360
359
3040
1058
1059
3762
3763
3764
3765
3766
2784
3767
807
3770
2884
3752
3773
890
3775
3776
3777
3778
3779
3780
1102
3782
959
959
3968
3047
1989
1137
3797
3789
3791
3792
3793
3794
3803
1165
3177
3185
986
3800
3801
3570
3802
828
3805
3806
3807
3808
3809
3810
3811
3812
3813
2769
803
3768
3817
3818
3819
3820
3821
3822
3823
3824
3825
3826
3827
3828
3829
793
3831
3832
3833
3834
3835
3836
3837
1129
3839
3840
3841
3845
3844
3955
818
3958
1164
3848
3849
3850
3851
3852
3853
3854
3855
3856
3857
3858
3859
3860
3861
3862
3863
3864
3865
3866
3867
3868
3869
3870
3871
3872
3873
3874
3875
3876
3877
3878
3879
3880
3881
3882
3883
3884
3885
3886
3887
3888
3889
3890
3891
3892
3893
3894
3895
3896
3897
3898
3899
3900
3901
3902
3903
3904
3905
3906
3907
3908
3909
3910
3911
3912
3913
3914
3915
3916
3917
3918
3919
3920
3921
3922
3923
3924
3925
3926
3927
3928
3929
3930
3931
3932
3933
3934
3935
3936
3937
3938
3939
3940
3941
3942
3943
3944
3945
3946
3947
3948
3949
3950
3951
2792
3956
3954
1164
4377
3960
380
1847
1846
3961
3961
3962
3086
3138
3969
3966
1165
3990
1165
3972
3991
1166
3975
3993
3976
3977
3978
3979
3980
3981
3982
3983
729
2638
3986
3987
3988
3989
973
3175
974
974
982
3198
3996
3997
3998
3999
4000
4001
4002
4003
4004
4005
4006
4007
4008
4009
4010
4011
4012
4013
4014
4015
4016
4017
4018
4019
4020
4021
4022
4023
4024
4025
4026
4027
4028
4029
4030
4031
4032
4033
4034
4035
4036
4037
4038
4039
4040
4041
4042
4043
4044
4045
4046
4047
4048
4049
4050
4051
4052
4053
4054
4055
4056
4057
4058
4059
4060
4061
4062
4063
4064
4065
4066
4067
4068
4069
4070
4071
4072
4073
4074
4075
4076
4077
4078
4079
4080
4081
4082
4083
4084
4085
4086
4087
4088
4089
4090
4091
4092
4093
4094
4095
4096
4097
4098
4099
4100
4101
4102
4103
4104
4105
4106
4107
4108
4109
4110
4111
4112
4113
4114
4115
4116
4117
4118
4119
4120
4121
4122
4123
4124
4125
4126
4127
4128
2921
32
4131
4132
4133
4134
4135
4136
4137
4138
4139
4140
4141
4142
4143
4144
4145
4146
4147
4148
4149
4150
4151
4152
4153
4154
4155
4156
4157
4158
4159
4160
4161
4162
4163
4164
4165
4166
4167
4168
4169
4170
4171
4172
4173
4174
4175
4176
4177
4178
4179
4180
4181
4182
4183
4184
4185
4186
4187
4188
4189
4190
4191
4192
4193
4194
4195
4196
4197
4198
4199
4200
4201
4202
4203
4204
4205
4206
4207
4208
4209
4210
4211
4212
4213
4214
4215
4216
4217
4218
4219
4220
4221
4222
4223
4224
4225
4226
4227
4228
4229
4230
4231
4232
4233
4234
4235
4236
4237
4238
4239
4240
4241
4242
4243
4244
4245
4246
4247
4248
4249
4250
4251
4252
4253
4254
4255
4256
4257
4258
4259
4260
4261
4262
4263
4264
4265
4266
3466
4268
4269
4270
4271
4272
4273
4274
4275
4276
4277
4278
4279
4280
4281
4282
4283
4284
4285
4286
4287
4288
4289
4290
4291
4292
4293
4294
4295
4296
4297
4298
4299
4300
4301
4302
4303
4304
4305
4306
4307
4308
4309
4310
4311
4312
4313
4314
4315
4316
4317
4318
4319
4320
4321
4322
4323
4324
4325
4326
4327
4328
4329
4330
4331
4332
4333
4334
4335
4336
4337
4338
4339
4340
4341
4342
4343
4344
4345
4346
4347
4348
4349
4350
4351
4352
4353
4354
4355
4356
4357
4358
4359
4360
4361
4362
4363
4364
4365
4366
4367
4368
4369
939
3061
430
3095
3096
3096
846
3173
379
382
1106
2833
3653
2797
3650
3509
4386
4387
4388
4389
3743
4391
1958
4393
1082
2775
4396
4397
4398
4399
4400
4401
442
954
3967
3415
4406
4407
4408
4409
4410
4411
4412
4413
4414
4415
4416
4417
4418
4419
4420
4421
4422
4423
4424
4425
4426
4427
4428
4429
4430
4431
4432
4433
4434
4435
4436
4437
4438
4439
4440
4441
4442
4443
4444
4447
1302
5732
4448
4445
4450
4451
4452
4453
4454
4455
4456
4457
4458
4459
4460
4461
4462
4463
4464
4465
4466
4467
4468
4469
4470
4471
1304
4473
4474
4475
4476
4477
4478
4479
4480
4482
5460
1319
4481
1318
4487
5463
1322
4486
4492
4490
5507
1324
4484
1321
1320
4497
4498
4499
4500
4501
4502
4503
4504
4505
4507
4520
1332
4506
1331
4512
5426
1334
4511
1335
4516
4516
4518
4519
4523
1339
1340
5458
4524
4525
4526
1341
4528
4529
4530
4531
4532
4533
4534
4535
4536
4537
4538
4539
1349
4541
4542
5446
4544
4546
5432
1351
4545
1350
4550
4551
4552
4553
4554
4557
1301
5740
4558
4559
4560
4561
4562
2536
2541
4564
2535
2426
5715
557
2427
4573
1364
6141
4574
4575
4576
4575
4578
4579
4582
1369
5161
4583
4584
4585
4584
4587
4589
5521
1372
4588
1371
1377
4594
4651
4650
4596
4641
552
4642
5333
4602
4603
4604
4605
4606
4607
4608
1385
4611
4626
4622
4622
4614
1381
4614
4617
4618
4616
4620
691
5397
2565
4625
5524
5401
4627
5162
4629
4630
4635
1370
4631
1392
4635
1508
4955
4636
4914
4937
550
5544
2230
2233
2565
2564
4623
4956
1512
4959
1393
4977
4939
4653
4655
4656
4657
4658
4659
4660
4661
4662
4663
4664
4665
4666
4667
4668
4669
4670
4671
4672
4673
4674
4675
4676
1412
5202
4679
4680
4685
1415
4681
4681
4685
4690
5386
4686
1421
5388
4695
524
4693
4694
5484
4696
4696
4698
4699
4700
4701
4702
4703
4704
4705
4709
4707
680
5351
681
5262
291
1431
4715
5262
181
1432
203
181
203
293
2363
4724
4727
4723
4726
4728
4746
1434
4730
4731
5209
4733
4734
4735
4736
4737
4738
4739
4740
1438
1439
4743
4744
4745
4746
4747
6020
4754
2556
4752
177
4821
4821
5319
284
4757
4758
4759
4760
4761
4762
4763
4764
4765
4766
4767
4768
4769
4770
6136
4772
4773
4778
1457
4774
1480
4795
4781
1465
4804
1466
4786
4783
4807
4807
1469
1458
2385
2383
4791
1459
4793
4794
1440
2393
4803
4798
4799
4800
4794
1464
537
219
4805
4806
4807
699
544
4810
4805
4811
321
322
322
4816
2560
544
1446
1446
1446
4825
4823
1478
5518
4826
4827
4828
4829
4830
4831
4832
4835
538
4835
2200
2200
4836
4839
4840
2213
4842
5723
5746
5722
1686
5725
1505
4849
4850
4851
4852
4853
4855
4874
4856
4857
1488
4875
4872
4854
4862
4915
4857
1491
4864
1509
4867
2398
2399
1494
4873
5184
1494
4942
1514
2256
2257
2256
2420
5723
1497
4930
5723
4883
4929
4883
1503
4895
4892
1503
4922
4920
5184
4923
1502
4918
967
4919
4918
4903
1505
5726
1518
5180
5180
6235
5179
4898
4898
4897
4911
4909
4909
4915
4916
4917
3131
5183
5183
5182
5183
5184
5184
6151
5182
5182
4942
1511
1514
1499
4958
6120
4890
1504
4910
4897
4899
4900
1514
4964
4966
6161
2420
2420
5725
5725
5722
4968
1520
1506
4965
5184
4966
1507
4938
1500
4896
1513
4931
4964
4961
1517
4965
4968
1520
1521
4968
4972
4969
1526
4979
5729
5729
5731
3113
979
4905
4981
1531
4981
4908
1519
4949
694
4985
4987
4988
4989
4990
4991
4992
4993
4994
4995
4996
4997
4998
4999
5000
5001
5002
5003
5004
5005
5006
5007
5008
5009
5010
5011
5012
5013
5014
5015
5016
5017
5018
5019
5020
5021
5022
5023
5024
5025
5026
5027
5028
5029
5030
5031
5032
5033
5034
5035
5036
5037
5038
5039
5040
5041
5042
5043
5044
5045
5046
5047
5048
5049
5050
5051
5052
5053
5054
5055
5056
5057
5058
5059
5060
5061
5062
5063
5064
5065
5066
5067
5068
5069
5070
5071
5072
5073
5074
5075
5076
5077
5078
5079
5080
5081
5082
5083
5084
5085
5086
5087
5088
5089
5090
5091
5092
5093
5094
5095
5096
5097
5098
5099
5100
5101
5102
5103
5104
5105
5106
5107
5108
5109
5110
5111
5112
5113
5114
5115
5116
5117
5118
5119
5120
5121
5122
5123
5124
5125
5126
5127
5128
5129
5130
5131
5132
5133
5134
5135
5136
5137
5138
5139
5140
5141
5142
5143
5144
5145
5146
5147
5148
5149
5150
5151
5152
5153
5154
5155
5155
5157
5158
5156
5159
4603
4605
1382
5160
1374
5166
5167
5168
5169
5170
5171
5172
4683
4683
1416
1417
5178
4684
5179
5180
5181
5182
5183
5182
5185
5186
5187
5188
5189
5190
5191
5192
5193
5194
5195
5196
5197
5198
5199
5200
5201
5202
5203
526
5205
5206
5207
5208
5209
5210
5211
5212
5213
5214
5215
5216
5217
5218
5219
5220
5221
5222
5223
5224
5225
5226
5227
5228
5229
5230
5231
5232
5233
5234
5235
5236
5240
5238
1593
5240
5241
235
5243
5244
5245
5246
5247
5248
5249
5250
5251
5252
1431
4721
4713
2365
5259
1430
4721
5262
1602
231
5260
5264
5265
5266
5270
5268
5269
2189
5271
5272
5273
5274
5275
5276
5277
5278
5279
5280
5281
5282
5283
5284
5285
5286
5287
5288
5289
5290
5291
5292
5293
5294
5295
5296
5297
5298
5299
5300
5301
5302
5303
5304
5305
5306
5307
5308
5309
5310
5311
5312
5313
5314
5315
5316
5317
1600
5263
5263
5321
5322
5323
5324
4449
5326
5327
5328
5329
5330
5331
5330
559
2252
5334
5336
5337
5338
5339
5340
2239
4598
553
4569
5345
5346
5347
5348
5349
5350
6138
4755
1442
5354
5355
5356
5357
5358
5359
5360
5361
5362
5363
5364
5365
5366
5367
5368
5369
5370
5371
5372
5373
5374
5375
5376
5378
4751
1443
5380
5381
5382
5383
4565
1360
5385
1361
5389
5406
1333
5391
5561
5393
679
1384
5396
5398
5398
5399
1637
5571
5402
5405
5418
5405
5403
5407
5408
5409
5411
5411
1640
5410
5335
1380
5335
1626
4601
5420
5343
5421
5422
5423
1642
5425
5428
1643
6130
5431
1323
5719
5434
1644
5434
5435
4514
1336
5436
5439
5440
5445
5438
5442
1646
2210
4491
5450
5601
5447
5592
5451
1375
4597
5454
5457
5455
5459
5449
4509
5462
1650
5498
5464
5501
1376
5456
1420
5466
5443
1647
5468
5472
5473
5474
5475
5477
5477
5478
5476
5480
5481
5482
4697
4517
5485
5486
5487
5490
5489
5495
5491
5492
1348
5491
5494
1654
4489
4638
1394
1395
4651
2225
5502
4688
5505
5506
4654
606
5528
5509
5508
2396
5514
2390
2203
535
5516
5177
5519
5520
5521
5522
5523
4586
1366
5524
5527
4684
5511
1655
2391
5517
1481
4838
5535
5536
5537
1622
5552
1505
5724
1484
2233
2400
1658
5547
5554
5548
5549
5550
5551
5560
1686
4962
4970
1525
5557
5558
5559
4868
4647
1399
5563
5564
4591
1373
5567
5568
5569
5570
1363
5526
5573
5574
5575
5576
5577
5578
5579
5580
5581
5582
5583
5584
5585
5586
5587
5588
5589
5590
5591
5454
1649
5594
5595
5596
5597
1668
5710
5712
5600
5713
1685
5604
5605
5606
5607
5608
5609
5610
5611
5612
5613
5614
5615
5616
5617
5618
5619
5620
5621
5622
5623
5624
5625
5626
5627
5628
5629
5630
5631
5632
5633
5634
5635
5636
5637
5638
5639
5640
5641
5642
5643
5644
5645
5646
5647
5648
5649
5650
5651
5652
5653
5654
5655
5656
5657
5658
5659
5660
5661
5662
5663
5664
5665
5666
5667
5668
5669
5670
5671
5672
5673
5674
5675
5676
5677
5678
5679
5680
5681
5682
5683
5684
5685
5686
5687
5688
5689
5690
5691
5692
5693
5694
5695
5696
5697
5698
5699
5700
5701
5702
5703
5704
5705
5706
5707
5708
1378
5714
5711
1685
5716
6123
557
2247
4594
5717
5718
1497
4928
5723
5746
1686
5722
1686
5728
5747
1687
5749
5730
5732
5733
1683
5735
5736
5737
5738
5739
5742
5741
5742
5743
5744
5745
1514
4964
1515
1515
1522
4984
5752
5753
5754
5755
5756
5757
5758
5759
5760
5761
5762
5763
5764
5765
5766
5767
5768
5769
5770
5771
5772
5773
5774
5775
5776
5777
5778
5779
5780
5781
5782
5783
5784
5785
5786
5787
5788
5789
5790
5791
5792
5793
5794
5795
5796
5797
5798
5799
5800
5801
5802
5803
5804
5805
5806
5807
5808
5809
5810
5811
5812
5813
5814
5815
5816
5817
5818
5819
5820
5821
5822
5823
5824
5825
5826
5827
5828
5829
5830
5831
5832
5833
5834
5835
5836
5837
5838
5839
5840
5841
5842
5843
5844
5845
5846
5847
5848
5849
5850
5851
5852
5853
5854
5855
5856
5857
5858
5859
5860
5861
5862
5863
5864
5865
5866
5867
5868
5869
5870
5871
5872
5873
5874
5875
5876
5877
5878
5879
181
292
5882
5883
5884
5885
5886
5887
5888
5889
5890
5891
5892
5893
5894
5895
5896
5897
5898
5899
5900
5901
5902
5903
5904
5905
5906
5907
5908
5909
5910
5911
5912
5913
5914
5915
5916
5917
5918
5919
5920
5921
5922
5923
5924
5925
5926
5927
5928
5929
5930
5931
5932
5933
5934
5935
5936
5937
5938
5939
5940
5941
5942
5943
5944
5945
5946
5947
5948
5949
5950
5951
5952
5953
5954
5955
5956
5957
5958
5959
5960
5961
5962
5963
5964
5965
5966
5967
5968
5969
5970
5971
5972
5973
5974
5975
5976
5977
5978
5979
5980
5981
5982
5983
5984
5985
5986
5987
5988
5989
5990
5991
5992
5993
5994
5995
5996
5997
5998
5999
6000
6001
6002
6003
6004
6005
6006
6007
6008
6009
6010
6011
6012
6013
6014
6015
6016
6017
6018
6019
6020
6021
6022
6023
6024
6025
6026
6027
6028
6029
6030
6031
6032
6033
6034
6035
6036
6037
6038
6039
6040
6041
6042
6043
6044
6045
6046
6047
6048
6049
6050
6051
6052
6053
6054
6055
6056
6057
6058
6059
6060
6061
6062
6063
6064
6065
6066
6067
6068
6069
6070
6071
6072
6073
6074
6075
6076
6077
6078
6079
6080
6081
6082
6083
6084
6085
6086
6087
6088
6089
6090
6091
6092
6093
6094
6095
6096
6097
6098
6099
6100
6101
6102
6103
6104
6105
6106
6107
6108
6109
6110
6111
6112
6113
6114
6115
1487
4861
608
4893
4893
1501
1400
4960
2248
558
1627
4634
5416
1380
5413
6131
6132
6133
6134
6135
5503
6137
2557
6139
4714
4577
6142
6143
6144
6145
6146
6147
2256
4925
5725
5184
6152
6153
6154
6155
6156
6157
6158
6159
1847
5725
6162
6163
6164
6165
6166
6167
6168
6169
6170
6171
6172
6173
6174
6175
6176
6177
6178
6179
6180
6181
4975
3187
6184
6185
6186
6187
6188
6189
6190
6191
979
6193
6194
6195
6196
6238
6198
6199
6200
6201
6202
6203
6238
6205
5731
6207
3974
6209
6210
6240
6240
6213
6214
6215
6216
6217
6218
6219
6220
6221
6222
6223
6224
6225
6226
6227
6228
6229
6230
6231
6232
6233
6234
6216
6215
6237
6238
6239
6240
6241
6242
6243
6244
6245
6246
6247
6248
6249
6250
6251
6252
6253
6254
6234
6256
6257
6258
6259
6260
6261
6262
6263
6264
6265
6266
6267
6268
6291
6270
6271
6272
6273
6274
6275
6276
6277
6278
6279
6280
6281
6282
6283
6284
6285
6286
6287
6288
6273
6274
6270
