161
45
2
3
99
148
149
7
134
53
1073
894
132
13
14
15
80
81
75
19
20
1800
22
23
24
368
39
151
111
111
30
3498
3479
3446
34
35
36
136
38
51
164
49
154
168
44
45
138
44
50
49
50
13
48
56
56
56
165
16
55
60
16
2927
2927
18
82
68
65
12
74
69
70
71
72
74
131
19
76
77
70
78
15
79
79
82
47
0
84
1
88
89
90
91
92
93
94
95
96
97
96
99
98
98
4
107
5
107
6
148
111
111
7
7
115
112
114
156
133
3499
895
133
2920
4129
1073
2927
3477
894
3445
3445
128
129
130
129
132
40
40
135
136
137
135
139
139
144
141
39
1971
145
146
147
148
149
150
150
52
152
41
156
163
157
158
3014
160
138
147
163
164
165
159
166
38
38
169
332
218
264
174
268
320
275
284
305
224
1592
1444
303
184
185
186
250
252
245
190
191
2197
266
270
195
545
210
320
280
280
285
5262
5242
5211
205
206
207
309
209
221
335
223
324
338
208
215
307
208
222
219
184
222
223
225
336
225
225
187
187
229
226
233
253
189
4725
237
244
183
236
240
241
242
243
246
190
302
247
248
243
186
249
251
251
253
215
172
216
171
173
333
264
259
265
264
265
266
267
268
269
270
269
175
269
275
319
177
275
320
280
178
178
280
284
326
179
283
304
304
227
287
4719
5242
5880
5241
5211
5241
5209
5209
299
300
301
301
303
211
211
306
306
308
309
310
310
2223
311
210
313
316
316
318
319
321
321
322
219
212
220
327
334
328
4812
330
311
307
317
334
335
336
329
209
337
209
340
2688
343
344
345
1786
347
348
349
1794
6
1800
353
20
0
2967
357
358
359
360
361
6
363
364
365
920
1823
368
2011
2014
3085
1855
1990
2015
3786
6160
1839
2014
3143
1845
1853
3069
3089
3968
151
39
387
388
389
390
391
392
393
394
395
396
397
398
399
400
401
402
403
404
405
406
407
408
409
410
411
412
413
414
415
416
417
418
419
420
897
1081
423
424
425
1972
3010
428
3990
3078
431
432
433
434
435
436
437
438
439
2017
380
3088
3959
3091
3094
446
447
448
449
450
451
452
453
454
455
456
457
458
459
460
461
462
463
464
465
466
467
468
469
470
471
472
473
474
475
476
477
478
479
480
481
482
483
484
485
486
487
488
489
490
491
492
493
494
495
496
497
2132
499
2823
3592
1963
503
2136
851
506
2815
2776
509
2147
511
3635
2160
514
515
3958
370
5497
519
520
521
522
523
524
525
2192
178
274
2197
191
218
332
533
534
535
536
537
538
177
540
541
542
2561
2220
545
2423
6150
5722
2256
5544
620
552
2238
1495
6150
4957
2246
558
559
5724
5724
320
563
564
565
566
567
568
569
570
571
572
573
574
575
576
577
578
579
580
581
582
583
584
585
586
587
588
589
590
591
592
593
594
595
596
597
598
599
600
601
4714
603
604
605
606
607
608
609
610
611
612
613
614
615
616
617
2431
5724
6161
2424
4889
4891
624
625
626
627
628
629
630
631
632
633
634
635
636
637
638
639
640
641
642
643
644
645
646
647
648
649
650
651
652
653
654
655
656
657
658
659
660
661
662
663
664
665
666
667
668
669
670
671
672
673
674
4632
2541
677
678
4611
5353
2377
682
1401
2545
685
686
687
688
689
690
2566
692
693
1518
2245
696
697
698
2222
700
701
702
703
704
705
706
707
708
709
710
711
712
713
714
715
716
717
718
719
720
721
722
723
724
725
726
727
728
729
730
731
732
733
734
735
736
737
738
739
740
741
742
743
744
745
746
747
748
2682
2673
2675
3702
2679
754
3740
3749
2684
2689
759
760
761
762
763
3666
2703
3699
2702
768
3675
770
771
772
773
774
775
776
777
778
779
780
781
782
783
784
785
786
5446
4541
789
790
791
792
793
794
795
796
797
798
799
800
801
1164
2768
804
805
806
807
808
809
810
811
812
3377
2787
815
3766
817
2793
2848
820
2797
3572
3388
3386
825
826
827
2810
2822
3639
831
3816
833
3422
2829
836
837
838
3168
3119
2838
2840
3073
1832
845
3172
3121
2853
849
850
2875
852
853
854
855
856
3472
3461
2881
2879
3438
3439
863
864
865
866
867
3708
3031
870
2910
3616
2137
2871
2902
505
877
118
122
10
2915
883
2926
2933
884
887
2937
367
1984
1982
2953
111
105
894
54
155
7
111
111
2959
1956
902
903
904
905
2984
919
908
909
1975
911
2945
913
150
151
1970
51
918
3009
3009
22
24
23
30
925
926
927
928
3028
2977
931
932
3991
3970
3055
3053
937
938
3056
3418
3059
3061
3065
3062
3416
3076
3160
3990
3139
4403
3097
951
955
3166
968
958
953
967
3970
3414
3412
3104
957
963
962
3122
3137
3416
1062
946
3171
952
3181
3181
3180
3176
3971
3111
6235
3412
3411
6236
3790
2173
3195
3182
988
3973
989
3196
3189
987
993
994
995
996
997
998
999
1000
1001
1002
1003
1004
1005
1006
1007
1008
1009
1010
1011
1012
1013
1014
1015
1016
1017
1018
1019
1020
1021
1022
1023
1024
1025
1026
1027
1028
1029
1030
1031
1032
1033
1034
1035
1036
1037
1038
1039
1040
1041
1042
1043
1044
1045
3391
1047
1048
3379
3382
1051
1052
1053
1054
1055
1056
1057
1058
1059
1060
1061
1062
1063
1064
1065
3433
3437
3446
1069
1070
1071
1072
1073
1074
1075
1076
1948
3479
2905
1080
114
3497
3498
3562
3507
1086
1087
1088
1089
1090
1091
1092
1093
1094
1095
1096
1097
1098
1099
1100
3571
4379
3660
3802
3575
3846
3583
1108
1109
1110
1111
1112
3618
1114
1115
1116
1117
3814
1119
1120
1121
1122
1123
1124
1125
3682
3710
1128
1129
3741
3712
1132
1133
1134
1135
1136
3796
3798
1139
1140
1141
1142
1143
1144
1145
1146
3953
1148
1149
1150
1151
1152
1153
1154
1155
1156
1157
1158
1159
1160
1161
1162
1163
4377
3991
3993
1167
3994
1169
1170
1171
1172
1173
1174
1175
1176
1177
1178
1179
1180
1181
1182
1183
1184
1185
1186
1187
1188
1189
1190
1191
1192
1193
1194
1195
1196
1197
1198
1199
1200
1201
1202
1203
1204
1205
1206
1207
1208
1209
1210
1211
1212
1213
1214
1215
1216
1217
1218
1219
1220
1221
1222
1223
1224
1225
1226
1227
1228
1229
1230
1231
1232
1233
1234
1235
1236
1237
1238
1239
1240
1241
1242
1243
1244
1245
1246
1247
1248
1249
1250
1251
1252
1253
1254
1255
1256
1257
1258
1259
1260
1261
1262
1263
1264
1265
1266
1267
1268
1269
1270
1271
1272
1273
1274
1275
1276
1277
1278
1279
1280
1281
1282
1283
1284
1285
1286
1287
1288
1289
1290
1291
1292
1293
1294
1295
1296
1297
1298
1299
1300
1301
1302
1303
1304
1305
1306
1307
1308
1309
1310
1311
1312
1313
1314
1315
1316
1317
4493
5461
4483
4485
1322
4488
5500
4494
1326
1327
1328
4503
4505
1331
1332
1333
4513
4515
5437
1337
1338
1339
1340
1341
1342
1343
1344
1345
1346
1347
1348
1349
1350
1351
1352
1353
1354
1355
1356
1357
1358
1359
5395
4565
5715
4574
1364
1365
1366
1367
1368
1369
1370
5158
5522
4590
4592
1375
1376
4648
4596
4601
1380
1381
5163
1383
1386
5400
4621
1387
5572
1389
4916
4634
1392
4955
4637
4639
4914
2253
2234
1399
4959
4674
1402
1403
1404
1405
1406
1407
1408
5224
5236
1411
5204
5203
4679
1415
1416
1417
5386
4828
5467
1421
5376
4708
1424
2544
4701
4671
683
1429
289
289
181
292
1435
4726
2197
1436
4735
1438
1440
2391
4752
277
234
227
326
280
280
178
4760
1600
5238
1453
1454
1455
4783
4788
1470
1459
1460
1656
1437
4747
1464
2224
321
321
4810
699
4816
221
210
266
195
270
285
1477
1478
4826
1480
1481
1482
4962
5724
1485
1486
1487
1488
1489
1490
1491
1492
1493
1494
549
4930
4844
6149
1500
4895
1502
1510
1493
1501
5724
1520
4899
4910
1509
1494
1493
4935
4890
1514
1514
1516
1517
5727
4908
1520
1521
6255
5546
1523
1525
1526
4974
5729
4976
3192
1531
4982
1527
1534
1535
1536
1537
1538
1539
1540
1541
1542
1543
1544
1545
1546
1547
1548
1549
1550
1551
1552
1553
1554
1555
1556
1557
1558
1559
1560
1561
1562
1563
1564
1565
1566
1567
1568
1569
1570
1571
1572
1573
1574
1575
1576
1577
1578
5165
1580
1581
1582
1583
1584
1585
5201
5211
5206
5207
1590
1591
1592
5239
1594
1431
2363
5242
4705
1599
285
285
5262
1428
1604
1605
1606
1607
1608
1609
1610
1611
1612
1613
1614
1615
1616
1617
1618
1449
1620
1621
1622
5340
1624
1625
5342
5344
1628
1629
1630
1631
1632
1633
1634
1635
1636
5570
1638
1639
1640
1641
1642
1643
1644
1645
5444
5470
1648
1649
5499
5472
1652
1653
1654
1655
2386
1657
5554
5556
1660
1661
1662
1663
1664
1665
1666
1667
5710
1669
1670
1671
1672
1673
1674
1675
1676
1677
1678
1679
1680
1681
1682
1683
1684
6123
1483
5749
1688
5750
1690
1691
1692
1693
1694
1695
1696
1697
1698
1699
1700
1701
1702
1703
1704
1705
1706
1707
1708
1709
1710
1711
1712
1713
1714
1715
1716
1717
1718
1719
1720
1721
1722
1723
1724
1725
1726
1727
1728
1729
1730
1731
1732
1733
1734
1735
1736
1737
1738
1739
1740
1741
1742
1743
1744
1745
1746
1747
1748
1749
1750
1751
1752
1753
1754
1755
1756
1757
1758
1759
1760
1761
1762
1763
1764
1765
1766
1767
1768
1769
1770
1771
1772
1773
1774
1775
1776
1777
1778
1779
1780
1784
1782
1783
3738
1785
1785
1787
1788
1790
1790
1789
1795
1792
1054
1795
1796
44
1798
84
0
44
1802
1803
1804
1805
1806
1807
1808
1809
1810
148
148
150
107
6
1816
1817
1818
1819
2153
2154
93
1823
920
2014
2014
2015
2014
1858
959
2010
1858
3084
2011
2011
2011
1836
3160
443
375
3959
2015
3958
2015
444
445
1848
3090
3094
942
4371
4370
942
4372
1847
1847
1847
3968
1859
1860
1861
1862
1863
1864
1865
1866
1867
1868
1869
1870
1871
1872
1873
1874
1875
1876
1877
1878
1879
1880
1881
1882
1883
1884
1885
1886
1887
1888
1889
1890
1891
1892
1893
1894
1895
1896
1897
1898
1899
1900
1901
1902
1903
1904
1905
1906
1907
1908
1909
1910
1911
1912
1913
1914
1915
1916
1917
1918
1919
1920
1921
1922
1923
1924
1925
1926
1927
1928
1929
1930
1931
1932
1933
1934
1935
1936
1937
1938
1939
1940
1941
1942
1943
1944
1945
1946
120
118
1949
1950
1951
1952
2019
3022
3022
3497
115
897
1959
3562
1961
4394
421
1964
1965
1966
1967
1971
1968
51
141
1972
366
920
367
366
1977
1978
89
3774
2943
2940
1983
888
1985
1986
1987
429
3969
429
3079
1992
1993
1994
1995
1996
1997
1998
1999
2000
2001
2002
2003
2004
2005
2006
2007
2008
2009
1847
1847
1847
2017
1847
1847
3090
3090
3091
2019
2020
2021
2022
2023
2024
2025
2026
2027
2028
2029
2030
2031
2032
2033
2034
2035
2036
2037
2038
2039
2040
2041
2042
2043
2044
2045
2046
2047
2048
2049
2050
2051
2052
2053
2054
2055
2056
2057
2058
2059
2060
2061
2062
2063
2064
2065
2066
2067
2068
2069
2070
2071
2072
2073
2074
2075
2076
2077
2078
2079
2080
2081
2082
2083
2084
2085
2086
2087
2088
2089
2090
2091
2092
2093
2094
2095
2096
2097
2098
2099
2100
2101
2102
2103
2104
2105
2106
2107
2108
2109
2110
2111
2112
2113
2114
2115
2116
2117
2118
2119
2120
2121
2122
2123
2124
2125
2126
2127
2128
2129
2128
4401
2135
2133
2132
2825
4391
2138
851
4391
2139
2143
2142
4393
508
2145
2146
2147
2148
6
6
6
7
2154
3017
97
2154
2158
2158
2158
2160
2161
2162
2163
2164
2165
2166
2167
2168
3186
3186
3187
3188
3784
3788
983
1842
2177
5497
519
2177
2181
2182
2181
2184
2185
2185
2187
2188
2189
2190
2191
2192
215
216
333
217
171
2198
2199
2200
2201
2202
2203
2204
2205
2206
319
319
321
319
177
2212
2213
2214
2215
2561
266
2561
2559
2220
2223
2222
313
221
2221
6150
6150
6150
2228
561
4947
5725
4881
5543
546
620
2231
2241
552
554
1398
4902
4902
4901
4848
623
2430
4889
4886
2249
2252
2252
559
2251
2255
5725
5724
5725
5725
2260
2261
2262
2263
2264
2265
2266
2267
2268
2269
2270
2271
2272
2273
2274
2275
2276
2277
2278
2279
2280
2281
2282
2283
2284
2285
2286
2287
2288
2289
2290
2291
2292
2293
2294
2295
2296
2297
2298
2299
2300
2301
2302
2303
2304
2305
2306
2307
2308
2309
2310
2311
2312
2313
2314
2315
2316
2317
2318
2319
2320
2321
2322
2323
2324
2325
2326
2327
2328
2329
2330
2331
2332
2333
2334
2335
2336
2337
2338
2339
2340
2341
2342
2343
2344
2345
2346
2347
2348
2349
2350
2351
2352
2353
2354
2355
2356
2357
2358
2359
2360
4718
291
1432
2361
4712
2367
2432
2368
284
4821
178
284
5263
2374
2375
5324
527
4819
2379
2380
2381
2382
2219
1470
2219
544
2387
2388
259
5531
4739
4742
1461
2394
2395
2396
2397
2398
2399
2400
5723
2402
2403
2404
2405
2406
2407
2408
2409
2410
2411
2412
2413
2414
2415
2416
2417
2418
2419
5725
4885
5725
2250
6161
2428
557
557
2427
4886
4888
1498
2432
2433
2434
2435
2436
2437
2438
2439
2440
2441
2442
2443
2444
2445
2446
2447
2448
2449
2450
2451
2452
2453
2454
2455
2456
2457
2458
2459
2460
2461
2462
2463
2464
2465
2466
2467
2468
2469
2470
2471
2472
2473
2474
2475
2476
2477
2478
2479
2480
2481
2482
2483
2484
2485
2486
2487
2488
2489
2490
2491
2492
2493
2494
2495
2496
2497
2498
2499
2500
2501
2502
2503
2504
2505
2506
2507
2508
2509
2510
2511
2512
2513
2514
2515
2516
2517
2518
2519
2520
2521
2522
2523
2524
2525
2526
2527
2528
2529
2530
2531
2532
2533
2534
2536
6147
2536
675
2540
4624
679
2540
2546
2546
1410
6137
1401
2548
2549
2550
2551
2552
2553
2554
177
177
178
177
4816
270
4816
2561
2563
2564
2563
2566
2567
2568
2569
2570
4973
4974
4975
4904
2578
2578
1523
5545
2579
2580
2581
2582
2583
2585
2585
2586
2589
2588
2589
2590
2591
2592
2593
2594
2595
2596
2597
2598
2599
2600
2601
2602
2603
2604
2605
2606
2607
2608
2609
2610
2611
2612
2613
2614
2615
2616
2617
2618
2619
2620
2621
2622
2623
2624
2625
2626
2627
2628
2629
2630
2631
2632
2633
2634
2635
2636
2637
2638
2639
2640
2641
2642
2643
2644
2645
2646
2647
2648
2649
2650
2651
2652
2653
2654
2655
2656
2657
2658
2659
2660
2661
2662
2663
2664
2665
2666
2667
2668
2669
2670
2671
2676
749
2672
752
3700
2680
2677
754
3703
2683
755
3748
756
2681
2674
2686
751
750
2690
2691
2692
2693
2694
2695
2696
2697
765
2707
2706
2700
764
346
2704
1791
2705
2704
2708
2709
2710
2711
2714
2713
4384
2715
2716
2717
2718
2719
2720
2721
2722
2723
2724
2725
2726
2727
2728
2729
2730
2731
2732
2733
2734
2736
3685
4543
2735
2739
2740
2741
2742
2743
2744
2745
2746
2747
2748
2749
2750
2754
729
796
2754
2755
2756
2757
2758
2759
2130
2761
2763
2134
3958
3959
3958
3957
2770
2768
4395
804
2772
2773
2774
2772
2776
2777
2778
2779
2780
2781
2782
2783
2784
2785
2790
813
2786
816
3764
2791
2791
819
2794
2795
2798
3572
2844
2796
2801
3386
824
2803
823
2805
2806
2807
830
2822
2822
2824
2811
2813
2814
2815
2816
2817
2818
2819
512
2159
3638
832
3640
3767
2826
3422
2826
2829
2830
2831
2832
2833
2834
2835
2837
3168
840
2836
839
3787
373
1832
843
2821
2845
2847
839
2840
2851
3169
2855
847
2852
3118
2859
2856
2858
2859
2860
2861
2862
2863
2864
2865
2866
2867
2868
2870
3471
858
2140
2873
2874
2875
2876
862
2881
2880
3439
862
2882
2883
2884
2885
2886
2887
2888
2889
2890
3722
2892
2893
2894
3614
872
2897
2898
2899
2140
2136
874
504
2138
505
2138
2909
2908
3590
501
2907
133
155
3496
895
134
2920
58
1073
55
120
122
118
2927
62
894
2927
2925
883
123
2934
2931
0
65
1801
2935
353
2935
2936
2937
2933
1978
2942
2938
884
2944
2947
2948
2949
106
2953
351
105
6
7
111
6
2960
875
3462
2958
3501
3492
876
2964
2966
2967
2968
2969
2966
2971
2972
2973
2974
906
2988
2989
2975
2985
41
151
49
386
2984
2985
2986
426
2987
2987
3010
3010
2992
2993
2994
2995
3755
1974
2996
2932
2999
2932
3002
889
3004
49
1970
49
426
3017
3009
426
41
151
154
107
107
3017
98
920
115
115
115
3023
3024
3025
3026
3027
762
3029
3030
762
3031
3033
3034
3035
3036
930
3038
3039
3040
3041
3042
3043
3044
1165
1165
3968
3991
959
959
3051
3051
3053
3054
3055
3058
935
3417
940
3056
3060
3060
941
3063
935
3057
3052
3066
3066
943
3067
1991
430
3075
3420
945
3074
3078
3167
1856
2011
1856
1855
3969
1165
3990
948
950
950
3092
951
951
951
3093
3132
3095
954
3134
3129
3125
3103
3099
3127
3126
380
380
3960
3970
1060
3413
3412
6235
6235
3100
3104
3100
3102
3120
964
3116
965
936
3124
3053
3128
3131
3130
1062
3416
3416
1062
945
946
945
3413
3413
3414
3167
3167
3167
3171
3144
952
952
4375
3147
4374
3117
3101
956
974
946
973
6160
2015
441
2014
2011
2014
1847
3089
3179
980
6236
3162
3415
946
3146
3146
952
3093
971
3142
3175
3178
975
3153
3179
3409
981
980
3183
3193
985
3182
3973
3973
3973
3112
978
3189
979
3194
3194
3195
3165
3190
3165
516
516
3201
3202
3203
3204
3205
3206
3207
3208
3209
3210
3211
3212
3213
3214
3215
3216
3217
3218
3219
3220
3221
3222
3223
3224
3225
3226
3227
3228
3229
3230
3231
3232
3233
3234
3235
3236
3237
3238
3239
3240
3241
3242
3243
3244
3245
3246
3247
3248
3249
3250
3251
3252
3253
3254
3255
3256
3257
3258
3259
3260
3261
3262
3263
3262
3265
3266
3267
3268
3269
3270
3271
3272
3273
3274
3275
3276
3277
3278
3279
3280
3281
3282
3283
3284
3285
3286
3287
3288
3289
3290
3291
3292
3293
3294
3295
3296
3297
3298
3299
3300
3301
3302
3303
3304
3305
3306
3307
3308
3309
3310
3311
3312
3313
3314
3315
3316
3317
3318
3319
3320
3321
3322
3323
3324
3325
3326
3327
3328
3329
3330
3331
3332
3333
3334
3335
3336
3337
3338
3339
3340
3341
3342
3343
3344
3345
3346
3347
3348
3349
3350
3351
3352
3353
3354
3355
3356
3357
3358
3359
3360
3361
3362
3363
3364
3365
3366
3367
3368
3369
3370
3371
3372
3389
3374
3375
3378
1047
3378
1048
3376
3380
1049
3381
3384
3385
3386
3386
3388
3383
814
1050
3392
3393
3394
3395
3396
3397
3398
3399
3400
3401
3402
3403
3404
3405
3406
3407
3408
3410
3410
3411
3413
3413
3414
3413
3416
3417
3418
3419
3420
3421
3053
937
3424
3425
3426
3427
3428
3429
3430
3431
3431
3433
3434
3432
3435
1066
350
350
3436
3000
3442
912
3444
2934
894
3445
2932
3449
860
3451
3452
3453
3454
3455
3456
3457
3458
3459
3459
3461
3463
3464
3460
2961
3466
3467
3468
3469
3470
3471
3472
3473
3474
3475
3476
2927
3477
1073
2901
873
2904
3482
3484
3485
3486
3487
3488
3496
3497
116
3495
2914
3490
2912
134
155
895
3499
2906
2906
3505
1085
3504
3506
1793
349
3508
3509
3510
3511
3512
3513
3514
3515
3516
3517
3518
3519
3520
3521
3522
3523
3524
3525
3526
3527
3528
3529
3530
3531
3532
3533
3534
3535
3536
3537
3538
3539
3540
3541
3542
3543
3544
3545
3546
3547
3548
3549
3550
3551
3552
3553
3554
3555
3022
115
112
2857
3560
3559
3561
3563
3564
3565
3566
3567
3568
834
3123
835
381
3574
1851
1101
3571
3570
3577
3576
2799
377
3580
821
3584
3585
3586
3587
3588
3589
2952
2954
2951
3593
3594
3595
3596
3597
3598
3599
3600
3601
3602
3603
3604
3605
3606
3607
3608
3609
3610
3611
3612
3613
3615
3617
1113
893
893
3619
3620
3621
3622
3623
3624
3625
3626
3627
3696
3629
3630
3631
3632
500
2812
3637
3636
3814
3637
1118
3815
3641
3642
3643
3644
3645
824
3387
3647
3649
3650
3651
3652
822
3573
822
3656
3657
3658
3659
835
3661
3662
3663
3664
3665
3666
3667
3668
3669
753
3671
3672
3673
3674
1791
3681
3676
3678
3678
3680
3683
1127
3709
107
2685
757
3687
3688
3689
3690
3691
3692
3693
3694
3697
3677
3706
3698
769
3701
3739
1130
3703
3704
3705
3707
3711
1131
3679
356
2970
503
3713
3714
3715
3716
3717
3718
3719
3720
3721
2695
3723
3724
3725
3726
3727
3728
3729
3730
3731
3732
3733
3734
3735
3736
3737
2678
2839
841
842
3742
1968
1969
3745
3746
3747
2854
848
3750
3751
3752
3753
3754
1974
1975
2998
3758
3759
3760
3761
3762
3763
3765
3765
3766
3767
804
2775
3770
3771
3772
3773
2942
3775
3776
3777
3778
3779
3780
1102
3795
959
3785
3968
373
3072
1137
3798
3789
3791
3792
3793
1104
3803
1165
3177
3185
3185
1103
3801
966
3070
3804
3805
3806
3807
3808
2788
3810
3811
3812
3813
2769
803
2771
3817
3818
3819
3820
3821
3822
3823
3824
3825
3826
3827
3828
3829
3830
3831
3832
3833
3834
3835
3836
3837
3838
3839
3840
3841
3842
3843
1147
3952
3957
3956
3848
3849
3850
3851
3852
3853
3854
3855
3856
3857
3858
3859
3860
3861
3862
3863
3864
3865
3866
3867
3868
3869
3870
3871
3872
3873
3874
3875
3876
3877
3878
3879
3880
3881
3882
3883
3884
3885
3886
3887
3888
3889
3890
3891
3892
3893
3894
3895
3896
3897
3898
3899
3900
3901
3902
3903
3904
3905
3906
3907
3908
3909
3910
3911
3912
3913
3914
3915
3916
3917
3918
3919
3920
3921
3922
3923
3924
3925
3926
3927
3928
3929
3930
3931
3932
3933
3934
3935
3936
3937
3938
3939
3940
3941
3942
3943
3944
3945
3946
3947
3948
3949
3950
3951
2792
818
3954
3956
4376
1164
3960
380
4378
3961
3962
3963
3965
3140
1165
3968
1165
3991
3972
1166
3992
1166
3975
3993
3976
3977
3978
3979
3980
3981
3982
3983
2638
732
3986
3987
3988
3989
974
974
3164
982
982
3198
3996
3997
3998
3999
4000
4001
4002
4003
4004
4005
4006
4007
4008
4009
4010
4011
4012
4013
4014
4015
4016
4017
4018
4019
4020
4021
4022
4023
4024
4025
4026
4027
4028
4029
4030
4031
4032
4033
4034
4035
4036
4037
4038
4039
4040
4041
4042
4043
4044
4045
4046
4047
4048
4049
4050
4051
4052
4053
4054
4055
4056
4057
4058
4059
4060
4061
4062
4063
4064
4065
4066
4067
4068
4069
4070
4071
4072
4073
4074
4075
4076
4077
4078
4079
4080
4081
4082
4083
4084
4085
4086
4087
4088
4089
4090
4091
4092
4093
4094
4095
4096
4097
4098
4099
4100
4101
4102
4103
4104
4105
4106
4107
4108
4109
4110
4111
4112
4113
4114
4115
4116
4117
4118
4119
4120
4121
4122
4123
4124
4125
4126
4127
4128
2920
4129
4131
4132
4133
4134
4135
4136
4137
4138
4139
4140
4141
4142
4143
4144
4145
4146
4147
4148
4149
4150
4151
4152
4153
4154
4155
4156
4157
4158
4159
4160
4161
4162
4163
4164
4165
4166
4167
4168
4169
4170
4171
4172
4173
4174
4175
4176
4177
4178
4179
4180
4181
4182
4183
4184
4185
4186
4187
4188
4189
4190
4191
4192
4193
4194
4195
4196
4197
4198
4199
4200
4201
4202
4203
4204
4205
4206
4207
4208
4209
4210
4211
4212
4213
4214
4215
4216
4217
4218
4219
4220
4221
4222
4223
4224
4225
4226
4227
4228
4229
4230
4231
4232
4233
4234
4235
4236
4237
4238
4239
4240
4241
4242
4243
4244
4245
4246
4247
4248
4249
4250
4251
4252
4253
4254
4255
4256
4257
4258
4259
4260
4261
4262
4263
4264
4265
4266
4267
4268
4269
4270
4271
4272
4273
4274
4275
4276
4277
4278
4279
4280
4281
4282
4283
4284
4285
4286
4287
4288
4289
4290
4291
4292
4293
4294
4295
4296
4297
4298
4299
4300
4301
4302
4303
4304
4305
4306
4307
4308
4309
4310
4311
4312
4313
4314
4315
4316
4317
4318
4319
4320
4321
4322
4323
4324
4325
4326
4327
4328
4329
4330
4331
4332
4333
4334
4335
4336
4337
4338
4339
4340
4341
4342
4343
4344
4345
4346
4347
4348
4349
4350
4351
4352
4353
4354
4355
4356
4357
4358
4359
4360
4361
4362
4363
4364
4365
4366
3977
4368
4369
939
3062
3064
3096
3096
4373
2850
846
379
382
4380
4381
4382
2797
4384
2946
4386
4387
4388
4389
3744
2866
2150
4393
115
508
4396
4397
4398
4399
4400
4401
1856
3133
1847
3415
4406
4407
4408
4409
4410
4411
4412
4413
4414
4415
4416
4417
4418
4419
4420
4421
4422
4423
4424
4425
4426
4427
4428
4429
4430
4431
4432
4433
4434
4435
4436
4437
4438
4439
4440
4441
4442
4443
4444
4445
4446
4447
4448
4449
4450
4451
4452
4453
4454
4455
4456
4457
4458
4459
4460
4461
4462
4463
4464
4465
4466
4467
4468
4469
4470
4471
4472
4473
4474
4475
4476
4477
4478
4479
4480
4482
5460
1319
4481
1318
4487
5463
1322
4486
4492
4490
5507
1324
1320
4484
1320
4496
4498
4499
4500
4502
4502
4503
4501
1327
4506
4507
4508
5459
4510
4514
4511
1336
5436
523
4516
4517
4518
4519
4520
4521
4522
4523
4524
4525
4526
4527
4528
4529
4530
4531
4532
4533
4534
4535
4536
4537
4538
4539
4540
1321
4495
5446
4544
4545
4546
4547
4548
4549
4550
4551
4552
4553
4554
4556
4556
1301
4558
4559
4560
4561
4562
676
5394
1360
2537
621
4569
2426
2425
4573
4572
4573
4574
4575
4576
4577
4578
4579
4580
4581
4582
4583
4584
4585
4586
4587
4589
5521
1372
4588
1371
4593
4594
4595
1377
4593
4600
4598
4600
1380
4605
4602
1382
5162
4606
4607
4608
1385
4609
4626
4622
4621
4614
4615
4616
4617
4618
4619
4620
2565
691
2565
1388
4625
5401
4627
4628
4629
5188
4631
4632
4631
1392
4635
4640
4640
4636
1396
4914
4642
4642
2234
4641
4645
4646
4645
1393
4956
4649
4637
4653
4912
4652
4656
4656
4657
4655
4659
4660
4661
4662
4663
4664
4665
4666
4667
4669
5235
4668
1409
4672
4673
4674
4675
4678
1412
5202
1413
4680
4681
4682
4683
4684
4685
4686
5482
4688
1420
4690
4691
1422
5375
5354
4695
4696
4697
4698
4670
4699
1427
2543
2547
2547
683
4709
4706
680
5351
4710
288
227
287
179
305
231
1592
231
226
291
289
292
4725
235
4725
1444
294
294
4726
4732
4730
236
171
2196
531
2196
4734
4733
4735
4736
2388
4741
4736
1436
4743
4724
1435
4746
276
276
1443
277
177
177
280
178
4759
4757
5226
1426
5265
5258
5264
1428
4765
4766
4767
4768
4765
4770
4771
4772
4773
1456
4785
4776
4777
4775
4779
1465
223
340
4808
4784
4786
699
1469
1468
4790
4809
4791
4792
4793
4794
4796
2385
4797
4731
4798
4731
4801
4802
4803
223
223
2224
699
699
4810
2222
212
324
320
319
275
4816
269
4810
284
284
284
4822
4823
4824
4825
1329
4828
1329
4503
4829
4831
4832
4833
4834
4835
4836
4837
4838
4839
4840
541
4830
1686
1483
5724
4846
4847
1505
4849
4850
4851
4852
4853
4854
4855
4856
4857
4858
4859
4860
4861
4862
4863
4864
4865
4866
4867
4868
4869
6118
4871
4872
4873
4874
4875
4876
549
2230
4878
2236
2401
2401
607
4843
1498
4891
5721
1500
4890
4895
1500
4923
4922
4873
1503
4894
4918
4919
4893
4898
1505
1505
5726
4903
5180
5180
4905
1520
4897
4899
4897
4913
4911
4937
4863
1486
4917
4921
4926
5183
5183
1494
4873
4873
1493
5182
5184
4876
4876
4876
4958
1513
4938
1499
6120
6121
1504
6119
4900
4940
4961
4942
2236
2236
620
2423
5725
5724
4966
4966
4949
1514
6151
4942
4935
4936
4890
4890
1512
4932
4961
4962
4963
4964
4965
4966
4967
4968
4969
4970
4971
4972
5729
5729
5729
4907
4976
1519
4979
4980
4981
1519
4978
4951
2244
4985
4987
4988
4989
4990
4991
4992
4993
4994
4995
4996
4997
4998
4999
5000
5001
5002
5003
5004
5005
5006
5007
5008
5009
5010
5011
5012
5013
5014
5015
5016
5017
5018
5019
5020
5021
5022
5023
5024
5025
5026
5027
5028
5029
5030
5031
5032
5033
5034
5035
5036
5037
5038
5039
5040
5041
5042
5043
5044
5045
5046
5047
5048
5049
5050
5051
5052
5053
5053
5055
5056
5057
5058
5059
5060
5061
5062
5063
5064
5065
5066
5067
5068
5069
5070
5071
5072
5073
5074
5075
5076
5077
5078
5079
5080
5081
5082
5083
5084
5085
5086
5087
5088
5089
5090
5091
5092
5093
5094
5095
5096
5097
5098
5099
5100
5101
5102
5103
5104
5105
5106
5107
5108
5109
5110
5111
5112
5113
5114
5115
5116
5117
5118
5119
5120
5121
5122
5123
5124
5125
5126
5127
5128
5129
5130
5131
5132
5133
5134
5135
5136
5137
5138
5139
5140
5141
5142
5143
5144
5145
5146
5147
5148
5149
5150
5151
5154
5153
5164
5157
5155
5157
1580
5156
5159
5161
5162
5163
5160
1374
5166
5167
5168
5169
5170
5171
5172
5173
5174
5175
5176
5177
5178
5179
5180
5181
5182
5183
5184
5185
5186
5187
4851
5189
5190
5191
5192
5193
5194
5195
5196
5197
5195
5198
5199
1585
5200
1586
526
4799
1463
1462
5205
239
5209
1444
4730
5213
5214
5215
5216
5217
5218
5219
5220
5221
5222
5223
5224
5223
5227
5228
5225
5229
5230
5231
5232
5233
5234
5235
5236
2364
2365
1596
5237
4725
1592
5241
4699
4703
5244
5247
5248
5249
5250
5251
5252
287
5260
285
4713
1601
4711
4711
305
287
227
285
4704
4704
5266
5267
5268
5269
2189
5271
5272
5273
5274
5275
5276
5277
5278
5279
5280
5281
5282
5283
5284
5285
5286
5287
5288
5289
5290
5291
5292
5293
5294
5295
5296
5297
5298
5299
5300
5301
5302
5303
5304
5305
5306
5307
5308
5309
5310
5311
5312
5313
5314
5315
5316
5317
4821
284
283
4658
5321
5323
5322
5325
5326
5327
5328
5329
5330
5331
5332
5333
5334
5335
5336
5337
5338
5339
1621
4599
1379
5341
553
5345
5346
5347
5348
5349
5350
4749
528
4751
5354
5355
5356
5357
5358
5359
5360
5361
5362
5363
5364
5365
5366
5367
5368
5369
5370
5371
5372
5373
5374
5377
1633
5379
5379
5379
5380
5381
5382
5383
5385
5391
1330
5384
5388
5389
5390
5393
1636
5393
4610
1384
5396
5398
5398
5399
1637
5571
5402
5403
5404
5405
5406
5409
1623
5421
5410
5411
5412
5413
5416
5414
5416
5417
6129
5419
5420
5331
5422
5423
5424
5425
4512
1335
5428
5429
1323
5431
5432
5433
5434
5435
5438
1646
5442
5439
5440
5441
5443
5469
1647
176
4491
5447
5448
5449
5450
5451
5452
5453
5454
5456
5466
5455
5458
5457
5462
1650
5498
5463
5464
5465
5468
1651
5471
5440
533
4769
682
5473
5474
5475
5476
5477
5478
5479
5480
5481
4504
5483
5484
5485
5486
5487
5488
5489
5490
5491
5492
5493
5494
5495
5496
4489
4638
1394
1395
5501
2225
2225
1419
4827
4827
4654
5508
5509
5510
5511
5512
2384
2386
5515
5516
5517
5518
5519
5520
5523
5522
5523
5524
5525
5526
5527
5528
5529
5530
4741
5532
5533
5534
5535
5536
5537
5538
5539
1484
5724
1658
4641
1397
5547
1659
5555
5548
5549
5550
5551
5552
5553
5554
5555
1525
5557
5558
5559
5560
5561
5562
5563
5564
4591
5566
5567
5568
5569
5570
1363
1363
5573
5574
5575
5576
5577
5578
5579
5580
5581
5582
5583
5584
5585
5586
5587
5588
5589
5590
5591
5592
5593
5594
5595
5596
5597
5599
5709
5603
5600
1362
5713
5604
5605
5606
5607
5608
5609
5610
5611
5612
5613
5614
5615
5616
5617
5618
5619
5620
5621
5622
5623
5624
5625
5626
5627
5628
5629
5630
5631
5632
5633
5634
5635
5636
5637
5638
5639
5640
5641
5642
5643
5644
5645
5646
5647
5648
5649
5650
5651
5652
5653
5654
5655
5656
5657
5658
5659
5660
5661
5662
5663
5664
5665
5666
5667
5668
5669
5670
5671
5672
5673
5674
5675
5676
5677
5678
5679
5680
5681
5682
5683
5684
5685
5686
5687
5688
5689
5690
5691
5692
5693
5694
5695
5696
5697
5698
5699
5700
5701
5702
5703
5704
5699
1683
5707
5708
4597
1378
5711
5714
1685
6122
5716
6124
5717
5718
5719
1496
4929
1686
1483
4846
5724
5728
1687
5748
1687
5749
5730
5732
5733
5734
5735
5736
5737
5738
5739
4446
5741
1302
5743
5744
5745
4940
4941
4941
1522
1522
4984
5752
5753
5754
5755
5756
5757
5758
5759
5760
5761
5762
5763
5764
5765
5766
5767
5768
5769
5770
5771
5772
5773
5774
5775
5776
5777
5778
5779
5780
5781
5782
5783
5784
5785
5786
5787
5788
5789
5790
5791
5792
5793
5794
5795
5796
5797
5798
5799
5800
5801
5802
5803
5804
5805
5806
5807
5808
5809
5810
5811
5812
5813
5814
5815
5816
5817
5818
5819
5820
5821
5822
5823
5824
5825
5826
5827
5828
5829
5830
5831
5832
5833
5834
5835
5836
5837
5838
5839
5840
5841
5842
5843
5844
5845
5846
5847
5848
5849
5850
5851
5852
5853
5854
5855
5856
5857
5858
5859
5860
5861
5862
5863
5864
5865
5866
5867
5868
5869
5870
5871
5872
5873
5874
5875
5876
5877
5878
5879
4719
5880
5882
5883
5884
5885
5886
5887
5888
5889
5890
5891
5892
5893
5894
5895
5896
5897
5898
5899
5900
5901
5902
5903
5904
5905
5906
5907
5908
5909
5910
5911
5912
5913
5914
5915
5916
5917
5918
5919
5920
5921
5922
5923
5924
5925
5926
5927
5928
5929
5930
5931
5932
5933
5934
5935
5936
5937
5938
5939
5940
5941
5942
5943
5944
5945
5946
5947
5948
5949
5950
5951
5952
5953
5954
5955
5956
5957
5958
5959
5960
5961
5962
5963
5964
5965
5966
5967
5968
5969
5970
5971
5972
5973
5974
5975
5976
5977
5978
5979
5980
5981
5982
5983
5984
5985
5986
5987
5988
5989
5990
5991
5992
5993
5994
5995
5996
5997
5998
5999
6000
6001
6002
6003
6004
6005
6006
6007
6008
6009
6010
6011
6012
6013
6014
6015
6016
6017
6018
6019
4748
6021
6022
6023
6024
6025
6026
6027
6028
6029
6030
6031
6032
6033
6034
6035
6036
6037
6038
6039
6040
6041
6042
6043
6044
6045
6046
6047
6048
6049
6050
6051
6052
6053
6054
6055
6056
6057
6058
6059
6060
6061
6062
6063
6064
6065
6066
6067
6068
6069
6070
6071
6072
6073
6074
6075
6076
6077
6078
6079
6080
6081
6082
6083
6084
6085
6086
6087
6088
6089
6090
6091
6092
6093
6094
6095
6096
6097
6098
6099
6100
6101
6102
6103
6104
6105
6106
6107
6108
6109
6110
6111
6112
5734
6114
6115
6116
6117
2254
4892
4896
6119
1400
4960
556
6125
5343
4633
1391
5415
6130
4745
6132
6133
6134
6135
5503
4667
280
6139
284
6141
6142
6143
6144
6145
6146
2542
1398
1511
5725
6151
6152
6153
6154
6155
6156
6157
6158
6159
380
2250
6162
6163
6164
6165
6166
6167
6168
6169
6170
6171
6172
6173
6174
6175
6176
6177
6178
6179
6180
6181
1527
987
2173
1523
6186
6187
6188
6189
6190
6191
3192
6193
6194
6195
6196
6238
6198
6199
6200
6201
6202
6203
6238
6205
5729
6207
3973
6209
6210
6211
6212
6213
6214
6215
6216
6217
6218
6219
6220
6221
6222
6223
6224
6225
6226
6227
6228
6229
6230
6231
6232
6233
6234
6216
6215
6237
6238
6239
6240
6241
6242
6243
6244
6245
6246
6247
6248
6249
6250
6251
6252
6253
6254
6234
6256
6257
6258
6259
6260
6261
6262
6263
6264
6265
6266
6267
6268
6269
6270
6271
6272
6273
6274
6275
6276
6277
6278
6279
6280
6281
6282
6283
6284
6285
6286
6287
6288
6289
6274
6270
