0
87
2
3
4
5
6
7
2913
9
122
125
12
13
14
15
16
17
18
19
20
2931
1823
1821
24
3018
26
27
109
29
30
31
1949
2925
34
35
36
37
38
39
40
41
42
168
47
45
46
84
48
49
50
51
52
53
54
55
56
57
58
59
60
62
123
11
64
65
126
67
68
69
70
71
72
73
74
75
76
77
78
79
80
81
82
83
86
21
2933
1801
1798
1977
90
91
92
1820
94
95
96
97
98
99
100
100
4
103
104
105
106
107
108
29
110
111
112
113
2913
3022
2914
3491
118
119
121
878
2918
124
1950
33
127
2926
128
129
130
131
132
133
134
135
136
137
138
139
140
142
142
143
144
145
146
147
148
149
150
151
152
152
154
155
156
157
158
159
160
161
162
163
164
165
166
167
168
169
170
171
2196
264
268
175
176
177
178
179
180
292
295
183
184
185
186
187
188
189
190
2195
4731
2220
2218
195
545
197
198
282
200
201
202
2364
4746
205
206
311
208
209
1472
211
212
213
338
215
216
217
218
219
220
2224
222
223
224
225
226
227
228
229
230
231
235
233
234
294
236
237
238
239
240
241
242
243
244
245
246
247
248
249
250
251
252
253
254
532
260
4733
258
261
173
263
2387
265
174
267
2216
1474
2222
269
195
273
272
273
274
275
276
277
278
279
280
281
200
283
4821
4714
286
4713
287
289
5253
293
292
293
296
295
2363
298
1435
299
300
301
302
303
288
305
306
307
310
207
310
310
2223
2223
197
2223
318
316
331
319
320
321
322
220
324
323
326
327
328
329
330
2221
332
317
334
335
336
337
338
337
340
340
2690
343
1783
345
346
347
348
1796
1794
106
2931
87
20
21
356
357
1802
1987
1806
3036
6
1816
3034
3033
907
1976
3018
1164
1164
1846
3960
1990
1164
1832
1164
3957
1164
2848
4377
1853
3069
4378
1846
27
26
387
388
389
390
391
392
393
394
395
396
397
398
399
400
401
402
403
404
405
406
407
408
409
410
411
412
413
414
415
416
417
418
419
420
421
3494
423
424
425
3011
2977
428
3170
3078
431
432
433
434
435
436
437
438
439
4378
1164
4378
1164
3172
3172
2020
447
448
449
450
451
452
453
454
455
456
457
458
459
460
461
462
463
464
465
466
467
468
469
470
471
472
473
474
475
476
477
478
479
480
481
482
483
484
485
486
487
488
489
490
491
492
493
494
495
496
497
2131
2783
2823
501
502
503
2140
505
506
2815
2776
509
510
511
3635
2160
514
515
3956
3958
2180
2179
520
521
522
523
524
2190
2192
2558
4752
4731
2195
333
258
533
534
2396
2198
2202
4835
177
2213
4829
4832
1458
2383
545
2250
557
4885
2230
550
557
2234
2240
2426
557
4649
6124
558
559
2249
2431
198
563
564
565
566
567
568
569
570
571
572
573
574
575
576
577
578
579
580
581
582
583
584
585
586
587
588
589
590
591
592
593
594
595
596
597
598
599
600
601
5257
603
604
605
5509
607
608
609
610
611
612
613
614
615
616
617
2247
2249
2250
2426
4959
4932
2434
625
626
627
628
629
630
631
632
633
634
635
636
637
638
639
640
641
642
643
644
645
646
647
648
649
650
651
652
653
654
655
656
657
658
659
660
661
662
663
664
665
666
667
668
669
670
671
672
673
674
675
2536
677
4587
4611
680
681
682
683
684
685
686
687
688
689
2564
2566
692
693
4904
547
696
697
698
699
700
701
702
703
704
705
706
707
708
709
710
711
712
713
714
715
716
717
718
719
720
721
722
723
724
725
726
727
728
729
730
731
732
733
734
735
736
737
738
739
740
741
742
743
744
745
746
747
748
3685
2735
2687
2675
1784
2679
2682
2684
3686
2739
759
760
3626
2693
763
2699
765
766
767
768
769
770
771
772
773
774
775
776
777
3429
2722
2724
3458
782
783
784
785
786
2737
2740
2742
3541
2744
792
793
794
795
796
797
798
799
800
3633
3956
2769
3769
805
3779
2774
808
809
810
2817
2832
813
814
815
816
3961
2791
3742
3704
2796
3572
823
824
825
826
827
2810
512
3639
831
3816
2830
2828
3387
3388
837
3653
2839
841
3740
3739
3073
371
2847
2849
3749
3749
849
850
851
2861
853
854
855
856
3472
852
2881
2879
3437
350
863
864
865
3624
867
868
3722
870
871
872
2901
858
874
876
877
902
3474
3473
31
3466
4267
21
3441
1982
887
2998
361
3004
891
899
893
33
118
114
111
29
109
2959
901
2965
903
904
2973
2979
2978
3503
3039
2998
3466
3442
2992
151
151
916
1970
2986
2975
2989
1823
24
1821
30
3511
926
927
3510
3028
3035
3759
3029
3090
1846
3053
834
833
937
3057
940
3059
3061
3122
4370
953
951
1164
3170
3143
3142
3145
3146
963
4374
3102
965
3148
962
4378
1060
3412
965
964
840
847
3569
956
953
958
951
2837
3168
973
973
974
3174
4377
3190
3192
3412
961
3198
2174
2176
985
986
987
988
989
2836
2852
992
993
994
995
996
997
998
999
1000
1001
1002
1003
1004
1005
1006
1007
1008
1009
1010
1011
1012
1013
1014
1015
1016
1017
1018
1019
1020
1021
1022
1023
1024
1025
1026
1027
1028
1029
1030
1031
1032
1033
1034
1035
1036
1037
3364
3362
1040
1041
3366
3368
3371
1045
1046
1047
1048
1049
1050
1051
3532
3397
3399
3533
1056
1057
1058
1059
1060
1061
958
3419
1064
1065
1044
1066
2925
3450
3451
1071
1072
122
3467
1075
3474
902
1949
1079
1080
1956
422
31
1084
3507
1086
1087
1088
1089
1090
1091
1092
1093
1094
1095
1096
1097
1098
1099
1100
3571
4379
1103
3577
1105
3844
3580
1108
1109
1110
1111
1112
1113
1114
1115
3805
1117
3814
1119
1120
1121
1122
1123
1124
3674
1126
1127
1128
3693
3702
1131
1132
1133
1134
1135
1136
3796
1138
1139
1140
1141
1142
1143
1144
1145
1146
3952
1148
3853
1150
1151
1152
1153
1154
1155
1156
1157
1158
1159
1160
1161
1162
1163
4376
444
3975
1167
2849
1169
1170
1171
1172
1173
1174
1175
1176
1177
1178
1179
1180
1181
1182
1183
1184
1185
1186
1187
1188
1189
1190
1191
1192
1193
1194
1195
1196
1197
1198
1199
1200
1201
1202
1203
1204
1205
1206
1207
1208
1209
1210
1211
1212
1213
1214
1215
1216
1217
1218
1219
1220
1221
1222
1223
1224
1225
1226
1227
1228
1229
1230
1231
1232
1233
1234
1235
1236
1237
1238
1239
1240
1241
1242
1243
1244
1245
1246
1247
1248
1249
1250
1251
1252
1253
1254
1255
1256
1257
1258
1259
1260
1261
1262
1263
1264
1265
1266
1267
1268
1269
1270
1271
1272
1273
1274
1275
5630
1277
1278
1279
1280
1281
1282
1283
1284
1285
1286
1287
1288
4431
5625
5612
4433
1293
1294
1295
1296
1297
1298
1299
1300
1301
1302
1303
1304
1305
1306
1307
1308
1309
1310
1311
1312
1313
1314
5487
1316
1317
4485
4483
4496
4495
4488
5430
4493
4500
1326
1327
1328
4501
5385
1331
1332
1333
1334
1335
1336
1337
1338
1339
1340
1341
1342
5193
1344
4528
5308
1347
1348
1349
4549
4547
5305
1353
1354
1355
1356
1357
1358
1359
5394
1361
5713
1363
1364
1365
4578
1367
1368
1369
1370
1371
1372
1373
1374
5452
5465
5501
4593
1379
1380
1381
1382
1383
1386
5400
691
1387
1388
5163
4629
1391
1392
4638
5499
5500
1395
1397
2230
4646
4651
1401
1402
1403
1404
1405
4663
1407
1408
5224
1410
4677
5204
1586
4679
1415
1416
1417
1418
5482
1420
1421
1422
1423
1424
1425
4701
4671
1428
1429
5238
202
203
5240
5231
6020
192
5205
1438
4739
5515
4802
4751
1443
295
289
285
282
200
280
4760
1451
4763
1453
4768
4773
4776
4774
1457
4838
5269
4797
5208
5231
4793
1465
320
320
4785
4787
1468
2224
197
2220
195
2218
201
1477
1478
4826
4833
5517
4842
1483
5541
4852
1390
4864
1488
4856
6117
4867
2255
4942
1494
2231
4889
4844
4934
4935
4938
4910
4899
1493
4937
1484
1520
1508
4914
5332
5184
4942
4640
4936
1514
1514
1516
1517
5729
4978
1520
1521
4984
1523
1524
1525
1526
4975
1528
4652
2853
1531
1532
1533
1534
1535
1536
1537
1538
1539
1540
1541
1542
1543
1544
1545
1546
1547
1548
1549
1550
1551
1552
1553
1554
1555
1556
1557
1558
1559
1560
1561
1562
1563
1564
1565
1566
1567
1568
1569
1570
1571
1572
1573
1574
1575
5144
5147
5150
1579
1580
5295
5171
1583
1584
5197
5201
4746
5215
5214
1590
1591
292
5230
1594
1452
5240
2364
1598
1599
602
2373
202
1603
1604
1605
1606
1607
1608
1609
1610
1611
1612
1613
1614
5304
1616
1617
1618
1619
1620
5340
1622
1623
1624
1625
1626
5600
1628
1629
1630
1631
1632
1633
1634
1635
1636
5398
1638
1639
1640
1641
1642
1643
5433
5432
1646
1647
5593
5453
5461
1651
1652
1653
1654
1655
4796
1657
5722
1659
1660
1661
1662
1663
1664
1665
1666
1667
5710
1669
5610
1671
1672
1673
1674
1675
1676
1677
1678
1679
1680
1681
1682
1683
1684
6122
1483
5750
1688
1689
1690
1691
1692
1693
1694
1695
1696
1697
1698
1699
1700
1701
1702
1703
1704
1705
1706
1707
1708
1709
1710
1711
1712
1713
1714
1715
1716
1717
1718
1719
1720
1721
1722
1723
1724
1725
1726
1727
1728
1729
1730
1731
1732
1733
1734
1735
1736
1737
1738
1739
1740
1741
1742
1743
1744
1745
1746
1747
1748
1749
1750
1751
1752
1753
1754
1755
1756
1757
1758
1759
1760
1761
1762
1763
1764
1765
1766
1767
1768
1769
1770
1771
1772
1773
1774
1775
1776
1777
1778
1779
1780
1782
2692
343
1782
1785
1786
1787
1788
1789
1790
1791
1054
1792
3399
3398
1795
86
20
2933
21
86
1805
357
359
1985
358
1810
1809
3038
3201
107
107
151
103
6
1818
1818
3033
365
1974
1974
1820
367
907
1164
1164
1164
1164
1846
3960
3960
1846
1989
1164
1164
1164
1164
3960
3957
1832
1164
3960
3957
1164
846
846
4377
3173
2851
4371
944
3069
942
4372
4378
4378
3960
1846
1859
1860
1861
1862
1863
1864
1865
1866
1867
1868
1869
1870
1871
1872
1873
1874
1875
1876
1877
1878
1879
1880
1881
1882
1883
1884
1885
1886
1887
1888
1889
1890
1891
1892
1893
1894
1895
1896
1897
1898
1899
1900
1901
1902
1903
1904
1905
1906
1907
1908
1909
1910
1911
1912
1913
1914
1915
1916
1917
1918
1919
1920
1921
1922
1923
1924
1925
1926
1927
1928
1929
1930
1931
1932
1933
1934
1935
1936
1937
1938
1939
1940
1941
1942
1943
1944
1945
3474
3474
902
3483
3474
1952
1952
1952
1955
3556
3494
1954
1958
1959
1960
1961
1962
1963
1964
1965
1966
1967
1968
1969
386
142
1972
930
2977
2996
930
1978
1978
1977
3003
889
890
1807
3757
1986
1986
428
2018
445
444
3094
1992
1993
1994
1995
1996
1997
1998
1999
2000
2001
2002
2003
2004
2005
2006
2007
2008
2009
4378
4378
4378
4378
4377
1164
3173
3173
3172
1951
420
1953
2022
2023
2024
2025
2026
2027
2028
2029
2030
2031
2032
2033
2034
2035
2036
2037
2038
2039
2040
2041
2042
2043
2044
2045
2046
2047
2048
2049
2050
2051
2052
2053
2054
2055
2056
2057
2058
2059
2060
2061
2062
2063
2064
2065
2066
2067
2068
2069
2070
2071
2072
2073
2074
2075
2076
2077
2078
2079
2080
2081
2082
2083
2084
2085
2086
2087
2088
2089
2090
2091
2092
2093
2094
2095
2096
2097
2098
2099
2100
2101
2102
2103
2104
2105
2106
2107
2108
2109
2110
2111
2112
2113
2114
2115
2116
2117
2118
2119
2120
2121
2122
2123
2124
2125
2126
2127
496
2129
2128
496
4401
4401
2132
499
2139
2136
2138
2139
857
2143
507
4393
2144
2145
2582
2147
2148
2151
106
2151
2149
3019
920
97
907
511
3636
2158
511
2161
2162
2163
2164
2165
2166
2167
2168
987
2169
2171
3187
517
369
2173
1843
520
2180
520
4499
2181
2182
2183
2184
2185
2186
2187
2191
2188
1477
5172
1582
216
4733
4734
215
258
2199
2395
535
534
536
4835
4987
4836
2205
275
275
320
275
177
2214
541
4831
2214
2219
2216
2384
2384
544
2221
2222
2223
1472
2225
557
2250
2250
557
548
618
618
4887
2233
2232
557
2232
4879
1398
621
549
2427
557
2243
6161
4960
1400
4959
556
2247
2252
2252
2253
2251
558
618
2431
618
618
2260
2261
2262
2263
2264
2265
2266
2267
2268
2269
2270
2271
2272
2273
2274
2275
2276
2277
2278
2279
2280
2281
2282
2283
2284
2285
2286
2287
2288
2289
2290
2291
2292
2293
2294
2295
2296
2297
2298
2299
2300
2301
2302
2303
2304
2305
2306
2307
2308
2309
2310
2311
2312
2313
2314
2315
2316
2317
2318
2319
2320
2321
2322
2323
2324
2325
2326
2327
2328
2329
2330
2331
2332
2333
2334
2335
2336
2337
2338
2339
2340
2341
2342
2343
2344
2345
2346
2347
2348
2349
2350
2351
2352
2353
2354
2355
2356
2357
2358
2359
2360
5240
5240
5240
5240
1452
2368
2368
2368
2369
2370
527
2369
5257
2374
2375
2376
2377
2378
2380
2380
2379
2382
4789
4789
1457
2385
2388
2388
2387
1440
1441
2392
4797
4803
2397
606
5528
1498
2399
2400
2401
2402
2403
2404
2405
2406
2407
2408
2409
2410
2411
2412
2413
2414
2415
2416
2417
2418
2419
2250
2247
618
2250
2250
557
5716
2250
557
556
4932
556
2367
2367
601
2435
2436
2437
2438
2439
2440
2441
2442
2443
2444
2445
2446
2447
2448
2449
2450
2451
2452
2453
2454
2455
2456
2457
2458
2459
2460
2461
2462
2463
2464
2465
2466
2467
2468
2469
2470
2471
2472
2473
2474
2475
2476
2477
2478
2479
2480
2481
2482
2483
2484
2485
2486
2487
2488
2489
2490
2491
2492
2493
2494
2495
2496
2497
2498
2499
2500
2501
2502
2503
2504
2505
2506
2507
2508
2509
2510
2511
2512
2513
2514
2515
2516
2517
2518
2519
2520
2521
2522
2523
2524
2525
2526
2527
2528
2529
2530
2531
2532
2533
2534
2535
2536
2535
2538
2542
2540
679
6147
2543
2544
1410
2546
2547
2548
2549
2550
2551
2552
2553
2554
276
276
2555
4749
4818
195
2562
4790
689
2564
2563
689
2567
2568
2569
2570
2572
4973
2573
2572
2578
2576
2577
2578
2579
2580
2581
2582
2583
2585
2585
2816
2587
2588
2589
2590
2591
2592
2593
2594
2595
2596
2597
2598
2599
2600
2601
2602
2603
2604
2605
2606
2607
2608
2609
2610
2611
2612
2613
2614
2615
2616
2617
2618
2619
2620
2621
3868
2623
2624
2625
2626
2627
2628
2629
2630
2631
2632
2633
2634
2635
2636
2637
2638
2639
2640
2641
2642
2643
2644
2645
2646
2647
2648
2649
2650
2651
2652
2653
2654
2655
2656
2657
2658
2659
2660
2661
2662
2663
2664
2665
2666
2667
2668
2669
2670
2671
2689
2736
2689
2686
2673
3738
342
3670
2677
2685
2685
2681
757
3686
758
2691
2687
2738
759
2729
2692
2693
3630
2695
2697
2697
2700
765
2700
2701
2698
2703
2704
2705
2706
2707
2708
2709
2710
2711
2702
2713
764
2715
2716
2717
2718
2719
2720
2725
778
2721
781
3456
2726
2727
2728
2729
2730
2731
2732
2733
2734
788
2737
788
2739
2729
784
2743
446
3954
790
2741
2746
2747
2748
2749
2750
2751
2752
2753
2754
2755
2756
2757
2758
2759
2130
2761
2760
498
3955
1164
3956
3955
2768
2769
2770
2771
2773
2773
806
2772
805
2777
2778
2779
2780
2781
2785
812
2782
3778
2786
2787
2788
2789
2790
820
2795
2794
820
3961
2842
2798
2841
1840
2800
2801
2802
2803
2804
2805
2806
2807
3639
2822
3638
2824
2811
2813
2814
2815
2813
2817
2818
2819
2158
2158
3638
832
3640
3767
2829
2826
2829
2829
836
2831
2832
3654
2834
2835
3739
841
3740
3739
3739
3787
373
1833
3787
2159
2821
2160
3741
3741
2849
842
3748
3749
3748
2854
2856
2857
2858
2859
2864
780
2860
2863
3484
2865
2866
2867
2868
2870
3471
3461
2869
2873
2874
2875
2876
3436
2877
1067
3435
3439
2882
2883
2884
2885
2886
2887
2888
2889
2890
2891
2892
2893
2894
2895
2896
2897
2898
2899
2872
504
2871
2900
2137
2905
2906
2907
2908
2909
2910
2911
117
114
3492
31
116
121
121
32
120
121
3474
902
124
3475
33
123
1074
4267
1074
127
3444
21
127
86
912
2937
912
3443
887
3441
2942
888
3443
3441
3509
1074
1074
3466
2950
2951
2952
2953
108
110
29
106
3462
875
3463
2958
2962
2963
2964
2965
2966
2967
2968
2969
2970
2971
2972
932
2974
363
2978
2978
1817
363
2980
904
3014
2983
2979
3041
905
906
2979
2975
2978
2975
2993
3777
1808
908
3037
930
3037
1069
1069
3444
360
361
913
49
917
49
2988
3008
2976
918
41
151
42
107
105
2154
100
907
3021
1957
112
3027
3024
3025
3026
3510
762
3030
2696
2695
3031
763
763
364
364
3036
3040
931
3758
3042
365
365
3028
1845
2016
1846
2018
3960
3960
3422
3422
2827
3423
3051
935
3052
935
3058
3056
3060
939
3077
3063
936
3067
3124
3071
943
966
3123
429
430
3076
945
3096
3076
3093
952
3960
1164
3960
371
1849
1845
3143
379
3173
379
3142
971
3144
3145
971
3117
963
3147
4373
3117
3149
3149
3148
3116
3150
1164
1164
3188
4378
3410
3412
3409
3189
3410
3120
965
3120
964
2854
2838
2855
848
834
2828
834
3114
3115
3100
3100
953
3103
3104
3096
4374
3096
3413
3099
3414
952
952
3171
839
2840
3169
2837
3168
2837
3119
3119
3118
3121
3151
3097
3153
1164
1164
1164
1164
1164
1164
4378
4378
3179
3179
3175
3196
3095
3097
2838
2836
3169
3146
2840
2848
3174
3175
975
3174
3179
3409
3163
3179
3182
3183
3184
3185
6208
6208
988
3191
991
2852
1530
3193
3194
3195
3197
2838
990
2170
2170
3202
3720
3203
3204
3205
3206
3207
3208
3209
3210
3211
3212
3213
3214
3215
3216
3217
3218
3219
3220
3221
3222
3223
3224
3225
3226
3227
3228
3229
3230
3231
3232
3233
3234
3235
3236
3237
3238
3239
3240
3241
3242
3243
3244
3245
3246
3247
3248
3249
3250
3251
3252
3253
3254
3255
3256
3257
3258
3259
3260
3261
3262
3263
3264
3265
3266
3267
3268
3269
3270
3271
3272
3273
3274
3275
3276
3277
3278
3279
3280
3281
3282
3283
3284
3285
3286
3287
3288
3289
3290
3291
3292
3293
3294
3295
3296
3297
3298
3299
3300
3301
3302
3303
3304
3305
3306
3307
3308
3309
3310
3311
3312
3313
3314
3315
3316
3317
3318
3319
3320
3321
3322
3323
3324
3325
3326
3327
3328
3329
3331
3331
3332
3333
3334
3335
3336
3337
3338
3339
3340
3341
3342
3343
3344
3345
3346
3347
3348
3349
3350
3351
3352
3353
3354
3355
3356
3357
3358
3359
3363
3360
1040
3363
1041
3361
1038
3365
1039
2723
3369
779
3372
3373
3374
3375
3376
3377
3378
3379
3380
3381
3382
3383
2803
826
3386
3387
3388
3389
3390
3391
3392
3393
3394
3395
3400
1052
3396
1055
3531
3401
3402
3403
3404
3405
3406
3407
3408
3409
3410
3411
3412
3413
3414
3099
3103
3055
3417
3054
3420
3421
2827
833
3424
3425
3426
3430
3427
1065
3430
3434
3434
1044
3534
3431
3432
3433
3435
1794
3437
1069
3449
1070
3466
127
33
2926
3444
2878
860
3451
3452
3453
3454
3455
3457
3457
3458
3370
3370
852
3464
3460
3459
2961
3465
900
3468
3469
3470
2862
853
3483
3483
3467
902
124
1950
122
2903
3480
873
3481
3484
3485
3486
3487
3488
3492
422
3492
2963
2963
901
3492
117
114
118
3491
3482
3501
3505
1085
3502
3506
1793
349
3504
3508
3398
1053
3512
3513
3514
3515
3516
3517
3518
3519
3520
3521
3522
3523
3524
3525
3526
3527
3528
3529
3530
3367
1042
1043
3535
3546
3536
3537
3538
3539
2749
795
3542
3540
3544
3545
3428
3547
3548
3549
3550
3551
3552
3553
3554
3555
3556
112
113
3559
3560
3561
3562
3563
3564
3565
3566
3567
3568
2828
3569
835
381
3574
1851
3576
3660
1101
3578
3579
377
3847
1106
2799
3584
3585
3586
3587
3588
3589
3590
3591
3592
3593
3594
3595
3596
3597
3598
3599
3600
3601
3602
3603
3604
3605
3606
3607
3608
3609
3610
3611
3612
3613
3614
3615
3616
3617
3618
3619
3620
3621
3622
2762
800
3623
801
3627
3628
3629
3632
3631
3804
500
2812
1117
3636
3637
3637
1118
3815
3641
3642
3643
3644
3645
3646
3647
3648
3649
3650
3651
3652
822
3573
2797
3656
3657
3658
3659
3387
3661
3662
3663
3664
2707
3665
3667
2021
2021
344
2745
791
3671
789
3675
3676
3677
3678
3679
3680
3681
3682
3683
3680
787
787
3687
3688
3689
3690
3691
3692
817
1125
3695
3696
3697
3698
3699
749
3700
752
2680
754
3703
3706
3707
3708
3709
3710
3711
3712
3713
3714
3715
3716
3717
3718
3817
3721
3721
761
3723
3724
3725
3726
3727
3728
3729
3730
3731
3732
3733
3734
3735
3736
3737
342
3701
755
1130
3705
3743
3744
3745
3746
3747
2683
756
3750
3751
3752
3753
3754
930
2998
3036
3758
3759
3760
3761
3762
3763
3764
3765
3766
2784
3768
807
3770
3771
928
3772
1984
3773
3776
3776
3778
3779
3780
1102
3795
1847
1847
1845
1989
3072
384
3966
3788
3791
3792
3793
3794
3803
933
3177
3969
3799
3800
3801
3570
3802
2846
845
3806
3807
3808
3809
3810
3811
3812
3813
3814
803
803
3817
3818
3819
3820
3821
3822
3823
3824
3825
3826
3827
3828
3829
3830
3831
3832
3833
3834
3835
3836
3837
1129
3839
3840
3543
3845
3842
3953
3952
3953
3953
3848
3849
3850
3851
3852
3853
3854
3855
3856
3857
3858
3859
3860
3861
3862
3863
3864
3865
3866
3867
3868
3869
3870
3871
3872
3873
3874
3875
3876
3877
3878
3879
3880
3881
3882
3883
3884
3885
3886
3887
3888
3889
3890
3891
3892
3893
3894
3895
3896
3897
3898
3899
3900
3901
3902
3903
3904
3905
3906
3907
3908
3909
3910
3911
3912
3913
3914
3915
3916
3917
3918
3919
3920
3921
3922
3923
3924
3925
3926
3927
3928
3929
3930
3931
3932
3933
3934
3935
3936
3937
3938
3939
3940
3941
3942
3943
3944
3945
3946
3947
3948
3949
3950
3951
817
2792
3947
818
2793
3956
3956
1164
4376
3962
3963
3668
379
3141
1845
1846
1845
2018
1845
3973
3994
3974
819
1168
3976
3977
3978
3979
3980
3981
3982
3983
3984
3985
3986
3987
3988
3989
3151
3153
3174
3994
3995
2840
3996
3997
3998
3999
4000
4001
4002
4003
4004
4005
4006
4007
4008
4009
4010
4011
4012
4013
4014
4015
4016
4017
4018
4019
4020
4021
4022
4023
4024
4025
4026
4027
4028
4029
4030
4031
4032
4033
4034
4035
4036
4037
4038
4039
4040
4041
4042
4043
4044
4045
4046
4047
4048
4049
4050
4051
4052
4053
4054
4055
4056
4057
4058
4059
4060
4061
4062
4063
4064
4065
4066
4067
4068
4069
4070
4071
4072
4073
4074
4075
4076
4077
4078
4079
4080
4081
4082
4083
4084
4085
4086
4087
4088
4089
4090
4091
4092
4093
4094
4095
4096
4097
4098
4099
4100
4101
4102
4103
4104
4105
4106
4107
4108
4109
4110
4111
4112
4113
4114
4115
4116
4117
4118
4119
4120
4121
4122
4123
4124
4125
4126
4127
4128
121
878
4131
4132
4133
4134
4135
4136
4137
4138
4139
4140
4141
4142
4143
4144
4145
4146
4147
4148
4149
4150
4151
4152
4153
4154
4155
4156
4157
4158
4159
4160
4161
4162
4163
4164
4165
4166
4167
4168
4169
4170
4171
4172
4173
4174
4175
4176
4177
4178
4179
4180
4181
4182
4183
4184
4185
4186
4187
4188
4189
4190
4191
4192
4193
4194
4195
4196
4197
4198
4199
4200
4201
4202
4203
4204
4205
4206
4207
4208
4209
4210
4211
4212
4213
4214
4215
4216
4217
4218
4219
4220
4221
4222
4223
4224
4225
4226
4227
4228
4229
4230
4231
4232
4233
4234
4235
4236
4237
4238
4239
4240
4241
4242
4243
4244
4245
4246
4247
4248
4249
4250
4251
4252
4253
4254
4255
4256
4257
4258
4259
4260
4261
4262
4263
4264
4265
4266
3467
4268
4269
4270
4271
4272
4273
4274
4275
4276
4277
4278
4279
4280
4281
4282
4283
4284
4285
4286
4287
4288
4289
4290
4291
4292
4293
4294
4295
4296
4297
4298
4299
4300
4301
4302
4303
4304
4305
4306
4307
4308
4309
4310
4311
4312
4313
4314
4315
4316
4317
4318
4319
4320
4321
4322
4323
4324
4325
4326
4327
4328
4329
4330
4331
4332
4333
4334
4335
4336
4337
4338
4339
4340
4341
4342
4343
4344
4345
4346
4347
4348
4349
4350
4351
4352
4353
4354
4355
4356
4357
4358
4359
4360
4361
4362
4363
4364
4365
4366
4367
4368
4369
3066
3062
3064
3148
3148
964
819
819
2850
382
3843
4381
4382
821
4384
3509
4386
4387
4388
4389
4390
4391
2952
4393
1954
4395
4396
4397
4398
4399
4400
2835
3960
972
3960
3095
4409
4407
4408
5655
1276
4411
4412
4413
4414
4415
4416
4417
4418
4419
4420
4421
4422
4423
4424
4425
4426
4427
4428
4429
4432
1290
5624
1291
4430
4435
4436
4437
4438
4439
4440
4441
4442
4443
4444
4445
4446
4447
4448
4449
4450
4451
4452
4453
4454
4455
4456
4457
4458
4459
4460
4461
4462
4463
4464
4465
4466
4467
4468
4469
4470
4471
4472
4473
5629
4475
4476
4480
4477
4479
6114
4494
4481
1320
4494
4495
4489
4486
5430
5497
4491
5446
4490
1318
4497
1325
518
4498
4499
4499
1326
4501
4502
4503
4504
4505
4506
4507
4508
4509
4510
4511
4512
4513
4514
4515
4516
4517
4518
4519
4520
4521
4522
4523
4524
4525
4526
4527
1343
4529
4530
4532
1343
4533
4534
4535
4536
4537
4538
4539
4540
4542
4544
4541
4534
4548
4545
1352
5711
624
4550
4551
4552
4553
4554
4555
4556
4557
4558
4559
4560
4561
4562
2537
676
4565
4566
5715
5713
5715
2426
4571
4572
4573
4574
4575
4576
4575
1367
4579
4580
4581
4582
4583
4585
4585
4584
1370
4588
4589
4590
4591
4592
4594
5717
1376
4595
4594
4598
4599
4600
4601
4602
4603
4604
4605
4606
4607
4608
1385
4609
4626
4622
4621
4614
4615
4616
4617
4618
4619
4620
2566
691
2563
4624
4625
5400
4628
5162
1389
4627
4631
4632
4633
4634
4635
5498
4638
5498
5500
1395
550
4642
2234
550
2565
2564
4645
1394
1394
4651
5499
5507
4654
5507
4655
4656
4657
4658
4659
4660
4661
4662
4663
4664
4665
4666
4667
4669
5235
4668
1409
4672
4673
4674
4675
4678
1412
5200
1413
4680
4681
4682
4683
4684
4685
4686
4687
4688
4689
4690
4691
4692
4693
4694
4695
4696
4697
4698
4670
4699
1427
4702
4703
4704
4705
4706
4707
4708
4709
4710
290
202
5258
285
287
293
203
293
291
293
5238
5240
296
5239
294
204
1593
1593
6020
298
5206
297
192
257
4735
257
1462
4799
1438
1462
4741
4742
5207
5205
6131
1593
5231
1593
4749
4749
4751
1443
279
276
200
281
4759
4757
5226
1426
4761
4762
4763
4764
4765
4766
4767
4768
4769
4770
4771
4772
1482
540
4776
540
2215
4777
4767
4780
4812
1454
4784
4839
1456
4783
1455
4775
4775
4775
4792
5534
4793
2206
1480
4778
4834
1588
1588
5206
537
1464
538
4812
223
2224
4786
1469
1468
4807
212
213
320
275
277
4816
273
4788
4820
2372
4819
4822
4823
4824
4825
1329
4828
4504
4503
4829
1328
1328
542
4835
542
4837
5516
1481
4840
4841
4830
1479
4843
4844
548
5553
618
618
5188
4849
4630
4916
4857
1487
4853
1485
4862
4858
4859
4860
4861
4915
4917
1491
4868
4865
1509
4868
4869
4870
4871
4872
6151
4874
4875
4940
2232
2230
549
2231
2401
2401
607
2401
2248
4931
2248
4933
4933
4935
1513
4910
1504
4873
6121
1507
4939
4911
1507
4939
557
2250
1484
5716
5179
5180
4976
4968
4913
1508
4913
4652
4653
4639
4917
1390
5330
4909
4897
4898
5182
1494
4873
6151
1493
5182
5184
4876
1499
4940
4956
1393
4955
4956
4955
4955
4914
1508
4912
4941
4961
1514
2426
2231
557
2250
618
2249
4965
4966
4982
4964
4966
1514
4639
4636
1512
4936
4637
4648
4961
4962
4963
4964
4965
4966
4967
4968
4969
4970
4971
4972
4974
6122
1528
4977
4652
1529
4979
4980
4981
4983
4983
1532
4985
4985
4988
5480
4989
4990
4991
4992
4993
4994
4995
4996
4997
4998
4999
5000
5001
5002
5003
5004
5005
5006
5007
5008
5009
5010
5011
5012
5013
5014
5015
5016
5017
5018
5019
5020
5021
5022
5023
5024
5025
5026
5027
5028
5029
5030
5031
5032
5033
5034
5035
5036
5037
5038
5039
5040
5041
5042
5043
5044
5045
5046
5047
5048
5049
5050
5051
5052
5053
5054
5055
5056
5057
5058
5059
5060
5061
5062
5063
5064
5065
5066
5067
5068
5069
5070
5071
5072
5073
5074
5075
5076
5077
5078
5079
5080
5081
5082
5083
5084
5085
5086
5087
5088
5089
5090
5091
5092
5093
5094
5095
5096
5097
5098
5099
5100
5101
5102
5103
5104
5105
5106
5107
5108
5109
5110
5111
5112
5113
5114
5115
5116
5117
5118
5119
5120
5121
5122
5123
5124
5125
5126
5127
5128
5129
5130
5131
5132
5133
5134
5135
5136
5137
5138
5139
5140
5141
5143
5143
1575
5142
5145
1576
5146
1346
5297
5149
5152
5153
5154
5155
5156
5157
5158
5159
5160
4603
5162
5163
5164
5165
5166
5167
5168
5170
5294
1581
5169
5173
5174
5175
5176
5177
5178
5179
5180
5181
5182
5183
5184
4850
5185
5187
4630
5189
5190
5191
5192
5193
5191
5196
5296
1578
5195
5198
5199
1585
5199
5201
526
1588
5231
1589
5213
297
1435
295
5206
4680
1411
1414
5216
5217
5218
5219
5220
5221
5222
5151
1406
5223
5227
5228
5225
4758
1450
5229
5232
5233
5234
4662
5236
5240
1452
5230
5247
296
292
2363
4700
5245
5244
5246
5248
5249
5250
5251
5252
5256
5256
602
4762
1451
4762
5256
290
5253
202
285
5264
5265
5267
5270
5268
1604
2189
525
5272
5272
5172
5275
5276
5277
5278
5279
5280
5281
5282
5283
5284
5285
5286
5287
5288
5289
5290
5291
5292
5293
5148
1577
5297
5308
5298
5299
5300
5301
4552
5302
5304
1354
5306
5307
5194
5309
5310
5311
5312
5313
5314
5315
5316
5317
5318
283
286
5321
5322
5323
5324
5325
5326
5611
1615
5326
5331
5421
1621
5333
5334
5335
5336
5337
5338
5339
5340
4599
5342
5343
4568
5345
5346
5347
5348
5349
5350
5351
5352
5353
5354
5355
5356
5357
5358
5359
5360
5361
5362
5363
5364
5365
5366
5367
5368
5369
5370
5371
5372
5373
5374
5375
5376
5377
5378
5379
5380
5381
5382
5383
4565
1360
5385
5387
5388
5389
5390
5392
5561
5393
4610
1384
5396
5396
5398
5399
5397
1637
5402
5403
5404
5405
5406
5407
5408
5409
5410
5411
5412
5413
5414
5415
5416
5417
5418
5419
5420
5421
5422
5423
5424
5425
5426
5427
5428
2433
519
2433
4546
1350
5432
1351
5436
5437
5438
5439
5440
5441
5442
5443
5444
5441
4543
5447
5448
5449
5592
5434
1644
5452
5451
5455
5456
5457
5458
5459
4482
1319
5460
4487
5463
1322
5466
5467
5468
5469
5470
5471
5472
5473
5474
5475
5476
5477
5478
5479
5481
5481
1330
5483
5484
5485
5329
1292
5488
5489
5490
5491
5492
5493
5494
5495
5496
2178
5462
1650
1324
5464
5502
5503
5504
5505
5506
4492
5508
5509
5510
5511
5512
4778
4795
4835
5512
1655
5518
5519
5520
5521
5522
5523
5524
5525
5526
5527
5528
5529
5530
5531
5532
5532
5533
5535
5536
5537
5538
5539
1484
4882
1484
2233
5544
5545
5546
5547
5548
5549
5550
5551
5552
5553
1686
5555
5556
5557
5558
5559
5560
4647
5562
5563
5564
5565
5566
5567
5568
5569
5570
5571
5572
5573
5574
5575
5576
5577
5578
5579
5580
5581
5582
5583
5584
5585
5586
5587
5588
5589
5590
5591
5454
1649
5594
5595
5597
5303
5599
5709
1668
5598
5603
5712
5604
5605
5606
5607
5608
5609
5610
5611
1670
5613
5614
5615
5616
5617
5618
5619
5620
5621
5622
5623
5626
1673
5626
5627
5628
4434
1289
5631
5632
5633
5634
5635
5636
5637
5638
5639
5640
5641
5642
5643
5644
5645
5646
5647
5648
5649
5650
5651
5652
5653
5654
4478
5656
5657
5658
5659
5660
5661
5662
5663
5664
5665
5666
5667
5668
5669
5670
5671
5672
5673
5674
5675
5676
5677
5678
5679
5680
5681
5682
5683
5684
5685
5686
5687
5688
5689
5690
5691
5692
5693
5694
5695
5696
5697
5698
5699
5700
5701
5702
5702
5704
5705
5706
5707
5708
4597
1378
5703
1378
5714
4596
1685
6123
5718
5719
5429
622
4957
4843
4844
4846
548
4846
5730
1483
5731
1689
5731
5732
5733
5734
5735
5736
5737
5738
5739
5740
5741
5742
5743
5744
5745
4941
4941
4961
4984
5751
5751
5752
5753
5754
5755
5756
5757
5758
5759
5760
5761
5762
5763
5764
5765
5766
5767
5768
5769
5770
5771
5772
5773
5774
5775
5776
5777
5778
5779
5780
5781
5782
5783
5784
5785
5786
5787
5788
5789
5790
5791
5792
5793
5794
5795
5796
5797
5798
5799
5800
5801
5802
5803
5804
5805
5806
5807
5808
5809
5810
5811
5812
5813
5814
5815
5816
5817
5818
5819
5820
5821
5822
5823
5824
5825
5826
5827
5828
5829
5830
5831
5832
5833
5834
5835
5836
5837
5838
5839
5840
5841
5842
5843
5844
5845
5846
5847
5848
5849
5850
5851
5852
5853
5854
5855
5856
5857
5858
5859
5860
5861
5862
5863
5864
5865
5866
5867
5868
5869
5870
5871
5872
5873
5874
5875
5876
5877
5878
5879
291
293
5882
5883
5884
5885
5886
5887
5888
5889
5890
5891
5892
5893
5894
5895
5896
5897
5898
5899
5900
5901
5902
5903
5904
5905
5906
5907
5908
5909
5910
5911
5912
5913
5914
5915
5916
5917
5918
5919
5920
5921
5922
5923
5924
5925
5926
5927
5928
5929
5930
5931
5932
5933
5934
5935
5936
5937
5938
5939
5940
5941
5942
5943
5944
5945
5946
5947
5948
5949
5950
5951
5952
5953
5954
5955
5956
5957
5958
5959
5960
5961
5962
5963
5964
5965
5966
5967
5968
5969
5970
5971
5972
5973
5974
5975
5976
5977
5978
5979
5980
5981
5982
5983
5984
5985
5986
5987
5988
5989
5990
5991
5992
5993
5994
5995
5996
5997
5998
5999
6000
6001
6002
6003
6004
6005
6006
6007
6008
6009
6010
6011
6012
6013
6014
6015
6016
6017
6018
6019
5230
6021
6022
6023
6024
6025
6026
6027
6028
6029
6030
6031
6032
6033
6034
6035
6036
6037
6038
6039
6040
6041
6042
6043
6044
6045
6046
6047
6048
6049
6050
6051
6052
6053
6054
6055
6056
6057
6058
6059
6060
6061
6062
6063
6064
6065
6066
6067
6068
6069
6070
6071
6072
6073
6074
6075
6076
6077
6078
6079
6080
6081
6082
6083
6084
6085
6086
6087
6088
6089
6090
6091
6092
6093
6094
6095
6096
6097
6098
6099
6100
6101
6102
6103
6104
6105
6106
6107
6108
6109
6110
6111
6112
6113
6114
6115
4866
1492
2254
1507
4937
1508
1377
4650
1400
6125
6126
6127
6128
6129
6130
5273
6132
6133
6134
6135
6136
6137
4750
6139
2372
6141
6142
6143
6144
6145
6146
6147
549
4958
618
4966
6152
6153
6154
6155
6156
6157
6158
6159
1164
2250
6162
6163
6164
6165
6166
6167
6168
6169
6170
6171
6172
6173
6174
6175
6176
6177
6178
6179
6180
6181
1533
992
2176
1524
6186
6187
6188
6189
6190
6191
2853
6193
6194
6195
6196
6204
6198
6199
6200
6201
6202
6203
6238
6205
1528
6207
988
6210
6210
6212
986
6213
6214
6215
6216
6217
6218
6219
6220
6221
6222
6223
6224
6225
6226
6227
6228
6229
6230
6231
6232
6233
6234
6235
6236
6237
6238
6239
6240
6241
6242
6243
6244
6245
6246
6247
6248
6249
6250
6251
6252
6253
6254
6255
6256
6257
6258
6259
6260
6261
6262
6263
6264
6265
6266
6267
6268
6269
6291
6271
6272
6289
6290
6275
6276
6277
6278
6279
6280
6281
6282
6283
6284
6285
6286
6287
6288
6272
6271
6269
